case_index	design_wavelength_nm	target_grid_index	target_grid_wavelength_nm	direct_R	direct_n_host	direct_final_min_index	direct_final_min_wavelength_nm	direct_signed_wavelength_error_nm	direct_absolute_wavelength_error_nm	direct_final_min_transmittance	direct_ideal_to_tandem_mse	cvae_selected_candidate_index	cvae_minimum_peak_index_error	cvae_target_min_index	cvae_target_min_wavelength_nm	cvae_target_min_transmittance	cvae_R	cvae_n_host	cvae_final_min_index	cvae_final_min_wavelength_nm	cvae_signed_wavelength_error_nm	cvae_absolute_wavelength_error_nm	cvae_final_min_transmittance	cvae_ideal_to_tandem_mse	cvae_to_tandem_mse	absolute_error_reduction_direct_minus_cvae_nm	direct_final_fwhm_nm	cvae_target_fwhm_nm	cvae_final_fwhm_nm	cvae_selected_quality_score	cvae_effective_wavelength_limit_nm	cvae_selection_used_fallback
1.0000000000e+00	4.1000000000e+02	7.2000000000e+01	4.0995620728e+02	5.6477222443e+00	1.5600657463e+00	7.3000000000e+01	4.1037591553e+02	3.7591552734e-01	3.7591552734e-01	6.4614657313e-03	1.5138826566e-03	1.0000000000e+01	1.0000000000e+00	7.6000000000e+01	4.1163504028e+02	3.5439487547e-02	5.0552554131e+00	1.5597651005e+00	7.3000000000e+01	4.1037591553e+02	3.7591552734e-01	3.7591552734e-01	1.6171099618e-02	2.4194936268e-03	3.0827912269e-04	0.0000000000e+00	2.8504136177e+01	2.4950497363e+01	2.3124609578e+01	4.6626565772e-01	2.0000000000e+00	0.0000000000e+00
2.0000000000e+00	4.1827586207e+02	9.2000000000e+01	4.1835037231e+02	5.4509935379e+00	1.6215509176e+00	9.0000000000e+01	4.1751095581e+02	-7.6490625842e-01	7.6490625842e-01	6.5478077158e-03	1.3396400027e-03	3.0000000000e+00	0.0000000000e+00	9.0000000000e+01	4.1751095581e+02	5.6492831558e-02	5.1351451874e+00	1.6076989174e+00	9.0000000000e+01	4.1751095581e+02	-7.6490625842e-01	7.6490625842e-01	9.2924237251e-03	2.2349881474e-03	2.9710418312e-04	0.0000000000e+00	2.9433681437e+01	2.7877959488e+01	2.5256698873e+01	4.6740709985e-01	2.0000000000e+00	0.0000000000e+00
3.0000000000e+00	4.2655172414e+02	1.1200000000e+02	4.2674456787e+02	5.2275419235e+00	1.6801892519e+00	1.1700000000e+02	4.2884310913e+02	2.2913849929e+00	2.2913849929e+00	1.0986010544e-02	1.8054918619e-03	1.8000000000e+01	0.0000000000e+00	1.1100000000e+02	4.2632485962e+02	3.6201734096e-02	5.2934589386e+00	1.6757115126e+00	1.1500000000e+02	4.2800369263e+02	1.4519684890e+00	1.4519684890e+00	1.3432790525e-02	1.6454345314e-03	1.1378905037e-04	8.3941650391e-01	2.9611749308e+01	3.2145826264e+01	3.0367953971e+01	5.7329651880e-01	2.0000000000e+00	0.0000000000e+00
4.0000000000e+00	4.3482758621e+02	1.3100000000e+02	4.3471905518e+02	5.0188345909e+00	1.7402479649e+00	1.3700000000e+02	4.3723730469e+02	2.4097184806e+00	2.4097184806e+00	7.1764606982e-03	1.8772460753e-03	3.0000000000e+00	0.0000000000e+00	1.2700000000e+02	4.3304022217e+02	3.4541681409e-02	5.1152935028e+00	1.7267100811e+00	1.3000000000e+02	4.3429934692e+02	-5.2823928307e-01	5.2823928307e-01	1.6326429322e-02	1.7286747461e-03	1.0646996816e-04	1.8814791975e+00	2.9903765911e+01	3.2077534284e+01	3.1286279187e+01	6.0307013307e-01	2.0000000000e+00	0.0000000000e+00
5.0000000000e+00	4.4310344828e+02	1.5100000000e+02	4.4311325073e+02	4.9725246429e+00	1.7981944084e+00	1.5500000000e+02	4.4479208374e+02	1.6886354644e+00	1.6886354644e+00	6.5159364603e-03	1.6579932999e-03	1.6000000000e+01	0.0000000000e+00	1.5100000000e+02	4.4311325073e+02	4.0986731648e-02	4.6738591194e+00	1.7928590775e+00	1.5500000000e+02	4.4479208374e+02	1.6886354644e+00	1.6886354644e+00	1.1366931722e-02	1.7422537785e-03	6.3689949457e-04	0.0000000000e+00	2.9700775042e+01	2.6787070742e+01	2.6670432673e+01	5.0134186983e-01	2.0000000000e+00	0.0000000000e+00
6.0000000000e+00	4.5137931034e+02	1.7100000000e+02	4.5150741577e+02	4.9106426239e+00	1.8512474298e+00	1.7300000000e+02	4.5234683228e+02	9.6752193056e-01	9.6752193056e-01	7.2635551915e-03	1.4678636799e-03	1.6000000000e+01	1.0000000000e+00	1.7000000000e+02	4.5108770752e+02	4.8446588218e-02	4.6669368744e+00	1.8466780186e+00	1.7300000000e+02	4.5234683228e+02	9.6752193056e-01	9.6752193056e-01	1.2151049450e-02	1.4491035836e-03	2.2214968340e-04	0.0000000000e+00	2.9823854521e+01	2.8451533923e+01	2.7047932999e+01	5.1155413056e-01	2.0000000000e+00	0.0000000000e+00
7.0000000000e+00	4.5965517241e+02	1.9000000000e+02	4.5948190308e+02	4.8728380203e+00	1.8991279602e+00	1.9000000000e+02	4.5948190308e+02	-1.7326933762e-01	1.7326933762e-01	9.6826953813e-03	1.5162323834e-03	5.0000000000e+00	0.0000000000e+00	1.8800000000e+02	4.5864248657e+02	5.4179668427e-02	4.3831472397e+00	1.9053070545e+00	1.9000000000e+02	4.5948190308e+02	-1.7326933762e-01	1.7326933762e-01	2.2373108193e-02	2.0093694329e-03	8.3737962996e-05	0.0000000000e+00	2.9960553744e+01	2.5497667323e+01	2.4740041473e+01	5.2419956552e-01	2.0000000000e+00	0.0000000000e+00
8.0000000000e+00	4.6793103448e+02	2.1000000000e+02	4.6787609863e+02	4.8035564423e+00	1.9452837706e+00	2.0600000000e+02	4.6619726562e+02	-1.7337688578e+00	1.7337688578e+00	9.0136490762e-03	1.6689974582e-03	8.0000000000e+00	0.0000000000e+00	2.0600000000e+02	4.6619726562e+02	3.8234729320e-02	4.7233872414e+00	1.9511798620e+00	2.0600000000e+02	4.6619726562e+02	-1.7337688578e+00	1.7337688578e+00	1.1983434670e-02	1.5617000172e-03	1.0221287812e-04	0.0000000000e+00	3.0075670250e+01	2.9448528824e+01	2.8942778773e+01	5.4229681956e-01	2.0000000000e+00	0.0000000000e+00
9.0000000000e+00	4.7620689655e+02	2.3000000000e+02	4.7627029419e+02	4.6550912857e+00	1.9909598827e+00	2.3000000000e+02	4.7627029419e+02	6.3397637729e-02	6.3397637729e-02	1.6782011837e-02	1.6978087369e-03	8.0000000000e+00	1.0000000000e+00	2.2900000000e+02	4.7585058594e+02	5.4084740579e-02	4.4189929962e+00	2.0070772171e+00	2.3000000000e+02	4.7627029419e+02	6.3397637729e-02	6.3397637729e-02	2.8219757602e-02	1.7700776225e-03	4.9889622460e-05	0.0000000000e+00	3.1014733629e+01	2.9459993401e+01	2.8705256013e+01	6.1951972156e-01	2.0000000000e+00	0.0000000000e+00
1.0000000000e+01	4.8448275862e+02	2.5000000000e+02	4.8466445923e+02	4.5332012177e+00	2.0419952869e+00	2.4900000000e+02	4.8424475098e+02	-2.3800764413e-01	2.3800764413e-01	1.8232090399e-02	1.6874854919e-03	1.1000000000e+01	1.0000000000e+00	2.6400000000e+02	4.9054040527e+02	8.8675104082e-02	4.4929237366e+00	2.0633614063e+00	2.4900000000e+02	4.8424475098e+02	-2.3800764413e-01	2.3800764413e-01	1.6176950186e-02	1.9157858333e-03	1.0678073158e-03	0.0000000000e+00	3.2055269578e+01	3.6854708741e+01	3.1304493357e+01	6.0262630688e-01	2.0000000000e+00	0.0000000000e+00
1.1000000000e+01	4.9275862069e+02	2.6900000000e+02	4.9263894653e+02	4.4630856514e+00	2.0894153118e+00	2.6800000000e+02	4.9221923828e+02	-5.3938240841e-01	5.3938240841e-01	2.2124860436e-02	1.8012111541e-03	8.0000000000e+00	0.0000000000e+00	2.6700000000e+02	4.9179953003e+02	4.1608802974e-02	4.4676561356e+00	2.0977473259e+00	2.6800000000e+02	4.9221923828e+02	-5.3938240841e-01	5.3938240841e-01	1.8944693729e-02	1.7559881089e-03	4.0076698497e-05	0.0000000000e+00	3.1443319966e+01	3.2434988007e+01	3.1594515427e+01	6.2129872577e-01	2.0000000000e+00	0.0000000000e+00
1.2000000000e+01	5.0103448276e+02	2.8900000000e+02	5.0103314209e+02	4.4533553123e+00	2.1402790546e+00	2.8600000000e+02	4.9977401733e+02	-1.2604654246e+00	1.2604654246e+00	1.7009012401e-02	2.1412456408e-03	1.8000000000e+01	0.0000000000e+00	2.8900000000e+02	5.0103314209e+02	6.3300743699e-02	4.4101872444e+00	2.1493821144e+00	2.8600000000e+02	4.9977401733e+02	-1.2604654246e+00	1.2604654246e+00	1.8683593720e-02	1.9315001555e-03	9.5664552646e-05	0.0000000000e+00	3.2259666800e+01	3.4023842287e+01	3.1889104747e+01	6.2490304771e-01	2.0000000000e+00	0.0000000000e+00
1.3000000000e+01	5.0931034483e+02	3.0900000000e+02	5.0942733765e+02	4.3137130737e+00	2.1835081577e+00	3.0300000000e+02	5.0690908813e+02	-2.4012566928e+00	2.4012566928e+00	3.4229487181e-02	2.5019077584e-03	1.1000000000e+01	0.0000000000e+00	3.1500000000e+02	5.1194558716e+02	3.3981271088e-02	4.4386215210e+00	2.2100758553e+00	3.1100000000e+02	5.1026675415e+02	9.5640932280e-01	9.5640932280e-01	1.0935831815e-02	3.0548770446e-03	2.4308411230e-04	1.4448473700e+00	3.2093843402e+01	3.4455950104e+01	3.3775575482e+01	6.1760541710e-01	2.0000000000e+00	0.0000000000e+00
1.4000000000e+01	5.1758620690e+02	3.2800000000e+02	5.1740179443e+02	4.3231315613e+00	2.2246413231e+00	3.1600000000e+02	5.1236529541e+02	-5.2209114864e+00	5.2209114864e+00	1.8763927743e-02	3.4667178988e-03	1.8000000000e+01	0.0000000000e+00	3.2700000000e+02	5.1698211670e+02	5.3355984390e-02	4.3771214485e+00	2.2530083656e+00	3.2600000000e+02	5.1656237793e+02	-1.0238289669e+00	1.0238289669e+00	2.0787561312e-02	3.0693169683e-03	1.0208163440e-04	4.1970825195e+00	3.3437708867e+01	3.5158145065e+01	3.3184490492e+01	6.5701264809e-01	2.0000000000e+00	0.0000000000e+00
1.5000000000e+01	5.2586206897e+02	3.4800000000e+02	5.2579602051e+02	4.3026485443e+00	2.2955930233e+00	3.4100000000e+02	5.2285803223e+02	-3.0040367390e+00	3.0040367390e+00	1.2480851263e-02	4.5319688506e-03	6.0000000000e+00	0.0000000000e+00	3.5100000000e+02	5.2705511475e+02	1.0002261400e-01	4.3410520554e+00	2.3321800232e+00	3.4900000000e+02	5.2621569824e+02	3.5362927667e-01	3.5362927667e-01	2.3295788094e-02	4.4750077650e-03	1.0361680761e-03	2.6504074623e+00	3.2988945707e+01	4.1242428598e+01	3.4760829304e+01	6.9582609555e-01	2.0000000000e+00	0.0000000000e+00
1.6000000000e+01	5.3413793103e+02	3.6800000000e+02	5.3419018555e+02	4.1571507454e+00	2.3513569832e+00	3.5400000000e+02	5.2831427002e+02	-5.8236610150e+00	5.8236610150e+00	2.9249226674e-02	5.7025547139e-03	1.3000000000e+01	0.0000000000e+00	3.7000000000e+02	5.3502960205e+02	7.6079852879e-02	3.8777089119e+00	2.3800945282e+00	3.7200000000e+02	5.3586901855e+02	1.7310875202e+00	1.7310875202e+00	5.5492289364e-02	6.6361958161e-03	2.7406972367e-04	4.0925734947e+00	3.1997935993e+01	3.1588153444e+01	3.0410893795e+01	7.8430967674e-01	2.0000000000e+00	0.0000000000e+00
1.7000000000e+01	5.4241379310e+02	3.8800000000e+02	5.4258435059e+02	4.0425539017e+00	2.3902242184e+00	3.7400000000e+02	5.3670843506e+02	-5.7053580449e+00	5.7053580449e+00	3.5239543766e-02	7.5255078264e-03	1.4000000000e+01	1.0000000000e+00	3.8900000000e+02	5.4300408936e+02	2.3273739964e-02	4.6602163315e+00	2.4367401600e+00	3.9200000000e+02	5.4426324463e+02	1.8494515255e+00	1.8494515255e+00	1.0576420464e-02	1.4724504203e-02	1.4258219744e-04	3.8559065194e+00	3.3006489320e+01	4.5086399415e+01	4.5054752687e+01	8.0379464710e-01	2.0000000000e+00	0.0000000000e+00
1.8000000000e+01	5.5068965517e+02	4.0700000000e+02	5.5055883789e+02	3.9604699612e+00	2.4444484711e+00	3.9300000000e+02	5.4468292236e+02	-6.0067328091e+00	6.0067328091e+00	4.9866806716e-02	8.9976442978e-03	1.6000000000e+01	0.0000000000e+00	4.1000000000e+02	5.5181799316e+02	7.5105920434e-02	4.0899872780e+00	2.4853315353e+00	4.1200000000e+02	5.5265740967e+02	1.9677544956e+00	1.9677544956e+00	2.6750987396e-02	1.2660795823e-02	2.9179587727e-04	4.0389783136e+00	3.4753700391e+01	4.1483578988e+01	3.9462602942e+01	7.9146498601e-01	2.0000000000e+00	0.0000000000e+00
1.9000000000e+01	5.5896551724e+02	4.2700000000e+02	5.5895306396e+02	3.8093881607e+00	2.4889807701e+00	4.1200000000e+02	5.5265740967e+02	-6.3081075734e+00	6.3081075734e+00	5.3313132375e-02	1.0805586353e-02	5.0000000000e+00	0.0000000000e+00	4.2600000000e+02	5.5853332520e+02	2.3317424580e-02	4.7048616409e+00	2.5290470123e+00	4.3000000000e+02	5.6021215820e+02	1.2466409617e+00	1.2466409617e+00	7.3691001162e-03	2.4127710611e-02	1.9799725851e-04	5.0614666117e+00	3.5784885666e+01	5.2415357985e+01	5.3944654684e+01	9.3592307864e-01	2.0000000000e+00	0.0000000000e+00
2.0000000000e+01	5.6724137931e+02	4.4700000000e+02	5.6734722900e+02	3.6125919819e+00	2.5493454933e+00	4.3600000000e+02	5.6273040771e+02	-4.5109715955e+00	4.5109715955e+00	8.5229165852e-02	1.1757104658e-02	1.0000000000e+01	0.0000000000e+00	4.5000000000e+02	5.6860638428e+02	8.5659451783e-02	3.6187329292e+00	2.5917000771e+00	4.5000000000e+02	5.6860638428e+02	1.3650049670e+00	1.3650049670e+00	5.4581090808e-02	1.4616947621e-02	4.4217551476e-05	3.1459666285e+00	3.8082485336e+01	3.9307117599e+01	3.7505093041e+01	8.9799033805e-01	2.0000000000e+00	0.0000000000e+00
2.1000000000e+01	5.7551724138e+02	4.6600000000e+02	5.7532171631e+02	3.4995787144e+00	2.6172680855e+00	4.5900000000e+02	5.7238372803e+02	-3.1335133520e+00	3.1335133520e+00	1.0048308223e-01	1.3254178688e-02	1.7000000000e+01	0.0000000000e+00	4.6900000000e+02	5.7658087158e+02	7.3684841394e-02	3.6875760555e+00	2.6233606339e+00	4.6200000000e+02	5.7364288330e+02	-1.8743580785e+00	1.8743580785e+00	5.6704789400e-02	1.4996610582e-02	3.6109486246e-04	1.2591552734e+00	3.7843705219e+01	4.0651886169e+01	3.9401408597e+01	9.4021409029e-01	2.0000000000e+00	0.0000000000e+00
2.2000000000e+01	5.8379310345e+02	4.8600000000e+02	5.8371588135e+02	3.4717438221e+00	2.6785385609e+00	4.9000000000e+02	5.8539471436e+02	1.6016109072e+00	1.6016109072e+00	1.0635913908e-01	1.8908899277e-02	1.7000000000e+01	1.0000000000e+00	4.8700000000e+02	5.8413562012e+02	6.2787130475e-02	3.7096548080e+00	2.6745915413e+00	4.8800000000e+02	5.8455529785e+02	7.6219440329e-01	7.6219440329e-01	6.0235142708e-02	1.9289372489e-02	5.6565015257e-05	8.3941650391e-01	3.7986476081e+01	4.1287273000e+01	4.1147696994e+01	9.8697066345e-01	2.0000000000e+00	0.0000000000e+00
2.3000000000e+01	5.9206896552e+02	5.0600000000e+02	5.9211010742e+02	3.5197200775e+00	2.7375078201e+00	5.1300000000e+02	5.9504803467e+02	2.9790691507e+00	2.9790691507e+00	7.2331354022e-02	2.5137417018e-02	1.8000000000e+01	1.0000000000e+00	5.0700000000e+02	5.9252978516e+02	9.5469899476e-02	3.5294330120e+00	2.7276301384e+00	5.1000000000e+02	5.9378894043e+02	1.7199749124e+00	1.7199749124e+00	7.7936626971e-02	2.2236287594e-02	3.3026881283e-04	1.2590942383e+00	3.7758199036e+01	3.9472019504e+01	3.8322599748e+01	1.0283931306e+00	2.0000000000e+00	0.0000000000e+00
2.4000000000e+01	6.0034482759e+02	5.2600000000e+02	6.0050427246e+02	3.5034413338e+00	2.7970218658e+00	5.3200000000e+02	6.0302252197e+02	2.6776943864e+00	2.6776943864e+00	6.7312747240e-02	2.8513984755e-02	1.6000000000e+01	0.0000000000e+00	5.2800000000e+02	6.0134368896e+02	3.6720689386e-02	4.0931067467e+00	2.7735900879e+00	5.2200000000e+02	5.9882543945e+02	-1.5193881331e+00	1.5193881331e+00	2.4705149233e-02	3.0507601798e-02	2.3295044957e-04	1.1583062534e+00	3.9832449461e+01	4.9755521075e+01	4.6559476549e+01	8.9951702198e-01	2.0000000000e+00	0.0000000000e+00
2.5000000000e+01	6.0862068966e+02	5.4500000000e+02	6.0847875977e+02	3.4085767269e+00	2.8547296524e+00	5.5800000000e+02	6.1393499756e+02	5.3143079034e+00	5.3143079034e+00	8.6759157479e-02	3.3396139741e-02	1.8000000000e+01	0.0000000000e+00	5.4600000000e+02	6.0889849854e+02	7.2116173804e-02	3.6655981541e+00	2.8196125031e+00	5.4300000000e+02	6.0763934326e+02	-9.8134639345e-01	9.8134639345e-01	6.2180712819e-02	2.8213854879e-02	5.4985288443e-05	4.3329615100e+00	4.1650478429e+01	4.4701594655e+01	4.3784484272e+01	1.0406449686e+00	2.0000000000e+00	0.0000000000e+00
2.6000000000e+01	6.1689655172e+02	5.6500000000e+02	6.1687292480e+02	3.3308963776e+00	2.9028370380e+00	5.7500000000e+02	6.2107006836e+02	4.1735166352e+00	4.1735166352e+00	8.3501003683e-02	3.5716641694e-02	1.8000000000e+01	0.0000000000e+00	5.6700000000e+02	6.1771234131e+02	6.5552316606e-02	3.6996064186e+00	2.8653302193e+00	5.6200000000e+02	6.1561383057e+02	-1.2827211577e+00	1.2827211577e+00	6.5956361592e-02	3.2565772533e-02	8.4024286480e-05	2.8907954775e+00	4.1029861395e+01	4.6891943000e+01	4.5894646404e+01	1.0946925814e+00	2.0000000000e+00	0.0000000000e+00
2.7000000000e+01	6.2517241379e+02	5.8500000000e+02	6.2526715088e+02	3.2440681458e+00	2.9433522224e+00	5.9500000000e+02	6.2946423340e+02	4.2918196053e+00	4.2918196053e+00	8.6269937456e-02	3.6834366620e-02	8.0000000000e+00	0.0000000000e+00	5.8500000000e+02	6.2526715088e+02	6.9501891732e-02	3.6057066917e+00	2.9090614319e+00	5.8100000000e+02	6.2358831787e+02	-1.5840959220e+00	1.5840959220e+00	6.5354265273e-02	3.5500690341e-02	2.8252921766e-05	2.7077236833e+00	3.8876831335e+01	4.6145518490e+01	4.6330030509e+01	1.0989385015e+00	2.0000000000e+00	0.0000000000e+00
2.8000000000e+01	6.3344827586e+02	6.0400000000e+02	6.3324163818e+02	3.0798959732e+00	2.9792823792e+00	6.1200000000e+02	6.3659930420e+02	3.1510283371e+00	3.1510283371e+00	1.7846161127e-01	3.6726601422e-02	1.7000000000e+01	5.0000000000e+00	5.9500000000e+02	6.2946423340e+02	3.0350672081e-02	4.0229206085e+00	2.9437167645e+00	6.0200000000e+02	6.3240222168e+02	-1.0460541824e+00	1.0460541824e+00	1.9040009007e-02	4.5742191374e-02	1.4690590615e-04	2.1049741548e+00	4.7160190443e+01	5.4215890355e+01	5.1773053482e+01	9.5808426974e-01	2.0000000000e+00	0.0000000000e+00
2.9000000000e+01	6.4172413793e+02	6.2400000000e+02	6.4163580322e+02	2.8388037682e+00	3.0198149681e+00	6.2600000000e+02	6.4247521973e+02	7.5108179553e-01	7.5108179553e-01	1.6168610752e-01	3.7225961685e-02	1.8000000000e+01	0.0000000000e+00	6.2400000000e+02	6.4163580322e+02	6.5023481846e-02	3.5559527874e+00	2.9901776314e+00	6.2100000000e+02	6.4037664795e+02	-1.3474899818e+00	1.3474899818e+00	4.5592106879e-02	4.2450461537e-02	1.4349166304e-04	-5.9640818629e-01	3.8212417488e+01	4.6816811916e+01	4.5126132989e+01	9.8006275088e-01	2.0000000000e+00	0.0000000000e+00
3.0000000000e+01	6.5000000000e+02	6.4400000000e+02	6.5002996826e+02	2.5712361336e+00	3.0482053757e+00	6.4600000000e+02	6.5086938477e+02	8.6938476562e-01	8.6938476562e-01	1.9334346056e-01	3.8433741778e-02	8.0000000000e+00	3.0000000000e+00	6.3900000000e+02	6.4793145752e+02	5.6764390320e-02	3.5632929802e+00	3.0468926430e+00	6.4400000000e+02	6.5002996826e+02	2.9968261719e-02	2.9968261719e-02	4.1435420513e-02	4.9237355590e-02	2.0363760996e-04	8.3941650391e-01	3.4398522717e+01	4.8257895298e+01	4.7380112060e+01	9.9684563690e-01	2.0000000000e+00	0.0000000000e+00
