wavelength_nm	ideal_target_transmittance	tandem_response_transmittance
3.7973711347e+02	9.6733242273e-01	9.0863996744e-01
3.8015682291e+02	9.6708071232e-01	9.0773946047e-01
3.8057653235e+02	9.6682602167e-01	9.0697634220e-01
3.8099624179e+02	9.6656823158e-01	9.0576463938e-01
3.8141595123e+02	9.6630734205e-01	9.0446686745e-01
3.8183566067e+02	9.6604329348e-01	9.0363043547e-01
3.8225537011e+02	9.6577602625e-01	9.0290415287e-01
3.8267507956e+02	9.6550554037e-01	9.0115880966e-01
3.8309478900e+02	9.6523171663e-01	9.0001118183e-01
3.8351449844e+02	9.6495449543e-01	8.9894676208e-01
3.8393420788e+02	9.6467387676e-01	8.9736276865e-01
3.8435391732e+02	9.6438974142e-01	8.9647817612e-01
3.8477362676e+02	9.6410202980e-01	8.9511370659e-01
3.8519333620e+02	9.6381074190e-01	8.9416110516e-01
3.8561304564e+02	9.6351581812e-01	8.9372450113e-01
3.8603275508e+02	9.6321713924e-01	8.9155071974e-01
3.8645246453e+02	9.6291464567e-01	8.8918870687e-01
3.8687217397e+02	9.6260827780e-01	8.8818234205e-01
3.8729188341e+02	9.6229803562e-01	8.8728290796e-01
3.8771159285e+02	9.6198374033e-01	8.8596725464e-01
3.8813130229e+02	9.6166539192e-01	8.8433825970e-01
3.8855101173e+02	9.6134287119e-01	8.8301825523e-01
3.8897072117e+02	9.6101617813e-01	8.8232982159e-01
3.8939043061e+02	9.6068519354e-01	8.8152909279e-01
3.8981014006e+02	9.6034985781e-01	8.8038408756e-01
3.9022984950e+02	9.6001005173e-01	8.7866067886e-01
3.9064955894e+02	9.5966571569e-01	8.7747645378e-01
3.9106926838e+02	9.5931679010e-01	8.7626540661e-01
3.9148897782e+02	9.5896315575e-01	8.7526965141e-01
3.9190868726e+02	9.5860475302e-01	8.7411719561e-01
3.9232839670e+02	9.5824152231e-01	8.7279289961e-01
3.9274810614e+02	9.5787328482e-01	8.7247139215e-01
3.9316781559e+02	9.5750004053e-01	8.7101882696e-01
3.9358752503e+02	9.5712161064e-01	8.6958116293e-01
3.9400723447e+02	9.5673799515e-01	8.6873775721e-01
3.9442694391e+02	9.5634901524e-01	8.6783361435e-01
3.9484665335e+02	9.5595461130e-01	8.6720710993e-01
3.9526636279e+02	9.5555460453e-01	8.6561709642e-01
3.9568607223e+02	9.5514905453e-01	8.6535769701e-01
3.9610578167e+02	9.5473766327e-01	8.6493337154e-01
3.9652549111e+02	9.5432043076e-01	8.6405426264e-01
3.9694520056e+02	9.5389723778e-01	8.6320525408e-01
3.9736491000e+02	9.5346796513e-01	8.6286610365e-01
3.9778461944e+02	9.5303243399e-01	8.6221015453e-01
3.9820432888e+02	9.5259064436e-01	8.6093109846e-01
3.9862403832e+02	9.5214229822e-01	8.6072176695e-01
3.9904374776e+02	9.5168739557e-01	8.6008179188e-01
3.9946345720e+02	9.5122581720e-01	8.5919600725e-01
3.9988316664e+02	9.5075732470e-01	8.5824549198e-01
4.0030287609e+02	9.5028185844e-01	8.5837894678e-01
4.0072258553e+02	9.4979923964e-01	8.5783141851e-01
4.0114229497e+02	9.4930934906e-01	8.5762196779e-01
4.0156200441e+02	9.4881200790e-01	8.5750389099e-01
4.0198171385e+02	9.4830709696e-01	8.5650783777e-01
4.0240142329e+02	9.4779443741e-01	8.5583710670e-01
4.0282113273e+02	9.4727385044e-01	8.5596454144e-01
4.0324084217e+02	9.4674521685e-01	8.5516905785e-01
4.0366055162e+02	9.4620835781e-01	8.5547244549e-01
4.0408026106e+02	9.4566309452e-01	8.5500711203e-01
4.0449997050e+02	9.4510918856e-01	8.5521262884e-01
4.0491967994e+02	9.4454652071e-01	8.5435879230e-01
4.0533938938e+02	9.4397491217e-01	8.5447472334e-01
4.0575909882e+02	9.4339412451e-01	8.5403782129e-01
4.0617880826e+02	9.4280397892e-01	8.5392981768e-01
4.0659851770e+02	9.4220429659e-01	8.5258531570e-01
4.0701822714e+02	9.4159477949e-01	8.5284525156e-01
4.0743793659e+02	9.4097530842e-01	8.5336148739e-01
4.0785764603e+02	9.4034564495e-01	8.5222780704e-01
4.0827735547e+02	9.3970555067e-01	8.5228490829e-01
4.0869706491e+02	9.3905478716e-01	8.5166221857e-01
4.0911677435e+02	9.3839305639e-01	8.5185086727e-01
4.0953648379e+02	9.3772017956e-01	8.5171461105e-01
4.0995619323e+02	9.3703591824e-01	8.5078257322e-01
4.1037590267e+02	9.3633997440e-01	8.5120809078e-01
4.1079561212e+02	9.3563205004e-01	8.5063570738e-01
4.1121532156e+02	9.3491196632e-01	8.5139840841e-01
4.1163503100e+02	9.3417930603e-01	8.5067152977e-01
4.1205474044e+02	9.3343389034e-01	8.5076659918e-01
4.1247444988e+02	9.3267530203e-01	8.5025447607e-01
4.1289415932e+02	9.3190336227e-01	8.4961408377e-01
4.1331386876e+02	9.3111765385e-01	8.5004812479e-01
4.1373357820e+02	9.3031787872e-01	8.5038930178e-01
4.1415328765e+02	9.2950367928e-01	8.5010313988e-01
4.1457299709e+02	9.2867475748e-01	8.4945571423e-01
4.1499270653e+02	9.2783069611e-01	8.4984838963e-01
4.1541241597e+02	9.2697119713e-01	8.4950864315e-01
4.1583212541e+02	9.2609578371e-01	8.4891915321e-01
4.1625183485e+02	9.2520409822e-01	8.4904140234e-01
4.1667154429e+02	9.2429572344e-01	8.4955292940e-01
4.1709125373e+02	9.2337030172e-01	8.4949135780e-01
4.1751096317e+02	9.2242729664e-01	8.4989583492e-01
4.1793067262e+02	9.2146635056e-01	8.4944915771e-01
4.1835038206e+02	9.2048698664e-01	8.4962761402e-01
4.1877009150e+02	9.1948866844e-01	8.4936672449e-01
4.1918980094e+02	9.1847097874e-01	8.4988975525e-01
4.1960951038e+02	9.1743338108e-01	8.5067522526e-01
4.2002921982e+02	9.1637539864e-01	8.4826147556e-01
4.2044892926e+02	9.1529637575e-01	8.4789109230e-01
4.2086863870e+02	9.1419589520e-01	8.4783709049e-01
4.2128834815e+02	9.1307324171e-01	8.4795600176e-01
4.2170805759e+02	9.1192793846e-01	8.4712177515e-01
4.2212776703e+02	9.1075932980e-01	8.4658640623e-01
4.2254747647e+02	9.0956676006e-01	8.4562581778e-01
4.2296718591e+02	9.0834963322e-01	8.4568881989e-01
4.2338689535e+02	9.0710723400e-01	8.4441393614e-01
4.2380660479e+02	9.0583878756e-01	8.4319669008e-01
4.2422631423e+02	9.0454369783e-01	8.4269142151e-01
4.2464602368e+02	9.0322113037e-01	8.4146523476e-01
4.2506573312e+02	9.0187036991e-01	8.3944588900e-01
4.2548544256e+02	9.0049058199e-01	8.3804053068e-01
4.2590515200e+02	8.9908093214e-01	8.3657461405e-01
4.2632486144e+02	8.9764052629e-01	8.3477342129e-01
4.2674457088e+02	8.9616858959e-01	8.3358621597e-01
4.2716428032e+02	8.9466404915e-01	8.3125269413e-01
4.2758398976e+02	8.9312607050e-01	8.2927662134e-01
4.2800369920e+02	8.9155364037e-01	8.2657051086e-01
4.2842340865e+02	8.8994568586e-01	8.2526797056e-01
4.2884311809e+02	8.8830119371e-01	8.2196724415e-01
4.2926282753e+02	8.8661909103e-01	8.2162630558e-01
4.2968253697e+02	8.8489812613e-01	8.1849861145e-01
4.3010224641e+02	8.8313728571e-01	8.1623953581e-01
4.3052195585e+02	8.8133519888e-01	8.1420683861e-01
4.3094166529e+02	8.7949061394e-01	8.1193333864e-01
4.3136137473e+02	8.7760233879e-01	8.0867516994e-01
4.3178108418e+02	8.7566888332e-01	8.0598187447e-01
4.3220079362e+02	8.7368887663e-01	8.0434066057e-01
4.3262050306e+02	8.7166082859e-01	8.0149340630e-01
4.3304021250e+02	8.6958324909e-01	7.9748547077e-01
4.3345992194e+02	8.6745452881e-01	7.9565948248e-01
4.3387963138e+02	8.6527305841e-01	7.9175227880e-01
4.3429934082e+02	8.6303704977e-01	7.8831988573e-01
4.3471905026e+02	8.6074483395e-01	7.8495305777e-01
4.3513875971e+02	8.5839450359e-01	7.8067547083e-01
4.3555846915e+02	8.5598415136e-01	7.7744561434e-01
4.3597817859e+02	8.5351181030e-01	7.7442455292e-01
4.3639788803e+02	8.5097539425e-01	7.7054756880e-01
4.3681759747e+02	8.4837281704e-01	7.6692962646e-01
4.3723730691e+02	8.4570175409e-01	7.6277834177e-01
4.3765701635e+02	8.4296000004e-01	7.5984722376e-01
4.3807672579e+02	8.4014505148e-01	7.5592917204e-01
4.3849643523e+02	8.3725440502e-01	7.5203496218e-01
4.3891614468e+02	8.3428555727e-01	7.4756735563e-01
4.3933585412e+02	8.3123564720e-01	7.4416476488e-01
4.3975556356e+02	8.2810205221e-01	7.4046713114e-01
4.4017527300e+02	8.2488167286e-01	7.3538237810e-01
4.4059498244e+02	8.2157152891e-01	7.3201400042e-01
4.4101469188e+02	8.1816852093e-01	7.2796386480e-01
4.4143440132e+02	8.1466925144e-01	7.2464722395e-01
4.4185411076e+02	8.1107038260e-01	7.1937853098e-01
4.4227382021e+02	8.0736833811e-01	7.1632862091e-01
4.4269352965e+02	8.0355936289e-01	7.1162742376e-01
4.4311323909e+02	7.9963964224e-01	7.0700269938e-01
4.4353294853e+02	7.9560518265e-01	7.0291686058e-01
4.4395265797e+02	7.9145187140e-01	6.9844359159e-01
4.4437236741e+02	7.8717535734e-01	6.9442027807e-01
4.4479207685e+02	7.8277111053e-01	6.9032907486e-01
4.4521178629e+02	7.7823454142e-01	6.8601143360e-01
4.4563149574e+02	7.7356076241e-01	6.8230217695e-01
4.4605120518e+02	7.6874476671e-01	6.7773646116e-01
4.4647091462e+02	7.6378130913e-01	6.7461794615e-01
4.4689062406e+02	7.5866502523e-01	6.7076236010e-01
4.4731033350e+02	7.5339031219e-01	6.6587162018e-01
4.4773004294e+02	7.4795132875e-01	6.5986925364e-01
4.4814975238e+02	7.4234211445e-01	6.5619909763e-01
4.4856946182e+02	7.3655635118e-01	6.5483397245e-01
4.4898917126e+02	7.3058766127e-01	6.4628475904e-01
4.4940888071e+02	7.2442942858e-01	6.4014214277e-01
4.4982859015e+02	7.1807467937e-01	6.3408935070e-01
4.5024829959e+02	7.1151649952e-01	6.2831288576e-01
4.5066800903e+02	7.0474743843e-01	6.2253946066e-01
4.5108771847e+02	6.9776016474e-01	6.1375486851e-01
4.5150742791e+02	6.9054687023e-01	6.0725307465e-01
4.5192713735e+02	6.8309974670e-01	6.0033512115e-01
4.5234684679e+02	6.7541074753e-01	5.9281623363e-01
4.5276655624e+02	6.6747164726e-01	5.8537620306e-01
4.5318626568e+02	6.5927410126e-01	5.7726824284e-01
4.5360597512e+02	6.5080970526e-01	5.7085257769e-01
4.5402568456e+02	6.4206975698e-01	5.6207102537e-01
4.5444539400e+02	6.3304579258e-01	5.5439674854e-01
4.5486510344e+02	6.2372910976e-01	5.4494303465e-01
4.5528481288e+02	6.1411118507e-01	5.3587925434e-01
4.5570452232e+02	6.0418337584e-01	5.2800267935e-01
4.5612423177e+02	5.9393745661e-01	5.1926738024e-01
4.5654394121e+02	5.8336526155e-01	5.0958961248e-01
4.5696365065e+02	5.7245886326e-01	5.0162762403e-01
4.5738336009e+02	5.6121098995e-01	4.9115815759e-01
4.5780306953e+02	5.4961460829e-01	4.8113775253e-01
4.5822277897e+02	5.3766351938e-01	4.7106441855e-01
4.5864248841e+02	5.2535223961e-01	4.6184372902e-01
4.5906219785e+02	5.1267617941e-01	4.5056018233e-01
4.5948190729e+02	4.9963182211e-01	4.4070795178e-01
4.5990161674e+02	4.8621708155e-01	4.2922902107e-01
4.6032132618e+02	4.7243130207e-01	4.1922593117e-01
4.6074103562e+02	4.5827552676e-01	4.0861174464e-01
4.6116074506e+02	4.4375285506e-01	3.9748987556e-01
4.6158045450e+02	4.2886865139e-01	3.8481166959e-01
4.6200016394e+02	4.1363078356e-01	3.7426453829e-01
4.6241987338e+02	3.9804998040e-01	3.6304318905e-01
4.6283958282e+02	3.8214018941e-01	3.5323131084e-01
4.6325929227e+02	3.6591890454e-01	3.3935871720e-01
4.6367900171e+02	3.4940737486e-01	3.2733863592e-01
4.6409871115e+02	3.3263111115e-01	3.1524929404e-01
4.6451842059e+02	3.1562021375e-01	3.0250346661e-01
4.6493813003e+02	2.9840958118e-01	2.9001742601e-01
4.6535783947e+02	2.8103926778e-01	2.7762183547e-01
4.6577754891e+02	2.6355481148e-01	2.6474818587e-01
4.6619725835e+02	2.4600733817e-01	2.5307056308e-01
4.6661696780e+02	2.2845377028e-01	2.4011473358e-01
4.6703667724e+02	2.1095687151e-01	2.2811375558e-01
4.6745638668e+02	1.9358521700e-01	2.1538424492e-01
4.6787609612e+02	1.7641301453e-01	2.0444713533e-01
4.6829580556e+02	1.5951980650e-01	1.9169850647e-01
4.6871551500e+02	1.4299011230e-01	1.8000732362e-01
4.6913522444e+02	1.2691272795e-01	1.6882857680e-01
4.6955493388e+02	1.1138000339e-01	1.5757484734e-01
4.6997464332e+02	9.6486911178e-02	1.4602741599e-01
4.7039435277e+02	8.2329928875e-02	1.3688023388e-01
4.7081406221e+02	6.9005765021e-02	1.2529025972e-01
4.7123377165e+02	5.6609947234e-02	1.1655674875e-01
4.7165348109e+02	4.5235320926e-02	1.0731631517e-01
4.7207319053e+02	3.4970439970e-02	9.8168678582e-02
4.7249289997e+02	2.5897938758e-02	9.0356551111e-02
4.7291260941e+02	1.8092935905e-02	8.3008922637e-02
4.7333231885e+02	1.1621472426e-02	7.6761111617e-02
4.7375202830e+02	6.5391026437e-03	7.0244170725e-02
4.7417173774e+02	2.8896632139e-03	6.5995059907e-02
4.7459144718e+02	7.0425850572e-04	6.1046574265e-02
4.7501115662e+02	5.2522045735e-07	5.6973453611e-02
4.7543086606e+02	7.8219786519e-04	5.3325913846e-02
4.7585057550e+02	3.0389945023e-03	5.0733681768e-02
4.7627028494e+02	6.7468304187e-03	4.9362134188e-02
4.7668999438e+02	1.1868347414e-02	4.8088487238e-02
4.7710970383e+02	1.8353741616e-02	4.6616002917e-02
4.7752941327e+02	2.6141854003e-02	4.7084283084e-02
4.7794912271e+02	3.5161469132e-02	4.8292733729e-02
4.7836883215e+02	4.5332785696e-02	5.0426393747e-02
4.7878854159e+02	5.6569010019e-02	5.3317721933e-02
4.7920825103e+02	6.8777978420e-02	5.6847222149e-02
4.7962796047e+02	8.1863798201e-02	6.1129651964e-02
4.8004766991e+02	9.5728456974e-02	6.6833928227e-02
4.8046737935e+02	1.1027329415e-01	7.4105426669e-02
4.8088708880e+02	1.2540042400e-01	8.1705823541e-02
4.8130679824e+02	1.4101395011e-01	9.2075169086e-02
4.8172650768e+02	1.5702100098e-01	1.0353563726e-01
4.8214621712e+02	1.7333267629e-01	1.1502697319e-01
4.8256592656e+02	1.8986475468e-01	1.2830108404e-01
4.8298563600e+02	2.0653823018e-01	1.4362820983e-01
4.8340534544e+02	2.2327968478e-01	1.6013000906e-01
4.8382505488e+02	2.4002160132e-01	1.7714665830e-01
4.8424476433e+02	2.5670239329e-01	1.9554151595e-01
4.8466447377e+02	2.7326640487e-01	2.1544668078e-01
4.8508418321e+02	2.8966391087e-01	2.3733012378e-01
4.8550389265e+02	3.0585083365e-01	2.5666731596e-01
4.8592360209e+02	3.2178848982e-01	2.7689272165e-01
4.8634331153e+02	3.3744344115e-01	2.9689976573e-01
4.8676302097e+02	3.5278704762e-01	3.1721147895e-01
4.8718273041e+02	3.6779507995e-01	3.3673101664e-01
4.8760243986e+02	3.8244757056e-01	3.5624489188e-01
4.8802214930e+02	3.9672827721e-01	3.7511458993e-01
4.8844185874e+02	4.1062432528e-01	3.9511287212e-01
4.8886156818e+02	4.2412596941e-01	4.1069096327e-01
4.8928127762e+02	4.3722629547e-01	4.2725566030e-01
4.8970098706e+02	4.4992071390e-01	4.4620022178e-01
4.9012069650e+02	4.6220684052e-01	4.6074271202e-01
4.9054040594e+02	4.7408419847e-01	4.7517445683e-01
4.9096011538e+02	4.8555383086e-01	4.9020916224e-01
4.9137982483e+02	4.9661833048e-01	5.0507569313e-01
4.9179953427e+02	5.0728130341e-01	5.1685923338e-01
4.9221924371e+02	5.1754754782e-01	5.3185242414e-01
4.9263895315e+02	5.2742254734e-01	5.4168075323e-01
4.9305866259e+02	5.3691244125e-01	5.5408483744e-01
4.9347837203e+02	5.4602396488e-01	5.6613308191e-01
4.9389808147e+02	5.5476433039e-01	5.7679879665e-01
4.9431779091e+02	5.6314086914e-01	5.8568936586e-01
4.9473750036e+02	5.7116132975e-01	5.9697574377e-01
4.9515720980e+02	5.7883340120e-01	6.0620772839e-01
4.9557691924e+02	5.8616501093e-01	6.1571270227e-01
4.9599662868e+02	5.9316396713e-01	6.2452298403e-01
4.9641633812e+02	5.9983801842e-01	6.3076972961e-01
4.9683604756e+02	6.0619479418e-01	6.3989579678e-01
4.9725575700e+02	6.1224192381e-01	6.4519959688e-01
4.9767546644e+02	6.1798667908e-01	6.5357643366e-01
4.9809517589e+02	6.2343621254e-01	6.5817630291e-01
4.9851488533e+02	6.2859743834e-01	6.6316419840e-01
4.9893459477e+02	6.3347703218e-01	6.6867846251e-01
4.9935430421e+02	6.3808137178e-01	6.7313987017e-01
4.9977401365e+02	6.4241659641e-01	6.7625850439e-01
5.0019372309e+02	6.4648854733e-01	6.7927122116e-01
5.0061343253e+02	6.5030270815e-01	6.8223172426e-01
5.0103314197e+02	6.5386438370e-01	6.8456602097e-01
5.0145285141e+02	6.5717852116e-01	6.8678498268e-01
5.0187256086e+02	6.6024971008e-01	6.8704724312e-01
5.0229227030e+02	6.6308224201e-01	6.9035416842e-01
5.0271197974e+02	6.6568011045e-01	6.9100362062e-01
5.0313168918e+02	6.6804707050e-01	6.9189482927e-01
5.0355139862e+02	6.7018640041e-01	6.9256383181e-01
5.0397110806e+02	6.7210125923e-01	6.9183427095e-01
5.0439081750e+02	6.7379432917e-01	6.9226562977e-01
5.0481052694e+02	6.7526805401e-01	6.9228118658e-01
5.0523023639e+02	6.7652457952e-01	6.9105368853e-01
5.0564994583e+02	6.7756569386e-01	6.9143861532e-01
5.0606965527e+02	6.7839294672e-01	6.8976593018e-01
5.0648936471e+02	6.7900747061e-01	6.8818444014e-01
5.0690907415e+02	6.7941021919e-01	6.8612307310e-01
5.0732878359e+02	6.7960172892e-01	6.8493509293e-01
5.0774849303e+02	6.7958229780e-01	6.8316894770e-01
5.0816820247e+02	6.7935192585e-01	6.7966091633e-01
5.0858791192e+02	6.7891025543e-01	6.7835640907e-01
5.0900762136e+02	6.7825663090e-01	6.7598605156e-01
5.0942733080e+02	6.7739009857e-01	6.7083257437e-01
5.0984704024e+02	6.7630946636e-01	6.6777366400e-01
5.1026674968e+02	6.7501306534e-01	6.6504120827e-01
5.1068645912e+02	6.7349910736e-01	6.6112565994e-01
5.1110616856e+02	6.7176544666e-01	6.5635836124e-01
5.1152587800e+02	6.6980946064e-01	6.5143084526e-01
5.1194558744e+02	6.6762846708e-01	6.4815038443e-01
5.1236529689e+02	6.6521924734e-01	6.4463162422e-01
5.1278500633e+02	6.6257840395e-01	6.3814800978e-01
5.1320471577e+02	6.5970230103e-01	6.3118875027e-01
5.1362442521e+02	6.5658670664e-01	6.2484407425e-01
5.1404413465e+02	6.5322738886e-01	6.1754804850e-01
5.1446384409e+02	6.4961957932e-01	6.1082279682e-01
5.1488355353e+02	6.4575833082e-01	6.0332691669e-01
5.1530326297e+02	6.4163833857e-01	5.9590566158e-01
5.1572297242e+02	6.3725399971e-01	5.8656018972e-01
5.1614268186e+02	6.3259947300e-01	5.7788372040e-01
5.1656239130e+02	6.2766849995e-01	5.6932276487e-01
5.1698210074e+02	6.2245470285e-01	5.5916118622e-01
5.1740181018e+02	6.1695134640e-01	5.4972946644e-01
5.1782151962e+02	6.1115145683e-01	5.3926414251e-01
5.1824122906e+02	6.0504788160e-01	5.3024023771e-01
5.1866093850e+02	5.9863322973e-01	5.1814848185e-01
5.1908064795e+02	5.9189993143e-01	5.0654309988e-01
5.1950035739e+02	5.8484035730e-01	4.9407047033e-01
5.1992006683e+02	5.7744663954e-01	4.8056423664e-01
5.2033977627e+02	5.6971096992e-01	4.6745446324e-01
5.2075948571e+02	5.6162554026e-01	4.5306602120e-01
5.2117919515e+02	5.5318260193e-01	4.3888688087e-01
5.2159890459e+02	5.4437446594e-01	4.2267760634e-01
5.2201861403e+02	5.3519380093e-01	4.0651330352e-01
5.2243832347e+02	5.2563345432e-01	3.9314016700e-01
5.2285803292e+02	5.1568692923e-01	3.7621411681e-01
5.2327774236e+02	5.0534802675e-01	3.5960197449e-01
5.2369745180e+02	4.9461141229e-01	3.4334436059e-01
5.2411716124e+02	4.8347258568e-01	3.2769685984e-01
5.2453687068e+02	4.7192800045e-01	3.1127345562e-01
5.2495658012e+02	4.5997545123e-01	2.9433748126e-01
5.2537628956e+02	4.4761404395e-01	2.7920061350e-01
5.2579599900e+02	4.3484467268e-01	2.6290470362e-01
5.2621570845e+02	4.2167004943e-01	2.4727201462e-01
5.2663541789e+02	4.0809515119e-01	2.3266752064e-01
5.2705512733e+02	3.9412745833e-01	2.1711291373e-01
5.2747483677e+02	3.7977728248e-01	2.0302523673e-01
5.2789454621e+02	3.6505797505e-01	1.8774293363e-01
5.2831425565e+02	3.4998652339e-01	1.7464682460e-01
5.2873396509e+02	3.3458366990e-01	1.6285258532e-01
5.2915367453e+02	3.1887435913e-01	1.4889344573e-01
5.2957338398e+02	3.0288815498e-01	1.3761737943e-01
5.2999309342e+02	2.8665938973e-01	1.2662111223e-01
5.3041280286e+02	2.7022776008e-01	1.1593144387e-01
5.3083251230e+02	2.5363832712e-01	1.0721009225e-01
5.3125222174e+02	2.3694193363e-01	9.7353428602e-02
5.3167193118e+02	2.2019530833e-01	8.9010380208e-02
5.3209164062e+02	2.0346111059e-01	8.1242315471e-02
5.3251135006e+02	1.8680799007e-01	7.3802359402e-02
5.3293105950e+02	1.7031039298e-01	6.7172981799e-02
5.3335076895e+02	1.5404833853e-01	6.0780271888e-02
5.3377047839e+02	1.3810694218e-01	5.5455148220e-02
5.3419018783e+02	1.2257589400e-01	5.0554610789e-02
5.3460989727e+02	1.0754869133e-01	4.6612095088e-02
5.3502960671e+02	9.3121692538e-02	4.2898133397e-02
5.3544931615e+02	7.9393021762e-02	3.9919409901e-02
5.3586902559e+02	6.6461332142e-02	3.6962918937e-02
5.3628873503e+02	5.4424349219e-02	3.4924302250e-02
5.3670844448e+02	4.3377410620e-02	3.2559871674e-02
5.3712815392e+02	3.3411808312e-02	3.1534507871e-02
5.3754786336e+02	2.4613179266e-02	3.0221644789e-02
5.3796757280e+02	1.7059853300e-02	2.9851799831e-02
5.3838728224e+02	1.0821300559e-02	2.9603336006e-02
5.3880699168e+02	5.9566842392e-03	3.0297465622e-02
5.3922670112e+02	2.5135909673e-03	3.0210137367e-02
5.3964641056e+02	5.2698794752e-04	3.1336713582e-02
5.4006612001e+02	1.8449563868e-05	3.3484153450e-02
5.4048582945e+02	9.9568336736e-04	3.5633765161e-02
5.4090553889e+02	3.4523769282e-03	3.7346303463e-02
5.4132524833e+02	7.3683718219e-03	4.0857296437e-02
5.4174495777e+02	1.2710154988e-02	4.4568236917e-02
5.4216466721e+02	1.9431652501e-02	4.8476677388e-02
5.4258437665e+02	2.7475275099e-02	5.3089465946e-02
5.4300408609e+02	3.6773201078e-02	5.8665934950e-02
5.4342379553e+02	4.7248814255e-02	6.5275289118e-02
5.4384350498e+02	5.8818262070e-02	7.1309022605e-02
5.4426321442e+02	7.1392081678e-02	7.8846469522e-02
5.4468292386e+02	8.4876812994e-02	8.6858555675e-02
5.4510263330e+02	9.9176600575e-02	9.5171451569e-02
5.4552234274e+02	1.1419467628e-01	1.0481780767e-01
5.4594205218e+02	1.2983475626e-01	1.1530420929e-01
5.4636176162e+02	1.4600226283e-01	1.2614333630e-01
5.4678147106e+02	1.6260543466e-01	1.3819856942e-01
5.4720118051e+02	1.7955622077e-01	1.5127626061e-01
5.4762088995e+02	1.9677096605e-01	1.6395555437e-01
5.4804059939e+02	2.1417109668e-01	1.7740540206e-01
5.4846030883e+02	2.3168340325e-01	1.9125510752e-01
5.4888001827e+02	2.4924038351e-01	2.0552709699e-01
5.4929972771e+02	2.6678034663e-01	2.2205896676e-01
5.4971943715e+02	2.8424745798e-01	2.3566085100e-01
5.5013914659e+02	3.0159163475e-01	2.5255292654e-01
5.5055885604e+02	3.1876835227e-01	2.6702922583e-01
5.5097856548e+02	3.3573853970e-01	2.8269830346e-01
5.5139827492e+02	3.5246816278e-01	2.9980367422e-01
5.5181798436e+02	3.6892804503e-01	3.1339737773e-01
5.5223769380e+02	3.8509348035e-01	3.2973313332e-01
5.5265740324e+02	4.0094387531e-01	3.4279710054e-01
5.5307711268e+02	4.1646248102e-01	3.5755568743e-01
5.5349682212e+02	4.3163594604e-01	3.7084326148e-01
5.5391653156e+02	4.4645410776e-01	3.8404065371e-01
5.5433624101e+02	4.6090954542e-01	3.9649230242e-01
5.5475595045e+02	4.7499737144e-01	4.0827211738e-01
5.5517565989e+02	4.8871487379e-01	4.2073053122e-01
5.5559536933e+02	5.0206130743e-01	4.3140184879e-01
5.5601507877e+02	5.1503765583e-01	4.4262212515e-01
5.5643478821e+02	5.2764624357e-01	4.5274031162e-01
5.5685449765e+02	5.3989088535e-01	4.6275162697e-01
5.5727420709e+02	5.5177623034e-01	4.7162079811e-01
5.5769391654e+02	5.6330794096e-01	4.8088148236e-01
5.5811362598e+02	5.7449239492e-01	4.8926374316e-01
5.5853333542e+02	5.8533668518e-01	4.9762174487e-01
5.5895304486e+02	5.9584820271e-01	5.0581246614e-01
5.5937275430e+02	6.0603493452e-01	5.1410079002e-01
5.5979246374e+02	6.1590504646e-01	5.2021676302e-01
5.6021217318e+02	6.2546688318e-01	5.2816855907e-01
5.6063188262e+02	6.3472902775e-01	5.3445661068e-01
5.6105159207e+02	6.4370006323e-01	5.4169112444e-01
5.6147130151e+02	6.5238857269e-01	5.4801535606e-01
5.6189101095e+02	6.6080325842e-01	5.5472034216e-01
5.6231072039e+02	6.6895252466e-01	5.6049454212e-01
5.6273042983e+02	6.7684495449e-01	5.6559711695e-01
5.6315013927e+02	6.8448883295e-01	5.7348334789e-01
5.6356984871e+02	6.9189226627e-01	5.7720613480e-01
5.6398955815e+02	6.9906336069e-01	5.8161038160e-01
5.6440926759e+02	7.0600992441e-01	5.8664137125e-01
5.6482897704e+02	7.1273958683e-01	5.9308707714e-01
5.6524868648e+02	7.1925979853e-01	5.9701317549e-01
5.6566839592e+02	7.2557783127e-01	6.0240495205e-01
5.6608810536e+02	7.3170065880e-01	6.0681772232e-01
5.6650781480e+02	7.3763513565e-01	6.0995674133e-01
5.6692752424e+02	7.4338793755e-01	6.1324083805e-01
5.6734723368e+02	7.4896538258e-01	6.1845833063e-01
5.6776694312e+02	7.5437366962e-01	6.2392079830e-01
5.6818665257e+02	7.5961875916e-01	6.2631362677e-01
5.6860636201e+02	7.6470649242e-01	6.3058078289e-01
5.6902607145e+02	7.6964241266e-01	6.3477319479e-01
5.6944578089e+02	7.7443182468e-01	6.3692086935e-01
5.6986549033e+02	7.7907997370e-01	6.4044660330e-01
5.7028519977e+02	7.8359180689e-01	6.4439362288e-01
5.7070490921e+02	7.8797221184e-01	6.4773076773e-01
5.7112461865e+02	7.9222571850e-01	6.5088063478e-01
5.7154432810e+02	7.9635685682e-01	6.5433341265e-01
5.7196403754e+02	8.0036985874e-01	6.5775752068e-01
5.7238374698e+02	8.0426883698e-01	6.6121119261e-01
5.7280345642e+02	8.0805784464e-01	6.6395878792e-01
5.7322316586e+02	8.1174063683e-01	6.6828471422e-01
5.7364287530e+02	8.1532090902e-01	6.7027676105e-01
5.7406258474e+02	8.1880223751e-01	6.7197734118e-01
5.7448229418e+02	8.2218790054e-01	6.7354083061e-01
5.7490200362e+02	8.2548123598e-01	6.7707288265e-01
5.7532171307e+02	8.2868540287e-01	6.7901211977e-01
5.7574142251e+02	8.3180344105e-01	6.8133938313e-01
5.7616113195e+02	8.3483815193e-01	6.8474900723e-01
5.7658084139e+02	8.3779245615e-01	6.8782019615e-01
5.7700055083e+02	8.4066891670e-01	6.8779402971e-01
5.7742026027e+02	8.4347021580e-01	6.9155430794e-01
5.7783996971e+02	8.4619879723e-01	6.9460624456e-01
5.7825967915e+02	8.4885704517e-01	6.9467228651e-01
5.7867938860e+02	8.5144734383e-01	6.9752496481e-01
5.7909909804e+02	8.5397177935e-01	6.9928675890e-01
5.7951880748e+02	8.5643255711e-01	7.0224708319e-01
5.7993851692e+02	8.5883170366e-01	7.0302295685e-01
5.8035822636e+02	8.6117118597e-01	7.0388215780e-01
5.8077793580e+02	8.6345291138e-01	7.0713913441e-01
5.8119764524e+02	8.6567872763e-01	7.0962017775e-01
5.8161735468e+02	8.6785036325e-01	7.1081203222e-01
5.8203706413e+02	8.6996954679e-01	7.1396952868e-01
5.8245677357e+02	8.7203788757e-01	7.1633505821e-01
5.8287648301e+02	8.7405699492e-01	7.1755212545e-01
5.8329619245e+02	8.7602829933e-01	7.1945327520e-01
5.8371590189e+02	8.7795335054e-01	7.2192829847e-01
5.8413561133e+02	8.7983351946e-01	7.2287458181e-01
5.8455532077e+02	8.8167011738e-01	7.2467142344e-01
5.8497503021e+02	8.8346451521e-01	7.2746497393e-01
5.8539473965e+02	8.8521796465e-01	7.3013848066e-01
5.8581444910e+02	8.8693165779e-01	7.3280745745e-01
5.8623415854e+02	8.8860678673e-01	7.3438268900e-01
5.8665386798e+02	8.9024448395e-01	7.3620486259e-01
5.8707357742e+02	8.9184576273e-01	7.3661392927e-01
5.8749328686e+02	8.9341181517e-01	7.3881959915e-01
5.8791299630e+02	8.9494353533e-01	7.4024289846e-01
5.8833270574e+02	8.9644199610e-01	7.4223417044e-01
5.8875241518e+02	8.9790809155e-01	7.4358010292e-01
5.8917212463e+02	8.9934277534e-01	7.4562656879e-01
5.8959183407e+02	9.0074682236e-01	7.4658602476e-01
5.9001154351e+02	9.0212124586e-01	7.4809038639e-01
5.9043125295e+02	9.0346676111e-01	7.4821484089e-01
5.9085096239e+02	9.0478420258e-01	7.5022995472e-01
5.9127067183e+02	9.0607434511e-01	7.5306445360e-01
5.9169038127e+02	9.0733790398e-01	7.5391119719e-01
5.9211009071e+02	9.0857559443e-01	7.5463235378e-01
5.9252980016e+02	9.0978819132e-01	7.5623583794e-01
5.9294950960e+02	9.1097629070e-01	7.5864410400e-01
5.9336921904e+02	9.1214054823e-01	7.5948613882e-01
5.9378892848e+02	9.1328161955e-01	7.6101261377e-01
5.9420863792e+02	9.1440016031e-01	7.6334559917e-01
5.9462834736e+02	9.1549664736e-01	7.6459199190e-01
5.9504805680e+02	9.1657173634e-01	7.6564109325e-01
5.9546776624e+02	9.1762596369e-01	7.6775240898e-01
5.9588747568e+02	9.1865986586e-01	7.6984202862e-01
5.9630718513e+02	9.1967391968e-01	7.7090352774e-01
5.9672689457e+02	9.2066872120e-01	7.7223014832e-01
5.9714660401e+02	9.2164468765e-01	7.7264577150e-01
5.9756631345e+02	9.2260223627e-01	7.7618330717e-01
5.9798602289e+02	9.2354196310e-01	7.7744340897e-01
5.9840573233e+02	9.2446422577e-01	7.7811044455e-01
5.9882544177e+02	9.2536950111e-01	7.7854430676e-01
5.9924515121e+02	9.2625814676e-01	7.8012907505e-01
5.9966486066e+02	9.2713063955e-01	7.8105747700e-01
6.0008457010e+02	9.2798727751e-01	7.8294581175e-01
6.0050427954e+02	9.2882853746e-01	7.8476852179e-01
6.0092398898e+02	9.2965471745e-01	7.8554123640e-01
6.0134369842e+02	9.3046623468e-01	7.8647756577e-01
6.0176340786e+02	9.3126338720e-01	7.8843462467e-01
6.0218311730e+02	9.3204653263e-01	7.8983592987e-01
6.0260282674e+02	9.3281596899e-01	7.9040265083e-01
6.0302253619e+02	9.3357211351e-01	7.9209309816e-01
6.0344224563e+02	9.3431514502e-01	7.9309928417e-01
6.0386195507e+02	9.3504548073e-01	7.9467260838e-01
6.0428166451e+02	9.3576329947e-01	7.9649710655e-01
6.0470137395e+02	9.3646901846e-01	7.9845941067e-01
6.0512108339e+02	9.3716275692e-01	7.9818248749e-01
6.0554079283e+02	9.3784493208e-01	8.0031985044e-01
6.0596050227e+02	9.3851572275e-01	8.0127352476e-01
6.0638021171e+02	9.3917536736e-01	8.0185806751e-01
6.0679992116e+02	9.3982422352e-01	8.0433362722e-01
6.0721963060e+02	9.4046235085e-01	8.0514478683e-01
6.0763934004e+02	9.4109016657e-01	8.0638390779e-01
6.0805904948e+02	9.4170773029e-01	8.0730372667e-01
6.0847875892e+02	9.4231539965e-01	8.0848616362e-01
6.0889846836e+02	9.4291335344e-01	8.1054538488e-01
6.0931817780e+02	9.4350177050e-01	8.1222563982e-01
6.0973788724e+02	9.4408082962e-01	8.1383681297e-01
6.1015759669e+02	9.4465076923e-01	8.1572043896e-01
6.1057730613e+02	9.4521182775e-01	8.1823807955e-01
6.1099701557e+02	9.4576412439e-01	8.1777775288e-01
6.1141672501e+02	9.4630783796e-01	8.1977277994e-01
6.1183643445e+02	9.4684314728e-01	8.2122939825e-01
6.1225614389e+02	9.4737029076e-01	8.2282418013e-01
6.1267585333e+02	9.4788938761e-01	8.2458412647e-01
6.1309556277e+02	9.4840061665e-01	8.2546919584e-01
6.1351527222e+02	9.4890415668e-01	8.2694453001e-01
6.1393498166e+02	9.4940006733e-01	8.2856118679e-01
6.1435469110e+02	9.4988864660e-01	8.3001977205e-01
6.1477440054e+02	9.5036989450e-01	8.3129537106e-01
6.1519410998e+02	9.5084410906e-01	8.3353799582e-01
6.1561381942e+02	9.5131129026e-01	8.3422666788e-01
6.1603352886e+02	9.5177167654e-01	8.3461654186e-01
6.1645323830e+02	9.5222532749e-01	8.3642596006e-01
6.1687294774e+02	9.5267242193e-01	8.3817225695e-01
6.1729265719e+02	9.5311313868e-01	8.3878564835e-01
6.1771236663e+02	9.5354747772e-01	8.3947521448e-01
6.1813207607e+02	9.5397561789e-01	8.4172010422e-01
6.1855178551e+02	9.5439773798e-01	8.4254324436e-01
6.1897149495e+02	9.5481383801e-01	8.4342050552e-01
6.1939120439e+02	9.5522415638e-01	8.4565919638e-01
6.1981091383e+02	9.5562869310e-01	8.4662991762e-01
6.2023062327e+02	9.5602762699e-01	8.4786009789e-01
6.2065033272e+02	9.5642101765e-01	8.4751778841e-01
6.2107004216e+02	9.5680898428e-01	8.4839928150e-01
6.2148975160e+02	9.5719170570e-01	8.5013753176e-01
6.2190946104e+02	9.5756912231e-01	8.5026711226e-01
6.2232917048e+02	9.5794147253e-01	8.5107880831e-01
6.2274887992e+02	9.5830875635e-01	8.5282719135e-01
6.2316858936e+02	9.5867109299e-01	8.5372370481e-01
6.2358829880e+02	9.5902860165e-01	8.5351151228e-01
6.2400800825e+02	9.5938140154e-01	8.5509514809e-01
6.2442771769e+02	9.5972943306e-01	8.5570049286e-01
6.2484742713e+02	9.6007293463e-01	8.5698378086e-01
6.2526713657e+02	9.6041190624e-01	8.5739713907e-01
6.2568684601e+02	9.6074646711e-01	8.5837256908e-01
6.2610655545e+02	9.6107667685e-01	8.5938674212e-01
6.2652626489e+02	9.6140259504e-01	8.5995268822e-01
6.2694597433e+02	9.6172428131e-01	8.6041277647e-01
6.2736568377e+02	9.6204191446e-01	8.6133748293e-01
6.2778539322e+02	9.6235543489e-01	8.6123090982e-01
6.2820510266e+02	9.6266496181e-01	8.6253249645e-01
6.2862481210e+02	9.6297061443e-01	8.6328470707e-01
6.2904452154e+02	9.6327239275e-01	8.6385905743e-01
6.2946423098e+02	9.6357041597e-01	8.6478799582e-01
6.2988394042e+02	9.6386468410e-01	8.6514127254e-01
6.3030364986e+02	9.6415525675e-01	8.6620444059e-01
6.3072335930e+02	9.6444231272e-01	8.6678612232e-01
6.3114306875e+02	9.6472579241e-01	8.6816549301e-01
6.3156277819e+02	9.6500575542e-01	8.6955177784e-01
6.3198248763e+02	9.6528238058e-01	8.6960679293e-01
6.3240219707e+02	9.6555560827e-01	8.7108057737e-01
6.3282190651e+02	9.6582549810e-01	8.7205940485e-01
6.3324161595e+02	9.6609216928e-01	8.7304723263e-01
6.3366132539e+02	9.6635562181e-01	8.7405061722e-01
6.3408103483e+02	9.6661591530e-01	8.7418228388e-01
6.3450074428e+02	9.6687310934e-01	8.7586963177e-01
6.3492045372e+02	9.6712726355e-01	8.7774455547e-01
6.3534016316e+02	9.6737843752e-01	8.7762486935e-01
6.3575987260e+02	9.6762663126e-01	8.7911492586e-01
6.3617958204e+02	9.6787196398e-01	8.8021934032e-01
6.3659929148e+02	9.6811437607e-01	8.8120239973e-01
6.3701900092e+02	9.6835404634e-01	8.8210326433e-01
6.3743871036e+02	9.6859085560e-01	8.8360625505e-01
6.3785841980e+02	9.6882498264e-01	8.8388103247e-01
6.3827812925e+02	9.6905648708e-01	8.8584899902e-01
6.3869783869e+02	9.6928524971e-01	8.8652163744e-01
6.3911754813e+02	9.6951144934e-01	8.8727128506e-01
6.3953725757e+02	9.6973508596e-01	8.8870525360e-01
6.3995696701e+02	9.6995621920e-01	8.8912808895e-01
6.4037667645e+02	9.7017484903e-01	8.9021319151e-01
6.4079638589e+02	9.7039103508e-01	8.9173376560e-01
6.4121609533e+02	9.7060483694e-01	8.9243209362e-01
6.4163580478e+02	9.7081625462e-01	8.9287036657e-01
6.4205551422e+02	9.7102528811e-01	8.9382487535e-01
6.4247522366e+02	9.7123205662e-01	8.9489072561e-01
6.4289493310e+02	9.7143656015e-01	8.9572852850e-01
6.4331464254e+02	9.7163885832e-01	8.9592838287e-01
6.4373435198e+02	9.7183889151e-01	8.9683443308e-01
6.4415406142e+02	9.7203677893e-01	8.9735639095e-01
6.4457377086e+02	9.7223252058e-01	8.9821493626e-01
6.4499348031e+02	9.7242617607e-01	8.9910352230e-01
6.4541318975e+02	9.7261774540e-01	8.9982193708e-01
6.4583289919e+02	9.7280728817e-01	9.0006041527e-01
6.4625260863e+02	9.7299480438e-01	9.0046811104e-01
6.4667231807e+02	9.7318035364e-01	9.0222525597e-01
6.4709202751e+02	9.7336393595e-01	9.0218508244e-01
6.4751173695e+02	9.7354555130e-01	9.0245449543e-01
6.4793144639e+02	9.7372525930e-01	9.0309703350e-01
6.4835115583e+02	9.7390311956e-01	9.0361696482e-01
6.4877086528e+02	9.7407913208e-01	9.0480363369e-01
6.4919057472e+02	9.7425335646e-01	9.0486395359e-01
6.4961028416e+02	9.7442573309e-01	9.0592211485e-01
6.5002999360e+02	9.7459632158e-01	9.0592408180e-01
6.5044970304e+02	9.7476524115e-01	9.0714830160e-01
6.5086941248e+02	9.7493237257e-01	9.0717035532e-01
6.5128912192e+02	9.7509783506e-01	9.0799152851e-01
6.5170883136e+02	9.7526156902e-01	9.0909630060e-01
6.5212854081e+02	9.7542369366e-01	9.1026538610e-01
6.5254825025e+02	9.7558414936e-01	9.1041535139e-01
6.5296795969e+02	9.7574305534e-01	9.1100430489e-01
6.5338766913e+02	9.7590035200e-01	9.1149014235e-01
6.5380737857e+02	9.7605603933e-01	9.1215282679e-01
6.5422708801e+02	9.7621023655e-01	9.1259509325e-01
6.5464679745e+02	9.7636288404e-01	9.1293936968e-01
6.5506650689e+02	9.7651404142e-01	9.1404819489e-01
6.5548621634e+02	9.7666370869e-01	9.1468787193e-01
6.5590592578e+02	9.7681194544e-01	9.1487354040e-01
6.5632563522e+02	9.7695869207e-01	9.1616457701e-01
6.5674534466e+02	9.7710400820e-01	9.1667675972e-01
6.5716505410e+02	9.7724795341e-01	9.1719871759e-01
6.5758476354e+02	9.7739046812e-01	9.1784101725e-01
6.5800447298e+02	9.7753167152e-01	9.1931402683e-01
6.5842418242e+02	9.7767150402e-01	9.1958874464e-01
6.5884389186e+02	9.7780996561e-01	9.2014515400e-01
6.5926360131e+02	9.7794711590e-01	9.2042964697e-01
6.5968331075e+02	9.7808301449e-01	9.2131549120e-01
6.6010302019e+02	9.7821760178e-01	9.2217242718e-01
6.6052272963e+02	9.7835087776e-01	9.2246741056e-01
6.6094243907e+02	9.7848296165e-01	9.2272740602e-01
6.6136214851e+02	9.7861379385e-01	9.2368561029e-01
6.6178185795e+02	9.7874337435e-01	9.2441290617e-01
6.6220156739e+02	9.7887182236e-01	9.2471319437e-01
6.6262127684e+02	9.7899901867e-01	9.2549639940e-01
6.6304098628e+02	9.7912508249e-01	9.2590522766e-01
6.6346069572e+02	9.7924995422e-01	9.2648589611e-01
6.6388040516e+02	9.7937369347e-01	9.2705392838e-01
6.6430011460e+02	9.7949630022e-01	9.2763942480e-01
6.6471982404e+02	9.7961777449e-01	9.2822426558e-01
6.6513953348e+02	9.7973817587e-01	9.2913901806e-01
6.6555924292e+02	9.7985744476e-01	9.2930227518e-01
6.6597895237e+02	9.7997570038e-01	9.3036955595e-01
6.6639866181e+02	9.8009282351e-01	9.3054711819e-01
6.6681837125e+02	9.8020893335e-01	9.3242818117e-01
6.6723808069e+02	9.8032402992e-01	9.3163239956e-01
6.6765779013e+02	9.8043805361e-01	9.3221110106e-01
6.6807749957e+02	9.8055112362e-01	9.3285781145e-01
6.6849720901e+02	9.8066312075e-01	9.3384218216e-01
6.6891691845e+02	9.8077416420e-01	9.3455690145e-01
6.6933662789e+02	9.8088425398e-01	9.3543744087e-01
6.6975633734e+02	9.8099333048e-01	9.3568587303e-01
6.7017604678e+02	9.8110151291e-01	9.3622857332e-01
6.7059575622e+02	9.8120868206e-01	9.3697625399e-01
6.7101546566e+02	9.8131495714e-01	9.3725287914e-01
6.7143517510e+02	9.8142033815e-01	9.3792480230e-01
6.7185488454e+02	9.8152476549e-01	9.3835765123e-01
6.7227459398e+02	9.8162829876e-01	9.3895697594e-01
6.7269430342e+02	9.8173099756e-01	9.3961095810e-01
6.7311401287e+02	9.8183274269e-01	9.4032073021e-01
6.7353372231e+02	9.8193365335e-01	9.4047653675e-01
6.7395343175e+02	9.8203372955e-01	9.4067198038e-01
6.7437314119e+02	9.8213297129e-01	9.4191414118e-01
6.7479285063e+02	9.8223131895e-01	9.4233685732e-01
6.7521256007e+02	9.8232883215e-01	9.4314354658e-01
6.7563226951e+02	9.8242557049e-01	9.4366532564e-01
6.7605197895e+02	9.8252147436e-01	9.4386452436e-01
6.7647168840e+02	9.8261660337e-01	9.4391822815e-01
6.7689139784e+02	9.8271089792e-01	9.4511425495e-01
6.7731110728e+02	9.8280447721e-01	9.4513338804e-01
6.7773081672e+02	9.8289722204e-01	9.4565856457e-01
6.7815052616e+02	9.8298919201e-01	9.4637870789e-01
6.7857023560e+02	9.8308044672e-01	9.4646197557e-01
6.7898994504e+02	9.8317092657e-01	9.4675987959e-01
6.7940965448e+02	9.8326069117e-01	9.4743633270e-01
6.7982936392e+02	9.8334968090e-01	9.4755309820e-01
6.8024907337e+02	9.8343801498e-01	9.4815278053e-01
6.8066878281e+02	9.8352557421e-01	9.4833594561e-01
6.8108849225e+02	9.8361247778e-01	9.4879370928e-01
6.8150820169e+02	9.8369860649e-01	9.4917893410e-01
6.8192791113e+02	9.8378407955e-01	9.4964927435e-01
6.8234762057e+02	9.8386889696e-01	9.4988101721e-01
6.8276733001e+02	9.8395299911e-01	9.5016419888e-01
6.8318703945e+02	9.8403644562e-01	9.5078837872e-01
6.8360674890e+02	9.8411923647e-01	9.5102488995e-01
6.8402645834e+02	9.8420137167e-01	9.5117259026e-01
6.8444616778e+02	9.8428285122e-01	9.5182394981e-01
6.8486587722e+02	9.8436367512e-01	9.5181638002e-01
6.8528558666e+02	9.8444384336e-01	9.5228326321e-01
6.8570529610e+02	9.8452341557e-01	9.5247596502e-01
6.8612500554e+02	9.8460239172e-01	9.5271086693e-01
6.8654471498e+02	9.8468071222e-01	9.5348495245e-01
6.8696442443e+02	9.8475843668e-01	9.5356285572e-01
6.8738413387e+02	9.8483556509e-01	9.5422172546e-01
6.8780384331e+02	9.8491209745e-01	9.5393729210e-01
6.8822355275e+02	9.8498803377e-01	9.5470273495e-01
6.8864326219e+02	9.8506337404e-01	9.5465338230e-01
6.8906297163e+02	9.8513817787e-01	9.5527100563e-01
6.8948268107e+02	9.8521238565e-01	9.5561921597e-01
6.8990239051e+02	9.8528599739e-01	9.5585602522e-01
6.9032209995e+02	9.8535907269e-01	9.5600813627e-01
6.9074180940e+02	9.8543161154e-01	9.5636487007e-01
6.9116151884e+02	9.8550355434e-01	9.5672130585e-01
6.9158122828e+02	9.8557502031e-01	9.5704180002e-01
6.9200093772e+02	9.8564589024e-01	9.5716333389e-01
6.9242064716e+02	9.8571628332e-01	9.5725911856e-01
6.9284035660e+02	9.8578613997e-01	9.5791178942e-01
6.9326006604e+02	9.8585540056e-01	9.5777642727e-01
6.9367977548e+02	9.8592424393e-01	9.5825046301e-01
6.9409948493e+02	9.8599249125e-01	9.5870506763e-01
6.9451919437e+02	9.8606032133e-01	9.5876652002e-01
6.9493890381e+02	9.8612755537e-01	9.5903432369e-01
6.9535861325e+02	9.8619437218e-01	9.5914113522e-01
6.9577832269e+02	9.8626065254e-01	9.5944809914e-01
6.9619803213e+02	9.8632645607e-01	9.5984470844e-01
6.9661774157e+02	9.8639178276e-01	9.6000236273e-01
6.9703745101e+02	9.8645663261e-01	9.6026444435e-01
6.9745716046e+02	9.8652106524e-01	9.6054649353e-01
6.9787686990e+02	9.8658496141e-01	9.6063017845e-01
6.9829657934e+02	9.8664838076e-01	9.6104621887e-01
6.9871628878e+02	9.8671138287e-01	9.6135312319e-01
6.9913599822e+02	9.8677396774e-01	9.6137672663e-01
6.9955570766e+02	9.8683601618e-01	9.6151447296e-01
6.9997541710e+02	9.8689770699e-01	9.6174687147e-01
7.0039512654e+02	9.8695892096e-01	9.6179604530e-01
7.0081483598e+02	9.8701965809e-01	9.6171742678e-01
7.0123454543e+02	9.8707997799e-01	9.6229350567e-01
7.0165425487e+02	9.8713994026e-01	9.6223193407e-01
7.0207396431e+02	9.8719942570e-01	9.6258842945e-01
7.0249367375e+02	9.8725849390e-01	9.6293830872e-01
7.0291338319e+02	9.8731714487e-01	9.6282070875e-01
7.0333309263e+02	9.8737537861e-01	9.6319812536e-01
7.0375280207e+02	9.8743319511e-01	9.6300208569e-01
7.0417251151e+02	9.8749065399e-01	9.6341186762e-01
7.0459222096e+02	9.8754769564e-01	9.6347558498e-01
7.0501193040e+02	9.8760432005e-01	9.6384620667e-01
7.0543163984e+02	9.8766052723e-01	9.6413642168e-01
7.0585134928e+02	9.8771637678e-01	9.6375209093e-01
7.0627105872e+02	9.8777186871e-01	9.6423155069e-01
7.0669076816e+02	9.8782694340e-01	9.6422767639e-01
7.0711047760e+02	9.8788166046e-01	9.6412014961e-01
7.0753018704e+02	9.8793601990e-01	9.6454298496e-01
7.0794989649e+02	9.8798996210e-01	9.6460276842e-01
7.0836960593e+02	9.8804354668e-01	9.6486127377e-01
7.0878931537e+02	9.8809677362e-01	9.6487289667e-01
7.0920902481e+02	9.8814964294e-01	9.6496391296e-01
7.0962873425e+02	9.8820215464e-01	9.6502965689e-01
7.1004844369e+02	9.8825430870e-01	9.6518230438e-01
7.1046815313e+02	9.8830610514e-01	9.6507292986e-01
7.1088786257e+02	9.8835760355e-01	9.6526104212e-01
7.1130757201e+02	9.8840868473e-01	9.6536767483e-01
7.1172728146e+02	9.8845946789e-01	9.6564406157e-01
7.1214699090e+02	9.8850989342e-01	9.6550536156e-01
7.1256670034e+02	9.8856002092e-01	9.6597141027e-01
7.1298640978e+02	9.8860973120e-01	9.6594560146e-01
7.1340611922e+02	9.8865920305e-01	9.6582698822e-01
7.1382582866e+02	9.8870831728e-01	9.6615034342e-01
7.1424553810e+02	9.8875707388e-01	9.6600979567e-01
7.1466524754e+02	9.8880553246e-01	9.6604996920e-01
7.1508495699e+02	9.8885369301e-01	9.6619474888e-01
7.1550466643e+02	9.8890149593e-01	9.6611887217e-01
7.1592437587e+02	9.8894906044e-01	9.6639209986e-01
7.1634408531e+02	9.8899626732e-01	9.6609491110e-01
7.1676379475e+02	9.8904317617e-01	9.6649432182e-01
7.1718350419e+02	9.8908972740e-01	9.6639865637e-01
7.1760321363e+02	9.8913604021e-01	9.6635258198e-01
7.1802292307e+02	9.8918205500e-01	9.6609902382e-01
7.1844263252e+02	9.8922771215e-01	9.6656513214e-01
7.1886234196e+02	9.8927313089e-01	9.6655386686e-01
7.1928205140e+02	9.8931825161e-01	9.6685343981e-01
7.1970176084e+02	9.8936307430e-01	9.6674644947e-01
7.2012147028e+02	9.8940759897e-01	9.6649438143e-01
7.2054117972e+02	9.8945188522e-01	9.6660798788e-01
7.2096088916e+02	9.8949587345e-01	9.6691638231e-01
7.2138059860e+02	9.8953956366e-01	9.6656256914e-01
7.2180030804e+02	9.8958295584e-01	9.6652734280e-01
7.2222001749e+02	9.8962610960e-01	9.6670037508e-01
7.2263972693e+02	9.8966896534e-01	9.6657872200e-01
7.2305943637e+02	9.8971158266e-01	9.6657913923e-01
7.2347914581e+02	9.8975390196e-01	9.6687716246e-01
7.2389885525e+02	9.8979598284e-01	9.6683883667e-01
7.2431856469e+02	9.8983782530e-01	9.6666884422e-01
7.2473827413e+02	9.8987936974e-01	9.6673345566e-01
7.2515798357e+02	9.8992067575e-01	9.6670371294e-01
7.2557769302e+02	9.8996168375e-01	9.6663576365e-01
7.2599740246e+02	9.9000245333e-01	9.6671938896e-01
7.2641711190e+02	9.9004298449e-01	9.6645766497e-01
7.2683682134e+02	9.9008327723e-01	9.6683806181e-01
7.2725653078e+02	9.9012327194e-01	9.6665799618e-01
7.2767624022e+02	9.9016308784e-01	9.6655017138e-01
7.2809594966e+02	9.9020260572e-01	9.6644341946e-01
7.2851565910e+02	9.9024194479e-01	9.6617150307e-01
7.2893536855e+02	9.9028098583e-01	9.6632415056e-01
7.2935507799e+02	9.9031978846e-01	9.6624684334e-01
7.2977478743e+02	9.9035841227e-01	9.6643316746e-01
7.3019449687e+02	9.9039673805e-01	9.6621167660e-01
7.3061420631e+02	9.9043488503e-01	9.6622043848e-01
7.3103391575e+02	9.9047273397e-01	9.6617537737e-01
7.3145362519e+02	9.9051040411e-01	9.6614420414e-01
7.3187333463e+02	9.9054783583e-01	9.6623736620e-01
7.3229304407e+02	9.9058508873e-01	9.6636700630e-01
7.3271275352e+02	9.9062204361e-01	9.6557140350e-01
7.3313246296e+02	9.9065881968e-01	9.6546393633e-01
7.3355217240e+02	9.9069535732e-01	9.6571809053e-01
7.3397188184e+02	9.9073171616e-01	9.6538949013e-01
7.3439159128e+02	9.9076783657e-01	9.6550470591e-01
7.3481130072e+02	9.9080371857e-01	9.6495705843e-01
7.3523101016e+02	9.9083942175e-01	9.6520352364e-01
7.3565071960e+02	9.9087488651e-01	9.6513301134e-01
7.3607042905e+02	9.9091017246e-01	9.6471112967e-01
7.3649013849e+02	9.9094521999e-01	9.6496337652e-01
7.3690984793e+02	9.9098008871e-01	9.6505516768e-01
7.3732955737e+02	9.9101471901e-01	9.6492820978e-01
7.3774926681e+02	9.9104923010e-01	9.6477669477e-01
7.3816897625e+02	9.9108344316e-01	9.6463769674e-01
7.3858868569e+02	9.9111747742e-01	9.6452867985e-01
7.3900839513e+02	9.9115133286e-01	9.6427321434e-01
7.3942810458e+02	9.9118500948e-01	9.6441644430e-01
7.3984781402e+02	9.9121850729e-01	9.6436923742e-01
7.4026752346e+02	9.9125176668e-01	9.6444135904e-01
7.4068723290e+02	9.9128484726e-01	9.6418988705e-01
7.4110694234e+02	9.9131774902e-01	9.6410542727e-01
7.4152665178e+02	9.9135041237e-01	9.6376568079e-01
7.4194636122e+02	9.9138295650e-01	9.6380823851e-01
7.4236607066e+02	9.9141526222e-01	9.6375572681e-01
7.4278578010e+02	9.9144744873e-01	9.6336007118e-01
7.4320548955e+02	9.9147939682e-01	9.6364623308e-01
7.4362519899e+02	9.9151116610e-01	9.6332132816e-01
7.4404490843e+02	9.9154275656e-01	9.6319490671e-01
7.4446461787e+02	9.9157416821e-01	9.6309006214e-01
7.4488432731e+02	9.9160546064e-01	9.6304798126e-01
7.4530403675e+02	9.9163651466e-01	9.6300250292e-01
7.4572374619e+02	9.9166738987e-01	9.6275275946e-01
7.4614345563e+02	9.9169814587e-01	9.6256482601e-01
7.4656316508e+02	9.9172866344e-01	9.6258914471e-01
7.4698287452e+02	9.9175906181e-01	9.6234053373e-01
7.4740258396e+02	9.9178928137e-01	9.6209883690e-01
7.4782229340e+02	9.9181932211e-01	9.6214318275e-01
7.4824200284e+02	9.9184918404e-01	9.6213173866e-01
7.4866171228e+02	9.9187886715e-01	9.6176910400e-01
7.4908142172e+02	9.9190843105e-01	9.6166253090e-01
7.4950113116e+02	9.9193781614e-01	9.6160483360e-01
7.4992084061e+02	9.9196702242e-01	9.6130788326e-01
7.5034055005e+02	9.9199610949e-01	9.6118062735e-01
7.5076025949e+02	9.9202501774e-01	9.6097564697e-01
7.5117996893e+02	9.9205374718e-01	9.6085739136e-01
7.5159967837e+02	9.9208235741e-01	9.6067935228e-01
7.5201938781e+02	9.9211072922e-01	9.6068727970e-01
7.5243909725e+02	9.9213904142e-01	9.6066123247e-01
7.5285880669e+02	9.9216717482e-01	9.6023863554e-01
7.5327851613e+02	9.9219512939e-01	9.6016043425e-01
7.5369822558e+02	9.9222296476e-01	9.6029245853e-01
7.5411793502e+02	9.9225062132e-01	9.5989799500e-01
7.5453764446e+02	9.9227809906e-01	9.5989525318e-01
7.5495735390e+02	9.9230545759e-01	9.5963412523e-01
7.5537706334e+02	9.9233269691e-01	9.5926946402e-01
7.5579677278e+02	9.9235975742e-01	9.5909124613e-01
7.5621648222e+02	9.9238669872e-01	9.5902258158e-01
7.5663619166e+02	9.9241352081e-01	9.5874756575e-01
7.5705590111e+02	9.9244016409e-01	9.5831930637e-01
7.5747561055e+02	9.9246662855e-01	9.5850634575e-01
7.5789531999e+02	9.9249303341e-01	9.5829766989e-01
7.5831502943e+02	9.9251919985e-01	9.5812088251e-01
7.5873473887e+02	9.9254530668e-01	9.5787459612e-01
7.5915444831e+02	9.9257123470e-01	9.5762538910e-01
7.5957415775e+02	9.9259704351e-01	9.5761752129e-01
7.5999386719e+02	9.9262273312e-01	9.5736706257e-01
7.6041357664e+02	9.9264824390e-01	9.5716530085e-01
7.6083328608e+02	9.9267369509e-01	9.5704710484e-01
7.6125299552e+02	9.9269890785e-01	9.5673602819e-01
7.6167270496e+02	9.9272406101e-01	9.5670539141e-01
7.6209241440e+02	9.9274909496e-01	9.5637947321e-01
7.6251212384e+02	9.9277395010e-01	9.5624274015e-01
7.6293183328e+02	9.9279868603e-01	9.5604288578e-01
7.6335154272e+02	9.9282330275e-01	9.5577394962e-01
7.6377125216e+02	9.9284780025e-01	9.5552670956e-01
7.6419096161e+02	9.9287217855e-01	9.5537793636e-01
7.6461067105e+02	9.9289643764e-01	9.5493149757e-01
7.6503038049e+02	9.9292051792e-01	9.5477288961e-01
7.6545008993e+02	9.9294453859e-01	9.5454216003e-01
7.6586979937e+02	9.9296838045e-01	9.5456677675e-01
7.6628950881e+02	9.9299210310e-01	9.5416635275e-01
7.6670921825e+02	9.9301576614e-01	9.5425355434e-01
7.6712892769e+02	9.9303925037e-01	9.5383483171e-01
7.6754863714e+02	9.9306261539e-01	9.5397049189e-01
7.6796834658e+02	9.9308586121e-01	9.5329856873e-01
7.6838805602e+02	9.9310904741e-01	9.5339661837e-01
7.6880776546e+02	9.9313205481e-01	9.5325219631e-01
7.6922747490e+02	9.9315494299e-01	9.5270019770e-01
7.6964718434e+02	9.9317777157e-01	9.5259881020e-01
7.7006689378e+02	9.9320042133e-01	9.5257169008e-01
7.7048660322e+02	9.9322301149e-01	9.5204496384e-01
7.7090631267e+02	9.9324548244e-01	9.5169669390e-01
7.7132602211e+02	9.9326777458e-01	9.5148319006e-01
7.7174573155e+02	9.9329000711e-01	9.5120364428e-01
7.7216544099e+02	9.9331212044e-01	9.5096975565e-01
7.7258515043e+02	9.9333411455e-01	9.5083236694e-01
7.7300485987e+02	9.9335604906e-01	9.5052045584e-01
7.7342456931e+02	9.9337780476e-01	9.5036095381e-01
7.7384427875e+02	9.9339950085e-01	9.5020753145e-01
7.7426398819e+02	9.9342107773e-01	9.4977045059e-01
7.7468369764e+02	9.9344253540e-01	9.4994872808e-01
7.7510340708e+02	9.9346387386e-01	9.4964420795e-01
7.7552311652e+02	9.9348515272e-01	9.4926410913e-01
7.7594282596e+02	9.9350631237e-01	9.4903898239e-01
7.7636253540e+02	9.9352735281e-01	9.4901365042e-01
7.7678224484e+02	9.9354827404e-01	9.4817256927e-01
7.7720195428e+02	9.9356913567e-01	9.4828826189e-01
7.7762166372e+02	9.9358987808e-01	9.4771772623e-01
7.7804137317e+02	9.9361050129e-01	9.4756585360e-01
7.7846108261e+02	9.9363100529e-01	9.4746983051e-01
7.7888079205e+02	9.9365144968e-01	9.4707435369e-01
7.7930050149e+02	9.9367177486e-01	9.4684112072e-01
7.7972021093e+02	9.9369204044e-01	9.4660389423e-01
7.8013992037e+02	9.9371218681e-01	9.4636321068e-01
7.8055962981e+02	9.9373221397e-01	9.4597846270e-01
7.8097933925e+02	9.9375218153e-01	9.4587606192e-01
7.8139904870e+02	9.9377202988e-01	9.4538021088e-01
7.8181875814e+02	9.9379175901e-01	9.4523680210e-01
7.8223846758e+02	9.9381142855e-01	9.4507342577e-01
7.8265817702e+02	9.9383097887e-01	9.4501614571e-01
7.8307788646e+02	9.9385046959e-01	9.4441175461e-01
7.8349759590e+02	9.9386984110e-01	9.4387733936e-01
7.8391730534e+02	9.9388909340e-01	9.4362336397e-01
7.8433701478e+02	9.9390828609e-01	9.4346195459e-01
7.8475672422e+02	9.9392741919e-01	9.4292175770e-01
7.8517643367e+02	9.9394643307e-01	9.4294071198e-01
7.8559614311e+02	9.9396532774e-01	9.4219076633e-01
7.8601585255e+02	9.9398416281e-01	9.4201439619e-01
7.8643556199e+02	9.9400293827e-01	9.4142603874e-01
7.8685527143e+02	9.9402159452e-01	9.4090062380e-01
7.8727498087e+02	9.9404013157e-01	9.4075804949e-01
7.8769469031e+02	9.9405860901e-01	9.4026058912e-01
7.8811439975e+02	9.9407702684e-01	9.3959105015e-01
7.8853410920e+02	9.9409532547e-01	9.3955516815e-01
7.8895381864e+02	9.9411356449e-01	9.3923419714e-01
7.8937352808e+02	9.9413168430e-01	9.3880790472e-01
7.8979323752e+02	9.9414974451e-01	9.3816435337e-01
7.9021294696e+02	9.9416768551e-01	9.3784195185e-01
7.9063265640e+02	9.9418556690e-01	9.3777483702e-01
7.9105236584e+02	9.9420338869e-01	9.3760722876e-01
7.9147207528e+02	9.9422109127e-01	9.3699574471e-01
7.9189178473e+02	9.9423873425e-01	9.3640017509e-01
7.9231149417e+02	9.9425625801e-01	9.3651044369e-01
7.9273120361e+02	9.9427378178e-01	9.3642371893e-01
7.9315091305e+02	9.9429112673e-01	9.3555885553e-01
7.9357062249e+02	9.9430847168e-01	9.3558681011e-01
7.9399033193e+02	9.9432569742e-01	9.3520045280e-01
7.9441004137e+02	9.9434286356e-01	9.3490189314e-01
7.9482975081e+02	9.9435991049e-01	9.3392479420e-01
7.9524946025e+02	9.9437695742e-01	9.3335974216e-01
7.9566916970e+02	9.9439382553e-01	9.3336671591e-01
7.9608887914e+02	9.9441069365e-01	9.3274015188e-01
7.9650858858e+02	9.9442744255e-01	9.3253433704e-01
7.9692829802e+02	9.9444413185e-01	9.3181765079e-01
7.9734800746e+02	9.9446076155e-01	9.3184369802e-01
7.9776771690e+02	9.9447733164e-01	9.3106985092e-01
7.9818742634e+02	9.9449378252e-01	9.3030464649e-01
7.9860713578e+02	9.9451017380e-01	9.3015342951e-01
7.9902684523e+02	9.9452650547e-01	9.2995518446e-01
7.9944655467e+02	9.9454271793e-01	9.2937904596e-01
