wavelength_nm	ideal_target_transmittance	cvae_target_transmittance	tandem_response_transmittance
3.7973711347e+02	9.1445785761e-01	7.5005149841e-01	9.4593060017e-01
3.8015682291e+02	9.1336768866e-01	7.5159198046e-01	9.4550371170e-01
3.8057653235e+02	9.1225612164e-01	7.5284844637e-01	9.4455116987e-01
3.8099624179e+02	9.1112256050e-01	7.5468271971e-01	9.4274210930e-01
3.8141595123e+02	9.0996640921e-01	7.5656169653e-01	9.4053119421e-01
3.8183566067e+02	9.0878713131e-01	7.5858134031e-01	9.3741250038e-01
3.8225537011e+02	9.0758401155e-01	7.6100254059e-01	9.3509829044e-01
3.8267507956e+02	9.0635645390e-01	7.6309800148e-01	9.3212783337e-01
3.8309478900e+02	9.0510380268e-01	7.6576608419e-01	9.2875415087e-01
3.8351449844e+02	9.0382534266e-01	7.6813620329e-01	9.2524600029e-01
3.8393420788e+02	9.0252041817e-01	7.7046042681e-01	9.2107480764e-01
3.8435391732e+02	9.0118825436e-01	7.7266496420e-01	9.1721689701e-01
3.8477362676e+02	8.9982807636e-01	7.7550959587e-01	9.1320818663e-01
3.8519333620e+02	8.9843910933e-01	7.7783644199e-01	9.0977817774e-01
3.8561304564e+02	8.9702057838e-01	7.8048896790e-01	9.0497022867e-01
3.8603275508e+02	8.9557164907e-01	7.8308087587e-01	8.9953333139e-01
3.8645246453e+02	8.9409136772e-01	7.8524577618e-01	8.9539575577e-01
3.8687217397e+02	8.9257889986e-01	7.8778487444e-01	8.9060711861e-01
3.8729188341e+02	8.9103335142e-01	7.8960657120e-01	8.8604539633e-01
3.8771159285e+02	8.8945364952e-01	7.9268187284e-01	8.8017809391e-01
3.8813130229e+02	8.8783890009e-01	7.9616004229e-01	8.7643486261e-01
3.8855101173e+02	8.8618803024e-01	7.9694414139e-01	8.7029546499e-01
3.8897072117e+02	8.8449990749e-01	7.9972243309e-01	8.6506116390e-01
3.8939043061e+02	8.8277351856e-01	8.0272430182e-01	8.5963809490e-01
3.8981014006e+02	8.8100767136e-01	8.0284488201e-01	8.5362690687e-01
3.9022984950e+02	8.7920117378e-01	8.0579954386e-01	8.4772801399e-01
3.9064955894e+02	8.7735283375e-01	8.0878973007e-01	8.4217888117e-01
3.9106926838e+02	8.7546128035e-01	8.1074953079e-01	8.3566308022e-01
3.9148897782e+02	8.7352526188e-01	8.1266433001e-01	8.2968413830e-01
3.9190868726e+02	8.7154334784e-01	8.1422787905e-01	8.2261365652e-01
3.9232839670e+02	8.6951416731e-01	8.1633448601e-01	8.1752192974e-01
3.9274810614e+02	8.6743617058e-01	8.1842672825e-01	8.1015300751e-01
3.9316781559e+02	8.6530786753e-01	8.2077461481e-01	8.0248004198e-01
3.9358752503e+02	8.6312764883e-01	8.2262742519e-01	7.9556053877e-01
3.9400723447e+02	8.6089390516e-01	8.2356691360e-01	7.8863716125e-01
3.9442694391e+02	8.5860484838e-01	8.2530915737e-01	7.8162467480e-01
3.9484665335e+02	8.5625869036e-01	8.2608717680e-01	7.7360725403e-01
3.9526636279e+02	8.5385364294e-01	8.2649022341e-01	7.6513403654e-01
3.9568607223e+02	8.5138767958e-01	8.2819032669e-01	7.5884771347e-01
3.9610578167e+02	8.4885889292e-01	8.2923650742e-01	7.5247728825e-01
3.9652549111e+02	8.4626519680e-01	8.2987099886e-01	7.4661219120e-01
3.9694520056e+02	8.4360438585e-01	8.3000528812e-01	7.3798161745e-01
3.9736491000e+02	8.4087425470e-01	8.3047598600e-01	7.3103553057e-01
3.9778461944e+02	8.3807241917e-01	8.2996720076e-01	7.2398167849e-01
3.9820432888e+02	8.3519655466e-01	8.2949101925e-01	7.1773362160e-01
3.9862403832e+02	8.3224403858e-01	8.2761323452e-01	7.0891439915e-01
3.9904374776e+02	8.2921230793e-01	8.2715189457e-01	7.0030230284e-01
3.9946345720e+02	8.2609862089e-01	8.2467538118e-01	6.9328176975e-01
3.9988316664e+02	8.2290023565e-01	8.2416439056e-01	6.8597823381e-01
4.0030287609e+02	8.1961411238e-01	8.2224649191e-01	6.7858886719e-01
4.0072258553e+02	8.1623721123e-01	8.1950765848e-01	6.7224013805e-01
4.0114229497e+02	8.1276637316e-01	8.1768816710e-01	6.6361051798e-01
4.0156200441e+02	8.0919831991e-01	8.1370753050e-01	6.5717887878e-01
4.0198171385e+02	8.0552953482e-01	8.1080484390e-01	6.4947009087e-01
4.0240142329e+02	8.0175656080e-01	8.0615568161e-01	6.4013159275e-01
4.0282113273e+02	7.9787564278e-01	8.0108761787e-01	6.3643646240e-01
4.0324084217e+02	7.9388296604e-01	7.9600423574e-01	6.2676340342e-01
4.0366055162e+02	7.8977441788e-01	7.8993326426e-01	6.2108010054e-01
4.0408026106e+02	7.8554594517e-01	7.8306877613e-01	6.1299771070e-01
4.0449997050e+02	7.8119319677e-01	7.7667236328e-01	6.0507470369e-01
4.0491967994e+02	7.7671164274e-01	7.6803642511e-01	5.9512472153e-01
4.0533938938e+02	7.7209663391e-01	7.6262432337e-01	5.9184122086e-01
4.0575909882e+02	7.6734340191e-01	7.5470399857e-01	5.8159399033e-01
4.0617880826e+02	7.6244688034e-01	7.4756860733e-01	5.7210671902e-01
4.0659851770e+02	7.5740182400e-01	7.3888188601e-01	5.6396371126e-01
4.0701822714e+02	7.5220286846e-01	7.2634875774e-01	5.5686998367e-01
4.0743793659e+02	7.4684447050e-01	7.1243643761e-01	5.4668444395e-01
4.0785764603e+02	7.4132078886e-01	7.0298880339e-01	5.3981363773e-01
4.0827735547e+02	7.3562580347e-01	6.8984586000e-01	5.3095865250e-01
4.0869706491e+02	7.2975337505e-01	6.7646658421e-01	5.2381700277e-01
4.0911677435e+02	7.2369700670e-01	6.6347062588e-01	5.1623213291e-01
4.0953648379e+02	7.1745020151e-01	6.5006917715e-01	5.0818312168e-01
4.0995619323e+02	7.1100610495e-01	6.3490962982e-01	5.0114727020e-01
4.1037590267e+02	7.0435768366e-01	6.2053865194e-01	4.9304184318e-01
4.1079561212e+02	6.9749772549e-01	6.0567450523e-01	4.8523372412e-01
4.1121532156e+02	6.9041877985e-01	5.9070670605e-01	4.7745904326e-01
4.1163503100e+02	6.8311327696e-01	5.7617908716e-01	4.6978273988e-01
4.1205474044e+02	6.7557346821e-01	5.6089586020e-01	4.6067333221e-01
4.1247444988e+02	6.6779136658e-01	5.4566395283e-01	4.5423501730e-01
4.1289415932e+02	6.5975886583e-01	5.2977019548e-01	4.4585260749e-01
4.1331386876e+02	6.5146785975e-01	5.1545423269e-01	4.3790763617e-01
4.1373357820e+02	6.4290988445e-01	4.9854618311e-01	4.2898431420e-01
4.1415328765e+02	6.3407665491e-01	4.8243817687e-01	4.2158910632e-01
4.1457299709e+02	6.2495976686e-01	4.6544918418e-01	4.1173481941e-01
4.1499270653e+02	6.1555075645e-01	4.5403134823e-01	4.0532046556e-01
4.1541241597e+02	6.0584127903e-01	4.3823844194e-01	3.9611706138e-01
4.1583212541e+02	5.9582310915e-01	4.2142727971e-01	3.8778790832e-01
4.1625183485e+02	5.8548820019e-01	4.1593050957e-01	3.7939029932e-01
4.1667154429e+02	5.7482868433e-01	3.9469689131e-01	3.7190720439e-01
4.1709125373e+02	5.6383723021e-01	3.7729996443e-01	3.6407542229e-01
4.1751096317e+02	5.5250668526e-01	3.5610282421e-01	3.5576206446e-01
4.1793067262e+02	5.4083073139e-01	3.3718341589e-01	3.4638050199e-01
4.1835038206e+02	5.2880346775e-01	3.2252550125e-01	3.3612591028e-01
4.1877009150e+02	5.1642006636e-01	3.0700349808e-01	3.2751241326e-01
4.1918980094e+02	5.0367653370e-01	2.8894782066e-01	3.1875523925e-01
4.1960951038e+02	4.9057000875e-01	2.7452954650e-01	3.0925470591e-01
4.2002921982e+02	4.7709915042e-01	2.5939348340e-01	3.0119785666e-01
4.2044892926e+02	4.6326404810e-01	2.4443547428e-01	2.9026183486e-01
4.2086863870e+02	4.4906663895e-01	2.2768566012e-01	2.7800726891e-01
4.2128834815e+02	4.3451094627e-01	2.1498531103e-01	2.6826420426e-01
4.2170805759e+02	4.1960331798e-01	2.0043259859e-01	2.5829887390e-01
4.2212776703e+02	4.0435266495e-01	1.8805994093e-01	2.4809552729e-01
4.2254747647e+02	3.8877093792e-01	1.7433947325e-01	2.3748289049e-01
4.2296718591e+02	3.7287321687e-01	1.6212365031e-01	2.2560681403e-01
4.2338689535e+02	3.5667824745e-01	1.4924587309e-01	2.1408243477e-01
4.2380660479e+02	3.4020867944e-01	1.3791373372e-01	2.0392562449e-01
4.2422631423e+02	3.2349139452e-01	1.2619984150e-01	1.9284725189e-01
4.2464602368e+02	3.0655780435e-01	1.1509934813e-01	1.8176169693e-01
4.2506573312e+02	2.8944432735e-01	1.0512910783e-01	1.6931897402e-01
4.2548544256e+02	2.7219244838e-01	9.5004215837e-02	1.5872752666e-01
4.2590515200e+02	2.5484904647e-01	8.5565045476e-02	1.4866039157e-01
4.2632486144e+02	2.3746664822e-01	7.6708652079e-02	1.3757431507e-01
4.2674457088e+02	2.2010341287e-01	6.8238146603e-02	1.2757056952e-01
4.2716428032e+02	2.0282325149e-01	6.0989774764e-02	1.1781723797e-01
4.2758398976e+02	1.8569567800e-01	5.4388757795e-02	1.0665804148e-01
4.2800369920e+02	1.6879566014e-01	4.8045601696e-02	9.7080320120e-02
4.2842340865e+02	1.5220323205e-01	4.2864318937e-02	8.8090956211e-02
4.2884311809e+02	1.3600306213e-01	3.7209816277e-02	7.9032801092e-02
4.2926282753e+02	1.2028371543e-01	3.3356782049e-02	6.9765120745e-02
4.2968253697e+02	1.0513692349e-01	3.0282950029e-02	6.2536202371e-02
4.3010224641e+02	9.0656563640e-02	2.5013295934e-02	5.6536253542e-02
4.3052195585e+02	7.6937466860e-02	2.3042587563e-02	5.2306026220e-02
4.3094166529e+02	6.4074181020e-02	2.2827193141e-02	4.9244076014e-02
4.3136137473e+02	5.2159506828e-02	2.3166447878e-02	4.7974333167e-02
4.3178108418e+02	4.1282966733e-02	2.3143704981e-02	4.6682022512e-02
4.3220079362e+02	3.1529247761e-02	2.3287331685e-02	4.7157041728e-02
4.3262050306e+02	2.2976566106e-02	2.5249857455e-02	4.8607654870e-02
4.3304021250e+02	1.5695123002e-02	2.6476254687e-02	5.1118783653e-02
4.3345992194e+02	9.7456192598e-03	2.8256120160e-02	5.4901193827e-02
4.3387963138e+02	5.1779206842e-03	3.0844828114e-02	6.0604490340e-02
4.3429934082e+02	2.0299197640e-03	3.4908466041e-02	6.6911943257e-02
4.3471905026e+02	3.2664000173e-04	3.9418715984e-02	7.4808366597e-02
4.3513875971e+02	7.9615354480e-05	4.6527929604e-02	8.4423892200e-02
4.3555846915e+02	1.2865797617e-03	5.4404664785e-02	9.5238223672e-02
4.3597817859e+02	3.9314753376e-03	6.3187956810e-02	1.0816901177e-01
4.3639788803e+02	7.9847807065e-03	7.3967240751e-02	1.2181185931e-01
4.3681759747e+02	1.3404150493e-02	8.6103752255e-02	1.3674323261e-01
4.3723730691e+02	2.0135328174e-02	9.9534645677e-02	1.5424200892e-01
4.3765701635e+02	2.8113309294e-02	1.1447519064e-01	1.7207263410e-01
4.3807672579e+02	3.7263695151e-02	1.3112677634e-01	1.9048759341e-01
4.3849643523e+02	4.7504197806e-02	1.4878289402e-01	2.1090428531e-01
4.3891614468e+02	5.8746218681e-02	1.6751714051e-01	2.2899752855e-01
4.3933585412e+02	7.0896498859e-02	1.8737314641e-01	2.4794332683e-01
4.3975556356e+02	8.3858683705e-02	2.0769470930e-01	2.6480355859e-01
4.4017527300e+02	9.7534932196e-02	2.2818407416e-01	2.8424790502e-01
4.4059498244e+02	1.1182729900e-01	2.4912337959e-01	2.9963177443e-01
4.4101469188e+02	1.2663908303e-01	2.6915174723e-01	3.1353893876e-01
4.4143440132e+02	1.4187598228e-01	2.8907123208e-01	3.2788577676e-01
4.4185411076e+02	1.5744708478e-01	3.0746221542e-01	3.4023916721e-01
4.4227382021e+02	1.7326569557e-01	3.2594582438e-01	3.4970894456e-01
4.4269352965e+02	1.8924996257e-01	3.4178292751e-01	3.5930380225e-01
4.4311323909e+02	2.0532336831e-01	3.5847246647e-01	3.6921352148e-01
4.4353294853e+02	2.2141505778e-01	3.7209090590e-01	3.7791812420e-01
4.4395265797e+02	2.3746003211e-01	3.8708999753e-01	3.8468068838e-01
4.4437236741e+02	2.5339922309e-01	3.9317536354e-01	3.8681483269e-01
4.4479207685e+02	2.6917937398e-01	4.1230332851e-01	3.9454486966e-01
4.4521178629e+02	2.8475302458e-01	4.2478013039e-01	4.0091893077e-01
4.4563149574e+02	3.0007815361e-01	4.3852064013e-01	4.0972179174e-01
4.4605120518e+02	3.1511813402e-01	4.4519859552e-01	4.1378653049e-01
4.4647091462e+02	3.2984116673e-01	4.5872616768e-01	4.2144584656e-01
4.4689062406e+02	3.4422016144e-01	4.7313734889e-01	4.3094429374e-01
4.4731033350e+02	3.5823231936e-01	4.7821444273e-01	4.4102194905e-01
4.4773004294e+02	3.7185868621e-01	4.8745709658e-01	4.5199677348e-01
4.4814975238e+02	3.8508400321e-01	4.9579280615e-01	4.5891788602e-01
4.4856946182e+02	3.9789614081e-01	5.0480526686e-01	4.7594332695e-01
4.4898917126e+02	4.1028586030e-01	5.1295018196e-01	4.8634889722e-01
4.4940888071e+02	4.2224651575e-01	5.2062743902e-01	4.9842533469e-01
4.4982859015e+02	4.3377372622e-01	5.2770525217e-01	5.1034235954e-01
4.5024829959e+02	4.4486504793e-01	5.3611981869e-01	5.1935279369e-01
4.5066800903e+02	4.5551979542e-01	5.4441857338e-01	5.2711242437e-01
4.5108771847e+02	4.6573868394e-01	5.5119001865e-01	5.3565442562e-01
4.5150742791e+02	4.7552374005e-01	5.5741369724e-01	5.4197478294e-01
4.5192713735e+02	4.8487794399e-01	5.6217294931e-01	5.4772210121e-01
4.5234684679e+02	4.9380525947e-01	5.6756305695e-01	5.5380886793e-01
4.5276655624e+02	5.0231015682e-01	5.7219511271e-01	5.5909931660e-01
4.5318626568e+02	5.1039791107e-01	5.7565903664e-01	5.6425207853e-01
4.5360597512e+02	5.1807385683e-01	5.7900732756e-01	5.6507891417e-01
4.5402568456e+02	5.2534401417e-01	5.8181864023e-01	5.7227724791e-01
4.5444539400e+02	5.3221422434e-01	5.8400976658e-01	5.7508552074e-01
4.5486510344e+02	5.3869068623e-01	5.8651357889e-01	5.7576048374e-01
4.5528481288e+02	5.4477953911e-01	5.8838415146e-01	5.7573217154e-01
4.5570452232e+02	5.5048680305e-01	5.8959859610e-01	5.7824933529e-01
4.5612423177e+02	5.5581849813e-01	5.8993834257e-01	5.7986259460e-01
4.5654394121e+02	5.6078034639e-01	5.8994394541e-01	5.7849466801e-01
4.5696365065e+02	5.6537801027e-01	5.9082758427e-01	5.7881873846e-01
4.5738336009e+02	5.6961679459e-01	5.9122818708e-01	5.7796460390e-01
4.5780306953e+02	5.7350170612e-01	5.9207797050e-01	5.7617253065e-01
4.5822277897e+02	5.7703751326e-01	5.9057933092e-01	5.7413291931e-01
4.5864248841e+02	5.8022868633e-01	5.9113270044e-01	5.7129758596e-01
4.5906219785e+02	5.8307909966e-01	5.9117233753e-01	5.7138097286e-01
4.5948190729e+02	5.8559256792e-01	5.8603411913e-01	5.6731009483e-01
4.5990161674e+02	5.8777230978e-01	5.8460611105e-01	5.6717914343e-01
4.6032132618e+02	5.8962118626e-01	5.7796061039e-01	5.6308776140e-01
4.6074103562e+02	5.9114164114e-01	5.8072024584e-01	5.5938124657e-01
4.6116074506e+02	5.9233570099e-01	5.7676297426e-01	5.5262517929e-01
4.6158045450e+02	5.9320503473e-01	5.7262927294e-01	5.5347001553e-01
4.6200016394e+02	5.9375071526e-01	5.6828087568e-01	5.4928761721e-01
4.6241987338e+02	5.9397357702e-01	5.6418985128e-01	5.4419034719e-01
4.6283958282e+02	5.9387391806e-01	5.5791521072e-01	5.4175186157e-01
4.6325929227e+02	5.9345149994e-01	5.5496859550e-01	5.4028195143e-01
4.6367900171e+02	5.9270590544e-01	5.4826653004e-01	5.3309094906e-01
4.6409871115e+02	5.9163600206e-01	5.4333013296e-01	5.3033870459e-01
4.6451842059e+02	5.9024035931e-01	5.3733968735e-01	5.2570509911e-01
4.6493813003e+02	5.8851712942e-01	5.3057348728e-01	5.2052605152e-01
4.6535783947e+02	5.8646404743e-01	5.2330064774e-01	5.1701086760e-01
4.6577754891e+02	5.8407837152e-01	5.1666909456e-01	5.1124596596e-01
4.6619725835e+02	5.8135700226e-01	5.0983953476e-01	5.0634443760e-01
4.6661696780e+02	5.7829642296e-01	5.0165998936e-01	5.0241053104e-01
4.6703667724e+02	5.7489269972e-01	4.9484416842e-01	4.9475333095e-01
4.6745638668e+02	5.7114160061e-01	4.8682713509e-01	4.8859274387e-01
4.6787609612e+02	5.6703853607e-01	4.7907516360e-01	4.8172941804e-01
4.6829580556e+02	5.6257849932e-01	4.7088003159e-01	4.7676762938e-01
4.6871551500e+02	5.5775636435e-01	4.6296656132e-01	4.6847870946e-01
4.6913522444e+02	5.5256652832e-01	4.5537653565e-01	4.6223509312e-01
4.6955493388e+02	5.4700338840e-01	4.4706529379e-01	4.5360141993e-01
4.6997464332e+02	5.4106092453e-01	4.3752649426e-01	4.4777384400e-01
4.7039435277e+02	5.3473317623e-01	4.2794600129e-01	4.3817162514e-01
4.7081406221e+02	5.2801406384e-01	4.1853532195e-01	4.3022236228e-01
4.7123377165e+02	5.2089732885e-01	4.0912538767e-01	4.2247977853e-01
4.7165348109e+02	5.1337701082e-01	3.9902839065e-01	4.1206166148e-01
4.7207319053e+02	5.0544714928e-01	3.8607645035e-01	4.0162009001e-01
4.7249289997e+02	4.9710217118e-01	3.7445834279e-01	3.9008948207e-01
4.7291260941e+02	4.8833671212e-01	3.6316972971e-01	3.7727037072e-01
4.7333231885e+02	4.7914600372e-01	3.5266393423e-01	3.7017127872e-01
4.7375202830e+02	4.6952587366e-01	3.3937594295e-01	3.5665836930e-01
4.7417173774e+02	4.5947292447e-01	3.2696050406e-01	3.4779250622e-01
4.7459144718e+02	4.4898474216e-01	3.1830888987e-01	3.3616134524e-01
4.7501115662e+02	4.3806010485e-01	3.0568930507e-01	3.2313728333e-01
4.7543086606e+02	4.2669916153e-01	2.9188555479e-01	3.1020635366e-01
4.7585057550e+02	4.1490358114e-01	2.8055354953e-01	2.9785582423e-01
4.7627028494e+02	4.0267702937e-01	2.6920500398e-01	2.8662452102e-01
4.7668999438e+02	3.9002525806e-01	2.5468957424e-01	2.7226054668e-01
4.7710970383e+02	3.7695643306e-01	2.4241992831e-01	2.6169413328e-01
4.7752941327e+02	3.6348155141e-01	2.3072421551e-01	2.4869138002e-01
4.7794912271e+02	3.4961467981e-01	2.1834611893e-01	2.3519431055e-01
4.7836883215e+02	3.3537328243e-01	2.0647624135e-01	2.2128117085e-01
4.7878854159e+02	3.2077863812e-01	1.9284248352e-01	2.1025909483e-01
4.7920825103e+02	3.0585619807e-01	1.8192815781e-01	1.9960321486e-01
4.7962796047e+02	2.9063588381e-01	1.7021058500e-01	1.8700225651e-01
4.8004766991e+02	2.7515247464e-01	1.5916122496e-01	1.7708539963e-01
4.8046737935e+02	2.5944587588e-01	1.4779615402e-01	1.6488698125e-01
4.8088708880e+02	2.4356143177e-01	1.3738609850e-01	1.5404446423e-01
4.8130679824e+02	2.2755019367e-01	1.2740306556e-01	1.4412733912e-01
4.8172650768e+02	2.1146899462e-01	1.1800488085e-01	1.3380683959e-01
4.8214621712e+02	1.9538055360e-01	1.0823966563e-01	1.2372385710e-01
4.8256592656e+02	1.7935353518e-01	9.9520690739e-02	1.1347672343e-01
4.8298563600e+02	1.6346229613e-01	9.0903811157e-02	1.0541354120e-01
4.8340534544e+02	1.4778670669e-01	8.3142764866e-02	9.6048355103e-02
4.8382505488e+02	1.3241168857e-01	7.5675413013e-02	8.9202113450e-02
4.8424476433e+02	1.1742661893e-01	6.9193989038e-02	7.9626590014e-02
4.8466447377e+02	1.0292462260e-01	6.2577702105e-02	7.1522489190e-02
4.8508418321e+02	8.9001610875e-02	5.6173175573e-02	6.4858540893e-02
4.8550389265e+02	7.5755193830e-02	5.0863243639e-02	5.8427661657e-02
4.8592360209e+02	6.3283428550e-02	4.5753203332e-02	5.2525579929e-02
4.8634331153e+02	5.1683407277e-02	4.1295617819e-02	4.6833641827e-02
4.8676302097e+02	4.1049759835e-02	3.6935068667e-02	4.2006552219e-02
4.8718273041e+02	3.1473059207e-02	3.2871462405e-02	3.7269622087e-02
4.8760243986e+02	2.3038186133e-02	2.9185215011e-02	3.3360198140e-02
4.8802214930e+02	1.5822740272e-02	2.6315810159e-02	3.0262058601e-02
4.8844185874e+02	9.8954821005e-03	2.4474781007e-02	2.7701159939e-02
4.8886156818e+02	5.3149187006e-03	2.2285496816e-02	2.5419760495e-02
4.8928127762e+02	2.1280664951e-03	2.0064577460e-02	2.3064596578e-02
4.8970098706e+02	3.6943447776e-04	1.8348287791e-02	2.1834015846e-02
4.9012069650e+02	6.0277092416e-05	1.8414555117e-02	2.0195493475e-02
4.9054040594e+02	1.2081449386e-03	1.7774635926e-02	1.9255282357e-02
4.9096011538e+02	3.8067535497e-03	1.7855342478e-02	1.8618507311e-02
4.9137982483e+02	7.8361732885e-03	1.8211539835e-02	1.8169037998e-02
4.9179953427e+02	1.3263334520e-02	1.7870586365e-02	1.7931740731e-02
4.9221924371e+02	2.0042819902e-02	1.8323462456e-02	1.7862912267e-02
4.9263895315e+02	2.8117915615e-02	1.8127907068e-02	1.8415024504e-02
4.9305866259e+02	3.7421885878e-02	1.8573813140e-02	1.8824581057e-02
4.9347837203e+02	4.7879386693e-02	1.8681591377e-02	1.9889509305e-02
4.9389808147e+02	5.9408020228e-02	1.9879031926e-02	2.0967945457e-02
4.9431779091e+02	7.1919918060e-02	2.0761150867e-02	2.2414896637e-02
4.9473750036e+02	8.5323341191e-02	2.1862609312e-02	2.4167735130e-02
4.9515720980e+02	9.9524244666e-02	2.3144375533e-02	2.6131577790e-02
4.9557691924e+02	1.1442773789e-01	2.5282630697e-02	2.9657401145e-02
4.9599662868e+02	1.2993943691e-01	2.7647884563e-02	3.3744510263e-02
4.9641633812e+02	1.4596666396e-01	3.1105574220e-02	3.8494031876e-02
4.9683604756e+02	1.6241954267e-01	3.4694157541e-02	4.4899292290e-02
4.9725575700e+02	1.7921182513e-01	3.9820600301e-02	5.1857504994e-02
4.9767546644e+02	1.9626164436e-01	4.5572992414e-02	6.0785703361e-02
4.9809517589e+02	2.1349205077e-01	5.3085204214e-02	7.0174992085e-02
4.9851488533e+02	2.3083141446e-01	6.1508968472e-02	8.2487322390e-02
4.9893459477e+02	2.4821367860e-01	7.1721218526e-02	9.6493780613e-02
4.9935430421e+02	2.6557844877e-01	8.2968942821e-02	1.1265793443e-01
4.9977401365e+02	2.8287112713e-01	9.5623008907e-02	1.3058885932e-01
5.0019372309e+02	3.0004265904e-01	1.1091793329e-01	1.5096892416e-01
5.0061343253e+02	3.1704947352e-01	1.2726308405e-01	1.7719845474e-01
5.0103314197e+02	3.3385333419e-01	1.4118850231e-01	1.8749740720e-01
5.0145285141e+02	3.5042089224e-01	1.5944129229e-01	2.1094641089e-01
5.0187256086e+02	3.6672359705e-01	1.7858049273e-01	2.3487679660e-01
5.0229227030e+02	3.8273721933e-01	1.9942000508e-01	2.5925827026e-01
5.0271197974e+02	3.9844158292e-01	2.2149309516e-01	2.8215423226e-01
5.0313168918e+02	4.1382023692e-01	2.3830470443e-01	3.0447888374e-01
5.0355139862e+02	4.2886003852e-01	2.6802316308e-01	3.2604208589e-01
5.0397110806e+02	4.4355100393e-01	2.8980910778e-01	3.4462299943e-01
5.0439081750e+02	4.5788577199e-01	3.1567448378e-01	3.6428251863e-01
5.0481052694e+02	4.7185954452e-01	3.3402299881e-01	3.8027885556e-01
5.0523023639e+02	4.8546960950e-01	3.5262715816e-01	3.9347630739e-01
5.0564994583e+02	4.9871513247e-01	3.7269040942e-01	4.0899333358e-01
5.0606965527e+02	5.1159703732e-01	3.9077854156e-01	4.2340865731e-01
5.0648936471e+02	5.2411752939e-01	4.1078084707e-01	4.3728721142e-01
5.0690907415e+02	5.3628021479e-01	4.2588138580e-01	4.4911476970e-01
5.0732878359e+02	5.4808968306e-01	4.4121059775e-01	4.6218562126e-01
5.0774849303e+02	5.5955135822e-01	4.5836222172e-01	4.7354543209e-01
5.0816820247e+02	5.7067149878e-01	4.7198966146e-01	4.8764762282e-01
5.0858791192e+02	5.8145689964e-01	4.8779240251e-01	5.0113737583e-01
5.0900762136e+02	5.9191483259e-01	5.0065320730e-01	5.1427614689e-01
5.0942733080e+02	6.0205304623e-01	5.1431506872e-01	5.2385026217e-01
5.0984704024e+02	6.1187940836e-01	5.2653992176e-01	5.3253179789e-01
5.1026674968e+02	6.2140214443e-01	5.3941965103e-01	5.4610633850e-01
5.1068645912e+02	6.3062959909e-01	5.4977869987e-01	5.5924516916e-01
5.1110616856e+02	6.3957017660e-01	5.6041139364e-01	5.7078289986e-01
5.1152587800e+02	6.4823222160e-01	5.7090890408e-01	5.8235448599e-01
5.1194558744e+02	6.5662419796e-01	5.7921206951e-01	5.9388923645e-01
5.1236529689e+02	6.6475439072e-01	5.8906799555e-01	6.0471713543e-01
5.1278500633e+02	6.7263114452e-01	5.9744572639e-01	6.1429029703e-01
5.1320471577e+02	6.8026250601e-01	6.0664504766e-01	6.2467485666e-01
5.1362442521e+02	6.8765658140e-01	6.1436736584e-01	6.3480108976e-01
5.1404413465e+02	6.9482111931e-01	6.2186813354e-01	6.4326125383e-01
5.1446384409e+02	7.0176380873e-01	6.2913107872e-01	6.5152710676e-01
5.1488355353e+02	7.0849210024e-01	6.3551217318e-01	6.6066855192e-01
5.1530326297e+02	7.1501338482e-01	6.4218389988e-01	6.6658961773e-01
5.1572297242e+02	7.2133469582e-01	6.4861470461e-01	6.7511326075e-01
5.1614268186e+02	7.2746300697e-01	6.5436667204e-01	6.8110758066e-01
5.1656239130e+02	7.3340487480e-01	6.6008001566e-01	6.9103670120e-01
5.1698210074e+02	7.3916685581e-01	6.6574805975e-01	6.9864290953e-01
5.1740181018e+02	7.4475520849e-01	6.7075639963e-01	7.0583212376e-01
5.1782151962e+02	7.5017607212e-01	6.7588746548e-01	7.1233069897e-01
5.1824122906e+02	7.5543522835e-01	6.8242359161e-01	7.1922945976e-01
5.1866093850e+02	7.6053839922e-01	6.8464547396e-01	7.2501468658e-01
5.1908064795e+02	7.6549100876e-01	6.8902903795e-01	7.3236930370e-01
5.1950035739e+02	7.7029836178e-01	6.9391590357e-01	7.3808783293e-01
5.1992006683e+02	7.7496552467e-01	6.9988387823e-01	7.4256521463e-01
5.2033977627e+02	7.7949750423e-01	7.0386296511e-01	7.5009459257e-01
5.2075948571e+02	7.8389889002e-01	7.0746994019e-01	7.5453448296e-01
5.2117919515e+02	7.8817427158e-01	7.1098214388e-01	7.5906789303e-01
5.2159890459e+02	7.9232811928e-01	7.1443116665e-01	7.6428902149e-01
5.2201861403e+02	7.9636454582e-01	7.1648555994e-01	7.6928824186e-01
5.2243832347e+02	8.0028772354e-01	7.2124320269e-01	7.7527511120e-01
5.2285803292e+02	8.0410146713e-01	7.2609245777e-01	7.8044545650e-01
5.2327774236e+02	8.0780959129e-01	7.2875040770e-01	7.8380727768e-01
5.2369745180e+02	8.1141567230e-01	7.2925513983e-01	7.8914916515e-01
5.2411716124e+02	8.1492322683e-01	7.3306155205e-01	7.9139000177e-01
5.2453687068e+02	8.1833559275e-01	7.3610568047e-01	7.9695111513e-01
5.2495658012e+02	8.2165604830e-01	7.3795717955e-01	7.9904496670e-01
5.2537628956e+02	8.2488757372e-01	7.4026870728e-01	8.0463337898e-01
5.2579599900e+02	8.2803326845e-01	7.4443185329e-01	8.0888152122e-01
5.2621570845e+02	8.3109593391e-01	7.4531525373e-01	8.1240087748e-01
5.2663541789e+02	8.3407837152e-01	7.4884510040e-01	8.1552588940e-01
5.2705512733e+02	8.3698320389e-01	7.5138044357e-01	8.1941282749e-01
5.2747483677e+02	8.3981305361e-01	7.5374263525e-01	8.2220345736e-01
5.2789454621e+02	8.4257024527e-01	7.5629800558e-01	8.2665354013e-01
5.2831425565e+02	8.4525728226e-01	7.5663083792e-01	8.3026623726e-01
5.2873396509e+02	8.4787636995e-01	7.5882411003e-01	8.3458387852e-01
5.2915367453e+02	8.5042965412e-01	7.6111525297e-01	8.3817929029e-01
5.2957338398e+02	8.5291934013e-01	7.6262962818e-01	8.4147053957e-01
5.2999309342e+02	8.5534745455e-01	7.6406306028e-01	8.4458971024e-01
5.3041280286e+02	8.5771584511e-01	7.6449126005e-01	8.5064274073e-01
5.3083251230e+02	8.6002647877e-01	7.6695495844e-01	8.5374075174e-01
5.3125222174e+02	8.6228120327e-01	7.6848393679e-01	8.5665941238e-01
5.3167193118e+02	8.6448162794e-01	7.6983082294e-01	8.5979688168e-01
5.3209164062e+02	8.6662954092e-01	7.7062392235e-01	8.6391127110e-01
5.3251135006e+02	8.6872655153e-01	7.7412891388e-01	8.6727142334e-01
5.3293105950e+02	8.7077420950e-01	7.7563107014e-01	8.6983376741e-01
5.3335076895e+02	8.7277400494e-01	7.7701210976e-01	8.7302571535e-01
5.3377047839e+02	8.7472736835e-01	7.7849274874e-01	8.7593156099e-01
5.3419018783e+02	8.7663573027e-01	7.8057646751e-01	8.7862920761e-01
5.3460989727e+02	8.7850046158e-01	7.8245055676e-01	8.8089358807e-01
5.3502960671e+02	8.8032281399e-01	7.8398382664e-01	8.8404375315e-01
5.3544931615e+02	8.8210403919e-01	7.8587871790e-01	8.8611388206e-01
5.3586902559e+02	8.8384532928e-01	7.8571224213e-01	8.8795012236e-01
5.3628873503e+02	8.8554793596e-01	7.8488093615e-01	8.8984388113e-01
5.3670844448e+02	8.8721287251e-01	7.8575134277e-01	8.9114516973e-01
5.3712815392e+02	8.8884133101e-01	7.8610581160e-01	8.9246404171e-01
5.3754786336e+02	8.9043426514e-01	7.8751933575e-01	8.9561218023e-01
5.3796757280e+02	8.9199274778e-01	7.8824299574e-01	8.9631569386e-01
5.3838728224e+02	8.9351773262e-01	7.8946274519e-01	8.9731031656e-01
5.3880699168e+02	8.9501017332e-01	7.8968757391e-01	8.9768898487e-01
5.3922670112e+02	8.9647102356e-01	7.9101884365e-01	8.9971423149e-01
5.3964641056e+02	8.9790105820e-01	7.9107826948e-01	9.0051531792e-01
5.4006612001e+02	8.9930117130e-01	7.9239636660e-01	9.0115582943e-01
5.4048582945e+02	9.0067225695e-01	7.9312127829e-01	9.0305852890e-01
5.4090553889e+02	9.0201503038e-01	7.9373437166e-01	9.0260106325e-01
5.4132524833e+02	9.0333026648e-01	7.9452848434e-01	9.0408247709e-01
5.4174495777e+02	9.0461874008e-01	7.9503804445e-01	9.0488111973e-01
5.4216466721e+02	9.0588116646e-01	7.9551625252e-01	9.0663570166e-01
5.4258437665e+02	9.0711820126e-01	7.9631656408e-01	9.0666699409e-01
5.4300408609e+02	9.0833055973e-01	7.9740136862e-01	9.0787547827e-01
5.4342379553e+02	9.0951889753e-01	7.9774200916e-01	9.0893763304e-01
5.4384350498e+02	9.1068381071e-01	7.9838293791e-01	9.0925937891e-01
5.4426321442e+02	9.1182589531e-01	7.9851746559e-01	9.1007292271e-01
5.4468292386e+02	9.1294580698e-01	7.9921317101e-01	9.1212713718e-01
5.4510263330e+02	9.1404408216e-01	7.9996687174e-01	9.1224676371e-01
5.4552234274e+02	9.1512125731e-01	8.0063629150e-01	9.1310209036e-01
5.4594205218e+02	9.1617792845e-01	8.0097395182e-01	9.1390252113e-01
5.4636176162e+02	9.1721451283e-01	7.9988831282e-01	9.1372263432e-01
5.4678147106e+02	9.1823160648e-01	8.0406475067e-01	9.1485345364e-01
5.4720118051e+02	9.1922962666e-01	8.0540072918e-01	9.1570782661e-01
5.4762088995e+02	9.2020916939e-01	8.0598962307e-01	9.1798263788e-01
5.4804059939e+02	9.2117053270e-01	8.0524951220e-01	9.1778165102e-01
5.4846030883e+02	9.2211425304e-01	8.0609333515e-01	9.1808944941e-01
5.4888001827e+02	9.2304074764e-01	8.0665946007e-01	9.1919392347e-01
5.4929972771e+02	9.2395043373e-01	8.0898702145e-01	9.1990739107e-01
5.4971943715e+02	9.2484372854e-01	8.0803287029e-01	9.2076516151e-01
5.5013914659e+02	9.2572098970e-01	8.0790019035e-01	9.2170268297e-01
5.5055885604e+02	9.2658263445e-01	8.1212884188e-01	9.2265981436e-01
5.5097856548e+02	9.2742902040e-01	8.1218475103e-01	9.2336046696e-01
5.5139827492e+02	9.2826050520e-01	8.1470173597e-01	9.2450243235e-01
5.5181798436e+02	9.2907744646e-01	8.1208997965e-01	9.2604529858e-01
5.5223769380e+02	9.2988014221e-01	8.1629532576e-01	9.2704194784e-01
5.5265740324e+02	9.3066900969e-01	8.1237226725e-01	9.2813825607e-01
5.5307711268e+02	9.3144428730e-01	8.1280362606e-01	9.2938297987e-01
5.5349682212e+02	9.3220633268e-01	8.1247472763e-01	9.3035954237e-01
5.5391653156e+02	9.3295544386e-01	8.1260871887e-01	9.3118149042e-01
5.5433624101e+02	9.3369191885e-01	8.1291460991e-01	9.3182623386e-01
5.5475595045e+02	9.3441599607e-01	8.1340968609e-01	9.3336087465e-01
5.5517565989e+02	9.3512797356e-01	8.1539422274e-01	9.3477851152e-01
5.5559536933e+02	9.3582814932e-01	8.1506645679e-01	9.3574231863e-01
5.5601507877e+02	9.3651682138e-01	8.1676638126e-01	9.3685382605e-01
5.5643478821e+02	9.3719410896e-01	8.1628495455e-01	9.3730461597e-01
5.5685449765e+02	9.3786036968e-01	8.1741559505e-01	9.3887513876e-01
5.5727420709e+02	9.3851584196e-01	8.1853860617e-01	9.3974339962e-01
5.5769391654e+02	9.3916070461e-01	8.1684637070e-01	9.4097703695e-01
5.5811362598e+02	9.3979525566e-01	8.2072907686e-01	9.4183266163e-01
5.5853333542e+02	9.4041967392e-01	8.2030582428e-01	9.4284576178e-01
5.5895304486e+02	9.4103419781e-01	8.2088279724e-01	9.4324839115e-01
5.5937275430e+02	9.4163894653e-01	8.2081097364e-01	9.4401234388e-01
5.5979246374e+02	9.4223427773e-01	8.2097607851e-01	9.4524616003e-01
5.6021217318e+02	9.4282031059e-01	8.2206439972e-01	9.4584792852e-01
5.6063188262e+02	9.4339722395e-01	8.2217699289e-01	9.4685405493e-01
5.6105159207e+02	9.4396519661e-01	8.2256329060e-01	9.4770479202e-01
5.6147130151e+02	9.4452446699e-01	8.2283431292e-01	9.4805002213e-01
5.6189101095e+02	9.4507521391e-01	8.2309257984e-01	9.4857001305e-01
5.6231072039e+02	9.4561761618e-01	8.2275259495e-01	9.4946920872e-01
5.6273042983e+02	9.4615173340e-01	8.2327157259e-01	9.5005494356e-01
5.6315013927e+02	9.4667786360e-01	8.2370358706e-01	9.5038110018e-01
5.6356984871e+02	9.4719612598e-01	8.2403433323e-01	9.5094186068e-01
5.6398955815e+02	9.4770669937e-01	8.2406568527e-01	9.5161026716e-01
5.6440926759e+02	9.4820970297e-01	8.2464361191e-01	9.5173388720e-01
5.6482897704e+02	9.4870525599e-01	8.2549369335e-01	9.5225340128e-01
5.6524868648e+02	9.4919359684e-01	8.2451182604e-01	9.5240920782e-01
5.6566839592e+02	9.4967478514e-01	8.2521283627e-01	9.5320594311e-01
5.6608810536e+02	9.5014899969e-01	8.2642835379e-01	9.5334053040e-01
5.6650781480e+02	9.5061635971e-01	8.2806128263e-01	9.5382517576e-01
5.6692752424e+02	9.5107704401e-01	8.2908219099e-01	9.5476227999e-01
5.6734723368e+02	9.5153111219e-01	8.3094513416e-01	9.5472812653e-01
5.6776694312e+02	9.5197874308e-01	8.3201277256e-01	9.5508545637e-01
5.6818665257e+02	9.5242005587e-01	8.3105134964e-01	9.5563346148e-01
5.6860636201e+02	9.5285516977e-01	8.3305460215e-01	9.5581889153e-01
5.6902607145e+02	9.5328414440e-01	8.3550381660e-01	9.5603895187e-01
5.6944578089e+02	9.5370715857e-01	8.3427238464e-01	9.5658069849e-01
5.6986549033e+02	9.5412433147e-01	8.3295118809e-01	9.5659941435e-01
5.7028519977e+02	9.5453572273e-01	8.3293014765e-01	9.5700478554e-01
5.7070490921e+02	9.5494145155e-01	8.3531486988e-01	9.5691794157e-01
5.7112461865e+02	9.5534163713e-01	8.3446907997e-01	9.5724260807e-01
5.7154432810e+02	9.5573639870e-01	8.3609360456e-01	9.5769047737e-01
5.7196403754e+02	9.5612585545e-01	8.3629554510e-01	9.5764869452e-01
5.7238374698e+02	9.5651000738e-01	8.3704274893e-01	9.5779323578e-01
5.7280345642e+02	9.5688903332e-01	8.3766651154e-01	9.5778888464e-01
5.7322316586e+02	9.5726293325e-01	8.3808404207e-01	9.5753973722e-01
5.7364287530e+02	9.5763194561e-01	8.4064859152e-01	9.5790338516e-01
5.7406258474e+02	9.5799607038e-01	8.4108358622e-01	9.5795291662e-01
5.7448229418e+02	9.5835536718e-01	8.4167706966e-01	9.5815998316e-01
5.7490200362e+02	9.5871001482e-01	8.4214693308e-01	9.5815795660e-01
5.7532171307e+02	9.5905995369e-01	8.4334051609e-01	9.5803248882e-01
5.7574142251e+02	9.5940542221e-01	8.4398877621e-01	9.5829927921e-01
5.7616113195e+02	9.5974642038e-01	8.4453457594e-01	9.5809197426e-01
5.7658084139e+02	9.6008300781e-01	8.4517163038e-01	9.5815777779e-01
5.7700055083e+02	9.6041530371e-01	8.4640806913e-01	9.5794737339e-01
5.7742026027e+02	9.6074330807e-01	8.4727764130e-01	9.5860087872e-01
5.7783996971e+02	9.6106719971e-01	8.4782654047e-01	9.5801442862e-01
5.7825967915e+02	9.6138703823e-01	8.4893244505e-01	9.5836532116e-01
5.7867938860e+02	9.6170282364e-01	8.4985983372e-01	9.5861679316e-01
5.7909909804e+02	9.6201461554e-01	8.5047101974e-01	9.5894670486e-01
5.7951880748e+02	9.6232253313e-01	8.5128676891e-01	9.5869052410e-01
5.7993851692e+02	9.6262669563e-01	8.5325849056e-01	9.5931386948e-01
5.8035822636e+02	9.6292704344e-01	8.5325753689e-01	9.5902597904e-01
5.8077793580e+02	9.6322369576e-01	8.5435050726e-01	9.5918542147e-01
5.8119764524e+02	9.6351671219e-01	8.5486662388e-01	9.5971196890e-01
5.8161735468e+02	9.6380615234e-01	8.5498237610e-01	9.6000200510e-01
5.8203706413e+02	9.6409213543e-01	8.5573047400e-01	9.6005421877e-01
5.8245677357e+02	9.6437460184e-01	8.5745310783e-01	9.6065384150e-01
5.8287648301e+02	9.6465367079e-01	8.5776352882e-01	9.6119576693e-01
5.8329619245e+02	9.6492940187e-01	8.5744667053e-01	9.6131610870e-01
5.8371590189e+02	9.6520185471e-01	8.5939043760e-01	9.6173065901e-01
5.8413561133e+02	9.6547108889e-01	8.6245435476e-01	9.6155625582e-01
5.8455532077e+02	9.6573710442e-01	8.6223334074e-01	9.6221536398e-01
5.8497503021e+02	9.6599996090e-01	8.6384999752e-01	9.6231865883e-01
5.8539473965e+02	9.6625977755e-01	8.6560475826e-01	9.6250563860e-01
5.8581444910e+02	9.6651655436e-01	8.6398869753e-01	9.6223974228e-01
5.8623415854e+02	9.6677029133e-01	8.6823499203e-01	9.6282458305e-01
5.8665386798e+02	9.6702116728e-01	8.6687195301e-01	9.6310746670e-01
5.8707357742e+02	9.6726906300e-01	8.6770999432e-01	9.6298593283e-01
5.8749328686e+02	9.6751415730e-01	8.6651295424e-01	9.6345722675e-01
5.8791299630e+02	9.6775645018e-01	8.6905211210e-01	9.6328681707e-01
5.8833270574e+02	9.6799594164e-01	8.6583894491e-01	9.6360075474e-01
5.8875241518e+02	9.6823275089e-01	8.6722826958e-01	9.6362584829e-01
5.8917212463e+02	9.6846681833e-01	8.6676615477e-01	9.6340143681e-01
5.8959183407e+02	9.6869832277e-01	8.6711269617e-01	9.6316403151e-01
5.9001154351e+02	9.6892720461e-01	8.6784476042e-01	9.6366506815e-01
5.9043125295e+02	9.6915352345e-01	8.6822152138e-01	9.6334081888e-01
5.9085096239e+02	9.6937727928e-01	8.6768823862e-01	9.6351861954e-01
5.9127067183e+02	9.6959859133e-01	8.6812639236e-01	9.6338891983e-01
5.9169038127e+02	9.6981745958e-01	8.6848735809e-01	9.6338641644e-01
5.9211009071e+02	9.7003394365e-01	8.6863499880e-01	9.6376955509e-01
5.9252980016e+02	9.7024804354e-01	8.6943727732e-01	9.6366298199e-01
5.9294950960e+02	9.7045975924e-01	8.6911898851e-01	9.6393537521e-01
5.9336921904e+02	9.7066920996e-01	8.6943411827e-01	9.6410554647e-01
5.9378892848e+02	9.7087639570e-01	8.7025380135e-01	9.6412503719e-01
5.9420863792e+02	9.7108131647e-01	8.6931812763e-01	9.6428728104e-01
5.9462834736e+02	9.7128403187e-01	8.6979508400e-01	9.6363031864e-01
5.9504805680e+02	9.7148460150e-01	8.7018835545e-01	9.6423453093e-01
5.9546776624e+02	9.7168302536e-01	8.7001830339e-01	9.6408027411e-01
5.9588747568e+02	9.7187936306e-01	8.7069576979e-01	9.6444481611e-01
5.9630718513e+02	9.7207355499e-01	8.7091082335e-01	9.6434003115e-01
5.9672689457e+02	9.7226577997e-01	8.7146955729e-01	9.6423739195e-01
5.9714660401e+02	9.7245591879e-01	8.7113767862e-01	9.6421313286e-01
5.9756631345e+02	9.7264409065e-01	8.7203609943e-01	9.6436208487e-01
5.9798602289e+02	9.7283029556e-01	8.7294083834e-01	9.6432876587e-01
5.9840573233e+02	9.7301459312e-01	8.7273353338e-01	9.6383601427e-01
5.9882544177e+02	9.7319692373e-01	8.7317198515e-01	9.6373748779e-01
5.9924515121e+02	9.7337740660e-01	8.7390160561e-01	9.6390581131e-01
5.9966486066e+02	9.7355604172e-01	8.7348341942e-01	9.6369165182e-01
6.0008457010e+02	9.7373282909e-01	8.7506014109e-01	9.6345841885e-01
6.0050427954e+02	9.7390782833e-01	8.7254714966e-01	9.6354329586e-01
6.0092398898e+02	9.7408097982e-01	8.7333154678e-01	9.6357548237e-01
6.0134369842e+02	9.7425246239e-01	8.7387841940e-01	9.6345132589e-01
6.0176340786e+02	9.7442215681e-01	8.7611103058e-01	9.6381288767e-01
6.0218311730e+02	9.7459018230e-01	8.7495023012e-01	9.6356135607e-01
6.0260282674e+02	9.7475653887e-01	8.7776869535e-01	9.6355092525e-01
6.0302253619e+02	9.7492116690e-01	8.7626749277e-01	9.6364516020e-01
6.0344224563e+02	9.7508418560e-01	8.7821382284e-01	9.6376216412e-01
6.0386195507e+02	9.7524559498e-01	8.7881767750e-01	9.6400028467e-01
6.0428166451e+02	9.7540539503e-01	8.7664872408e-01	9.6406167746e-01
6.0470137395e+02	9.7556364536e-01	8.7831908464e-01	9.6421623230e-01
6.0512108339e+02	9.7572034597e-01	8.7772339582e-01	9.6402055025e-01
6.0554079283e+02	9.7587549686e-01	8.7885338068e-01	9.6396636963e-01
6.0596050227e+02	9.7602909803e-01	8.7884938717e-01	9.6399462223e-01
6.0638021171e+02	9.7618126869e-01	8.7979888916e-01	9.6412879229e-01
6.0679992116e+02	9.7633194923e-01	8.8051921129e-01	9.6450281143e-01
6.0721963060e+02	9.7648113966e-01	8.8046896458e-01	9.6420115232e-01
6.0763934004e+02	9.7662889957e-01	8.8040268421e-01	9.6425700188e-01
6.0805904948e+02	9.7677528858e-01	8.8162338734e-01	9.6404844522e-01
6.0847875892e+02	9.7692024708e-01	8.8159281015e-01	9.6393680573e-01
6.0889846836e+02	9.7706383467e-01	8.8230627775e-01	9.6387910843e-01
6.0931817780e+02	9.7720605135e-01	8.8250130415e-01	9.6354162693e-01
6.0973788724e+02	9.7734695673e-01	8.8246786594e-01	9.6393489838e-01
6.1015759669e+02	9.7748649120e-01	8.8317239285e-01	9.6360254288e-01
6.1057730613e+02	9.7762471437e-01	8.8395750523e-01	9.6376979351e-01
6.1099701557e+02	9.7776168585e-01	8.8437575102e-01	9.6347743273e-01
6.1141672501e+02	9.7789734602e-01	8.8470923901e-01	9.6349006891e-01
6.1183643445e+02	9.7803175449e-01	8.8533794880e-01	9.6350222826e-01
6.1225614389e+02	9.7816491127e-01	8.8602161407e-01	9.6338254213e-01
6.1267585333e+02	9.7829681635e-01	8.8640534878e-01	9.6280467510e-01
6.1309556277e+02	9.7842752934e-01	8.8705664873e-01	9.6315962076e-01
6.1351527222e+02	9.7855705023e-01	8.8737612963e-01	9.6331793070e-01
6.1393498166e+02	9.7868537903e-01	8.8735640049e-01	9.6314126253e-01
6.1435469110e+02	9.7881251574e-01	8.8949096203e-01	9.6331018209e-01
6.1477440054e+02	9.7893851995e-01	8.8913339376e-01	9.6330904961e-01
6.1519410998e+02	9.7906339169e-01	8.8767069578e-01	9.6336954832e-01
6.1561381942e+02	9.7918707132e-01	8.8921970129e-01	9.6341252327e-01
6.1603352886e+02	9.7930973768e-01	8.8964039087e-01	9.6369349957e-01
6.1645323830e+02	9.7943121195e-01	8.8853055239e-01	9.6370536089e-01
6.1687294774e+02	9.7955167294e-01	8.9008295536e-01	9.6368300915e-01
6.1729265719e+02	9.7967100143e-01	8.9095181227e-01	9.6417802572e-01
6.1771236663e+02	9.7978931665e-01	8.9014893770e-01	9.6410167217e-01
6.1813207607e+02	9.7990655899e-01	8.9087820053e-01	9.6405398846e-01
6.1855178551e+02	9.8002272844e-01	8.9139610529e-01	9.6423196793e-01
6.1897149495e+02	9.8013794422e-01	8.9214581251e-01	9.6404290199e-01
6.1939120439e+02	9.8025208712e-01	8.9118504524e-01	9.6427476406e-01
6.1981091383e+02	9.8036527634e-01	8.9306026697e-01	9.6429526806e-01
6.2023062327e+02	9.8047745228e-01	8.9140480757e-01	9.6417105198e-01
6.2065033272e+02	9.8058867455e-01	8.9078247547e-01	9.6391278505e-01
6.2107004216e+02	9.8069888353e-01	8.9323902130e-01	9.6401900053e-01
6.2148975160e+02	9.8080819845e-01	8.9346700907e-01	9.6399277449e-01
6.2190946104e+02	9.8091650009e-01	8.9265656471e-01	9.6390825510e-01
6.2232917048e+02	9.8102390766e-01	8.9479249716e-01	9.6355634928e-01
6.2274887992e+02	9.8113042116e-01	8.9479470253e-01	9.6332865953e-01
6.2316858936e+02	9.8123604059e-01	8.9659690857e-01	9.6278190613e-01
6.2358829880e+02	9.8134070635e-01	8.9676469564e-01	9.6296149492e-01
6.2400800825e+02	9.8144447803e-01	8.9738470316e-01	9.6293133497e-01
6.2442771769e+02	9.8154741526e-01	8.9759004116e-01	9.6273308992e-01
6.2484742713e+02	9.8164945841e-01	8.9894348383e-01	9.6265918016e-01
6.2526713657e+02	9.8175066710e-01	8.9916980267e-01	9.6245789528e-01
6.2568684601e+02	9.8185098171e-01	8.9912474155e-01	9.6256881952e-01
6.2610655545e+02	9.8195046186e-01	9.0081071854e-01	9.6228688955e-01
6.2652626489e+02	9.8204916716e-01	9.0053147078e-01	9.6215653419e-01
6.2694597433e+02	9.8214697838e-01	9.0111041069e-01	9.6227860451e-01
6.2736568377e+02	9.8224401474e-01	9.0130949020e-01	9.6258568764e-01
6.2778539322e+02	9.8234027624e-01	9.0206038952e-01	9.6237266064e-01
6.2820510266e+02	9.8243570328e-01	9.0232795477e-01	9.6268588305e-01
6.2862481210e+02	9.8253035545e-01	9.0334111452e-01	9.6284776926e-01
6.2904452154e+02	9.8262423277e-01	9.0359216928e-01	9.6298027039e-01
6.2946423098e+02	9.8271733522e-01	9.0393656492e-01	9.6324491501e-01
6.2988394042e+02	9.8280972242e-01	9.0422642231e-01	9.6293056011e-01
6.3030364986e+02	9.8290127516e-01	9.0507048368e-01	9.6316581964e-01
6.3072335930e+02	9.8299217224e-01	9.0581327677e-01	9.6341085434e-01
6.3114306875e+02	9.8308229446e-01	9.0662240982e-01	9.6369051933e-01
6.3156277819e+02	9.8317170143e-01	9.0679341555e-01	9.6356874704e-01
6.3198248763e+02	9.8326033354e-01	9.0632963181e-01	9.6348839998e-01
6.3240219707e+02	9.8334830999e-01	9.0694469213e-01	9.6351617575e-01
6.3282190651e+02	9.8343557119e-01	9.0758997202e-01	9.6361768246e-01
6.3324161595e+02	9.8352217674e-01	9.0786254406e-01	9.6368235350e-01
6.3366132539e+02	9.8360806704e-01	9.0865731239e-01	9.6404558420e-01
6.3408103483e+02	9.8369324207e-01	9.1005927324e-01	9.6406131983e-01
6.3450074428e+02	9.8377776146e-01	9.0890550613e-01	9.6397548914e-01
6.3492045372e+02	9.8386162519e-01	9.0849304199e-01	9.6411162615e-01
6.3534016316e+02	9.8394483328e-01	9.0918272734e-01	9.6426111460e-01
6.3575987260e+02	9.8402738571e-01	9.0821766853e-01	9.6437388659e-01
6.3617958204e+02	9.8410928249e-01	9.0871626139e-01	9.6421623230e-01
6.3659929148e+02	9.8419058323e-01	9.0963101387e-01	9.6443951130e-01
6.3701900092e+02	9.8427116871e-01	9.1026347876e-01	9.6447831392e-01
6.3743871036e+02	9.8435121775e-01	9.1217130423e-01	9.6430921555e-01
6.3785841980e+02	9.8443061113e-01	9.1176933050e-01	9.6442389488e-01
6.3827812925e+02	9.8450934887e-01	9.1189551353e-01	9.6457725763e-01
6.3869783869e+02	9.8458755016e-01	9.1064286232e-01	9.6423673630e-01
6.3911754813e+02	9.8466509581e-01	9.1165310144e-01	9.6461087465e-01
6.3953725757e+02	9.8474210501e-01	9.1325569153e-01	9.6441364288e-01
6.3995696701e+02	9.8481851816e-01	9.1346782446e-01	9.6432787180e-01
6.4037667645e+02	9.8489427567e-01	9.1529405117e-01	9.6441465616e-01
6.4079638589e+02	9.8496955633e-01	9.1441965103e-01	9.6410340071e-01
6.4121609533e+02	9.8504418135e-01	9.1684126854e-01	9.6410155296e-01
6.4163580478e+02	9.8511832952e-01	9.1602462530e-01	9.6417969465e-01
6.4205551422e+02	9.8519188166e-01	9.1645342112e-01	9.6409046650e-01
6.4247522366e+02	9.8526483774e-01	9.1651618481e-01	9.6327531338e-01
6.4289493310e+02	9.8533731699e-01	9.1638994217e-01	9.6413469315e-01
6.4331464254e+02	9.8540920019e-01	9.1683083773e-01	9.6328938007e-01
6.4373435198e+02	9.8548054695e-01	9.1784030199e-01	9.6349513531e-01
6.4415406142e+02	9.8555141687e-01	9.1766262054e-01	9.6323961020e-01
6.4457377086e+02	9.8562175035e-01	9.1797971725e-01	9.6367931366e-01
6.4499348031e+02	9.8569154739e-01	9.1778004169e-01	9.6358072758e-01
6.4541318975e+02	9.8576080799e-01	9.1868716478e-01	9.6341562271e-01
6.4583289919e+02	9.8582959175e-01	9.1896456480e-01	9.6372461319e-01
6.4625260863e+02	9.8589783907e-01	9.1861897707e-01	9.6322619915e-01
6.4667231807e+02	9.8596560955e-01	9.1860198975e-01	9.6322798729e-01
6.4709202751e+02	9.8603290319e-01	9.1976022720e-01	9.6312946081e-01
6.4751173695e+02	9.8609966040e-01	9.1994059086e-01	9.6287596226e-01
6.4793144639e+02	9.8616594076e-01	9.2056310177e-01	9.6318686008e-01
6.4835115583e+02	9.8623180389e-01	9.2090255022e-01	9.6292024851e-01
6.4877086528e+02	9.8629713058e-01	9.2088848352e-01	9.6297210455e-01
6.4919057472e+02	9.8636198044e-01	9.2064863443e-01	9.6277248859e-01
6.4961028416e+02	9.8642641306e-01	9.2116343975e-01	9.6252548695e-01
6.5002999360e+02	9.8649036884e-01	9.2141973972e-01	9.6279162169e-01
6.5044970304e+02	9.8655384779e-01	9.2162412405e-01	9.6280401945e-01
6.5086941248e+02	9.8661684990e-01	9.2145222425e-01	9.6234154701e-01
6.5128912192e+02	9.8667943478e-01	9.2166930437e-01	9.6235996485e-01
6.5170883136e+02	9.8674160242e-01	9.2203032970e-01	9.6260732412e-01
6.5212854081e+02	9.8680329323e-01	9.2183631659e-01	9.6235269308e-01
6.5254825025e+02	9.8686456680e-01	9.2229765654e-01	9.6220016479e-01
6.5296795969e+02	9.8692542315e-01	9.2219585180e-01	9.6227598190e-01
6.5338766913e+02	9.8698580265e-01	9.2251825333e-01	9.6207755804e-01
6.5380737857e+02	9.8704576492e-01	9.2273956537e-01	9.6191811562e-01
6.5422708801e+02	9.8710536957e-01	9.2276030779e-01	9.6175795794e-01
6.5464679745e+02	9.8716449738e-01	9.2287498713e-01	9.6189641953e-01
6.5506650689e+02	9.8722320795e-01	9.2320215702e-01	9.6184962988e-01
6.5548621634e+02	9.8728156090e-01	9.2317056656e-01	9.6163570881e-01
6.5590592578e+02	9.8733949661e-01	9.2347389460e-01	9.6153241396e-01
6.5632563522e+02	9.8739701509e-01	9.2343795300e-01	9.6132528782e-01
6.5674534466e+02	9.8745411634e-01	9.2384225130e-01	9.6097177267e-01
6.5716505410e+02	9.8751085997e-01	9.2398202419e-01	9.6073085070e-01
6.5758476354e+02	9.8756724596e-01	9.2412275076e-01	9.6065956354e-01
6.5800447298e+02	9.8762315512e-01	9.2429202795e-01	9.6029567719e-01
6.5842418242e+02	9.8767876625e-01	9.2445158958e-01	9.6037548780e-01
6.5884389186e+02	9.8773396015e-01	9.2464387417e-01	9.5975291729e-01
6.5926360131e+02	9.8778879642e-01	9.2495578527e-01	9.6010595560e-01
6.5968331075e+02	9.8784321547e-01	9.2511063814e-01	9.5963728428e-01
6.6010302019e+02	9.8789733648e-01	9.2546671629e-01	9.5973610878e-01
6.6052272963e+02	9.8795104027e-01	9.2562580109e-01	9.5959866047e-01
6.6094243907e+02	9.8800438643e-01	9.2579650879e-01	9.5964717865e-01
6.6136214851e+02	9.8805737495e-01	9.2612665892e-01	9.5971226692e-01
6.6178185795e+02	9.8811006546e-01	9.2657423019e-01	9.5960986614e-01
6.6220156739e+02	9.8816233873e-01	9.2672997713e-01	9.5957154036e-01
6.6262127684e+02	9.8821425438e-01	9.2706984282e-01	9.5951753855e-01
6.6304098628e+02	9.8826587200e-01	9.2720490694e-01	9.5925980806e-01
6.6346069572e+02	9.8831713200e-01	9.2764413357e-01	9.5915371180e-01
6.6388040516e+02	9.8836803436e-01	9.2781335115e-01	9.5927381516e-01
6.6430011460e+02	9.8841863871e-01	9.2807239294e-01	9.5925867558e-01
6.6471982404e+02	9.8846888542e-01	9.2846405506e-01	9.5937895775e-01
6.6513953348e+02	9.8851877451e-01	9.2867273092e-01	9.5901447535e-01
6.6555924292e+02	9.8856836557e-01	9.2892140150e-01	9.5871829987e-01
6.6597895237e+02	9.8861765862e-01	9.2933636904e-01	9.5911294222e-01
6.6639866181e+02	9.8866659403e-01	9.2956024408e-01	9.5892274380e-01
6.6681837125e+02	9.8871523142e-01	9.2979174852e-01	9.5870608091e-01
6.6723808069e+02	9.8876351118e-01	9.3006855249e-01	9.5897805691e-01
6.6765779013e+02	9.8881149292e-01	9.3032568693e-01	9.5851171017e-01
6.6807749957e+02	9.8885917664e-01	9.3055498600e-01	9.5851218700e-01
6.6849720901e+02	9.8890656233e-01	9.3080228567e-01	9.5834451914e-01
6.6891691845e+02	9.8895365000e-01	9.3097275496e-01	9.5829099417e-01
6.6933662789e+02	9.8900043964e-01	9.3115407228e-01	9.5779323578e-01
6.6975633734e+02	9.8904687166e-01	9.3153107166e-01	9.5771497488e-01
6.7017604678e+02	9.8909306526e-01	9.3174672127e-01	9.5798194408e-01
6.7059575622e+02	9.8913890123e-01	9.3194991350e-01	9.5766496658e-01
6.7101546566e+02	9.8918449879e-01	9.3220812082e-01	9.5744341612e-01
6.7143517510e+02	9.8922979832e-01	9.3236303329e-01	9.5742481947e-01
6.7185488454e+02	9.8927479982e-01	9.3266218901e-01	9.5724785328e-01
6.7227459398e+02	9.8931950331e-01	9.3279480934e-01	9.5699352026e-01
6.7269430342e+02	9.8936396837e-01	9.3298840523e-01	9.5686930418e-01
6.7311401287e+02	9.8940813541e-01	9.3333935738e-01	9.5681375265e-01
6.7353372231e+02	9.8945200443e-01	9.3346434832e-01	9.5675480366e-01
6.7395343175e+02	9.8949563503e-01	9.3373686075e-01	9.5659428835e-01
6.7437314119e+02	9.8953896761e-01	9.3399888277e-01	9.5674717426e-01
6.7479285063e+02	9.8958200216e-01	9.3418699503e-01	9.5650029182e-01
6.7521256007e+02	9.8962479830e-01	9.3441665173e-01	9.5663404465e-01
6.7563226951e+02	9.8966729641e-01	9.3458855152e-01	9.5675653219e-01
6.7605197895e+02	9.8970955610e-01	9.3487393856e-01	9.5649212599e-01
6.7647168840e+02	9.8975157738e-01	9.3519121408e-01	9.5645058155e-01
6.7689139784e+02	9.8979330063e-01	9.3522423506e-01	9.5677566528e-01
6.7731110728e+02	9.8983478546e-01	9.3544888496e-01	9.5644652843e-01
6.7773081672e+02	9.8987603188e-01	9.3569731712e-01	9.5673406124e-01
6.7815052616e+02	9.8991703987e-01	9.3587237597e-01	9.5671969652e-01
6.7857023560e+02	9.8995774984e-01	9.3612492085e-01	9.5689624548e-01
6.7898994504e+02	9.8999822140e-01	9.3629878759e-01	9.5690888166e-01
6.7940965448e+02	9.9003845453e-01	9.3650114536e-01	9.5699983835e-01
6.7982936392e+02	9.9007844925e-01	9.3680751324e-01	9.5698368549e-01
6.8024907337e+02	9.9011814594e-01	9.3690574169e-01	9.5683455467e-01
6.8066878281e+02	9.9015766382e-01	9.3714082241e-01	9.5701980591e-01
6.8108849225e+02	9.9019694328e-01	9.3736094236e-01	9.5663642883e-01
6.8150820169e+02	9.9023592472e-01	9.3754750490e-01	9.5662641525e-01
6.8192791113e+02	9.9027472734e-01	9.3785035610e-01	9.5663535595e-01
6.8234762057e+02	9.9031329155e-01	9.3800890446e-01	9.5657151937e-01
6.8276733001e+02	9.9035161734e-01	9.3832933903e-01	9.5594376326e-01
6.8318703945e+02	9.9038970470e-01	9.3846803904e-01	9.5640856028e-01
6.8360674890e+02	9.9042755365e-01	9.3879675865e-01	9.5618104935e-01
6.8402645834e+02	9.9046522379e-01	9.3890243769e-01	9.5630991459e-01
6.8444616778e+02	9.9050265551e-01	9.3920212984e-01	9.5594799519e-01
6.8486587722e+02	9.9053984880e-01	9.3937033415e-01	9.5571011305e-01
6.8528558666e+02	9.9057680368e-01	9.3956053257e-01	9.5586931705e-01
6.8570529610e+02	9.9061357975e-01	9.3992388248e-01	9.5565950871e-01
6.8612500554e+02	9.9065011740e-01	9.4010895491e-01	9.5571559668e-01
6.8654471498e+02	9.9068641663e-01	9.4027566910e-01	9.5567345619e-01
6.8696442443e+02	9.9072253704e-01	9.4054776430e-01	9.5552867651e-01
6.8738413387e+02	9.9075841904e-01	9.4076406956e-01	9.5517581701e-01
6.8780384331e+02	9.9079412222e-01	9.4106215239e-01	9.5507085323e-01
6.8822355275e+02	9.9082958698e-01	9.4127827883e-01	9.5512884855e-01
6.8864326219e+02	9.9086487293e-01	9.4148999453e-01	9.5482158661e-01
6.8906297163e+02	9.9089992046e-01	9.4172781706e-01	9.5516645908e-01
6.8948268107e+02	9.9093478918e-01	9.4200146198e-01	9.5491725206e-01
6.8990239051e+02	9.9096941948e-01	9.4216412306e-01	9.5469790697e-01
6.9032209995e+02	9.9100393057e-01	9.4238835573e-01	9.5459580421e-01
6.9074180940e+02	9.9103814363e-01	9.4270598888e-01	9.5465010405e-01
6.9116151884e+02	9.9107223749e-01	9.4293743372e-01	9.5454061031e-01
6.9158122828e+02	9.9110609293e-01	9.4313871861e-01	9.5465242863e-01
6.9200093772e+02	9.9113976955e-01	9.4334077835e-01	9.5412749052e-01
6.9242064716e+02	9.9117326736e-01	9.4361162186e-01	9.5437198877e-01
6.9284035660e+02	9.9120652676e-01	9.4379484653e-01	9.5422279835e-01
6.9326006604e+02	9.9123966694e-01	9.4404071569e-01	9.5440846682e-01
6.9367977548e+02	9.9127256870e-01	9.4429552555e-01	9.5433503389e-01
6.9409948493e+02	9.9130529165e-01	9.4454830885e-01	9.5401716232e-01
6.9451919437e+02	9.9133783579e-01	9.4470953941e-01	9.5380598307e-01
6.9493890381e+02	9.9137014151e-01	9.4501161575e-01	9.5408141613e-01
6.9535861325e+02	9.9140232801e-01	9.4524192810e-01	9.5389586687e-01
6.9577832269e+02	9.9143433571e-01	9.4542241096e-01	9.5362108946e-01
6.9619803213e+02	9.9146616459e-01	9.4566518068e-01	9.5368236303e-01
6.9661774157e+02	9.9149775505e-01	9.4591909647e-01	9.5330476761e-01
6.9703745101e+02	9.9152922630e-01	9.4616466761e-01	9.5327484608e-01
6.9745716046e+02	9.9156051874e-01	9.4637942314e-01	9.5343726873e-01
6.9787686990e+02	9.9159163237e-01	9.4658899307e-01	9.5319467783e-01
6.9829657934e+02	9.9162250757e-01	9.4681757689e-01	9.5324844122e-01
6.9871628878e+02	9.9165332317e-01	9.4709104300e-01	9.5294088125e-01
6.9913599822e+02	9.9168390036e-01	9.4721812010e-01	9.5311510563e-01
6.9955570766e+02	9.9171429873e-01	9.4755285978e-01	9.5303475857e-01
6.9997541710e+02	9.9174457788e-01	9.4779443741e-01	9.5276349783e-01
7.0039512654e+02	9.9177461863e-01	9.4797670841e-01	9.5282387733e-01
7.0081483598e+02	9.9180454016e-01	9.4822049141e-01	9.5264285803e-01
7.0123454543e+02	9.9183428288e-01	9.4848048687e-01	9.5220845938e-01
7.0165425487e+02	9.9186390638e-01	9.4873976707e-01	9.5269834995e-01
7.0207396431e+02	9.9189329147e-01	9.4894057512e-01	9.5215702057e-01
7.0249367375e+02	9.9192255735e-01	9.4911450148e-01	9.5228922367e-01
7.0291338319e+02	9.9195170403e-01	9.4939345121e-01	9.5211768150e-01
7.0333309263e+02	9.9198061228e-01	9.4959831238e-01	9.5217907429e-01
7.0375280207e+02	9.9200940132e-01	9.4975078106e-01	9.5221614838e-01
7.0417251151e+02	9.9203807116e-01	9.4999223948e-01	9.5206558704e-01
7.0459222096e+02	9.9206656218e-01	9.5021021366e-01	9.5199263096e-01
7.0501193040e+02	9.9209487438e-01	9.5043295622e-01	9.5169132948e-01
7.0543163984e+02	9.9212306738e-01	9.5064061880e-01	9.5164531469e-01
7.0585134928e+02	9.9215108156e-01	9.5091736317e-01	9.5174878836e-01
7.0627105872e+02	9.9217891693e-01	9.5109248161e-01	9.5194232464e-01
7.0669076816e+02	9.9220663309e-01	9.5130896568e-01	9.5169562101e-01
7.0711047760e+02	9.9223423004e-01	9.5152163506e-01	9.5158195496e-01
7.0753018704e+02	9.9226164818e-01	9.5160579681e-01	9.5136517286e-01
7.0794989649e+02	9.9228894711e-01	9.5189869404e-01	9.5143520832e-01
7.0836960593e+02	9.9231606722e-01	9.5203858614e-01	9.5144146681e-01
7.0878931537e+02	9.9234306812e-01	9.5240253210e-01	9.5137625933e-01
7.0920902481e+02	9.9236989021e-01	9.5252710581e-01	9.5146453381e-01
7.0962873425e+02	9.9239659309e-01	9.5285546780e-01	9.5132148266e-01
7.1004844369e+02	9.9242317677e-01	9.5299261808e-01	9.5135760307e-01
7.1046815313e+02	9.9244958162e-01	9.5319557190e-01	9.5075279474e-01
7.1088786257e+02	9.9247586727e-01	9.5334756374e-01	9.5091724396e-01
7.1130757201e+02	9.9250197411e-01	9.5361065865e-01	9.5013815165e-01
7.1172728146e+02	9.9252802134e-01	9.5380312204e-01	9.5016902685e-01
7.1214699090e+02	9.9255388975e-01	9.5402443409e-01	9.5033437014e-01
7.1256670034e+02	9.9257963896e-01	9.5419251919e-01	9.5091456175e-01
7.1298640978e+02	9.9260520935e-01	9.5439064503e-01	9.5092386007e-01
7.1340611922e+02	9.9263066053e-01	9.5448750257e-01	9.5058691502e-01
7.1382582866e+02	9.9265599251e-01	9.5471835136e-01	9.5062470436e-01
7.1424553810e+02	9.9268120527e-01	9.5482635498e-01	9.5040637255e-01
7.1466524754e+02	9.9270629883e-01	9.5504760742e-01	9.4996154308e-01
7.1508495699e+02	9.9273121357e-01	9.5528131723e-01	9.5011270046e-01
7.1550466643e+02	9.9275606871e-01	9.5544821024e-01	9.4996738434e-01
7.1592437587e+02	9.9278074503e-01	9.5555359125e-01	9.4988638163e-01
7.1634408531e+02	9.9280530214e-01	9.5575433969e-01	9.4963711500e-01
7.1676379475e+02	9.9282974005e-01	9.5594823360e-01	9.5007884502e-01
7.1718350419e+02	9.9285405874e-01	9.5613169670e-01	9.4984322786e-01
7.1760321363e+02	9.9287819862e-01	9.5629125834e-01	9.4950228930e-01
7.1802292307e+02	9.9290227890e-01	9.5643138885e-01	9.4982486963e-01
7.1844263252e+02	9.9292623997e-01	9.5665484667e-01	9.4920212030e-01
7.1886234196e+02	9.9295002222e-01	9.5680600405e-01	9.4922876358e-01
7.1928205140e+02	9.9297374487e-01	9.5691120625e-01	9.4909518957e-01
7.1970176084e+02	9.9299728870e-01	9.5705693960e-01	9.4876390696e-01
7.2012147028e+02	9.9302077293e-01	9.5718199015e-01	9.4896996021e-01
7.2054117972e+02	9.9304407835e-01	9.5740681887e-01	9.4886153936e-01
7.2096088916e+02	9.9306732416e-01	9.5751470327e-01	9.4857281446e-01
7.2138059860e+02	9.9309039116e-01	9.5767480135e-01	9.4835782051e-01
7.2180030804e+02	9.9311339855e-01	9.5779216290e-01	9.4862067699e-01
7.2222001749e+02	9.9313622713e-01	9.5795685053e-01	9.4829726219e-01
7.2263972693e+02	9.9315899611e-01	9.5811855793e-01	9.4826400280e-01
7.2305943637e+02	9.9318164587e-01	9.5818030834e-01	9.4801509380e-01
7.2347914581e+02	9.9320417643e-01	9.5830661058e-01	9.4807064533e-01
7.2389885525e+02	9.9322658777e-01	9.5845663548e-01	9.4794058800e-01
7.2431856469e+02	9.9324887991e-01	9.5860624313e-01	9.4756400585e-01
7.2473827413e+02	9.9327111244e-01	9.5869082212e-01	9.4720429182e-01
7.2515798357e+02	9.9329316616e-01	9.5889598131e-01	9.4729286432e-01
7.2557769302e+02	9.9331516027e-01	9.5899707079e-01	9.4729745388e-01
7.2599740246e+02	9.9333697557e-01	9.5918041468e-01	9.4695824385e-01
7.2641711190e+02	9.9335873127e-01	9.5923632383e-01	9.4669717550e-01
7.2683682134e+02	9.9338042736e-01	9.5936423540e-01	9.4647222757e-01
7.2725653078e+02	9.9340194464e-01	9.5950955153e-01	9.4608998299e-01
7.2767624022e+02	9.9342340231e-01	9.5958912373e-01	9.4689327478e-01
7.2809594966e+02	9.9344474077e-01	9.5971304178e-01	9.4604706764e-01
7.2851565910e+02	9.9346596003e-01	9.5983022451e-01	9.4603013992e-01
7.2893536855e+02	9.9348706007e-01	9.5994061232e-01	9.4602882862e-01
7.2935507799e+02	9.9350810051e-01	9.6003079414e-01	9.4572484493e-01
7.2977478743e+02	9.9352902174e-01	9.6011191607e-01	9.4523608685e-01
7.3019449687e+02	9.9354982376e-01	9.6022200584e-01	9.4514161348e-01
7.3061420631e+02	9.9357050657e-01	9.6034950018e-01	9.4547057152e-01
7.3103391575e+02	9.9359112978e-01	9.6048873663e-01	9.4513732195e-01
7.3145362519e+02	9.9361169338e-01	9.6053701639e-01	9.4495838881e-01
7.3187333463e+02	9.9363207817e-01	9.6061325073e-01	9.4462889433e-01
7.3229304407e+02	9.9365240335e-01	9.6074295044e-01	9.4433969259e-01
7.3271275352e+02	9.9367260933e-01	9.6079248190e-01	9.4422751665e-01
7.3313246296e+02	9.9369275570e-01	9.6090650558e-01	9.4435125589e-01
7.3355217240e+02	9.9371278286e-01	9.6097356081e-01	9.4354420900e-01
7.3397188184e+02	9.9373269081e-01	9.6105897427e-01	9.4354623556e-01
7.3439159128e+02	9.9375253916e-01	9.6112382412e-01	9.4297885895e-01
7.3481130072e+02	9.9377226830e-01	9.6122622490e-01	9.4262886047e-01
7.3523101016e+02	9.9379193783e-01	9.6128386259e-01	9.4277018309e-01
7.3565071960e+02	9.9381148815e-01	9.6137583256e-01	9.4256556034e-01
7.3607042905e+02	9.9383091927e-01	9.6144944429e-01	9.4231319427e-01
7.3649013849e+02	9.9385029078e-01	9.6157252789e-01	9.4250041246e-01
7.3690984793e+02	9.9386954308e-01	9.6162754297e-01	9.4192647934e-01
7.3732955737e+02	9.9388873577e-01	9.6165710688e-01	9.4181627035e-01
7.3774926681e+02	9.9390780926e-01	9.6168333292e-01	9.4163298607e-01
7.3816897625e+02	9.9392682314e-01	9.6175909042e-01	9.4126075506e-01
7.3858868569e+02	9.9394577742e-01	9.6182638407e-01	9.4154185057e-01
7.3900839513e+02	9.9396455288e-01	9.6191281080e-01	9.4069391489e-01
7.3942810458e+02	9.9398332834e-01	9.6196943521e-01	9.4036132097e-01
7.3984781402e+02	9.9400198460e-01	9.6200108528e-01	9.4016981125e-01
7.4026752346e+02	9.9402052164e-01	9.6205091476e-01	9.4015866518e-01
7.4068723290e+02	9.9403899908e-01	9.6214550734e-01	9.3965739012e-01
7.4110694234e+02	9.9405735731e-01	9.6220797300e-01	9.4025057554e-01
7.4152665178e+02	9.9407571554e-01	9.6228325367e-01	9.3941575289e-01
7.4194636122e+02	9.9409389496e-01	9.6233582497e-01	9.3884730339e-01
7.4236607066e+02	9.9411201477e-01	9.6236562729e-01	9.3857270479e-01
7.4278578010e+02	9.9413007498e-01	9.6242237091e-01	9.3884170055e-01
7.4320548955e+02	9.9414807558e-01	9.6248847246e-01	9.3863391876e-01
7.4362519899e+02	9.9416595697e-01	9.6253699064e-01	9.3838173151e-01
7.4404490843e+02	9.9418371916e-01	9.6261167526e-01	9.3822652102e-01
7.4446461787e+02	9.9420148134e-01	9.6262580156e-01	9.3803709745e-01
7.4488432731e+02	9.9421906471e-01	9.6269011497e-01	9.3768113852e-01
7.4530403675e+02	9.9423664808e-01	9.6270179749e-01	9.3719106913e-01
7.4572374619e+02	9.9425411224e-01	9.6277880669e-01	9.3768775463e-01
7.4614345563e+02	9.9427151680e-01	9.6286565065e-01	9.3736273050e-01
7.4656316508e+02	9.9428886175e-01	9.6286326647e-01	9.3722605705e-01
7.4698287452e+02	9.9430608749e-01	9.6289718151e-01	9.3635034561e-01
7.4740258396e+02	9.9432325363e-01	9.6293252707e-01	9.3650585413e-01
7.4782229340e+02	9.9434030056e-01	9.6299850941e-01	9.3655586243e-01
7.4824200284e+02	9.9435728788e-01	9.6302950382e-01	9.3560999632e-01
7.4866171228e+02	9.9437421560e-01	9.6308988333e-01	9.3575137854e-01
7.4908142172e+02	9.9439108372e-01	9.6311748028e-01	9.3537074327e-01
7.4950113116e+02	9.9440783262e-01	9.6314084530e-01	9.3527984619e-01
7.4992084061e+02	9.9442458153e-01	9.6318054199e-01	9.3534147739e-01
7.5034055005e+02	9.9444121122e-01	9.6321225166e-01	9.3497616053e-01
7.5076025949e+02	9.9445772171e-01	9.6322447062e-01	9.3425631523e-01
7.5117996893e+02	9.9447423220e-01	9.6331810951e-01	9.3481236696e-01
7.5159967837e+02	9.9449062347e-01	9.6332186460e-01	9.3423426151e-01
7.5201938781e+02	9.9450695515e-01	9.6336567402e-01	9.3415236473e-01
7.5243909725e+02	9.9452316761e-01	9.6339106560e-01	9.3386119604e-01
7.5285880669e+02	9.9453938007e-01	9.6343994141e-01	9.3302786350e-01
7.5327851613e+02	9.9455547333e-01	9.6348035336e-01	9.3288308382e-01
7.5369822558e+02	9.9457150698e-01	9.6347779036e-01	9.3307536840e-01
7.5411793502e+02	9.9458748102e-01	9.6353089809e-01	9.3267172575e-01
7.5453764446e+02	9.9460339546e-01	9.6356213093e-01	9.3250513077e-01
7.5495735390e+02	9.9461919069e-01	9.6359634399e-01	9.3241381645e-01
7.5537706334e+02	9.9463492632e-01	9.6360760927e-01	9.3109536171e-01
7.5579677278e+02	9.9465066195e-01	9.6363294125e-01	9.3136626482e-01
7.5621648222e+02	9.9466627836e-01	9.6368920803e-01	9.3118077517e-01
7.5663619166e+02	9.9468177557e-01	9.6370524168e-01	9.3093824387e-01
7.5705590111e+02	9.9469727278e-01	9.6373844147e-01	9.3052804470e-01
7.5747561055e+02	9.9471271038e-01	9.6377044916e-01	9.3044364452e-01
7.5789531999e+02	9.9472802877e-01	9.6377456188e-01	9.3049079180e-01
7.5831502943e+02	9.9474328756e-01	9.6377420425e-01	9.2987996340e-01
7.5873473887e+02	9.9475854635e-01	9.6380543709e-01	9.2968499660e-01
7.5915444831e+02	9.9477368593e-01	9.6384066343e-01	9.2984884977e-01
7.5957415775e+02	9.9478876591e-01	9.6388041973e-01	9.2957615852e-01
7.5999386719e+02	9.9480372667e-01	9.6386313438e-01	9.2910301685e-01
7.6041357664e+02	9.9481868744e-01	9.6391677856e-01	9.2847734690e-01
7.6083328608e+02	9.9483358860e-01	9.6393579245e-01	9.2851257324e-01
7.6125299552e+02	9.9484837055e-01	9.6395242214e-01	9.2730891705e-01
7.6167270496e+02	9.9486315250e-01	9.6401590109e-01	9.2752134800e-01
7.6209241440e+02	9.9487781525e-01	9.6401548386e-01	9.2743802071e-01
7.6251212384e+02	9.9489247799e-01	9.6395719051e-01	9.2693799734e-01
7.6293183328e+02	9.9490702152e-01	9.6402972937e-01	9.2692232132e-01
7.6335154272e+02	9.9492150545e-01	9.6406489611e-01	9.2640411854e-01
7.6377125216e+02	9.9493598938e-01	9.6403872967e-01	9.2581164837e-01
7.6419096161e+02	9.9495035410e-01	9.6406608820e-01	9.2590975761e-01
7.6461067105e+02	9.9496465921e-01	9.6410351992e-01	9.2558401823e-01
7.6503038049e+02	9.9497890472e-01	9.6410256624e-01	9.2537301779e-01
7.6545008993e+02	9.9499309063e-01	9.6413564682e-01	9.2523866892e-01
7.6586979937e+02	9.9500721693e-01	9.6412867308e-01	9.2472380400e-01
7.6628950881e+02	9.9502128363e-01	9.6413004398e-01	9.2454320192e-01
7.6670921825e+02	9.9503529072e-01	9.6415072680e-01	9.2445546389e-01
7.6712892769e+02	9.9504929781e-01	9.6420657635e-01	9.2414647341e-01
7.6754863714e+02	9.9506318569e-01	9.6419817209e-01	9.2366367579e-01
7.6796834658e+02	9.9507701397e-01	9.6422153711e-01	9.2356806993e-01
7.6838805602e+02	9.9509078264e-01	9.6422308683e-01	9.2334687710e-01
7.6880776546e+02	9.9510449171e-01	9.6422255039e-01	9.2293298244e-01
7.6922747490e+02	9.9511814117e-01	9.6421635151e-01	9.2319351435e-01
7.6964718434e+02	9.9513173103e-01	9.6424680948e-01	9.2257112265e-01
7.7006689378e+02	9.9514532089e-01	9.6425956488e-01	9.2261737585e-01
7.7048660322e+02	9.9515879154e-01	9.6427196264e-01	9.2267006636e-01
7.7090631267e+02	9.9517220259e-01	9.6426653862e-01	9.2161458731e-01
7.7132602211e+02	9.9518561363e-01	9.6427810192e-01	9.2162269354e-01
7.7174573155e+02	9.9519890547e-01	9.6427810192e-01	9.2192614079e-01
7.7216544099e+02	9.9521219730e-01	9.6431255341e-01	9.2171508074e-01
7.7258515043e+02	9.9522542953e-01	9.6429336071e-01	9.2206400633e-01
7.7300485987e+02	9.9523854256e-01	9.6434736252e-01	9.2078304291e-01
7.7342456931e+02	9.9525165558e-01	9.6431356668e-01	9.2031383514e-01
7.7384427875e+02	9.9526470900e-01	9.6428251266e-01	9.2012888193e-01
7.7426398819e+02	9.9527770281e-01	9.6430432796e-01	9.2016702890e-01
7.7468369764e+02	9.9529063702e-01	9.6434712410e-01	9.2021781206e-01
7.7510340708e+02	9.9530351162e-01	9.6432584524e-01	9.1960257292e-01
7.7552311652e+02	9.9531632662e-01	9.6430057287e-01	9.1928219795e-01
7.7594282596e+02	9.9532914162e-01	9.6426171064e-01	9.1922760010e-01
7.7636253540e+02	9.9534183741e-01	9.6432906389e-01	9.1866767406e-01
7.7678224484e+02	9.9535453320e-01	9.6435368061e-01	9.1878813505e-01
7.7720195428e+02	9.9536716938e-01	9.6435046196e-01	9.1826981306e-01
7.7762166372e+02	9.9537974596e-01	9.6435815096e-01	9.1804021597e-01
7.7804137317e+02	9.9539226294e-01	9.6430146694e-01	9.1771328449e-01
7.7846108261e+02	9.9540472031e-01	9.6434170008e-01	9.1777968407e-01
7.7888079205e+02	9.9541711807e-01	9.6429640055e-01	9.1832041740e-01
7.7930050149e+02	9.9542951584e-01	9.6431291103e-01	9.1751164198e-01
7.7972021093e+02	9.9544179440e-01	9.6426200867e-01	9.1720807552e-01
7.8013992037e+02	9.9545407295e-01	9.6428471804e-01	9.1715544462e-01
7.8055962981e+02	9.9546629190e-01	9.6427386999e-01	9.1718000174e-01
7.8097933925e+02	9.9547845125e-01	9.6423661709e-01	9.1735774279e-01
7.8139904870e+02	9.9549055099e-01	9.6424973011e-01	9.1632950306e-01
7.8181875814e+02	9.9550265074e-01	9.6425604820e-01	9.1595309973e-01
7.8223846758e+02	9.9551469088e-01	9.6418422461e-01	9.1548347473e-01
7.8265817702e+02	9.9552661180e-01	9.6419531107e-01	9.1525602341e-01
7.8307788646e+02	9.9553859234e-01	9.6418565512e-01	9.1532903910e-01
7.8349759590e+02	9.9555045366e-01	9.6422696114e-01	9.1595780849e-01
7.8391730534e+02	9.9556225538e-01	9.6419084072e-01	9.1481196880e-01
7.8433701478e+02	9.9557405710e-01	9.6414256096e-01	9.1436803341e-01
7.8475672422e+02	9.9558579922e-01	9.6416437626e-01	9.1472864151e-01
7.8517643367e+02	9.9559748173e-01	9.6413588524e-01	9.1390919685e-01
7.8559614311e+02	9.9560910463e-01	9.6411198378e-01	9.1402041912e-01
7.8601585255e+02	9.9562072754e-01	9.6410894394e-01	9.1373676062e-01
7.8643556199e+02	9.9563223124e-01	9.6407747269e-01	9.1413807869e-01
7.8685527143e+02	9.9564373493e-01	9.6405214071e-01	9.1371637583e-01
7.8727498087e+02	9.9565523863e-01	9.6400457621e-01	9.1409850121e-01
7.8769469031e+02	9.9566662312e-01	9.6403074265e-01	9.1327691078e-01
7.8811439975e+02	9.9567800760e-01	9.6395927668e-01	9.1285741329e-01
7.8853410920e+02	9.9568933249e-01	9.6393769979e-01	9.1272509098e-01
7.8895381864e+02	9.9570059776e-01	9.6390271187e-01	9.1257435083e-01
7.8937352808e+02	9.9571180344e-01	9.6386069059e-01	9.1256344318e-01
7.8979323752e+02	9.9572300911e-01	9.6385061741e-01	9.1170638800e-01
7.9021294696e+02	9.9573415518e-01	9.6380501986e-01	9.1247272491e-01
7.9063265640e+02	9.9574524164e-01	9.6378719807e-01	9.1156035662e-01
7.9105236584e+02	9.9575632811e-01	9.6373838186e-01	9.1192334890e-01
7.9147207528e+02	9.9576729536e-01	9.6370714903e-01	9.1058909893e-01
7.9189178473e+02	9.9577826262e-01	9.6368342638e-01	9.1110414267e-01
7.9231149417e+02	9.9578922987e-01	9.6359080076e-01	9.1066241264e-01
7.9273120361e+02	9.9580007792e-01	9.6353864670e-01	9.1052019596e-01
7.9315091305e+02	9.9581092596e-01	9.6353876591e-01	9.1000014544e-01
7.9357062249e+02	9.9582171440e-01	9.6348053217e-01	9.1036349535e-01
7.9399033193e+02	9.9583250284e-01	9.6340554953e-01	9.0952396393e-01
7.9441004137e+02	9.9584323168e-01	9.6335411072e-01	9.0934610367e-01
7.9482975081e+02	9.9585390091e-01	9.6330255270e-01	9.0929377079e-01
7.9524946025e+02	9.9586451054e-01	9.6322488785e-01	9.0879315138e-01
7.9566916970e+02	9.9587512016e-01	9.6318662167e-01	9.0864640474e-01
7.9608887914e+02	9.9588567019e-01	9.6309781075e-01	9.0838444233e-01
7.9650858858e+02	9.9589616060e-01	9.6302825212e-01	9.0855985880e-01
7.9692829802e+02	9.9590665102e-01	9.6298217773e-01	9.0847772360e-01
7.9734800746e+02	9.9591708183e-01	9.6286642551e-01	9.0785104036e-01
7.9776771690e+02	9.9592745304e-01	9.6278125048e-01	9.0782678127e-01
7.9818742634e+02	9.9593782425e-01	9.6273869276e-01	9.0747499466e-01
7.9860713578e+02	9.9594813585e-01	9.6266436577e-01	9.0737056732e-01
7.9902684523e+02	9.9595838785e-01	9.6261328459e-01	9.0698909760e-01
7.9944655467e+02	9.9596863985e-01	9.6253311634e-01	9.0693348646e-01
