wavelength_nm	ideal_target_transmittance	tandem_response_transmittance
3.7973711347e+02	8.2824158669e-01	9.1541135311e-01
3.8015682291e+02	8.2502508163e-01	9.1437041759e-01
3.8057653235e+02	8.2171899080e-01	9.1358125210e-01
3.8099624179e+02	8.1832009554e-01	9.1122174263e-01
3.8141595123e+02	8.1482517719e-01	9.0813201666e-01
3.8183566067e+02	8.1123071909e-01	9.0422761440e-01
3.8225537011e+02	8.0753326416e-01	8.9961868525e-01
3.8267507956e+02	8.0372905731e-01	8.9485079050e-01
3.8309478900e+02	7.9981434345e-01	8.8811784983e-01
3.8351449844e+02	7.9578500986e-01	8.8129544258e-01
3.8393420788e+02	7.9163700342e-01	8.7413942814e-01
3.8435391732e+02	7.8736597300e-01	8.6687266827e-01
3.8477362676e+02	7.8296744823e-01	8.5862064362e-01
3.8519333620e+02	7.7843677998e-01	8.5057502985e-01
3.8561304564e+02	7.7376914024e-01	8.4209495783e-01
3.8603275508e+02	7.6895952225e-01	8.3362084627e-01
3.8645246453e+02	7.6400268078e-01	8.2460683584e-01
3.8687217397e+02	7.5889325142e-01	8.1508308649e-01
3.8729188341e+02	7.5362563133e-01	8.0587649345e-01
3.8771159285e+02	7.4819397926e-01	7.9681473970e-01
3.8813130229e+02	7.4259233475e-01	7.8734499216e-01
3.8855101173e+02	7.3681449890e-01	7.7768093348e-01
3.8897072117e+02	7.3085397482e-01	7.6824396849e-01
3.8939043061e+02	7.2470420599e-01	7.5855433941e-01
3.8981014006e+02	7.1835827827e-01	7.4878978729e-01
3.9022984950e+02	7.1180915833e-01	7.3883754015e-01
3.9064955894e+02	7.0504951477e-01	7.2864156961e-01
3.9106926838e+02	6.9807195663e-01	7.1893179417e-01
3.9148897782e+02	6.9086879492e-01	7.0862686634e-01
3.9190868726e+02	6.8343216181e-01	6.9792085886e-01
3.9232839670e+02	6.7575395107e-01	6.8726617098e-01
3.9274810614e+02	6.6782599688e-01	6.7748802900e-01
3.9316781559e+02	6.5964001417e-01	6.6735953093e-01
3.9358752503e+02	6.5118747950e-01	6.5714681149e-01
3.9400723447e+02	6.4245986938e-01	6.4579552412e-01
3.9442694391e+02	6.3344860077e-01	6.3427388668e-01
3.9484665335e+02	6.2414497137e-01	6.2313795090e-01
3.9526636279e+02	6.1454039812e-01	6.1151689291e-01
3.9568607223e+02	6.0462641716e-01	6.0054671764e-01
3.9610578167e+02	5.9439468384e-01	5.8909928799e-01
3.9652549111e+02	5.8383697271e-01	5.7734751701e-01
3.9694520056e+02	5.7294541597e-01	5.6516623497e-01
3.9736491000e+02	5.6171268225e-01	5.5296790600e-01
3.9778461944e+02	5.5013179779e-01	5.4026263952e-01
3.9820432888e+02	5.3819644451e-01	5.2763760090e-01
3.9862403832e+02	5.2590107918e-01	5.1491576433e-01
3.9904374776e+02	5.1324111223e-01	5.0268262625e-01
3.9946345720e+02	5.0021302700e-01	4.9008715153e-01
3.9988316664e+02	4.8681458831e-01	4.7706419230e-01
4.0030287609e+02	4.7304508090e-01	4.6360993385e-01
4.0072258553e+02	4.5890554786e-01	4.5003160834e-01
4.0114229497e+02	4.4439890981e-01	4.3813192844e-01
4.0156200441e+02	4.2953044176e-01	4.2460685968e-01
4.0198171385e+02	4.1430792212e-01	4.1040638089e-01
4.0240142329e+02	3.9874193072e-01	3.9718323946e-01
4.0282113273e+02	3.8284626603e-01	3.8397541642e-01
4.0324084217e+02	3.6663824320e-01	3.7404724956e-01
4.0366055162e+02	3.5013896227e-01	3.6199617386e-01
4.0408026106e+02	3.3337375522e-01	3.4911733866e-01
4.0449997050e+02	3.1637248397e-01	3.4072932601e-01
4.0491967994e+02	2.9916980863e-01	3.2584512234e-01
4.0533938938e+02	2.8180560470e-01	3.0779367685e-01
4.0575909882e+02	2.6432511210e-01	3.0074858665e-01
4.0617880826e+02	2.4677926302e-01	2.8865456581e-01
4.0659851770e+02	2.2922469676e-01	2.7671235800e-01
4.0701822714e+02	2.1172390878e-01	2.6366999745e-01
4.0743793659e+02	1.9434523582e-01	2.5132229924e-01
4.0785764603e+02	1.7716261744e-01	2.3945468664e-01
4.0827735547e+02	1.6025541723e-01	2.2717048228e-01
4.0869706491e+02	1.4370790124e-01	2.1447302401e-01
4.0911677435e+02	1.2760871649e-01	2.0223967731e-01
4.0953648379e+02	1.1205006391e-01	1.8999169767e-01
4.0995619323e+02	9.7126841545e-02	1.7712086439e-01
4.1037590267e+02	8.2935467362e-02	1.6605284810e-01
4.1079561212e+02	6.9572672248e-02	1.5399365127e-01
4.1121532156e+02	5.7134065777e-02	1.4264990389e-01
4.1163503100e+02	4.5712649822e-02	1.3175392151e-01
4.1205474044e+02	3.5397198051e-02	1.2178432941e-01
4.1247444988e+02	2.6270644739e-02	1.1177688092e-01
4.1289415932e+02	1.8408464268e-02	1.0212409496e-01
4.1331386876e+02	1.1877128854e-02	9.3441352248e-02
4.1373357820e+02	6.7326850258e-03	8.4579162300e-02
4.1415328765e+02	3.0195056461e-03	7.6586119831e-02
4.1457299709e+02	7.6927186456e-04	6.8576149642e-02
4.1499270653e+02	2.2446968728e-07	6.1050739139e-02
4.1541241597e+02	7.1671372280e-04	5.4053790867e-02
4.1583212541e+02	2.9090717435e-03	4.8059072345e-02
4.1625183485e+02	6.5538114868e-03	4.2242843658e-02
4.1667154429e+02	1.1614142917e-02	4.1942507029e-02
4.1709125373e+02	1.8040789291e-02	3.9633449167e-02
4.1751096317e+02	2.5773063302e-02	3.6682128906e-02
4.1793067262e+02	3.4740161151e-02	3.5794556141e-02
4.1835038206e+02	4.4862627983e-02	3.6949470639e-02
4.1877009150e+02	5.6053943932e-02	3.5583984107e-02
4.1918980094e+02	6.8222142756e-02	3.6608621478e-02
4.1960951038e+02	8.1271469593e-02	3.9758916944e-02
4.2002921982e+02	9.5103964210e-02	4.4836651534e-02
4.2044892926e+02	1.0962097347e-01	5.0918575376e-02
4.2086863870e+02	1.2472454458e-01	5.7918269187e-02
4.2128834815e+02	1.4031864703e-01	6.7172527313e-02
4.2170805759e+02	1.5631030500e-01	7.8611344099e-02
4.2212776703e+02	1.7261040211e-01	9.1859340668e-02
4.2254747647e+02	1.8913449347e-01	1.0800167918e-01
4.2296718591e+02	2.0580333471e-01	1.2649425864e-01
4.2338689535e+02	2.2254326940e-01	1.4837233722e-01
4.2380660479e+02	2.3928649724e-01	1.7068767548e-01
4.2422631423e+02	2.5597116351e-01	1.9623157382e-01
4.2464602368e+02	2.7254143357e-01	2.2297868133e-01
4.2506573312e+02	2.8894722462e-01	2.5095617771e-01
4.2548544256e+02	3.0514422059e-01	2.7965337038e-01
4.2590515200e+02	3.2109361887e-01	3.0823436379e-01
4.2632486144e+02	3.3676162362e-01	3.3634355664e-01
4.2674457088e+02	3.5211944580e-01	3.6409464478e-01
4.2716428032e+02	3.6714267731e-01	3.9110478759e-01
4.2758398976e+02	3.8181117177e-01	4.1580128670e-01
4.2800369920e+02	3.9610850811e-01	4.4026294351e-01
4.2842340865e+02	4.1002166271e-01	4.6317067742e-01
4.2884311809e+02	4.2354086041e-01	4.7985717654e-01
4.2926282753e+02	4.3665891886e-01	4.9651676416e-01
4.2968253697e+02	4.4937124848e-01	5.1694399118e-01
4.3010224641e+02	4.6167534590e-01	5.2681845427e-01
4.3052195585e+02	4.7357064486e-01	5.4393565655e-01
4.3094166529e+02	4.8505818844e-01	5.5264979601e-01
4.3136137473e+02	4.9614039063e-01	5.6232416630e-01
4.3178108418e+02	5.0682097673e-01	5.7129603624e-01
4.3220079362e+02	5.1710450649e-01	5.8013689518e-01
4.3262050306e+02	5.2699655294e-01	5.8611762524e-01
4.3304021250e+02	5.3650325537e-01	5.8837151527e-01
4.3345992194e+02	5.4563128948e-01	5.9847497940e-01
4.3387963138e+02	5.5438780785e-01	5.9817469120e-01
4.3429934082e+02	5.6278020144e-01	6.0685437918e-01
4.3471905026e+02	5.7081609964e-01	5.9304839373e-01
4.3513875971e+02	5.7850337029e-01	5.9255230427e-01
4.3555846915e+02	5.8584976196e-01	5.9997403622e-01
4.3597817859e+02	5.9286320210e-01	5.9985882044e-01
4.3639788803e+02	5.9955132008e-01	5.9863567352e-01
4.3681759747e+02	6.0592192411e-01	5.9725743532e-01
4.3723730691e+02	6.1198252439e-01	5.9578013420e-01
4.3765701635e+02	6.1774039268e-01	5.9508723021e-01
4.3807672579e+02	6.2320274115e-01	5.9257906675e-01
4.3849643523e+02	6.2837654352e-01	5.8999085426e-01
4.3891614468e+02	6.3326835632e-01	5.8802932501e-01
4.3933585412e+02	6.3788467646e-01	5.8530622721e-01
4.3975556356e+02	6.4223158360e-01	5.8275574446e-01
4.4017527300e+02	6.4631497860e-01	5.7968556881e-01
4.4059498244e+02	6.5014040470e-01	5.7609409094e-01
4.4101469188e+02	6.5371304750e-01	5.7221835852e-01
4.4143440132e+02	6.5703797340e-01	5.6933337450e-01
4.4185411076e+02	6.6011971235e-01	5.6549620628e-01
4.4227382021e+02	6.6296267509e-01	5.6195682287e-01
4.4269352965e+02	6.6557079554e-01	5.5709719658e-01
4.4311323909e+02	6.6794782877e-01	5.5461752415e-01
4.4353294853e+02	6.7009711266e-01	5.5180436373e-01
4.4395265797e+02	6.7202174664e-01	5.4655033350e-01
4.4437236741e+02	6.7372453213e-01	5.3958225250e-01
4.4479207685e+02	6.7520785332e-01	5.2206957340e-01
4.4521178629e+02	6.7647385597e-01	5.4192686081e-01
4.4563149574e+02	6.7752444744e-01	5.4271030426e-01
4.4605120518e+02	6.7836105824e-01	5.1585954428e-01
4.4647091462e+02	6.7898488045e-01	5.1690399647e-01
4.4689062406e+02	6.7939692736e-01	5.1492094994e-01
4.4731033350e+02	6.7959773540e-01	5.1117384434e-01
4.4773004294e+02	6.7958760262e-01	5.0145089626e-01
4.4814975238e+02	6.7936646938e-01	4.9583756924e-01
4.4856946182e+02	6.7893409729e-01	4.8967140913e-01
4.4898917126e+02	6.7828983068e-01	4.8021864891e-01
4.4940888071e+02	6.7743271589e-01	4.9463558197e-01
4.4982859015e+02	6.7636144161e-01	4.5502343774e-01
4.5024829959e+02	6.7507463694e-01	4.5976191759e-01
4.5066800903e+02	6.7357027531e-01	4.5484870672e-01
4.5108771847e+02	6.7184627056e-01	4.4779136777e-01
4.5150742791e+02	6.6990017891e-01	4.4152373075e-01
4.5192713735e+02	6.6772907972e-01	4.3792146444e-01
4.5234684679e+02	6.6532999277e-01	4.2961448431e-01
4.5276655624e+02	6.6269946098e-01	4.2239212990e-01
4.5318626568e+02	6.5983372927e-01	4.1477349401e-01
4.5360597512e+02	6.5672874451e-01	4.0659320354e-01
4.5402568456e+02	6.5338021517e-01	3.9868688583e-01
4.5444539400e+02	6.4978343248e-01	3.9014706016e-01
4.5486510344e+02	6.4593344927e-01	3.8242766261e-01
4.5528481288e+02	6.4182496071e-01	3.7318500876e-01
4.5570452232e+02	6.3745236397e-01	3.6451196671e-01
4.5612423177e+02	6.3280981779e-01	3.5647302866e-01
4.5654394121e+02	6.2789118290e-01	3.4676611423e-01
4.5696365065e+02	6.2268990278e-01	3.3583721519e-01
4.5738336009e+02	6.1719942093e-01	3.2616570592e-01
4.5780306953e+02	6.1141276360e-01	3.1884175539e-01
4.5822277897e+02	6.0532265902e-01	3.1258341670e-01
4.5864248841e+02	5.9892183542e-01	2.9758223891e-01
4.5906219785e+02	5.9220272303e-01	2.8916236758e-01
4.5948190729e+02	5.8515763283e-01	2.8373748064e-01
4.5990161674e+02	5.7777881622e-01	2.6799342036e-01
4.6032132618e+02	5.7005834579e-01	2.5696325302e-01
4.6074103562e+02	5.6198847294e-01	2.4646529555e-01
4.6116074506e+02	5.5356132984e-01	2.3721292615e-01
4.6158045450e+02	5.4476940632e-01	2.2801217437e-01
4.6200016394e+02	5.3560525179e-01	2.1958616376e-01
4.6241987338e+02	5.2606177330e-01	2.1085181832e-01
4.6283958282e+02	5.1613235474e-01	1.9889862835e-01
4.6325929227e+02	5.0581079721e-01	1.9279840589e-01
4.6367900171e+02	4.9509179592e-01	1.8247032166e-01
4.6409871115e+02	4.8397073150e-01	1.6933178902e-01
4.6451842059e+02	4.7244405746e-01	1.6105163097e-01
4.6493813003e+02	4.6050947905e-01	1.5281307697e-01
4.6535783947e+02	4.4816604257e-01	1.4364470541e-01
4.6577754891e+02	4.3541452289e-01	1.3433624804e-01
4.6619725835e+02	4.2225763202e-01	1.2624534965e-01
4.6661696780e+02	4.0870019794e-01	1.1676555872e-01
4.6703667724e+02	3.9474961162e-01	1.0874123871e-01
4.6745638668e+02	3.8041594625e-01	1.0095988214e-01
4.6787609612e+02	3.6571258307e-01	9.3257166445e-02
4.6829580556e+02	3.5065618157e-01	8.6071886122e-02
4.6871551500e+02	3.3526742458e-01	7.8434079885e-02
4.6913522444e+02	3.1957098842e-01	7.2100624442e-02
4.6955493388e+02	3.0359625816e-01	6.5735824406e-02
4.6997464332e+02	2.8737738729e-01	6.0329977423e-02
4.7039435277e+02	2.7095374465e-01	5.4155867547e-02
4.7081406221e+02	2.5437021255e-01	4.9319010228e-02
4.7123377165e+02	2.3767739534e-01	4.5310027897e-02
4.7165348109e+02	2.2093169391e-01	4.0853869170e-02
4.7207319053e+02	2.0419555902e-01	3.7275716662e-02
4.7249289997e+02	1.8753734231e-01	3.2406400889e-02
4.7291260941e+02	1.7103126645e-01	3.0546570197e-02
4.7333231885e+02	1.5475709736e-01	2.7208739892e-02
4.7375202830e+02	1.3879975677e-01	2.6551486924e-02
4.7417173774e+02	1.2324873358e-01	2.3662703112e-02
4.7459144718e+02	1.0819737613e-01	2.0689120516e-02
4.7501115662e+02	9.3741938472e-02	2.0571181551e-02
4.7543086606e+02	7.9980500042e-02	1.9936155528e-02
4.7585057550e+02	6.7011706531e-02	1.8921803683e-02
4.7627028494e+02	5.4933365434e-02	1.8300637603e-02
4.7668999438e+02	4.3840952218e-02	1.8831979483e-02
4.7710970383e+02	3.3825971186e-02	1.9759273157e-02
4.7752941327e+02	2.4974334985e-02	2.0548148081e-02
4.7794912271e+02	1.7364736646e-02	2.1940153092e-02
4.7836883215e+02	1.1067063548e-02	2.3730838671e-02
4.7878854159e+02	6.1409617774e-03	2.5346443057e-02
4.7920825103e+02	2.6345495135e-03	2.7258021757e-02
4.7962796047e+02	5.8336689835e-04	3.0110416934e-02
4.8004766991e+02	9.5896048151e-06	3.2735388726e-02
4.8046737935e+02	9.2154025333e-04	3.5661708564e-02
4.8088708880e+02	3.3135216217e-03	4.2148016393e-02
4.8130679824e+02	7.1659758687e-03	4.9099765718e-02
4.8172650768e+02	1.2445962057e-02	5.5884722620e-02
4.8214621712e+02	1.9107937813e-02	6.4276419580e-02
4.8256592656e+02	2.7094796300e-02	7.4194788933e-02
4.8298563600e+02	3.6339133978e-02	8.5071608424e-02
4.8340534544e+02	4.6764690429e-02	9.7223132849e-02
4.8382505488e+02	5.8287899941e-02	1.1103507876e-01
4.8424476433e+02	7.0819512010e-02	1.2787827849e-01
4.8466447377e+02	8.4266200662e-02	1.4534892142e-01
4.8508418321e+02	9.8532192409e-02	1.6378754377e-01
4.8550389265e+02	1.1352071911e-01	1.8290448189e-01
4.8592360209e+02	1.2913545966e-01	2.0390933752e-01
4.8634331153e+02	1.4528173208e-01	2.2531025112e-01
4.8676302097e+02	1.6186764836e-01	2.4694782495e-01
4.8718273041e+02	1.7880493402e-01	2.6957568526e-01
4.8760243986e+02	1.9600977004e-01	2.8674724698e-01
4.8802214930e+02	2.1340332925e-01	3.1025844812e-01
4.8844185874e+02	2.3091216385e-01	3.3600759506e-01
4.8886156818e+02	2.4846851826e-01	3.5250744224e-01
4.8928127762e+02	2.6601046324e-01	3.5499438643e-01
4.8970098706e+02	2.8348186612e-01	3.9079293609e-01
4.9012069650e+02	3.0083242059e-01	4.1680973768e-01
4.9054040594e+02	3.1801736355e-01	4.2748656869e-01
4.9096011538e+02	3.3499735594e-01	4.4553604722e-01
4.9137982483e+02	3.5173821449e-01	4.5989862084e-01
4.9179953427e+02	3.6821049452e-01	4.7719722986e-01
4.9221924371e+02	3.8438934088e-01	4.9039176106e-01
4.9263895315e+02	4.0025395155e-01	5.0714296103e-01
4.9305866259e+02	4.1578745842e-01	5.2403128147e-01
4.9347837203e+02	4.3097633123e-01	5.3628039360e-01
4.9389808147e+02	4.4581028819e-01	5.4710364342e-01
4.9431779091e+02	4.6028178930e-01	5.5944943428e-01
4.9473750036e+02	4.7438585758e-01	5.7259488106e-01
4.9515720980e+02	4.8811966181e-01	5.8476161957e-01
4.9557691924e+02	5.0148242712e-01	5.9423106909e-01
4.9599662868e+02	5.1447498798e-01	6.0483324528e-01
4.9641633812e+02	5.2709966898e-01	6.1519175768e-01
4.9683604756e+02	5.3936022520e-01	6.2307590246e-01
4.9725575700e+02	5.5126124620e-01	6.3282424212e-01
4.9767546644e+02	5.6280833483e-01	6.4144051075e-01
4.9809517589e+02	5.7400792837e-01	6.5066272020e-01
4.9851488533e+02	5.8486700058e-01	6.5901643038e-01
4.9893459477e+02	5.9539300203e-01	6.6759020090e-01
4.9935430421e+02	6.0559386015e-01	6.7424982786e-01
4.9977401365e+02	6.1547768116e-01	6.8204921484e-01
5.0019372309e+02	6.2505292892e-01	6.8884032965e-01
5.0061343253e+02	6.3432806730e-01	6.9724273682e-01
5.0103314197e+02	6.4331167936e-01	7.0023512840e-01
5.0145285141e+02	6.5201246738e-01	7.0733851194e-01
5.0187256086e+02	6.6043895483e-01	7.1404087543e-01
5.0229227030e+02	6.6859978437e-01	7.1924120188e-01
5.0271197974e+02	6.7650330067e-01	7.2264659405e-01
5.0313168918e+02	6.8415790796e-01	7.2847360373e-01
5.0355139862e+02	6.9157177210e-01	7.3500698805e-01
5.0397110806e+02	6.9875293970e-01	7.4202066660e-01
5.0439081750e+02	7.0570915937e-01	7.4643015862e-01
5.0481052694e+02	7.1244817972e-01	7.5134712458e-01
5.0523023639e+02	7.1897745132e-01	7.5615358353e-01
5.0564994583e+02	7.2530424595e-01	7.6062250137e-01
5.0606965527e+02	7.3143553734e-01	7.7035796642e-01
5.0648936471e+02	7.3737818003e-01	7.7412056923e-01
5.0690907415e+02	7.4313879013e-01	7.7373510599e-01
5.0732878359e+02	7.4872380495e-01	7.7802872658e-01
5.0774849303e+02	7.5413936377e-01	7.8186386824e-01
5.0816820247e+02	7.5939154625e-01	7.8725481033e-01
5.0858791192e+02	7.6448607445e-01	7.8876596689e-01
5.0900762136e+02	7.6942855120e-01	7.9354375601e-01
5.0942733080e+02	7.7422428131e-01	7.9586803913e-01
5.0984704024e+02	7.7887851000e-01	8.0225020647e-01
5.1026674968e+02	7.8339630365e-01	8.0269092321e-01
5.1068645912e+02	7.8778231144e-01	8.0665344000e-01
5.1110616856e+02	7.9204136133e-01	8.0932241678e-01
5.1152587800e+02	7.9617774487e-01	8.1237155199e-01
5.1194558744e+02	8.0019587278e-01	8.1509089470e-01
5.1236529689e+02	8.0409979820e-01	8.1764441729e-01
5.1278500633e+02	8.0789357424e-01	8.1929546595e-01
5.1320471577e+02	8.1158095598e-01	8.2204681635e-01
5.1362442521e+02	8.1516563892e-01	8.2373666763e-01
5.1404413465e+02	8.1865119934e-01	8.2620692253e-01
5.1446384409e+02	8.2204103470e-01	8.2852643728e-01
5.1488355353e+02	8.2533836365e-01	8.3069443703e-01
5.1530326297e+02	8.2854640484e-01	8.3231985569e-01
5.1572297242e+02	8.3166813850e-01	8.3431094885e-01
5.1614268186e+02	8.3470648527e-01	8.3665740490e-01
5.1656239130e+02	8.3766418695e-01	8.3863884211e-01
5.1698210074e+02	8.4054404497e-01	8.4070521593e-01
5.1740181018e+02	8.4334862232e-01	8.4326219559e-01
5.1782151962e+02	8.4608036280e-01	8.4521543980e-01
5.1824122906e+02	8.4874165058e-01	8.4759175777e-01
5.1866093850e+02	8.5133486986e-01	8.4941130877e-01
5.1908064795e+02	8.5386216640e-01	8.5413372517e-01
5.1950035739e+02	8.5632568598e-01	8.5012644529e-01
5.1992006683e+02	8.5872751474e-01	8.5651677847e-01
5.2033977627e+02	8.6106956005e-01	8.6161148548e-01
5.2075948571e+02	8.6335378885e-01	8.6001968384e-01
5.2117919515e+02	8.6558204889e-01	8.6074614525e-01
5.2159890459e+02	8.6775606871e-01	8.6226898432e-01
5.2201861403e+02	8.6987751722e-01	8.6492508650e-01
5.2243832347e+02	8.7194806337e-01	8.6511272192e-01
5.2285803292e+02	8.7396925688e-01	8.6602455378e-01
5.2327774236e+02	8.7594264746e-01	8.6820524931e-01
5.2369745180e+02	8.7786966562e-01	8.6767828465e-01
5.2411716124e+02	8.7975180149e-01	8.7068051100e-01
5.2453687068e+02	8.8159030676e-01	8.7249469757e-01
5.2495658012e+02	8.8338649273e-01	8.7381500006e-01
5.2537628956e+02	8.8514173031e-01	8.7531214952e-01
5.2579599900e+02	8.8685715199e-01	8.7672561407e-01
5.2621570845e+02	8.8853394985e-01	8.7843930721e-01
5.2663541789e+02	8.9017325640e-01	8.7972629070e-01
5.2705512733e+02	8.9177614450e-01	8.8072407246e-01
5.2747483677e+02	8.9334368706e-01	8.8201355934e-01
5.2789454621e+02	8.9487695694e-01	8.8383305073e-01
5.2831425565e+02	8.9637684822e-01	8.8497191668e-01
5.2873396509e+02	8.9784431458e-01	8.8636600971e-01
5.2915367453e+02	8.9928030968e-01	8.8758307695e-01
5.2957338398e+02	9.0068572760e-01	8.8898837566e-01
5.2999309342e+02	9.0206146240e-01	8.9051789045e-01
5.3041280286e+02	9.0340822935e-01	8.9133864641e-01
5.3083251230e+02	9.0472686291e-01	8.9235252142e-01
5.3125222174e+02	9.0601819754e-01	8.9456403255e-01
5.3167193118e+02	9.0728288889e-01	8.9520823956e-01
5.3209164062e+02	9.0852171183e-01	8.9694046974e-01
5.3251135006e+02	9.0973538160e-01	8.9842802286e-01
5.3293105950e+02	9.1092455387e-01	9.0089100599e-01
5.3335076895e+02	9.1208988428e-01	9.0393549204e-01
5.3377047839e+02	9.1323196888e-01	9.0162497759e-01
5.3419018783e+02	9.1435146332e-01	9.0101295710e-01
5.3460989727e+02	9.1544890404e-01	9.0488010645e-01
5.3502960671e+02	9.1652488708e-01	9.0696281195e-01
5.3544931615e+02	9.1758006811e-01	9.0642184019e-01
5.3586902559e+02	9.1861480474e-01	9.0701860189e-01
5.3628873503e+02	9.1962975264e-01	9.1100865602e-01
5.3670844448e+02	9.2062538862e-01	9.1069573164e-01
5.3712815392e+02	9.2160212994e-01	9.1117870808e-01
5.3754786336e+02	9.2256057262e-01	9.1229426861e-01
5.3796757280e+02	9.2350101471e-01	9.1350495815e-01
5.3838728224e+02	9.2442405224e-01	9.1444259882e-01
5.3880699168e+02	9.2533004284e-01	9.1536790133e-01
5.3922670112e+02	9.2621946335e-01	9.1623580456e-01
5.3964641056e+02	9.2709261179e-01	9.1697585583e-01
5.4006612001e+02	9.2794996500e-01	9.1791182756e-01
5.4048582945e+02	9.2879188061e-01	9.1883891821e-01
5.4090553889e+02	9.2961871624e-01	9.1959446669e-01
5.4132524833e+02	9.3043082952e-01	9.2036217451e-01
5.4174495777e+02	9.3122863770e-01	9.2116820812e-01
5.4216466721e+02	9.3201237917e-01	9.2156803608e-01
5.4258437665e+02	9.3278241158e-01	9.2268770933e-01
5.4300408609e+02	9.3353915215e-01	9.2327904701e-01
5.4342379553e+02	9.3428277969e-01	9.2404919863e-01
5.4384350498e+02	9.3501359224e-01	9.2490082979e-01
5.4426321442e+02	9.3573200703e-01	9.2600911856e-01
5.4468292386e+02	9.3643820286e-01	9.2649686337e-01
5.4510263330e+02	9.3713253736e-01	9.2732387781e-01
5.4552234274e+02	9.3781518936e-01	9.2755877972e-01
5.4594205218e+02	9.3848645687e-01	9.2857664824e-01
5.4636176162e+02	9.3914663792e-01	9.2920547724e-01
5.4678147106e+02	9.3979591131e-01	9.3004554510e-01
5.4720118051e+02	9.4043451548e-01	9.3047511578e-01
5.4762088995e+02	9.4106274843e-01	9.3093544245e-01
5.4804059939e+02	9.4168084860e-01	9.3216222525e-01
5.4846030883e+02	9.4228893518e-01	9.3066620827e-01
5.4888001827e+02	9.4288724661e-01	9.3156814575e-01
5.4929972771e+02	9.4347608089e-01	9.3574255705e-01
5.4971943715e+02	9.4405555725e-01	9.3689262867e-01
5.5013914659e+02	9.4462591410e-01	9.3503934145e-01
5.5055885604e+02	9.4518733025e-01	9.3478673697e-01
5.5097856548e+02	9.4573998451e-01	9.3822187185e-01
5.5139827492e+02	9.4628411531e-01	9.3539655209e-01
5.5181798436e+02	9.4681984186e-01	9.3684786558e-01
5.5223769380e+02	9.4734728336e-01	9.3876194954e-01
5.5265740324e+02	9.4786673784e-01	9.3910813332e-01
5.5307711268e+02	9.4837832451e-01	9.3909090757e-01
5.5349682212e+02	9.4888216257e-01	9.3953752518e-01
5.5391653156e+02	9.4937843084e-01	9.3854886293e-01
5.5433624101e+02	9.4986730814e-01	9.3916451931e-01
5.5475595045e+02	9.5034891367e-01	9.3945425749e-01
5.5517565989e+02	9.5082336664e-01	9.3970000744e-01
5.5559536933e+02	9.5129090548e-01	9.3990951777e-01
5.5601507877e+02	9.5175158978e-01	9.4088530540e-01
5.5643478821e+02	9.5220553875e-01	9.4108039141e-01
5.5685449765e+02	9.5265293121e-01	9.4115442038e-01
5.5727420709e+02	9.5309388638e-01	9.4124490023e-01
5.5769391654e+02	9.5352852345e-01	9.4163453579e-01
5.5811362598e+02	9.5395696163e-01	9.4202166796e-01
5.5853333542e+02	9.5437932014e-01	9.4234383106e-01
5.5895304486e+02	9.5479565859e-01	9.4284552336e-01
5.5937275430e+02	9.5520621538e-01	9.4304913282e-01
5.5979246374e+02	9.5561105013e-01	9.4316577911e-01
5.6021217318e+02	9.5601022243e-01	9.4381308556e-01
5.6063188262e+02	9.5640385151e-01	9.4412654638e-01
5.6105159207e+02	9.5679205656e-01	9.4461750984e-01
5.6147130151e+02	9.5717495680e-01	9.4489651918e-01
5.6189101095e+02	9.5755267143e-01	9.4536221027e-01
5.6231072039e+02	9.5792520046e-01	9.4586861134e-01
5.6273042983e+02	9.5829272270e-01	9.4634771347e-01
5.6315013927e+02	9.5865529776e-01	9.4654774666e-01
5.6356984871e+02	9.5901304483e-01	9.4701588154e-01
5.6398955815e+02	9.5936596394e-01	9.4753307104e-01
5.6440926759e+02	9.5971423388e-01	9.4773709774e-01
5.6482897704e+02	9.6005797386e-01	9.4793963432e-01
5.6524868648e+02	9.6039712429e-01	9.4843095541e-01
5.6566839592e+02	9.6073186398e-01	9.4861251116e-01
5.6608810536e+02	9.6106225252e-01	9.4957637787e-01
5.6650781480e+02	9.6138834953e-01	9.4819134474e-01
5.6692752424e+02	9.6171027422e-01	9.4870829582e-01
5.6734723368e+02	9.6202802658e-01	9.4771945477e-01
5.6776694312e+02	9.6234172583e-01	9.5154124498e-01
5.6818665257e+02	9.6265143156e-01	9.5023518801e-01
5.6860636201e+02	9.6295726299e-01	9.5028007030e-01
5.6902607145e+02	9.6325922012e-01	9.5058989525e-01
5.6944578089e+02	9.6355736256e-01	9.5106983185e-01
5.6986549033e+02	9.6385180950e-01	9.5221191645e-01
5.7028519977e+02	9.6414256096e-01	9.5304274559e-01
5.7070490921e+02	9.6442973614e-01	9.5168584585e-01
5.7112461865e+02	9.6471339464e-01	9.5154267550e-01
5.7154432810e+02	9.6499353647e-01	9.5195645094e-01
5.7196403754e+02	9.6527028084e-01	9.5115089417e-01
5.7238374698e+02	9.6554362774e-01	9.5170414448e-01
5.7280345642e+02	9.6581369638e-01	9.5231890678e-01
5.7322316586e+02	9.6608048677e-01	9.5286303759e-01
5.7364287530e+02	9.6634411812e-01	9.5283555984e-01
5.7406258474e+02	9.6660453081e-01	9.5312231779e-01
5.7448229418e+02	9.6686190367e-01	9.5320898294e-01
5.7490200362e+02	9.6711617708e-01	9.5294117928e-01
5.7532171307e+02	9.6736747026e-01	9.5277029276e-01
5.7574142251e+02	9.6761578321e-01	9.5335298777e-01
5.7616113195e+02	9.6786123514e-01	9.5324462652e-01
5.7658084139e+02	9.6810376644e-01	9.5332151651e-01
5.7700055083e+02	9.6834355593e-01	9.5364534855e-01
5.7742026027e+02	9.6858054399e-01	9.5366162062e-01
5.7783996971e+02	9.6881479025e-01	9.5364701748e-01
5.7825967915e+02	9.6904635429e-01	9.5388686657e-01
5.7867938860e+02	9.6927523613e-01	9.5404094458e-01
5.7909909804e+02	9.6950155497e-01	9.5426654816e-01
5.7951880748e+02	9.6972531080e-01	9.5419228077e-01
5.7993851692e+02	9.6994656324e-01	9.5434081554e-01
5.8035822636e+02	9.7016531229e-01	9.5490753651e-01
5.8077793580e+02	9.7038161755e-01	9.5483940840e-01
5.8119764524e+02	9.7059547901e-01	9.5521908998e-01
5.8161735468e+02	9.7080701590e-01	9.5502519608e-01
5.8203706413e+02	9.7101616859e-01	9.5549231768e-01
5.8245677357e+02	9.7122305632e-01	9.5557022095e-01
5.8287648301e+02	9.7142761946e-01	9.5563423634e-01
5.8329619245e+02	9.7162997723e-01	9.5607984066e-01
5.8371590189e+02	9.7183012962e-01	9.5630520582e-01
5.8413561133e+02	9.7202813625e-01	9.5643901825e-01
5.8455532077e+02	9.7222399712e-01	9.5677673817e-01
5.8497503021e+02	9.7241771221e-01	9.5743918419e-01
5.8539473965e+02	9.7260940075e-01	9.5719051361e-01
5.8581444910e+02	9.7279900312e-01	9.5906478167e-01
5.8623415854e+02	9.7298663855e-01	9.5776259899e-01
5.8665386798e+02	9.7317224741e-01	9.5789855719e-01
5.8707357742e+02	9.7335588932e-01	9.5896613598e-01
5.8749328686e+02	9.7353762388e-01	9.5892488956e-01
5.8791299630e+02	9.7371739149e-01	9.5902574062e-01
5.8833270574e+02	9.7389537096e-01	9.5930129290e-01
5.8875241518e+02	9.7407144308e-01	9.5949691534e-01
5.8917212463e+02	9.7424572706e-01	9.6038150787e-01
5.8959183407e+02	9.7441816330e-01	9.6030807495e-01
5.9001154351e+02	9.7458887100e-01	9.6060830355e-01
5.9043125295e+02	9.7475785017e-01	9.6027928591e-01
5.9085096239e+02	9.7492504120e-01	9.5953530073e-01
5.9127067183e+02	9.7509056330e-01	9.5876729488e-01
5.9169038127e+02	9.7525441647e-01	9.5810335875e-01
5.9211009071e+02	9.7541660070e-01	9.5756334066e-01
5.9252980016e+02	9.7557717562e-01	9.5718038082e-01
5.9294950960e+02	9.7573608160e-01	9.5672315359e-01
5.9336921904e+02	9.7589343786e-01	9.5689189434e-01
5.9378892848e+02	9.7604924440e-01	9.5653367043e-01
5.9420863792e+02	9.7620350122e-01	9.5682650805e-01
5.9462834736e+02	9.7635620832e-01	9.5660305023e-01
5.9504805680e+02	9.7650742531e-01	9.5658665895e-01
5.9546776624e+02	9.7665715218e-01	9.5656085014e-01
5.9588747568e+02	9.7680544853e-01	9.5656967163e-01
5.9630718513e+02	9.7695225477e-01	9.5654100180e-01
5.9672689457e+02	9.7709763050e-01	9.5648449659e-01
5.9714660401e+02	9.7724163532e-01	9.5638984442e-01
5.9756631345e+02	9.7738426924e-01	9.5627576113e-01
5.9798602289e+02	9.7752547264e-01	9.5610409975e-01
5.9840573233e+02	9.7766536474e-01	9.5624577999e-01
5.9882544177e+02	9.7780388594e-01	9.5636433363e-01
5.9924515121e+02	9.7794109583e-01	9.5616352558e-01
5.9966486066e+02	9.7807705402e-01	9.5611286163e-01
6.0008457010e+02	9.7821170092e-01	9.5568901300e-01
6.0050427954e+02	9.7834503651e-01	9.5607286692e-01
6.0092398898e+02	9.7847718000e-01	9.5651608706e-01
6.0134369842e+02	9.7860807180e-01	9.5605659485e-01
6.0176340786e+02	9.7873771191e-01	9.5682924986e-01
6.0218311730e+02	9.7886615992e-01	9.5624101162e-01
6.0260282674e+02	9.7899347544e-01	9.5455670357e-01
6.0302253619e+02	9.7911953926e-01	9.5546966791e-01
6.0344224563e+02	9.7924447060e-01	9.5492374897e-01
6.0386195507e+02	9.7936826944e-01	9.5540481806e-01
6.0428166451e+02	9.7949093580e-01	9.5588511229e-01
6.0470137395e+02	9.7961246967e-01	9.5597791672e-01
6.0512108339e+02	9.7973287106e-01	9.5540916920e-01
6.0554079283e+02	9.7985225916e-01	9.5624971390e-01
6.0596050227e+02	9.7997051477e-01	9.5628982782e-01
6.0638021171e+02	9.8008769751e-01	9.5651024580e-01
6.0679992116e+02	9.8020386696e-01	9.5580345392e-01
6.0721963060e+02	9.8031896353e-01	9.5578479767e-01
6.0763934004e+02	9.8043304682e-01	9.5587760210e-01
6.0805904948e+02	9.8054617643e-01	9.5552289486e-01
6.0847875892e+02	9.8065823317e-01	9.5604223013e-01
6.0889846836e+02	9.8076933622e-01	9.5578610897e-01
6.0931817780e+02	9.8087942600e-01	9.5546060801e-01
6.0973788724e+02	9.8098856211e-01	9.5579808950e-01
6.1015759669e+02	9.8109674454e-01	9.5530307293e-01
6.1057730613e+02	9.8120403290e-01	9.5560330153e-01
6.1099701557e+02	9.8131030798e-01	9.5530635118e-01
6.1141672501e+02	9.8141574860e-01	9.5528542995e-01
6.1183643445e+02	9.8152023554e-01	9.5507240295e-01
6.1225614389e+02	9.8162376881e-01	9.5514619350e-01
6.1267585333e+02	9.8172646761e-01	9.5492005348e-01
6.1309556277e+02	9.8182833195e-01	9.5491319895e-01
6.1351527222e+02	9.8192924261e-01	9.5463848114e-01
6.1393498166e+02	9.8202937841e-01	9.5461493731e-01
6.1435469110e+02	9.8212862015e-01	9.5464992523e-01
6.1477440054e+02	9.8222702742e-01	9.5496803522e-01
6.1519410998e+02	9.8232460022e-01	9.5452880859e-01
6.1561381942e+02	9.8242133856e-01	9.5441377163e-01
6.1603352886e+02	9.8251730204e-01	9.5465260744e-01
6.1645323830e+02	9.8261243105e-01	9.5444267988e-01
6.1687294774e+02	9.8270678520e-01	9.5403820276e-01
6.1729265719e+02	9.8280036449e-01	9.5457041264e-01
6.1771236663e+02	9.8289316893e-01	9.5616436005e-01
6.1813207607e+02	9.8298519850e-01	9.5557945967e-01
6.1855178551e+02	9.8307645321e-01	9.5467436314e-01
6.1897149495e+02	9.8316699266e-01	9.5536422729e-01
6.1939120439e+02	9.8325675726e-01	9.5486301184e-01
6.1981091383e+02	9.8334580660e-01	9.5007055998e-01
6.2023062327e+02	9.8343414068e-01	9.5327633619e-01
6.2065033272e+02	9.8352175951e-01	9.5295256376e-01
6.2107004216e+02	9.8360866308e-01	9.5215290785e-01
6.2148975160e+02	9.8369485140e-01	9.5109462738e-01
6.2190946104e+02	9.8378038406e-01	9.5198106766e-01
6.2232917048e+02	9.8386520147e-01	9.5275598764e-01
6.2274887992e+02	9.8394930363e-01	9.5267325640e-01
6.2316858936e+02	9.8403280973e-01	9.5271456242e-01
6.2358829880e+02	9.8411560059e-01	9.5254623890e-01
6.2400800825e+02	9.8419773579e-01	9.5261895657e-01
6.2442771769e+02	9.8427927494e-01	9.5273554325e-01
6.2484742713e+02	9.8436015844e-01	9.5320683718e-01
6.2526713657e+02	9.8444038630e-01	9.5314770937e-01
6.2568684601e+02	9.8451995850e-01	9.5281273127e-01
6.2610655545e+02	9.8459893465e-01	9.5291703939e-01
6.2652626489e+02	9.8467731476e-01	9.5253533125e-01
6.2694597433e+02	9.8475503922e-01	9.5269834995e-01
6.2736568377e+02	9.8483216763e-01	9.5266968012e-01
6.2778539322e+02	9.8490875959e-01	9.5267021656e-01
6.2820510266e+02	9.8498469591e-01	9.5257574320e-01
6.2862481210e+02	9.8506009579e-01	9.5244866610e-01
6.2904452154e+02	9.8513489962e-01	9.5256775618e-01
6.2946423098e+02	9.8520910740e-01	9.5244848728e-01
6.2988394042e+02	9.8528277874e-01	9.5246481895e-01
6.3030364986e+02	9.8535585403e-01	9.5251369476e-01
6.3072335930e+02	9.8542845249e-01	9.5218509436e-01
6.3114306875e+02	9.8550045490e-01	9.5217281580e-01
6.3156277819e+02	9.8557186127e-01	9.5204800367e-01
6.3198248763e+02	9.8564279079e-01	9.5182651281e-01
6.3240219707e+02	9.8571318388e-01	9.5204526186e-01
6.3282190651e+02	9.8578304052e-01	9.5193010569e-01
6.3324161595e+02	9.8585236073e-01	9.5188105106e-01
6.3366132539e+02	9.8592120409e-01	9.5182061195e-01
6.3408103483e+02	9.8598951101e-01	9.5157766342e-01
6.3450074428e+02	9.8605734110e-01	9.5152240992e-01
6.3492045372e+02	9.8612463474e-01	9.5161896944e-01
6.3534016316e+02	9.8619145155e-01	9.5039230585e-01
6.3575987260e+02	9.8625773191e-01	9.5049154758e-01
6.3617958204e+02	9.8632359505e-01	9.5132154226e-01
6.3659929148e+02	9.8638892174e-01	9.5126026869e-01
6.3701900092e+02	9.8645383120e-01	9.5090907812e-01
6.3743871036e+02	9.8651820421e-01	9.5083117485e-01
6.3785841980e+02	9.8658216000e-01	9.5073246956e-01
6.3827812925e+02	9.8664563894e-01	9.5084267855e-01
6.3869783869e+02	9.8670864105e-01	9.5096522570e-01
6.3911754813e+02	9.8677122593e-01	9.5130860806e-01
6.3953725757e+02	9.8683333397e-01	9.5130723715e-01
6.3995696701e+02	9.8689496517e-01	9.5138400793e-01
6.4037667645e+02	9.8695623875e-01	9.4937455654e-01
6.4079638589e+02	9.8701697588e-01	9.5174324512e-01
6.4121609533e+02	9.8707735538e-01	9.5059216022e-01
6.4163580478e+02	9.8713731766e-01	9.5078969002e-01
6.4205551422e+02	9.8719680309e-01	9.5022648573e-01
6.4247522366e+02	9.8725587130e-01	9.5063406229e-01
6.4289493310e+02	9.8731458187e-01	9.5046645403e-01
6.4331464254e+02	9.8737281561e-01	9.5062059164e-01
6.4373435198e+02	9.8743069172e-01	9.5078891516e-01
6.4415406142e+02	9.8748815060e-01	9.5047175884e-01
6.4457377086e+02	9.8754519224e-01	9.5119845867e-01
6.4499348031e+02	9.8760181665e-01	9.5098680258e-01
6.4541318975e+02	9.8765808344e-01	9.5127463341e-01
6.4583289919e+02	9.8771393299e-01	9.5125681162e-01
6.4625260863e+02	9.8776942492e-01	9.5150059462e-01
6.4667231807e+02	9.8782455921e-01	9.5130008459e-01
6.4709202751e+02	9.8787927628e-01	9.5168817043e-01
6.4751173695e+02	9.8793363571e-01	9.5147693157e-01
6.4793144639e+02	9.8798757792e-01	9.5173960924e-01
6.4835115583e+02	9.8804122210e-01	9.5180481672e-01
6.4877086528e+02	9.8809444904e-01	9.5178210735e-01
6.4919057472e+02	9.8814731836e-01	9.5214337111e-01
6.4961028416e+02	9.8819988966e-01	9.5188611746e-01
6.5002999360e+02	9.8825204372e-01	9.5211905241e-01
6.5044970304e+02	9.8830384016e-01	9.5208126307e-01
6.5086941248e+02	9.8835533857e-01	9.5242708921e-01
6.5128912192e+02	9.8840647936e-01	9.5238834620e-01
6.5170883136e+02	9.8845726252e-01	9.5253670216e-01
6.5212854081e+02	9.8850768805e-01	9.5289993286e-01
6.5254825025e+02	9.8855781555e-01	9.5259630680e-01
6.5296795969e+02	9.8860758543e-01	9.5304155350e-01
6.5338766913e+02	9.8865699768e-01	9.5288717747e-01
6.5380737857e+02	9.8870617151e-01	9.5323294401e-01
6.5422708801e+02	9.8875492811e-01	9.5331829786e-01
6.5464679745e+02	9.8880344629e-01	9.5337647200e-01
6.5506650689e+02	9.8885160685e-01	9.5341181755e-01
6.5548621634e+02	9.8889940977e-01	9.5346379280e-01
6.5590592578e+02	9.8894697428e-01	9.5363658667e-01
6.5632563522e+02	9.8899418116e-01	9.5367521048e-01
6.5674534466e+02	9.8904109001e-01	9.5369696617e-01
6.5716505410e+02	9.8908770084e-01	9.5384347439e-01
6.5758476354e+02	9.8913401365e-01	9.5401197672e-01
6.5800447298e+02	9.8918002844e-01	9.5420980453e-01
6.5842418242e+02	9.8922574520e-01	9.5376342535e-01
6.5884389186e+02	9.8927116394e-01	9.5397722721e-01
6.5926360131e+02	9.8931628466e-01	9.5432019234e-01
6.5968331075e+02	9.8936110735e-01	9.5392137766e-01
6.6010302019e+02	9.8940569162e-01	9.5426958799e-01
6.6052272963e+02	9.8944991827e-01	9.5445525646e-01
6.6094243907e+02	9.8949390650e-01	9.5446610451e-01
6.6136214851e+02	9.8953765631e-01	9.5476281643e-01
6.6178185795e+02	9.8958104849e-01	9.5457518101e-01
6.6220156739e+02	9.8962420225e-01	9.5494091511e-01
6.6262127684e+02	9.8966711760e-01	9.5488786697e-01
6.6304098628e+02	9.8970973492e-01	9.5512610674e-01
6.6346069572e+02	9.8975205421e-01	9.5523190498e-01
6.6388040516e+02	9.8979413509e-01	9.5551818609e-01
6.6430011460e+02	9.8983597755e-01	9.5558601618e-01
6.6471982404e+02	9.8987752199e-01	9.5569431782e-01
6.6513953348e+02	9.8991882801e-01	9.5578712225e-01
6.6555924292e+02	9.8995989561e-01	9.5592421293e-01
6.6597895237e+02	9.9000066519e-01	9.5626282692e-01
6.6639866181e+02	9.9004119635e-01	9.5615959167e-01
6.6681837125e+02	9.9008148909e-01	9.5628309250e-01
6.6723808069e+02	9.9012154341e-01	9.5636266470e-01
6.6765779013e+02	9.9016135931e-01	9.5657926798e-01
6.6807749957e+02	9.9020087719e-01	9.5650988817e-01
6.6849720901e+02	9.9024021626e-01	9.5679908991e-01
6.6891691845e+02	9.9027925730e-01	9.5682793856e-01
6.6933662789e+02	9.9031811953e-01	9.5693916082e-01
6.6975633734e+02	9.9035668373e-01	9.5712584257e-01
6.7017604678e+02	9.9039506912e-01	9.5726609230e-01
6.7059575622e+02	9.9043321609e-01	9.5741128922e-01
6.7101546566e+02	9.9047112465e-01	9.5743685961e-01
6.7143517510e+02	9.9050879478e-01	9.5739424229e-01
6.7185488454e+02	9.9054622650e-01	9.5758789778e-01
6.7227459398e+02	9.9058341980e-01	9.5769339800e-01
6.7269430342e+02	9.9062043428e-01	9.5778405666e-01
6.7311401287e+02	9.9065721035e-01	9.5775288343e-01
6.7353372231e+02	9.9069374800e-01	9.5795160532e-01
6.7395343175e+02	9.9073010683e-01	9.5757764578e-01
6.7437314119e+02	9.9076622725e-01	9.5772469044e-01
6.7479285063e+02	9.9080216885e-01	9.5813924074e-01
6.7521256007e+02	9.9083787203e-01	9.5795118809e-01
6.7563226951e+02	9.9087333679e-01	9.5807611942e-01
6.7605197895e+02	9.9090862274e-01	9.5799624920e-01
6.7647168840e+02	9.9094367027e-01	9.5814538002e-01
6.7689139784e+02	9.9097853899e-01	9.5822954178e-01
6.7731110728e+02	9.9101322889e-01	9.5818006992e-01
6.7773081672e+02	9.9104768038e-01	9.5807087421e-01
6.7815052616e+02	9.9108195305e-01	9.5825934410e-01
6.7857023560e+02	9.9111598730e-01	9.5827424526e-01
6.7898994504e+02	9.9114990234e-01	9.5823818445e-01
6.7940965448e+02	9.9118351936e-01	9.5811915398e-01
6.7982936392e+02	9.9121701717e-01	9.5821684599e-01
6.8024907337e+02	9.9125027657e-01	9.5829731226e-01
6.8066878281e+02	9.9128341675e-01	9.5815318823e-01
6.8108849225e+02	9.9131631851e-01	9.5827895403e-01
6.8150820169e+02	9.9134898186e-01	9.5815974474e-01
6.8192791113e+02	9.9138152599e-01	9.5815426111e-01
6.8234762057e+02	9.9141383171e-01	9.5823603868e-01
6.8276733001e+02	9.9144601822e-01	9.5808058977e-01
6.8318703945e+02	9.9147796631e-01	9.5807588100e-01
6.8360674890e+02	9.9150979519e-01	9.5805990696e-01
6.8402645834e+02	9.9154138565e-01	9.5792877674e-01
6.8444616778e+02	9.9157279730e-01	9.5801037550e-01
6.8486587722e+02	9.9160408974e-01	9.5788478851e-01
6.8528558666e+02	9.9163514376e-01	9.5802360773e-01
6.8570529610e+02	9.9166607857e-01	9.5784509182e-01
6.8612500554e+02	9.9169677496e-01	9.5786583424e-01
6.8654471498e+02	9.9172735214e-01	9.5795291662e-01
6.8696442443e+02	9.9175775051e-01	9.5774424076e-01
6.8738413387e+02	9.9178797007e-01	9.5768594742e-01
6.8780384331e+02	9.9181801081e-01	9.5783919096e-01
6.8822355275e+02	9.9184787273e-01	9.5768237114e-01
6.8864326219e+02	9.9187761545e-01	9.5749032497e-01
6.8906297163e+02	9.9190711975e-01	9.5748853683e-01
6.8948268107e+02	9.9193650484e-01	9.5746463537e-01
6.8990239051e+02	9.9196577072e-01	9.5739173889e-01
6.9032209995e+02	9.9199479818e-01	9.5741468668e-01
6.9074180940e+02	9.9202370644e-01	9.5716547966e-01
6.9116151884e+02	9.9205249548e-01	9.5730715990e-01
6.9158122828e+02	9.9208104610e-01	9.5717644691e-01
6.9200093772e+02	9.9210953712e-01	9.5708280802e-01
6.9242064716e+02	9.9213778973e-01	9.5691460371e-01
6.9284035660e+02	9.9216592312e-01	9.5668768883e-01
6.9326006604e+02	9.9219387770e-01	9.5654708147e-01
6.9367977548e+02	9.9222171307e-01	9.5640933514e-01
6.9409948493e+02	9.9224936962e-01	9.5610392094e-01
6.9451919437e+02	9.9227690697e-01	9.5630508661e-01
6.9493890381e+02	9.9230426550e-01	9.5622116327e-01
6.9535861325e+02	9.9233150482e-01	9.5599102974e-01
6.9577832269e+02	9.9235856533e-01	9.5573300123e-01
6.9619803213e+02	9.9238550663e-01	9.5560377836e-01
6.9661774157e+02	9.9241232872e-01	9.5560562611e-01
6.9703745101e+02	9.9243897200e-01	9.5530873537e-01
6.9745716046e+02	9.9246549606e-01	9.5498389006e-01
6.9787686990e+02	9.9249184132e-01	9.5483767986e-01
6.9829657934e+02	9.9251806736e-01	9.5477050543e-01
6.9871628878e+02	9.9254417419e-01	9.5449042320e-01
6.9913599822e+02	9.9257010221e-01	9.5424062014e-01
6.9955570766e+02	9.9259591103e-01	9.5424330235e-01
6.9997541710e+02	9.9262160063e-01	9.5399272442e-01
7.0039512654e+02	9.9264717102e-01	9.5366269350e-01
7.0081483598e+02	9.9267256260e-01	9.5357233286e-01
7.0123454543e+02	9.9269783497e-01	9.5336735249e-01
7.0165425487e+02	9.9272298813e-01	9.5328652859e-01
7.0207396431e+02	9.9274796247e-01	9.5279973745e-01
7.0249367375e+02	9.9277287722e-01	9.5259684324e-01
7.0291338319e+02	9.9279761314e-01	9.5237916708e-01
7.0333309263e+02	9.9282222986e-01	9.5244413614e-01
7.0375280207e+02	9.9284672737e-01	9.5228368044e-01
7.0417251151e+02	9.9287110567e-01	9.5168894529e-01
7.0459222096e+02	9.9289536476e-01	9.5167893171e-01
7.0501193040e+02	9.9291944504e-01	9.5138305426e-01
7.0543163984e+02	9.9294346571e-01	9.5115256310e-01
7.0585134928e+02	9.9296730757e-01	9.5090693235e-01
7.0627105872e+02	9.9299108982e-01	9.5079654455e-01
7.0669076816e+02	9.9301469326e-01	9.5041328669e-01
7.0711047760e+02	9.9303823709e-01	9.5014578104e-01
7.0753018704e+02	9.9306160212e-01	9.4994765520e-01
7.0794989649e+02	9.9308484793e-01	9.4973045588e-01
7.0836960593e+02	9.9310803413e-01	9.4955980778e-01
7.0878931537e+02	9.9313104153e-01	9.4919353724e-01
7.0920902481e+02	9.9315398932e-01	9.4895958900e-01
7.0962873425e+02	9.9317675829e-01	9.4857388735e-01
7.1004844369e+02	9.9319946766e-01	9.4822466373e-01
7.1046815313e+02	9.9322199821e-01	9.4789934158e-01
7.1088786257e+02	9.9324446917e-01	9.4776344299e-01
7.1130757201e+02	9.9326682091e-01	9.4743913412e-01
7.1172728146e+02	9.9328905344e-01	9.4705611467e-01
7.1214699090e+02	9.9331116676e-01	9.4683480263e-01
7.1256670034e+02	9.9333316088e-01	9.4652348757e-01
7.1298640978e+02	9.9335509539e-01	9.4630438089e-01
7.1340611922e+02	9.9337685108e-01	9.4610297680e-01
7.1382582866e+02	9.9339854717e-01	9.4587808847e-01
7.1424553810e+02	9.9342012405e-01	9.4556528330e-01
7.1466524754e+02	9.9344158173e-01	9.4509631395e-01
7.1508495699e+02	9.9346297979e-01	9.4512718916e-01
7.1550466643e+02	9.9348419905e-01	9.4464457035e-01
7.1592437587e+02	9.9350535870e-01	9.4446128607e-01
7.1634408531e+02	9.9352639914e-01	9.4415736198e-01
7.1676379475e+02	9.9354737997e-01	9.4392597675e-01
7.1718350419e+02	9.9356818199e-01	9.4350016117e-01
7.1760321363e+02	9.9358892441e-01	9.4313979149e-01
7.1802292307e+02	9.9360960722e-01	9.4285732508e-01
7.1844263252e+02	9.9363011122e-01	9.4268774986e-01
7.1886234196e+02	9.9365055561e-01	9.4231808186e-01
7.1928205140e+02	9.9367088079e-01	9.4208359718e-01
7.1970176084e+02	9.9369114637e-01	9.4178414345e-01
7.2012147028e+02	9.9371129274e-01	9.4151091576e-01
7.2054117972e+02	9.9373131990e-01	9.4129413366e-01
7.2096088916e+02	9.9375128746e-01	9.4094687700e-01
7.2138059860e+02	9.9377113581e-01	9.4079512358e-01
7.2180030804e+02	9.9379086494e-01	9.4050735235e-01
7.2222001749e+02	9.9381053448e-01	9.4010597467e-01
7.2263972693e+02	9.9383014441e-01	9.4001656771e-01
7.2305943637e+02	9.9384957552e-01	9.3952476978e-01
7.2347914581e+02	9.9386900663e-01	9.3931132555e-01
7.2389885525e+02	9.9388825893e-01	9.3922656775e-01
7.2431856469e+02	9.9390745163e-01	9.3882089853e-01
7.2473827413e+02	9.9392658472e-01	9.3849575520e-01
7.2515798357e+02	9.9394559860e-01	9.3813550472e-01
7.2557769302e+02	9.9396449327e-01	9.3821001053e-01
7.2599740246e+02	9.9398332834e-01	9.3763136864e-01
7.2641711190e+02	9.9400210381e-01	9.3736577034e-01
7.2683682134e+02	9.9402076006e-01	9.3717455864e-01
7.2725653078e+02	9.9403929710e-01	9.3689495325e-01
7.2767624022e+02	9.9405783415e-01	9.3665516376e-01
7.2809594966e+02	9.9407619238e-01	9.3627613783e-01
7.2851565910e+02	9.9409449100e-01	9.3604427576e-01
7.2893536855e+02	9.9411273003e-01	9.3592512608e-01
7.2935507799e+02	9.9413084984e-01	9.3570744991e-01
7.2977478743e+02	9.9414891005e-01	9.3532860279e-01
7.3019449687e+02	9.9416691065e-01	9.3514782190e-01
7.3061420631e+02	9.9418479204e-01	9.3469458818e-01
7.3103391575e+02	9.9420261383e-01	9.3466329575e-01
7.3145362519e+02	9.9422031641e-01	9.3442928791e-01
7.3187333463e+02	9.9423795938e-01	9.3404805660e-01
7.3229304407e+02	9.9425554276e-01	9.3379276991e-01
7.3271275352e+02	9.9427300692e-01	9.3361276388e-01
7.3313246296e+02	9.9429041147e-01	9.3357431889e-01
7.3355217240e+02	9.9430769682e-01	9.3300336599e-01
7.3397188184e+02	9.9432492256e-01	9.3298685551e-01
7.3439159128e+02	9.9434208870e-01	9.3273288012e-01
7.3481130072e+02	9.9435919523e-01	9.3238604069e-01
7.3523101016e+02	9.9437618256e-01	9.3217110634e-01
7.3565071960e+02	9.9439311028e-01	9.3184721470e-01
7.3607042905e+02	9.9440997839e-01	9.3147999048e-01
7.3649013849e+02	9.9442672729e-01	9.3144226074e-01
7.3690984793e+02	9.9444341660e-01	9.3112605810e-01
7.3732955737e+02	9.9446004629e-01	9.3077987432e-01
7.3774926681e+02	9.9447655678e-01	9.3057793379e-01
7.3816897625e+02	9.9449306726e-01	9.3038684130e-01
7.3858868569e+02	9.9450945854e-01	9.3011206388e-01
7.3900839513e+02	9.9452579021e-01	9.2984056473e-01
7.3942810458e+02	9.9454200268e-01	9.2943912745e-01
7.3984781402e+02	9.9455821514e-01	9.2943394184e-01
7.4026752346e+02	9.9457430840e-01	9.2904919386e-01
7.4068723290e+02	9.9459034204e-01	9.2905032635e-01
7.4110694234e+02	9.9460625648e-01	9.2883312702e-01
7.4152665178e+02	9.9462217093e-01	9.2853188515e-01
7.4194636122e+02	9.9463796616e-01	9.2807495594e-01
7.4236607066e+02	9.9465376139e-01	9.2805689573e-01
7.4278578010e+02	9.9466943741e-01	9.2767584324e-01
7.4320548955e+02	9.9468499422e-01	9.2745810747e-01
7.4362519899e+02	9.9470055103e-01	9.2760527134e-01
7.4404490843e+02	9.9471604824e-01	9.2711693048e-01
7.4446461787e+02	9.9473142624e-01	9.2693233490e-01
7.4488432731e+02	9.9474674463e-01	9.2666006088e-01
7.4530403675e+02	9.9476200342e-01	9.2632800341e-01
7.4572374619e+02	9.9477720261e-01	9.2611622810e-01
7.4614345563e+02	9.9479234219e-01	9.2601513863e-01
7.4656316508e+02	9.9480742216e-01	9.2583787441e-01
7.4698287452e+02	9.9482244253e-01	9.2549103498e-01
7.4740258396e+02	9.9483734369e-01	9.2541700602e-01
7.4782229340e+02	9.9485224485e-01	9.2514467239e-01
7.4824200284e+02	9.9486702681e-01	9.2478352785e-01
7.4866171228e+02	9.9488174915e-01	9.2463922501e-01
7.4908142172e+02	9.9489647150e-01	9.2442697287e-01
7.4950113116e+02	9.9491107464e-01	9.2435270548e-01
7.4992084061e+02	9.9492561817e-01	9.2426896095e-01
7.5034055005e+02	9.9494010210e-01	9.2371767759e-01
7.5076025949e+02	9.9495452642e-01	9.2382109165e-01
7.5117996893e+02	9.9496889114e-01	9.2357468605e-01
7.5159967837e+02	9.9498319626e-01	9.2341262102e-01
7.5201938781e+02	9.9499744177e-01	9.2327314615e-01
7.5243909725e+02	9.9501156807e-01	9.2323690653e-01
7.5285880669e+02	9.9502569437e-01	9.2297726870e-01
7.5327851613e+02	9.9503976107e-01	9.2286950350e-01
7.5369822558e+02	9.9505376816e-01	9.2257875204e-01
7.5411793502e+02	9.9506771564e-01	9.2240852118e-01
7.5453764446e+02	9.9508160353e-01	9.2235189676e-01
7.5495735390e+02	9.9509537220e-01	9.2220294476e-01
7.5537706334e+02	9.9510914087e-01	9.2201209068e-01
7.5579677278e+02	9.9512284994e-01	9.2189168930e-01
7.5621648222e+02	9.9513649940e-01	9.2181450129e-01
7.5663619166e+02	9.9515008926e-01	9.2155832052e-01
7.5705590111e+02	9.9516361952e-01	9.2158108950e-01
7.5747561055e+02	9.9517709017e-01	9.2137259245e-01
7.5789531999e+02	9.9519050121e-01	9.2117130756e-01
7.5831502943e+02	9.9520385265e-01	9.2109882832e-01
7.5873473887e+02	9.9521714449e-01	9.2110514641e-01
7.5915444831e+02	9.9523037672e-01	9.2081308365e-01
7.5957415775e+02	9.9524360895e-01	9.2062640190e-01
7.5999386719e+02	9.9525672197e-01	9.2062389851e-01
7.6041357664e+02	9.9526983500e-01	9.2050480843e-01
7.6083328608e+02	9.9528282881e-01	9.2029666901e-01
7.6125299552e+02	9.9529582262e-01	9.2014616728e-01
7.6167270496e+02	9.9530875683e-01	9.2017579079e-01
7.6209241440e+02	9.9532157183e-01	9.1999232769e-01
7.6251212384e+02	9.9533438683e-01	9.1976892948e-01
7.6293183328e+02	9.9534714222e-01	9.1979092360e-01
7.6335154272e+02	9.9535989761e-01	9.1972476244e-01
7.6377125216e+02	9.9537253380e-01	9.1950237751e-01
7.6419096161e+02	9.9538511038e-01	9.1948139668e-01
7.6461067105e+02	9.9539768696e-01	9.1953390837e-01
7.6503038049e+02	9.9541014433e-01	9.1943687201e-01
7.6545008993e+02	9.9542260170e-01	9.1915065050e-01
7.6586979937e+02	9.9543499947e-01	9.1913610697e-01
7.6628950881e+02	9.9544733763e-01	9.1906541586e-01
7.6670921825e+02	9.9545967579e-01	9.1913682222e-01
7.6712892769e+02	9.9547189474e-01	9.1902285814e-01
7.6754863714e+02	9.9548411369e-01	9.1880631447e-01
7.6796834658e+02	9.9549621344e-01	9.1869813204e-01
7.6838805602e+02	9.9550831318e-01	9.1897982359e-01
7.6880776546e+02	9.9552035332e-01	9.1860830784e-01
7.6922747490e+02	9.9553239346e-01	9.1863554716e-01
7.6964718434e+02	9.9554431438e-01	9.1807675362e-01
7.7006689378e+02	9.9555623531e-01	9.1853386164e-01
7.7048660322e+02	9.9556809664e-01	9.1845631599e-01
7.7090631267e+02	9.9557989836e-01	9.1827970743e-01
7.7132602211e+02	9.9559164047e-01	9.1826188564e-01
7.7174573155e+02	9.9560332298e-01	9.1803520918e-01
7.7216544099e+02	9.9561500549e-01	9.1803908348e-01
7.7258515043e+02	9.9562662840e-01	9.1804111004e-01
7.7300485987e+02	9.9563819170e-01	9.1790962219e-01
7.7342456931e+02	9.9564969540e-01	9.1811484098e-01
7.7384427875e+02	9.9566119909e-01	9.1788679361e-01
7.7426398819e+02	9.9567264318e-01	9.1788780689e-01
7.7468369764e+02	9.9568402767e-01	9.1771602631e-01
7.7510340708e+02	9.9569535255e-01	9.1785299778e-01
7.7552311652e+02	9.9570667744e-01	9.1781693697e-01
7.7594282596e+02	9.9571788311e-01	9.1776859760e-01
7.7636253540e+02	9.9572908878e-01	9.1778427362e-01
7.7678224484e+02	9.9574029446e-01	9.1753208637e-01
7.7720195428e+02	9.9575138092e-01	9.1767382622e-01
7.7762166372e+02	9.9576246738e-01	9.1767376661e-01
7.7804137317e+02	9.9577349424e-01	9.1752731800e-01
7.7846108261e+02	9.9578452110e-01	9.1755717993e-01
7.7888079205e+02	9.9579542875e-01	9.1750514507e-01
7.7930050149e+02	9.9580633640e-01	9.1736215353e-01
7.7972021093e+02	9.9581718445e-01	9.1744530201e-01
7.8013992037e+02	9.9582803249e-01	9.1744309664e-01
7.8055962981e+02	9.9583876133e-01	9.1721659899e-01
7.8097933925e+02	9.9584954977e-01	9.1721647978e-01
7.8139904870e+02	9.9586021900e-01	9.1731697321e-01
7.8181875814e+02	9.9587088823e-01	9.1707831621e-01
7.8223846758e+02	9.9588149786e-01	9.1701859236e-01
7.8265817702e+02	9.9589204788e-01	9.1698610783e-01
7.8307788646e+02	9.9590253830e-01	9.1687262058e-01
7.8349759590e+02	9.9591302872e-01	9.1661876440e-01
7.8391730534e+02	9.9592351913e-01	9.1677922010e-01
7.8433701478e+02	9.9593389034e-01	9.1654425859e-01
7.8475672422e+02	9.9594426155e-01	9.1670608521e-01
7.8517643367e+02	9.9595457315e-01	9.1648769379e-01
7.8559614311e+02	9.9596488476e-01	9.1663116217e-01
7.8601585255e+02	9.9597513676e-01	9.1663676500e-01
7.8643556199e+02	9.9598532915e-01	9.1626513004e-01
7.8685527143e+02	9.9599546194e-01	9.1622442007e-01
7.8727498087e+02	9.9600559473e-01	9.1605049372e-01
7.8769469031e+02	9.9601572752e-01	9.1583758593e-01
7.8811439975e+02	9.9602574110e-01	9.1595500708e-01
7.8853410920e+02	9.9603575468e-01	9.1593867540e-01
7.8895381864e+02	9.9604576826e-01	9.1584330797e-01
7.8937352808e+02	9.9605566263e-01	9.1558068991e-01
7.8979323752e+02	9.9606555700e-01	9.1544008255e-01
7.9021294696e+02	9.9607545137e-01	9.1531056166e-01
7.9063265640e+02	9.9608528614e-01	9.1526854038e-01
7.9105236584e+02	9.9609506130e-01	9.1526979208e-01
7.9147207528e+02	9.9610477686e-01	9.1504520178e-01
7.9189178473e+02	9.9611449242e-01	9.1486573219e-01
7.9231149417e+02	9.9612420797e-01	9.1476899385e-01
7.9273120361e+02	9.9613386393e-01	9.1443479061e-01
7.9315091305e+02	9.9614346027e-01	9.1439038515e-01
7.9357062249e+02	9.9615299702e-01	9.1414880753e-01
7.9399033193e+02	9.9616253376e-01	9.1421735287e-01
7.9441004137e+02	9.9617201090e-01	9.1390812397e-01
7.9482975081e+02	9.9618148804e-01	9.1385406256e-01
7.9524946025e+02	9.9619090557e-01	9.1362881660e-01
7.9566916970e+02	9.9620032310e-01	9.1342347860e-01
7.9608887914e+02	9.9620968103e-01	9.1339921951e-01
7.9650858858e+02	9.9621897936e-01	9.1317617893e-01
7.9692829802e+02	9.9622827768e-01	9.1329407692e-01
7.9734800746e+02	9.9623751640e-01	9.1283661127e-01
7.9776771690e+02	9.9624675512e-01	9.1267782450e-01
7.9818742634e+02	9.9625593424e-01	9.1253226995e-01
7.9860713578e+02	9.9626511335e-01	9.1250079870e-01
7.9902684523e+02	9.9627423286e-01	9.1257750988e-01
7.9944655467e+02	9.9628329277e-01	9.1196519136e-01
