wavelength_nm	ideal_target_transmittance	cvae_target_transmittance	tandem_response_transmittance
3.7973711347e+02	7.3560231924e-01	7.0789045095e-01	8.3356410265e-01
3.8015682291e+02	7.2911179066e-01	7.0741587877e-01	8.3687591553e-01
3.8057653235e+02	7.2240662575e-01	7.0724910498e-01	8.3928823471e-01
3.8099624179e+02	7.1547907591e-01	7.0719343424e-01	8.4170651436e-01
3.8141595123e+02	7.0832115412e-01	7.0698255301e-01	8.4387469292e-01
3.8183566067e+02	7.0092463493e-01	7.0687961578e-01	8.4580588341e-01
3.8225537011e+02	6.9328111410e-01	7.0699375868e-01	8.4709918499e-01
3.8267507956e+02	6.8538200855e-01	7.0695978403e-01	8.4848457575e-01
3.8309478900e+02	6.7721849680e-01	7.0680874586e-01	8.4904509783e-01
3.8351449844e+02	6.6878175735e-01	7.0706993341e-01	8.4937089682e-01
3.8393420788e+02	6.6006278992e-01	7.0682692528e-01	8.4885919094e-01
3.8435391732e+02	6.5105241537e-01	7.0692640543e-01	8.4811151028e-01
3.8477362676e+02	6.4174157381e-01	7.0694178343e-01	8.4629797935e-01
3.8519333620e+02	6.3212108612e-01	7.0647740364e-01	8.4427052736e-01
3.8561304564e+02	6.2218183279e-01	7.0625680685e-01	8.4103351831e-01
3.8603275508e+02	6.1191493273e-01	7.0598584414e-01	8.3750504255e-01
3.8645246453e+02	6.0131162405e-01	7.0523023605e-01	8.3251661062e-01
3.8687217397e+02	5.9036332369e-01	7.0421630144e-01	8.2671481371e-01
3.8729188341e+02	5.7906198502e-01	7.0332980156e-01	8.2027864456e-01
3.8771159285e+02	5.6739991903e-01	7.0180588961e-01	8.1275731325e-01
3.8813130229e+02	5.5537009239e-01	6.9976866245e-01	8.0400806665e-01
3.8855101173e+02	5.4296624660e-01	6.9751709700e-01	7.9441350698e-01
3.8897072117e+02	5.3018295765e-01	6.9502264261e-01	7.8359603882e-01
3.8939043061e+02	5.1701587439e-01	6.9249862432e-01	7.7195107937e-01
3.8981014006e+02	5.0346201658e-01	6.8941605091e-01	7.5900495052e-01
3.9022984950e+02	4.8951977491e-01	6.8519163132e-01	7.4442219734e-01
3.9064955894e+02	4.7518929839e-01	6.8104869127e-01	7.2875237465e-01
3.9106926838e+02	4.6047273278e-01	6.7588686943e-01	7.1219480038e-01
3.9148897782e+02	4.4537445903e-01	6.7013591528e-01	6.9393032789e-01
3.9190868726e+02	4.2990139127e-01	6.6355788708e-01	6.7411744595e-01
3.9232839670e+02	4.1406336427e-01	6.5610593557e-01	6.5334248543e-01
3.9274810614e+02	3.9787337184e-01	6.4731180668e-01	6.3236165047e-01
3.9316781559e+02	3.8134795427e-01	6.3807696104e-01	6.1043077707e-01
3.9358752503e+02	3.6450761557e-01	6.2762510777e-01	5.8653479815e-01
3.9400723447e+02	3.4737709165e-01	6.1595398188e-01	5.6223380566e-01
3.9442694391e+02	3.2998579741e-01	6.0233718157e-01	5.3674513102e-01
3.9484665335e+02	3.1236806512e-01	5.8701264858e-01	5.1075595617e-01
3.9526636279e+02	2.9456362128e-01	5.7072895765e-01	4.8367324471e-01
3.9568607223e+02	2.7661773562e-01	5.5303025246e-01	4.5691129565e-01
3.9610578167e+02	2.5858154893e-01	5.3312653303e-01	4.2965656519e-01
3.9652549111e+02	2.4051225185e-01	5.1201862097e-01	4.0236899257e-01
3.9694520056e+02	2.2247312963e-01	4.8787751794e-01	3.7471377850e-01
3.9736491000e+02	2.0453362167e-01	4.6328499913e-01	3.4732991457e-01
3.9778461944e+02	1.8676917255e-01	4.3725609779e-01	3.2055491209e-01
3.9820432888e+02	1.6926100850e-01	4.0929046273e-01	2.9354920983e-01
3.9862403832e+02	1.5209572017e-01	3.7944033742e-01	2.6755109429e-01
3.9904374776e+02	1.3536466658e-01	3.5002300143e-01	2.4264582992e-01
3.9946345720e+02	1.1916332692e-01	3.1958878040e-01	2.1901737154e-01
3.9988316664e+02	1.0359026492e-01	2.8940507770e-01	1.9605147839e-01
4.0030287609e+02	8.8746115565e-02	2.6084867120e-01	1.7454721034e-01
4.0072258553e+02	7.4732273817e-02	2.3288065195e-01	1.5485255420e-01
4.0114229497e+02	6.1649493873e-02	2.0661461353e-01	1.3687698543e-01
4.0156200441e+02	4.9596313387e-02	1.8303450942e-01	1.2070356309e-01
4.0198171385e+02	3.8667432964e-02	1.6129574180e-01	1.0611260682e-01
4.0240142329e+02	2.8952011839e-02	1.4245057106e-01	9.3799851835e-02
4.0282113273e+02	2.0531974733e-02	1.2663586438e-01	8.2660473883e-02
4.0324084217e+02	1.3480374590e-02	1.1326928437e-01	7.3879532516e-02
4.0366055162e+02	7.8598642722e-03	1.0272950679e-01	6.7284241319e-02
4.0408026106e+02	3.7213379983e-03	9.4066418707e-02	6.2586151063e-02
4.0449997050e+02	1.1027978035e-03	9.0590134263e-02	5.9936624020e-02
4.0491967994e+02	2.8484577342e-05	8.3155944943e-02	5.8944024146e-02
4.0533938938e+02	5.0831801491e-04	9.1257147491e-02	6.1331458390e-02
4.0575909882e+02	2.5376640260e-03	9.3061611056e-02	6.3399478793e-02
4.0617880826e+02	6.0974410735e-03	9.8240301013e-02	6.8655945361e-02
4.0659851770e+02	1.1154564098e-02	1.0623019189e-01	7.5736805797e-02
4.0701822714e+02	1.7662698403e-02	1.1643806100e-01	8.5395380855e-02
4.0743793659e+02	2.5563303381e-02	1.2896980345e-01	9.7181789577e-02
4.0785764603e+02	3.4786913544e-02	1.4460939169e-01	1.1172717065e-01
4.0827735547e+02	4.5254614204e-02	1.6303010285e-01	1.2820264697e-01
4.0869706491e+02	5.6879635900e-02	1.8345618248e-01	1.4674076438e-01
4.0911677435e+02	6.9569051266e-02	2.0547179878e-01	1.6725958884e-01
4.0953648379e+02	8.3225451410e-02	2.2905707359e-01	1.8884472549e-01
4.0995619323e+02	9.7748644650e-02	2.5226956606e-01	2.1136136353e-01
4.1037590267e+02	1.1303722113e-01	2.7671959996e-01	2.3412001133e-01
4.1079561212e+02	1.2899005413e-01	3.0032855272e-01	2.5658985972e-01
4.1121532156e+02	1.4550758898e-01	3.2331198454e-01	2.7903395891e-01
4.1163503100e+02	1.6249305010e-01	3.4683400393e-01	3.0050727725e-01
4.1205474044e+02	1.7985342443e-01	3.6848089099e-01	3.2035523653e-01
4.1247444988e+02	1.9750019908e-01	3.9163598418e-01	3.4116807580e-01
4.1289415932e+02	2.1535012126e-01	4.1131293774e-01	3.6022055149e-01
4.1331386876e+02	2.3332552612e-01	4.3114885688e-01	3.7785065174e-01
4.1373357820e+02	2.5135472417e-01	4.4980785251e-01	3.9515700936e-01
4.1415328765e+02	2.6937213540e-01	4.7055813670e-01	4.1175520420e-01
4.1457299709e+02	2.8731828928e-01	4.8812147975e-01	4.2786490917e-01
4.1499270653e+02	3.0513989925e-01	5.0415879488e-01	4.4230249524e-01
4.1541241597e+02	3.2278949022e-01	5.2526503801e-01	4.5648312569e-01
4.1583212541e+02	3.4022539854e-01	5.4362809658e-01	4.7084656358e-01
4.1625183485e+02	3.5741129518e-01	5.5050939322e-01	4.8303866386e-01
4.1667154429e+02	3.7431606650e-01	5.7267940044e-01	4.9621537328e-01
4.1709125373e+02	3.9091327786e-01	5.8904385567e-01	5.0687855482e-01
4.1751096317e+02	4.0718093514e-01	6.0298645496e-01	5.1890891790e-01
4.1793067262e+02	4.2310118675e-01	6.2016457319e-01	5.2993363142e-01
4.1835038206e+02	4.3865969777e-01	6.2316679955e-01	5.4005336761e-01
4.1877009150e+02	4.5384562016e-01	6.4108073711e-01	5.5055868626e-01
4.1918980094e+02	4.6865099669e-01	6.5315318108e-01	5.6079351902e-01
4.1960951038e+02	4.8307061195e-01	6.6617190838e-01	5.7043057680e-01
4.2002921982e+02	4.9710154533e-01	6.7851698399e-01	5.8003258705e-01
4.2044892926e+02	5.1074302197e-01	6.9040393829e-01	5.8803421259e-01
4.2086863870e+02	5.2399599552e-01	7.0236533880e-01	5.9865492582e-01
4.2128834815e+02	5.3686308861e-01	7.1416610479e-01	6.0526549816e-01
4.2170805759e+02	5.4934817553e-01	7.2668659687e-01	6.1283820868e-01
4.2212776703e+02	5.6145638227e-01	7.3684340715e-01	6.2034016848e-01
4.2254747647e+02	5.7319360971e-01	7.4647867680e-01	6.2715452909e-01
4.2296718591e+02	5.8456671238e-01	7.5759476423e-01	6.3384348154e-01
4.2338689535e+02	5.9558320045e-01	7.6697623730e-01	6.4056926966e-01
4.2380660479e+02	6.0625106096e-01	7.7800178528e-01	6.4609676600e-01
4.2422631423e+02	6.1657863855e-01	7.8733146191e-01	6.5213233232e-01
4.2464602368e+02	6.2657475471e-01	7.9709297419e-01	6.5790104866e-01
4.2506573312e+02	6.3624817133e-01	8.0372309685e-01	6.6381412745e-01
4.2548544256e+02	6.4560806751e-01	8.1248146296e-01	6.6920405626e-01
4.2590515200e+02	6.5466356277e-01	8.2119548321e-01	6.7441236973e-01
4.2632486144e+02	6.6342383623e-01	8.3008366823e-01	6.7941737175e-01
4.2674457088e+02	6.7189800739e-01	8.3599728346e-01	6.8417060375e-01
4.2716428032e+02	6.8009519577e-01	8.4359830618e-01	6.8939429522e-01
4.2758398976e+02	6.8802428246e-01	8.5080730915e-01	6.9360381365e-01
4.2800369920e+02	6.9569414854e-01	8.5779404640e-01	6.9795471430e-01
4.2842340865e+02	7.0311337709e-01	8.6477613449e-01	7.0284026861e-01
4.2884311809e+02	7.1029061079e-01	8.7017673254e-01	7.0782870054e-01
4.2926282753e+02	7.1723401546e-01	8.7786602974e-01	7.1214038134e-01
4.2968253697e+02	7.2395175695e-01	8.8157969713e-01	7.1610277891e-01
4.3010224641e+02	7.3045170307e-01	8.8785487413e-01	7.2058916092e-01
4.3052195585e+02	7.3674148321e-01	8.9301264286e-01	7.2464120388e-01
4.3094166529e+02	7.4282854795e-01	8.9604485035e-01	7.2838073969e-01
4.3136137473e+02	7.4872010946e-01	8.9889329672e-01	7.3261600733e-01
4.3178108418e+02	7.5442308187e-01	9.0235501528e-01	7.3615658283e-01
4.3220079362e+02	7.5994431973e-01	9.0552723408e-01	7.4019974470e-01
4.3262050306e+02	7.6529031992e-01	9.0739864111e-01	7.4351435900e-01
4.3304021250e+02	7.7046734095e-01	9.1013157368e-01	7.4696892500e-01
4.3345992194e+02	7.7548140287e-01	9.1205376387e-01	7.5027102232e-01
4.3387963138e+02	7.8033852577e-01	9.1413629055e-01	7.5340479612e-01
4.3429934082e+02	7.8504419327e-01	9.1625505686e-01	7.5654464960e-01
4.3471905026e+02	7.8960394859e-01	9.1756492853e-01	7.5930505991e-01
4.3513875971e+02	7.9402303696e-01	9.1879326105e-01	7.6193636656e-01
4.3555846915e+02	7.9830646515e-01	9.1990971565e-01	7.6490801573e-01
4.3597817859e+02	8.0245912075e-01	9.2094033957e-01	7.6732486486e-01
4.3639788803e+02	8.0648559332e-01	9.2130768299e-01	7.6983070374e-01
4.3681759747e+02	8.1039047241e-01	9.2149746418e-01	7.7230316401e-01
4.3723730691e+02	8.1417804956e-01	9.2170107365e-01	7.7510130405e-01
4.3765701635e+02	8.1785249710e-01	9.2155981064e-01	7.7730733156e-01
4.3807672579e+02	8.2141774893e-01	9.2113089561e-01	7.7948510647e-01
4.3849643523e+02	8.2487767935e-01	9.2054587603e-01	7.8189730644e-01
4.3891614468e+02	8.2823598385e-01	9.1985255480e-01	7.8422737122e-01
4.3933585412e+02	8.3149617910e-01	9.1890919209e-01	7.8652834892e-01
4.3975556356e+02	8.3466172218e-01	9.1794729233e-01	7.8905606270e-01
4.4017527300e+02	8.3773583174e-01	9.1666811705e-01	7.9115092754e-01
4.4059498244e+02	8.4072166681e-01	9.1542440653e-01	7.9354584217e-01
4.4101469188e+02	8.4362232685e-01	9.1398030519e-01	7.9595339298e-01
4.4143440132e+02	8.4644061327e-01	9.1248363256e-01	7.9821169376e-01
4.4185411076e+02	8.4917938709e-01	9.1079109907e-01	8.0080676079e-01
4.4227382021e+02	8.5184127092e-01	9.0915513039e-01	8.0257916451e-01
4.4269352965e+02	8.5442894697e-01	9.0710049868e-01	8.0542922020e-01
4.4311323909e+02	8.5694479942e-01	9.0505838394e-01	8.0811673403e-01
4.4353294853e+02	8.5939127207e-01	9.0144121647e-01	8.1036978960e-01
4.4395265797e+02	8.6177057028e-01	9.0027695894e-01	8.1284558773e-01
4.4437236741e+02	8.6408501863e-01	8.9598983526e-01	8.1447696686e-01
4.4479207685e+02	8.6633664370e-01	8.9356666803e-01	8.1687444448e-01
4.4521178629e+02	8.6852753162e-01	8.9448040724e-01	8.1987529993e-01
4.4563149574e+02	8.7065964937e-01	8.9359557629e-01	8.2237625122e-01
4.4605120518e+02	8.7273484468e-01	8.9189571142e-01	8.2465153933e-01
4.4647091462e+02	8.7475496531e-01	8.8946503401e-01	8.2679015398e-01
4.4689062406e+02	8.7672173977e-01	8.8678926229e-01	8.2934224606e-01
4.4731033350e+02	8.7863683701e-01	8.8435876369e-01	8.3195489645e-01
4.4773004294e+02	8.8050192595e-01	8.8218724728e-01	8.3472180367e-01
4.4814975238e+02	8.8231849670e-01	8.8018578291e-01	8.3666121960e-01
4.4856946182e+02	8.8408809900e-01	8.7774258852e-01	8.3998304605e-01
4.4898917126e+02	8.8581210375e-01	8.7529796362e-01	8.4152084589e-01
4.4940888071e+02	8.8749200106e-01	8.7361574173e-01	8.4360617399e-01
4.4982859015e+02	8.8912904263e-01	8.7185758352e-01	8.4571105242e-01
4.5024829959e+02	8.9072459936e-01	8.6965292692e-01	8.4729760885e-01
4.5066800903e+02	8.9227986336e-01	8.6728870869e-01	8.4879022837e-01
4.5108771847e+02	8.9379602671e-01	8.6447876692e-01	8.5050129890e-01
4.5150742791e+02	8.9527422190e-01	8.6223345995e-01	8.5191565752e-01
4.5192713735e+02	8.9671564102e-01	8.5990798473e-01	8.5282582045e-01
4.5234684679e+02	8.9812129736e-01	8.5730719566e-01	8.5419088602e-01
4.5276655624e+02	8.9949220419e-01	8.5508185625e-01	8.5608184338e-01
4.5318626568e+02	9.0082943439e-01	8.5258537531e-01	8.5677099228e-01
4.5360597512e+02	9.0213388205e-01	8.5049957037e-01	8.5831457376e-01
4.5402568456e+02	9.0340650082e-01	8.4804058075e-01	8.6022758484e-01
4.5444539400e+02	9.0464818478e-01	8.4565693140e-01	8.6152637005e-01
4.5486510344e+02	9.0585982800e-01	8.4363764524e-01	8.6298573017e-01
4.5528481288e+02	9.0704220533e-01	8.4126579762e-01	8.6466091871e-01
4.5570452232e+02	9.0819615126e-01	8.3946633339e-01	8.6645454168e-01
4.5612423177e+02	9.0932244062e-01	8.3726990223e-01	8.6776125431e-01
4.5654394121e+02	9.1042184830e-01	8.3487403393e-01	8.6901563406e-01
4.5696365065e+02	9.1149508953e-01	8.3334374428e-01	8.7102973461e-01
4.5738336009e+02	9.1254276037e-01	8.2974112034e-01	8.7215596437e-01
4.5780306953e+02	9.1356569529e-01	8.2688194513e-01	8.7351822853e-01
4.5822277897e+02	9.1456449032e-01	8.2394134998e-01	8.7450891733e-01
4.5864248841e+02	9.1553974152e-01	8.2091009617e-01	8.7580013275e-01
4.5906219785e+02	9.1649204493e-01	8.1905001402e-01	8.7816500664e-01
4.5948190729e+02	9.1742205620e-01	8.2064443827e-01	8.7978774309e-01
4.5990161674e+02	9.1833031178e-01	8.1890612841e-01	8.8093709946e-01
4.6032132618e+02	9.1921740770e-01	8.1799423695e-01	8.8226950169e-01
4.6074103562e+02	9.2008376122e-01	8.1773781776e-01	8.8347226381e-01
4.6116074506e+02	9.2093002796e-01	8.1623309851e-01	8.8453334570e-01
4.6158045450e+02	9.2175656557e-01	8.1467926502e-01	8.8545775414e-01
4.6200016394e+02	9.2256397009e-01	8.1368279457e-01	8.8623261452e-01
4.6241987338e+02	9.2335265875e-01	8.1295424700e-01	8.8731098175e-01
4.6283958282e+02	9.2412310839e-01	8.1204617023e-01	8.8800287247e-01
4.6325929227e+02	9.2487573624e-01	8.1006854773e-01	8.8840776682e-01
4.6367900171e+02	9.2561095953e-01	8.0944931507e-01	8.8940405846e-01
4.6409871115e+02	9.2632919550e-01	8.0832940340e-01	8.9020740986e-01
4.6451842059e+02	9.2703080177e-01	8.0756777525e-01	8.9112347364e-01
4.6493813003e+02	9.2771625519e-01	8.0644232035e-01	8.9160430431e-01
4.6535783947e+02	9.2838579416e-01	8.0549472570e-01	8.9279252291e-01
4.6577754891e+02	9.2903989553e-01	8.0507802963e-01	8.9349752665e-01
4.6619725835e+02	9.2967885733e-01	8.0424559116e-01	8.9433562756e-01
4.6661696780e+02	9.3030303717e-01	8.0344992876e-01	8.9447170496e-01
4.6703667724e+02	9.3091273308e-01	8.0280166864e-01	8.9573955536e-01
4.6745638668e+02	9.3150824308e-01	8.0250167847e-01	8.9608973265e-01
4.6787609612e+02	9.3208992481e-01	8.0170822144e-01	8.9736688137e-01
4.6829580556e+02	9.3265807629e-01	8.0146360397e-01	8.9784616232e-01
4.6871551500e+02	9.3321293592e-01	8.0061018467e-01	8.9833140373e-01
4.6913522444e+02	9.3375480175e-01	8.0013704300e-01	8.9905959368e-01
4.6955493388e+02	9.3428397179e-01	7.9972714186e-01	8.9963936806e-01
4.6997464332e+02	9.3480062485e-01	7.9970043898e-01	9.0063965321e-01
4.7039435277e+02	9.3530511856e-01	7.9947727919e-01	9.0108281374e-01
4.7081406221e+02	9.3579763174e-01	7.9858654737e-01	9.0160018206e-01
4.7123377165e+02	9.3627840281e-01	7.9907351732e-01	9.0250307322e-01
4.7165348109e+02	9.3674772978e-01	7.9938393831e-01	9.0303331614e-01
4.7207319053e+02	9.3720573187e-01	8.0025506020e-01	9.0400892496e-01
4.7249289997e+02	9.3765270710e-01	8.0049431324e-01	9.0210622549e-01
4.7291260941e+02	9.3808877468e-01	7.9856735468e-01	9.0214985609e-01
4.7333231885e+02	9.3851429224e-01	7.9786223173e-01	9.0226697922e-01
4.7375202830e+02	9.3892925978e-01	7.9694807529e-01	9.0275198221e-01
4.7417173774e+02	9.3933403492e-01	7.9831260443e-01	9.0300709009e-01
4.7459144718e+02	9.3972867727e-01	8.0052560568e-01	9.0365415812e-01
4.7501115662e+02	9.4011348486e-01	7.9810363054e-01	9.0421503782e-01
4.7543086606e+02	9.4048851728e-01	7.9681736231e-01	9.0448594093e-01
4.7585057550e+02	9.4085401297e-01	7.9678219557e-01	9.0420013666e-01
4.7627028494e+02	9.4121009111e-01	7.9627823830e-01	9.0428960323e-01
4.7668999438e+02	9.4155693054e-01	7.9625892639e-01	9.0439438820e-01
4.7710970383e+02	9.4189465046e-01	7.9549133778e-01	9.0395778418e-01
4.7752941327e+02	9.4222348928e-01	7.9576563835e-01	9.0423959494e-01
4.7794912271e+02	9.4254350662e-01	7.9482221603e-01	9.0383839607e-01
4.7836883215e+02	9.4285482168e-01	7.9492759705e-01	9.0353220701e-01
4.7878854159e+02	9.4315767288e-01	7.9441201687e-01	9.0331125259e-01
4.7920825103e+02	9.4345206022e-01	7.9480379820e-01	9.0289509296e-01
4.7962796047e+02	9.4373822212e-01	7.9362314939e-01	9.0296024084e-01
4.8004766991e+02	9.4401615858e-01	7.9319602251e-01	9.0264445543e-01
4.8046737935e+02	9.4428610802e-01	7.9320150614e-01	9.0265047550e-01
4.8088708880e+02	9.4454813004e-01	7.9319608212e-01	9.0231621265e-01
4.8130679824e+02	9.4480234385e-01	7.9313349724e-01	9.0220427513e-01
4.8172650768e+02	9.4504880905e-01	7.9303628206e-01	9.0242493153e-01
4.8214621712e+02	9.4528764486e-01	7.9298537970e-01	9.0217453241e-01
4.8256592656e+02	9.4551897049e-01	7.9297184944e-01	9.0201336145e-01
4.8298563600e+02	9.4574290514e-01	7.9306232929e-01	9.0209555626e-01
4.8340534544e+02	9.4595944881e-01	7.9302912951e-01	9.0194404125e-01
4.8382505488e+02	9.4616878033e-01	7.9317951202e-01	9.0220189095e-01
4.8424476433e+02	9.4637095928e-01	7.9345142841e-01	9.0150368214e-01
4.8466447377e+02	9.4656604528e-01	7.9425716400e-01	9.0125918388e-01
4.8508418321e+02	9.4675415754e-01	7.9426097870e-01	9.0093213320e-01
4.8550389265e+02	9.4693529606e-01	7.9398626089e-01	9.0072578192e-01
4.8592360209e+02	9.4710958004e-01	7.9438823462e-01	9.0060055256e-01
4.8634331153e+02	9.4727712870e-01	7.9466003180e-01	9.0034449100e-01
4.8676302097e+02	9.4743788242e-01	7.9399019480e-01	8.9996343851e-01
4.8718273041e+02	9.4759202003e-01	7.9411667585e-01	8.9981490374e-01
4.8760243986e+02	9.4773954153e-01	7.9302680492e-01	8.9943832159e-01
4.8802214930e+02	9.4788050652e-01	7.9366797209e-01	8.9889848232e-01
4.8844185874e+02	9.4801497459e-01	7.9357409477e-01	8.9735221863e-01
4.8886156818e+02	9.4814306498e-01	7.9339766502e-01	8.9710342884e-01
4.8928127762e+02	9.4826471806e-01	7.9234242439e-01	8.9709991217e-01
4.8970098706e+02	9.4838005304e-01	7.9575878382e-01	8.9669734240e-01
4.9012069650e+02	9.4848906994e-01	7.9615199566e-01	8.9647281170e-01
4.9054040594e+02	9.4859182835e-01	7.9617118835e-01	8.9619648457e-01
4.9096011538e+02	9.4868838787e-01	7.9540920258e-01	8.9629518986e-01
4.9137982483e+02	9.4877874851e-01	7.9512345791e-01	8.9567440748e-01
4.9179953427e+02	9.4886296988e-01	7.9490977526e-01	8.9576822519e-01
4.9221924371e+02	9.4894105196e-01	7.9572063684e-01	8.9519727230e-01
4.9263895315e+02	9.4901311398e-01	7.9587256908e-01	8.9485836029e-01
4.9305866259e+02	9.4907909632e-01	7.9467332363e-01	8.9432698488e-01
4.9347837203e+02	9.4913899899e-01	7.9514682293e-01	8.9428186417e-01
4.9389808147e+02	9.4919294119e-01	7.9498827457e-01	8.9413881302e-01
4.9431779091e+02	9.4924086332e-01	7.9476630688e-01	8.9362633228e-01
4.9473750036e+02	9.4928282499e-01	7.9393607378e-01	8.9277273417e-01
4.9515720980e+02	9.4931882620e-01	7.9412788153e-01	8.9241206646e-01
4.9557691924e+02	9.4934892654e-01	7.9352504015e-01	8.9201283455e-01
4.9599662868e+02	9.4937306643e-01	7.9338407516e-01	8.9169204235e-01
4.9641633812e+02	9.4939130545e-01	7.9325819016e-01	8.9110988379e-01
4.9683604756e+02	9.4940358400e-01	7.9254198074e-01	8.9087527990e-01
4.9725575700e+02	9.4940996170e-01	7.9241025448e-01	8.9001005888e-01
4.9767546644e+02	9.4941043854e-01	7.9215729237e-01	8.8986021280e-01
4.9809517589e+02	9.4940501451e-01	7.9262560606e-01	8.8987088203e-01
4.9851488533e+02	9.4939368963e-01	7.9231601954e-01	8.8953340054e-01
4.9893459477e+02	9.4937646389e-01	7.9167807102e-01	8.8873094320e-01
4.9935430421e+02	9.4935327768e-01	7.9113650322e-01	8.8865619898e-01
4.9977401365e+02	9.4932419062e-01	7.9093384743e-01	8.8844567537e-01
5.0019372309e+02	9.4928914309e-01	7.9064691067e-01	8.8799655437e-01
5.0061343253e+02	9.4924813509e-01	7.9080730677e-01	8.8813400269e-01
5.0103314197e+02	9.4920122623e-01	7.9004013538e-01	8.8774359226e-01
5.0145285141e+02	9.4914823771e-01	7.8963607550e-01	8.8793945312e-01
5.0187256086e+02	9.4908928871e-01	7.8817701340e-01	8.8758718967e-01
5.0229227030e+02	9.4902431965e-01	7.8876990080e-01	8.8708382845e-01
5.0271197974e+02	9.4895327091e-01	7.8814446926e-01	8.8671380281e-01
5.0313168918e+02	9.4887620211e-01	7.8936761618e-01	8.8679349422e-01
5.0355139862e+02	9.4879293442e-01	7.8867125511e-01	8.8681852818e-01
5.0397110806e+02	9.4870358706e-01	7.8836315870e-01	8.8653624058e-01
5.0439081750e+02	9.4860804081e-01	7.8984493017e-01	8.8591426611e-01
5.0481052694e+02	9.4850629568e-01	7.8932505846e-01	8.8532596827e-01
5.0523023639e+02	9.4839835167e-01	7.8567308187e-01	8.8392198086e-01
5.0564994583e+02	9.4828402996e-01	7.8592795134e-01	8.8368380070e-01
5.0606965527e+02	9.4816344976e-01	7.8598642349e-01	8.8265365362e-01
5.0648936471e+02	9.4803643227e-01	7.8529620171e-01	8.8211679459e-01
5.0690907415e+02	9.4790297747e-01	7.8489965200e-01	8.8150614500e-01
5.0732878359e+02	9.4776308537e-01	7.8390896320e-01	8.8105243444e-01
5.0774849303e+02	9.4761663675e-01	7.8351163864e-01	8.8057494164e-01
5.0816820247e+02	9.4746363163e-01	7.8339266777e-01	8.8004237413e-01
5.0858791192e+02	9.4730389118e-01	7.8183758259e-01	8.7933832407e-01
5.0900762136e+02	9.4713753462e-01	7.8169578314e-01	8.7911486626e-01
5.0942733080e+02	9.4696432352e-01	7.8084748983e-01	8.7882393599e-01
5.0984704024e+02	9.4678431749e-01	7.8110408783e-01	8.7891846895e-01
5.1026674968e+02	9.4659733772e-01	7.8003233671e-01	8.7880253792e-01
5.1068645912e+02	9.4640344381e-01	7.7961373329e-01	8.7853640318e-01
5.1110616856e+02	9.4620239735e-01	7.7881568670e-01	8.7820792198e-01
5.1152587800e+02	9.4599425793e-01	7.7806740999e-01	8.7776088715e-01
5.1194558744e+02	9.4577890635e-01	7.7751207352e-01	8.7776106596e-01
5.1236529689e+02	9.4555616379e-01	7.7669763565e-01	8.7768959999e-01
5.1278500633e+02	9.4532608986e-01	7.7638310194e-01	8.7734144926e-01
5.1320471577e+02	9.4508844614e-01	7.7558612823e-01	8.7721288204e-01
5.1362442521e+02	9.4484323263e-01	7.7493011951e-01	8.7654680014e-01
5.1404413465e+02	9.4459033012e-01	7.7418118715e-01	8.7620997429e-01
5.1446384409e+02	9.4432961941e-01	7.7377086878e-01	8.7604397535e-01
5.1488355353e+02	9.4406098127e-01	7.7320903540e-01	8.7557184696e-01
5.1530326297e+02	9.4378429651e-01	7.7244549990e-01	8.7499058247e-01
5.1572297242e+02	9.4349950552e-01	7.7196669579e-01	8.7446433306e-01
5.1614268186e+02	9.4320648909e-01	7.7188110352e-01	8.7402594090e-01
5.1656239130e+02	9.4290506840e-01	7.7093327045e-01	8.7382590771e-01
5.1698210074e+02	9.4259512424e-01	7.6981484890e-01	8.7395370007e-01
5.1740181018e+02	9.4227653742e-01	7.6969558001e-01	8.7321674824e-01
5.1782151962e+02	9.4194918871e-01	7.6979827881e-01	8.7268292904e-01
5.1824122906e+02	9.4161289930e-01	7.6954191923e-01	8.7198388577e-01
5.1866093850e+02	9.4126754999e-01	7.6821172237e-01	8.7151283026e-01
5.1908064795e+02	9.4091296196e-01	7.6889598370e-01	8.7115341425e-01
5.1950035739e+02	9.4054907560e-01	7.6808893681e-01	8.7085300684e-01
5.1992006683e+02	9.4017559290e-01	7.6875472069e-01	8.7047034502e-01
5.2033977627e+02	9.3979239464e-01	7.6925057173e-01	8.7058490515e-01
5.2075948571e+02	9.3939936161e-01	7.6634371281e-01	8.7084364891e-01
5.2117919515e+02	9.3899631500e-01	7.6776325703e-01	8.7010467052e-01
5.2159890459e+02	9.3858295679e-01	7.6542109251e-01	8.6987048388e-01
5.2201861403e+02	9.3815922737e-01	7.6709735394e-01	8.6964076757e-01
5.2243832347e+02	9.3772488832e-01	7.6638716459e-01	8.6911308765e-01
5.2285803292e+02	9.3727970123e-01	7.6431822777e-01	8.6894613504e-01
5.2327774236e+02	9.3682354689e-01	7.6367110014e-01	8.6899584532e-01
5.2369745180e+02	9.3635612726e-01	7.6348996162e-01	8.6862373352e-01
5.2411716124e+02	9.3587720394e-01	7.6306301355e-01	8.6900269985e-01
5.2453687068e+02	9.3538665771e-01	7.6267355680e-01	8.6836785078e-01
5.2495658012e+02	9.3488413095e-01	7.6206970215e-01	8.6785757542e-01
5.2537628956e+02	9.3436944485e-01	7.6170170307e-01	8.6771386862e-01
5.2579599900e+02	9.3384236097e-01	7.6209592819e-01	8.6783522367e-01
5.2621570845e+02	9.3330258131e-01	7.6111418009e-01	8.6830025911e-01
5.2663541789e+02	9.3274992704e-01	7.6156955957e-01	8.6802864075e-01
5.2705512733e+02	9.3218398094e-01	7.6175308228e-01	8.6831194162e-01
5.2747483677e+02	9.3160450459e-01	7.6109957695e-01	8.6812061071e-01
5.2789454621e+02	9.3101125956e-01	7.6019376516e-01	8.6797881126e-01
5.2831425565e+02	9.3040394783e-01	7.6046341658e-01	8.6770784855e-01
5.2873396509e+02	9.2978215218e-01	7.6038110256e-01	8.6713719368e-01
5.2915367453e+02	9.2914563417e-01	7.5970661640e-01	8.6757320166e-01
5.2957338398e+02	9.2849403620e-01	7.5983887911e-01	8.6725741625e-01
5.2999309342e+02	9.2782700062e-01	7.6018726826e-01	8.6643582582e-01
5.3041280286e+02	9.2714422941e-01	7.6041406393e-01	8.6524498463e-01
5.3083251230e+02	9.2644530535e-01	7.6049596071e-01	8.6522436142e-01
5.3125222174e+02	9.2572981119e-01	7.6098358631e-01	8.6418449879e-01
5.3167193118e+02	9.2499738932e-01	7.6059913635e-01	8.6360406876e-01
5.3209164062e+02	9.2424768209e-01	7.5936943293e-01	8.6285465956e-01
5.3251135006e+02	9.2348015308e-01	7.6059532166e-01	8.6178427935e-01
5.3293105950e+02	9.2269450426e-01	7.6089245081e-01	8.6045259237e-01
5.3335076895e+02	9.2189019918e-01	7.6035577059e-01	8.5966885090e-01
5.3377047839e+02	9.2106682062e-01	7.6008415222e-01	8.5892623663e-01
5.3419018783e+02	9.2022383213e-01	7.5991594791e-01	8.5849046707e-01
5.3460989727e+02	9.1936075687e-01	7.5939470530e-01	8.5702633858e-01
5.3502960671e+02	9.1847711802e-01	7.5769597292e-01	8.5598564148e-01
5.3544931615e+02	9.1757237911e-01	7.5856035948e-01	8.5526573658e-01
5.3586902559e+02	9.1664594412e-01	7.5758117437e-01	8.5417503119e-01
5.3628873503e+02	9.1569733620e-01	7.5659251213e-01	8.5324734449e-01
5.3670844448e+02	9.1472589970e-01	7.5617325306e-01	8.5210931301e-01
5.3712815392e+02	9.1373103857e-01	7.5566667318e-01	8.5158443451e-01
5.3754786336e+02	9.1271209717e-01	7.5561541319e-01	8.5042959452e-01
5.3796757280e+02	9.1166847944e-01	7.5534909964e-01	8.4880608320e-01
5.3838728224e+02	9.1059947014e-01	7.5380450487e-01	8.4783953428e-01
5.3880699168e+02	9.0950441360e-01	7.5384759903e-01	8.4675389528e-01
5.3922670112e+02	9.0838259459e-01	7.5227731466e-01	8.4543508291e-01
5.3964641056e+02	9.0723323822e-01	7.5150763988e-01	8.4372580051e-01
5.4006612001e+02	9.0605556965e-01	7.5117880106e-01	8.4202659130e-01
5.4048582945e+02	9.0484881401e-01	7.5022566319e-01	8.4046423435e-01
5.4090553889e+02	9.0361207724e-01	7.4926501513e-01	8.3868819475e-01
5.4132524833e+02	9.0234458447e-01	7.4827766418e-01	8.3668661118e-01
5.4174495777e+02	9.0104544163e-01	7.4752587080e-01	8.3471775055e-01
5.4216466721e+02	8.9971363544e-01	7.4641048908e-01	8.3276587725e-01
5.4258437665e+02	8.9834827185e-01	7.4526882172e-01	8.3093714714e-01
5.4300408609e+02	8.9694839716e-01	7.4430501461e-01	8.2869404554e-01
5.4342379553e+02	8.9551293850e-01	7.4333149195e-01	8.2643932104e-01
5.4384350498e+02	8.9404082298e-01	7.4197816849e-01	8.2461631298e-01
5.4426321442e+02	8.9253091812e-01	7.4062168598e-01	8.2223570347e-01
5.4468292386e+02	8.9098215103e-01	7.3944556713e-01	8.1983745098e-01
5.4510263330e+02	8.8939332962e-01	7.3759377003e-01	8.1795424223e-01
5.4552234274e+02	8.8776314259e-01	7.3647427559e-01	8.1597453356e-01
5.4594205218e+02	8.8609039783e-01	7.3412424326e-01	8.1350600719e-01
5.4636176162e+02	8.8437366486e-01	7.3247683048e-01	8.1084948778e-01
5.4678147106e+02	8.8261163235e-01	7.3278784752e-01	8.0886268616e-01
5.4720118051e+02	8.8080286980e-01	7.3001456261e-01	8.0641990900e-01
5.4762088995e+02	8.7894588709e-01	7.2789180279e-01	8.0349510908e-01
5.4804059939e+02	8.7703907490e-01	7.2529900074e-01	8.0123978853e-01
5.4846030883e+02	8.7508088350e-01	7.2329103947e-01	7.9858338833e-01
5.4888001827e+02	8.7306964397e-01	7.2086751461e-01	7.9570525885e-01
5.4929972771e+02	8.7100356817e-01	7.1876281500e-01	7.9261004925e-01
5.4971943715e+02	8.6888092756e-01	7.1522426605e-01	7.8953194618e-01
5.5013914659e+02	8.6669975519e-01	7.1524691582e-01	7.8642529249e-01
5.5055885604e+02	8.6445820332e-01	7.1198368073e-01	7.8268498182e-01
5.5097856548e+02	8.6215424538e-01	7.0825636387e-01	7.7927815914e-01
5.5139827492e+02	8.5978567600e-01	7.0895093679e-01	7.7576899529e-01
5.5181798436e+02	8.5735034943e-01	7.0505833626e-01	7.7140206099e-01
5.5223769380e+02	8.5484606028e-01	6.9972699881e-01	7.6779758930e-01
5.5265740324e+02	8.5227036476e-01	6.9842523336e-01	7.6350420713e-01
5.5307711268e+02	8.4962075949e-01	6.9518876076e-01	7.5924849510e-01
5.5349682212e+02	8.4689480066e-01	6.9075363874e-01	7.5500822067e-01
5.5391653156e+02	8.4408968687e-01	6.8960916996e-01	7.4980169535e-01
5.5433624101e+02	8.4120273590e-01	6.8441510201e-01	7.4580883980e-01
5.5475595045e+02	8.3823108673e-01	6.7967557907e-01	7.4120062590e-01
5.5517565989e+02	8.3517163992e-01	6.7573261261e-01	7.3551547527e-01
5.5559536933e+02	8.3202129602e-01	6.7091578245e-01	7.3019713163e-01
5.5601507877e+02	8.2877683640e-01	6.6632431746e-01	7.2496527433e-01
5.5643478821e+02	8.2543486357e-01	6.6146373749e-01	7.1933549643e-01
5.5685449765e+02	8.2199180126e-01	6.5619200468e-01	7.1297711134e-01
5.5727420709e+02	8.1844407320e-01	6.5101003647e-01	7.0704627037e-01
5.5769391654e+02	8.1478780508e-01	6.4371335506e-01	7.0042896271e-01
5.5811362598e+02	8.1101906300e-01	6.4148682356e-01	6.9347554445e-01
5.5853333542e+02	8.0713373423e-01	6.3390165567e-01	6.8657904863e-01
5.5895304486e+02	8.0312740803e-01	6.2760722637e-01	6.7902803421e-01
5.5937275430e+02	7.9899579287e-01	6.2094289064e-01	6.7172688246e-01
5.5979246374e+02	7.9473412037e-01	6.1386948824e-01	6.6444325447e-01
5.6021217318e+02	7.9033762217e-01	6.0610967875e-01	6.5592300892e-01
5.6063188262e+02	7.8580123186e-01	5.9889429808e-01	6.4788103104e-01
5.6105159207e+02	7.8111982346e-01	5.9153246880e-01	6.3925534487e-01
5.6147130151e+02	7.7628797293e-01	5.8318471909e-01	6.3092911243e-01
5.6189101095e+02	7.7129995823e-01	5.7475966215e-01	6.2172400951e-01
5.6231072039e+02	7.6615005732e-01	5.6610792875e-01	6.1191278696e-01
5.6273042983e+02	7.6083219051e-01	5.5709576607e-01	6.0268354416e-01
5.6315013927e+02	7.5534015894e-01	5.4784691334e-01	5.9345531464e-01
5.6356984871e+02	7.4966734648e-01	5.3816705942e-01	5.8336365223e-01
5.6398955815e+02	7.4380719662e-01	5.2813005447e-01	5.7393747568e-01
5.6440926759e+02	7.3775261641e-01	5.1807343960e-01	5.6294310093e-01
5.6482897704e+02	7.3149657249e-01	5.0806826353e-01	5.5265814066e-01
5.6524868648e+02	7.2503161430e-01	4.9787062407e-01	5.4211086035e-01
5.6566839592e+02	7.1835011244e-01	4.8548358679e-01	5.3126627207e-01
5.6608810536e+02	7.1144419909e-01	4.7330400348e-01	5.2117240429e-01
5.6650781480e+02	7.0430588722e-01	4.6033200622e-01	5.0892972946e-01
5.6692752424e+02	6.9692683220e-01	4.4830250740e-01	4.9712237716e-01
5.6734723368e+02	6.8929862976e-01	4.3742784858e-01	4.8673143983e-01
5.6776694312e+02	6.8141263723e-01	4.2451819777e-01	4.7456046939e-01
5.6818665257e+02	6.7326003313e-01	4.1186848283e-01	4.6255904436e-01
5.6860636201e+02	6.6483187675e-01	3.9965355396e-01	4.5132508874e-01
5.6902607145e+02	6.5611910820e-01	3.8660615683e-01	4.3915873766e-01
5.6944578089e+02	6.4711260796e-01	3.7388935685e-01	4.2700442672e-01
5.6986549033e+02	6.3780319691e-01	3.6179238558e-01	4.1407099366e-01
5.7028519977e+02	6.2818175554e-01	3.4681251645e-01	4.0224504471e-01
5.7070490921e+02	6.1823916435e-01	3.3302783966e-01	3.8920164108e-01
5.7112461865e+02	6.0796648264e-01	3.1807205081e-01	3.7638229132e-01
5.7154432810e+02	5.9735500813e-01	3.0316627026e-01	3.6338821054e-01
5.7196403754e+02	5.8639621735e-01	2.9227718711e-01	3.5136672854e-01
5.7238374698e+02	5.7508200407e-01	2.7744752169e-01	3.3792689443e-01
5.7280345642e+02	5.6340491772e-01	2.6278373599e-01	3.2474938035e-01
5.7322316586e+02	5.5135798454e-01	2.5014922023e-01	3.1101295352e-01
5.7364287530e+02	5.3893506527e-01	2.3708949983e-01	3.0029332638e-01
5.7406258474e+02	5.2613085508e-01	2.2353526950e-01	2.8675559163e-01
5.7448229418e+02	5.1294130087e-01	2.1074008942e-01	2.7368190885e-01
5.7490200362e+02	4.9936360121e-01	1.9898614287e-01	2.6088398695e-01
5.7532171307e+02	4.8539647460e-01	1.8610689044e-01	2.4827386439e-01
5.7574142251e+02	4.7104042768e-01	1.7461752892e-01	2.3555894196e-01
5.7616113195e+02	4.5629796386e-01	1.6313977540e-01	2.2280864418e-01
5.7658084139e+02	4.4117394090e-01	1.5085789561e-01	2.1040186286e-01
5.7700055083e+02	4.2567580938e-01	1.4089815319e-01	1.9832178950e-01
5.7742026027e+02	4.0981397033e-01	1.3043212891e-01	1.8621248007e-01
5.7783996971e+02	3.9360210299e-01	1.2004444748e-01	1.7432810366e-01
5.7825967915e+02	3.7705749273e-01	1.1055871844e-01	1.6306619346e-01
5.7867938860e+02	3.6020144820e-01	1.0150022805e-01	1.5169160068e-01
5.7909909804e+02	3.4305959940e-01	9.2713020742e-02	1.4094661176e-01
5.7951880748e+02	3.2566234469e-01	8.4531694651e-02	1.3084730506e-01
5.7993851692e+02	3.0804502964e-01	7.7427707613e-02	1.2099748105e-01
5.8035822636e+02	2.9024854302e-01	6.9698557258e-02	1.1157805473e-01
5.8077793580e+02	2.7231928706e-01	6.2983103096e-02	1.0267298669e-01
5.8119764524e+02	2.5430965424e-01	5.6499667466e-02	9.3979120255e-02
5.8161735468e+02	2.3627805710e-01	5.0623465329e-02	8.6106888950e-02
5.8203706413e+02	2.1828907728e-01	4.5237228274e-02	7.8144639730e-02
5.8245677357e+02	2.0041343570e-01	4.1601840407e-02	7.0964962244e-02
5.8287648301e+02	1.8272779882e-01	3.7033669651e-02	6.4054876566e-02
5.8329619245e+02	1.6531457007e-01	3.2525379211e-02	5.7817973197e-02
5.8371590189e+02	1.4826141298e-01	2.8848139569e-02	5.2105989307e-02
5.8413561133e+02	1.3166065514e-01	2.5346437469e-02	4.6632282436e-02
5.8455532077e+02	1.1560852826e-01	2.2698480636e-02	4.1668836027e-02
5.8497503021e+02	1.0020419955e-01	1.9954731688e-02	3.7327203900e-02
5.8539473965e+02	8.5548631847e-02	1.7925981432e-02	3.3099107444e-02
5.8581444910e+02	7.1743272245e-02	1.5200750902e-02	2.9423387721e-02
5.8623415854e+02	5.8888640255e-02	1.4887492172e-02	2.6406763121e-02
5.8665386798e+02	4.7082692385e-02	1.3533052988e-02	2.3740950972e-02
5.8707357742e+02	3.6419216543e-02	1.2425207533e-02	2.1332500502e-02
5.8749328686e+02	2.6986103505e-02	1.1407611892e-02	1.9464781508e-02
5.8791299630e+02	1.8863672391e-02	1.1663367040e-02	1.8130954355e-02
5.8833270574e+02	1.2123040855e-02	1.0583858006e-02	1.6974302009e-02
5.8875241518e+02	6.8246326409e-03	1.1474761181e-02	1.6127076000e-02
5.8917212463e+02	3.0168602243e-03	1.1102447286e-02	1.5645647421e-02
5.8959183407e+02	7.3504040483e-04	1.1360252276e-02	1.5248758718e-02
5.9001154351e+02	5.8836582184e-07	1.1774641462e-02	1.5197233297e-02
5.9043125295e+02	8.2052196376e-04	1.2974123470e-02	1.5344579704e-02
5.9085096239e+02	3.1872994732e-03	1.3792316429e-02	1.5807595104e-02
5.9127067183e+02	7.0789963938e-03	1.5079913661e-02	1.6626015306e-02
5.9169038127e+02	1.2459815480e-02	1.6398977488e-02	1.7507579178e-02
5.9211009071e+02	1.9280901179e-02	1.8317084759e-02	1.8683293834e-02
5.9252980016e+02	2.7481442317e-02	2.0582763478e-02	1.9788302481e-02
5.9294950960e+02	3.6989990622e-02	2.3322252557e-02	2.1368060261e-02
5.9336921904e+02	4.7725960612e-02	2.6725580916e-02	2.3302251473e-02
5.9378892848e+02	5.9601265937e-02	3.0263932422e-02	2.5437932462e-02
5.9420863792e+02	7.2521999478e-02	3.4608233720e-02	2.7942474931e-02
5.9462834736e+02	8.6390130222e-02	3.9799124002e-02	3.0814474449e-02
5.9504805680e+02	1.0110516846e-01	4.5369822532e-02	3.4023128450e-02
5.9546776624e+02	1.1656571925e-01	5.1275260746e-02	3.7698559463e-02
5.9588747568e+02	1.3267092407e-01	5.8266974986e-02	4.1726626456e-02
5.9630718513e+02	1.4932180941e-01	6.5251730382e-02	4.6564687043e-02
5.9672689457e+02	1.6642232239e-01	7.4068963528e-02	5.2011296153e-02
5.9714660401e+02	1.8388037384e-01	8.2395337522e-02	5.8044161648e-02
5.9756631345e+02	2.0160852373e-01	9.1834001243e-02	6.4790949225e-02
5.9798602289e+02	2.1952468157e-01	1.0163132101e-01	7.2445355356e-02
5.9840573233e+02	2.3755240440e-01	1.1281738430e-01	8.0895058811e-02
5.9882544177e+02	2.5562125444e-01	1.2546682358e-01	9.0516343713e-02
5.9924515121e+02	2.7366694808e-01	1.3611164689e-01	1.0061726719e-01
5.9966486066e+02	2.9163128138e-01	1.4985255897e-01	1.1169032007e-01
6.0008457010e+02	3.0946215987e-01	1.6252042353e-01	1.2351230532e-01
6.0050427954e+02	3.2711336017e-01	1.7619934678e-01	1.3611586392e-01
6.0092398898e+02	3.4454426169e-01	1.8976503611e-01	1.4961364865e-01
6.0134369842e+02	3.6171963811e-01	2.0300662518e-01	1.6346023977e-01
6.0176340786e+02	3.7860935926e-01	2.1755380929e-01	1.7818725109e-01
6.0218311730e+02	3.9518788457e-01	2.3095493019e-01	1.9344934821e-01
6.0260282674e+02	4.1143408418e-01	2.4567277730e-01	2.0876115561e-01
6.0302253619e+02	4.2733076215e-01	2.5873887539e-01	2.2462399304e-01
6.0344224563e+02	4.4286438823e-01	2.7305966616e-01	2.4094881117e-01
6.0386195507e+02	4.5802462101e-01	2.8561764956e-01	2.5727477670e-01
6.0428166451e+02	4.7280409932e-01	3.0075037479e-01	2.7366504073e-01
6.0470137395e+02	4.8719805479e-01	3.1125152111e-01	2.9011687636e-01
6.0512108339e+02	5.0120395422e-01	3.2580775023e-01	3.0601403117e-01
6.0554079283e+02	5.1482141018e-01	3.3792492747e-01	3.2176312804e-01
6.0596050227e+02	5.2805167437e-01	3.4808242321e-01	3.3718320727e-01
6.0638021171e+02	5.4089760780e-01	3.5919234157e-01	3.5291141272e-01
6.0679992116e+02	5.5336326361e-01	3.7031534314e-01	3.6609190702e-01
6.0721963060e+02	5.6545400620e-01	3.7938290834e-01	3.8077425957e-01
6.0763934004e+02	5.7717585564e-01	3.8954120874e-01	3.9401486516e-01
6.0805904948e+02	5.8853578568e-01	4.0080446005e-01	4.0660279989e-01
6.0847875892e+02	5.9954142570e-01	4.0842807293e-01	4.2014333606e-01
6.0889846836e+02	6.1020070314e-01	4.1837260127e-01	4.3215751648e-01
6.0931817780e+02	6.2052214146e-01	4.2521029711e-01	4.4405999780e-01
6.0973788724e+02	6.3051444292e-01	4.3203160167e-01	4.5415633917e-01
6.1015759669e+02	6.4018654823e-01	4.3950864673e-01	4.6544101834e-01
6.1057730613e+02	6.4954751730e-01	4.4651415944e-01	4.7565197945e-01
6.1099701557e+02	6.5860646963e-01	4.5306375623e-01	4.8538944125e-01
6.1141672501e+02	6.6737258434e-01	4.5920479298e-01	4.9455392361e-01
6.1183643445e+02	6.7585498095e-01	4.6496364474e-01	5.0338929892e-01
6.1225614389e+02	6.8406260014e-01	4.7001647949e-01	5.1192104816e-01
6.1267585333e+02	6.9200444221e-01	4.7400781512e-01	5.1997923851e-01
6.1309556277e+02	6.9968926907e-01	4.8015749454e-01	5.2711087465e-01
6.1351527222e+02	7.0712566376e-01	4.8369675875e-01	5.3574866056e-01
6.1393498166e+02	7.1432214975e-01	4.8687076569e-01	5.4265785217e-01
6.1435469110e+02	7.2128689289e-01	4.8961195350e-01	5.4939383268e-01
6.1477440054e+02	7.2802793980e-01	4.9314513803e-01	5.5532634258e-01
6.1519410998e+02	7.3455315828e-01	5.0307363272e-01	5.6247073412e-01
6.1561381942e+02	7.4087005854e-01	5.0654518604e-01	5.6925141811e-01
6.1603352886e+02	7.4698615074e-01	5.0771605968e-01	5.7468461990e-01
6.1645323830e+02	7.5290852785e-01	5.1281070709e-01	5.8046925068e-01
6.1687294774e+02	7.5864404440e-01	5.1539355516e-01	5.8645182848e-01
6.1729265719e+02	7.6419949532e-01	5.1849925518e-01	5.9109765291e-01
6.1771236663e+02	7.6958131790e-01	5.2051734924e-01	5.9548878670e-01
6.1813207607e+02	7.7479571104e-01	5.2325612307e-01	6.0034847260e-01
6.1855178551e+02	7.7984881401e-01	5.2651071548e-01	6.0499060154e-01
6.1897149495e+02	7.8474634886e-01	5.2522194386e-01	6.0951781273e-01
6.1939120439e+02	7.8949391842e-01	5.3161990643e-01	6.1403822899e-01
6.1981091383e+02	7.9409694672e-01	5.3233212233e-01	6.1796641350e-01
6.2023062327e+02	7.9856067896e-01	5.3128224611e-01	6.2076663971e-01
6.2065033272e+02	8.0289000273e-01	5.3400182724e-01	6.2383210659e-01
6.2107004216e+02	8.0708986521e-01	5.3945726156e-01	6.2706738710e-01
6.2148975160e+02	8.1116485596e-01	5.3797811270e-01	6.3071733713e-01
6.2190946104e+02	8.1511938572e-01	5.4141849279e-01	6.3359165192e-01
6.2232917048e+02	8.1895780563e-01	5.4428094625e-01	6.3641262054e-01
6.2274887992e+02	8.2268416882e-01	5.4498594999e-01	6.3959890604e-01
6.2316858936e+02	8.2630252838e-01	5.4623866081e-01	6.4184015989e-01
6.2358829880e+02	8.2981663942e-01	5.4781770706e-01	6.4451831579e-01
6.2400800825e+02	8.3323013783e-01	5.4919302464e-01	6.4682656527e-01
6.2442771769e+02	8.3654659986e-01	5.4921990633e-01	6.4889407158e-01
6.2484742713e+02	8.3976936340e-01	5.5118316412e-01	6.5128034353e-01
6.2526713657e+02	8.4290176630e-01	5.5269783735e-01	6.5325677395e-01
6.2568684601e+02	8.4594678879e-01	5.5578386784e-01	6.5563827753e-01
6.2610655545e+02	8.4890753031e-01	5.5532228947e-01	6.5754234791e-01
6.2652626489e+02	8.5178691149e-01	5.5850750208e-01	6.5918856859e-01
6.2694597433e+02	8.5458761454e-01	5.5865371227e-01	6.6121542454e-01
6.2736568377e+02	8.5731232166e-01	5.6005597115e-01	6.6244322062e-01
6.2778539322e+02	8.5996365547e-01	5.6184560061e-01	6.6351991892e-01
6.2820510266e+02	8.6254405975e-01	5.6357568502e-01	6.6485095024e-01
6.2862481210e+02	8.6505591869e-01	5.6495702267e-01	6.6652894020e-01
6.2904452154e+02	8.6750143766e-01	5.6605082750e-01	6.6726756096e-01
6.2946423098e+02	8.6988288164e-01	5.6785720587e-01	6.6824203730e-01
6.2988394042e+02	8.7220233679e-01	5.7003837824e-01	6.6937446594e-01
6.3030364986e+02	8.7446182966e-01	5.7099932432e-01	6.7090111971e-01
6.3072335930e+02	8.7666332722e-01	5.7172840834e-01	6.7113202810e-01
6.3114306875e+02	8.7880873680e-01	5.7114154100e-01	6.7228704691e-01
6.3156277819e+02	8.8089972734e-01	5.7270324230e-01	6.7296600342e-01
6.3198248763e+02	8.8293820620e-01	5.7682317495e-01	6.7354500294e-01
6.3240219707e+02	8.8492572308e-01	5.7698428631e-01	6.7434471846e-01
6.3282190651e+02	8.8686400652e-01	5.7878983021e-01	6.7507523298e-01
6.3324161595e+02	8.8875448704e-01	5.8004766703e-01	6.7569679022e-01
6.3366132539e+02	8.9059871435e-01	5.7852190733e-01	6.7636001110e-01
6.3408103483e+02	8.9239811897e-01	5.8194971085e-01	6.7783915997e-01
6.3450074428e+02	8.9415413141e-01	5.8321511745e-01	6.7890930176e-01
6.3492045372e+02	8.9586806297e-01	5.8446139097e-01	6.7973524332e-01
6.3534016316e+02	8.9754116535e-01	5.8653712273e-01	6.7976605892e-01
6.3575987260e+02	8.9917469025e-01	5.9019029140e-01	6.8080055714e-01
6.3617958204e+02	9.0076982975e-01	5.8809900284e-01	6.8152546883e-01
6.3659929148e+02	9.0232777596e-01	5.8672797680e-01	6.8222230673e-01
6.3701900092e+02	9.0384966135e-01	5.8879977465e-01	6.8368422985e-01
6.3743871036e+02	9.0533643961e-01	5.9400647879e-01	6.8343955278e-01
6.3785841980e+02	9.0678924322e-01	5.9401506186e-01	6.8465769291e-01
6.3827812925e+02	9.0820908546e-01	5.9304010868e-01	6.8512022495e-01
6.3869783869e+02	9.0959686041e-01	5.9317934513e-01	6.8580621481e-01
6.3911754813e+02	9.1095352173e-01	5.9254330397e-01	6.8673515320e-01
6.3953725757e+02	9.1228002310e-01	5.9592586756e-01	6.8738043308e-01
6.3995696701e+02	9.1357713938e-01	5.9528928995e-01	6.8796914816e-01
6.4037667645e+02	9.1484576464e-01	5.9640610218e-01	6.8810194731e-01
6.4079638589e+02	9.1608673334e-01	5.9681570530e-01	6.8920832872e-01
6.4121609533e+02	9.1730070114e-01	5.9451383352e-01	6.9050121307e-01
6.4163580478e+02	9.1848856211e-01	5.9817111492e-01	6.9045048952e-01
6.4205551422e+02	9.1965097189e-01	5.9844970703e-01	6.9148796797e-01
6.4247522366e+02	9.2078870535e-01	5.9937971830e-01	6.9192266464e-01
6.4289493310e+02	9.2190229893e-01	5.9971934557e-01	6.9201821089e-01
6.4331464254e+02	9.2299258709e-01	6.0064232349e-01	6.9273293018e-01
6.4373435198e+02	9.2406010628e-01	6.0203701258e-01	6.9355094433e-01
6.4415406142e+02	9.2510545254e-01	6.0208851099e-01	6.9437199831e-01
6.4457377086e+02	9.2612928152e-01	6.0332304239e-01	6.9406986237e-01
6.4499348031e+02	9.2713212967e-01	6.0425806046e-01	6.9534420967e-01
6.4541318975e+02	9.2811459303e-01	6.0441935062e-01	6.9525068998e-01
6.4583289919e+02	9.2907720804e-01	6.0547995567e-01	6.9592690468e-01
6.4625260863e+02	9.3002045155e-01	6.0649669170e-01	6.9639658928e-01
6.4667231807e+02	9.3094485998e-01	6.0684311390e-01	6.9713580608e-01
6.4709202751e+02	9.3185091019e-01	6.0697692633e-01	6.9713234901e-01
6.4751173695e+02	9.3273907900e-01	6.0754662752e-01	6.9796586037e-01
6.4793144639e+02	9.3360990286e-01	6.0818427801e-01	6.9841140509e-01
6.4835115583e+02	9.3446367979e-01	6.0901445150e-01	6.9846534729e-01
6.4877086528e+02	9.3530094624e-01	6.0960662365e-01	6.9929671288e-01
6.4919057472e+02	9.3612211943e-01	6.1013406515e-01	6.9953757524e-01
6.4961028416e+02	9.3692755699e-01	6.1053699255e-01	7.0002245903e-01
6.5002999360e+02	9.3771767616e-01	6.1150330305e-01	7.0038980246e-01
6.5044970304e+02	9.3849283457e-01	6.1172032356e-01	7.0143646002e-01
6.5086941248e+02	9.3925344944e-01	6.1229270697e-01	7.0136821270e-01
6.5128912192e+02	9.3999987841e-01	6.1296963692e-01	7.0147079229e-01
6.5170883136e+02	9.4073241949e-01	6.1341941357e-01	7.0226269960e-01
6.5212854081e+02	9.4145137072e-01	6.1406695843e-01	7.0329648256e-01
6.5254825025e+02	9.4215720892e-01	6.1450260878e-01	7.0386606455e-01
6.5296795969e+02	9.4285011292e-01	6.1552220583e-01	7.0399194956e-01
6.5338766913e+02	9.4353049994e-01	6.1577045918e-01	7.0444780588e-01
6.5380737857e+02	9.4419854879e-01	6.1640405655e-01	7.0484101772e-01
6.5422708801e+02	9.4485467672e-01	6.1702156067e-01	7.0563435555e-01
6.5464679745e+02	9.4549906254e-01	6.1753326654e-01	7.0618927479e-01
6.5506650689e+02	9.4613206387e-01	6.1821711063e-01	7.0656597614e-01
6.5548621634e+02	9.4675385952e-01	6.1862289906e-01	7.0715898275e-01
6.5590592578e+02	9.4736474752e-01	6.1927384138e-01	7.0789462328e-01
6.5632563522e+02	9.4796502590e-01	6.2001746893e-01	7.0814532042e-01
6.5674534466e+02	9.4855487347e-01	6.2050855160e-01	7.0860934258e-01
6.5716505410e+02	9.4913452864e-01	6.2112146616e-01	7.0898818970e-01
6.5758476354e+02	9.4970428944e-01	6.2176758051e-01	7.0936453342e-01
6.5800447298e+02	9.5026433468e-01	6.2226533890e-01	7.0971661806e-01
6.5842418242e+02	9.5081484318e-01	6.2298619747e-01	7.1014183760e-01
6.5884389186e+02	9.5135611296e-01	6.2444967031e-01	7.1035987139e-01
6.5926360131e+02	9.5188826323e-01	6.2443095446e-01	7.1097838879e-01
6.5968331075e+02	9.5241159201e-01	6.2515604496e-01	7.1113950014e-01
6.6010302019e+02	9.5292621851e-01	6.2572777271e-01	7.1139824390e-01
6.6052272963e+02	9.5343232155e-01	6.2656867504e-01	7.1179646254e-01
6.6094243907e+02	9.5393013954e-01	6.2725466490e-01	7.1118336916e-01
6.6136214851e+02	9.5441985130e-01	6.2804257870e-01	7.1175980568e-01
6.6178185795e+02	9.5490157604e-01	6.2872970104e-01	7.1203720570e-01
6.6220156739e+02	9.5537555218e-01	6.2929075956e-01	7.1228951216e-01
6.6262127684e+02	9.5584189892e-01	6.2992739677e-01	7.1271359921e-01
6.6304098628e+02	9.5630079508e-01	6.3061869144e-01	7.1290117502e-01
6.6346069572e+02	9.5675241947e-01	6.3141983747e-01	7.1297484636e-01
6.6388040516e+02	9.5719689131e-01	6.3211178780e-01	7.1321481466e-01
6.6430011460e+02	9.5763432980e-01	6.3290083408e-01	7.1360999346e-01
6.6471982404e+02	9.5806497335e-01	6.3348066807e-01	7.1351730824e-01
6.6513953348e+02	9.5848888159e-01	6.3428318501e-01	7.1368879080e-01
6.6555924292e+02	9.5890623331e-01	6.3489550352e-01	7.1333897114e-01
6.6597895237e+02	9.5931714773e-01	6.3569599390e-01	7.1371334791e-01
6.6639866181e+02	9.5972180367e-01	6.3629066944e-01	7.1376472712e-01
6.6681837125e+02	9.6012026072e-01	6.3704603910e-01	7.1342694759e-01
6.6723808069e+02	9.6051263809e-01	6.3748174906e-01	7.1389144659e-01
6.6765779013e+02	9.6089911461e-01	6.3832879066e-01	7.1380633116e-01
6.6807749957e+02	9.6127980947e-01	6.3898122311e-01	7.1408993006e-01
6.6849720901e+02	9.6165478230e-01	6.3970935345e-01	7.1361887455e-01
6.6891691845e+02	9.6202421188e-01	6.4037162066e-01	7.1385872364e-01
6.6933662789e+02	9.6238809824e-01	6.4097923040e-01	7.1358388662e-01
6.6975633734e+02	9.6274667978e-01	6.4156919718e-01	7.1427863836e-01
6.7017604678e+02	9.6310001612e-01	6.4227557182e-01	7.1444553137e-01
6.7059575622e+02	9.6344816685e-01	6.4273518324e-01	7.1433109045e-01
6.7101546566e+02	9.6379131079e-01	6.4354556799e-01	7.1472674608e-01
6.7143517510e+02	9.6412944794e-01	6.4395695925e-01	7.1492016315e-01
6.7185488454e+02	9.6446275711e-01	6.4480549097e-01	7.1478879452e-01
6.7227459398e+02	9.6479129791e-01	6.4524638653e-01	7.1499478817e-01
6.7269430342e+02	9.6511512995e-01	6.4568191767e-01	7.1544647217e-01
6.7311401287e+02	9.6543437243e-01	6.4636141062e-01	7.1497631073e-01
6.7353372231e+02	9.6574914455e-01	6.4675045013e-01	7.1543705463e-01
6.7395343175e+02	9.6605950594e-01	6.4733618498e-01	7.1529942751e-01
6.7437314119e+02	9.6636551619e-01	6.4784920216e-01	7.1533322334e-01
6.7479285063e+02	9.6666729450e-01	6.4832293987e-01	7.1561115980e-01
6.7521256007e+02	9.6696484089e-01	6.4877402782e-01	7.1611446142e-01
6.7563226951e+02	9.6725833416e-01	6.4895808697e-01	7.1549588442e-01
6.7605197895e+02	9.6754777431e-01	6.4902329445e-01	7.1578985453e-01
6.7647168840e+02	9.6783328056e-01	6.4991140366e-01	7.1538239717e-01
6.7689139784e+02	9.6811491251e-01	6.5085756779e-01	7.1643555164e-01
6.7731110728e+02	9.6839278936e-01	6.5152353048e-01	7.1641355753e-01
6.7773081672e+02	9.6866685152e-01	6.5202957392e-01	7.1638476849e-01
6.7815052616e+02	9.6893727779e-01	6.5259319544e-01	7.1685647964e-01
6.7857023560e+02	9.6920406818e-01	6.5254563093e-01	7.1685153246e-01
6.7898994504e+02	9.6946734190e-01	6.5311336517e-01	7.1677905321e-01
6.7940965448e+02	9.6972709894e-01	6.5397328138e-01	7.1713924408e-01
6.7982936392e+02	9.6998351812e-01	6.5457612276e-01	7.1725517511e-01
6.8024907337e+02	9.7023653984e-01	6.5507829189e-01	7.1687930822e-01
6.8066878281e+02	9.7048622370e-01	6.5576076508e-01	7.1772915125e-01
6.8108849225e+02	9.7073268890e-01	6.5651559830e-01	7.1761423349e-01
6.8150820169e+02	9.7097599506e-01	6.5690970421e-01	7.1775394678e-01
6.8192791113e+02	9.7121614218e-01	6.5736848116e-01	7.1803545952e-01
6.8234762057e+02	9.7145324945e-01	6.5824162960e-01	7.1751260757e-01
6.8276733001e+02	9.7168725729e-01	6.5873169899e-01	7.1775829792e-01
6.8318703945e+02	9.7191834450e-01	6.5916514397e-01	7.1843713522e-01
6.8360674890e+02	9.7214651108e-01	6.5967488289e-01	7.1815764904e-01
6.8402645834e+02	9.7237181664e-01	6.6030424833e-01	7.1837872267e-01
6.8444616778e+02	9.7259426117e-01	6.6091579199e-01	7.1863001585e-01
6.8486587722e+02	9.7281396389e-01	6.6151046753e-01	7.1849483252e-01
6.8528558666e+02	9.7303092480e-01	6.6198468208e-01	7.1824830770e-01
6.8570529610e+02	9.7324520350e-01	6.6256558895e-01	7.1827906370e-01
6.8612500554e+02	9.7345685959e-01	6.6310757399e-01	7.1874618530e-01
6.8654471498e+02	9.7366589308e-01	6.6380780935e-01	7.1875458956e-01
6.8696442443e+02	9.7387236357e-01	6.6448080540e-01	7.1877509356e-01
6.8738413387e+02	9.7407633066e-01	6.6515934467e-01	7.1893393993e-01
6.8780384331e+02	9.7427785397e-01	6.6559165716e-01	7.1887284517e-01
6.8822355275e+02	9.7447693348e-01	6.6628539562e-01	7.1903401613e-01
6.8864326219e+02	9.7467356920e-01	6.6666764021e-01	7.1918338537e-01
6.8906297163e+02	9.7486793995e-01	6.6732883453e-01	7.1936947107e-01
6.8948268107e+02	9.7505992651e-01	6.6797113419e-01	7.1909445524e-01
6.8990239051e+02	9.7524964809e-01	6.6842919588e-01	7.1942251921e-01
6.9032209995e+02	9.7543716431e-01	6.6898494959e-01	7.1972125769e-01
6.9074180940e+02	9.7562241554e-01	6.6964405775e-01	7.1931451559e-01
6.9116151884e+02	9.7580552101e-01	6.7010802031e-01	7.1954399347e-01
6.9158122828e+02	9.7598654032e-01	6.7085832357e-01	7.1962815523e-01
6.9200093772e+02	9.7616541386e-01	6.7154663801e-01	7.1957141161e-01
6.9242064716e+02	9.7634220123e-01	6.7189931870e-01	7.1942257881e-01
6.9284035660e+02	9.7651696205e-01	6.7255663872e-01	7.1985703707e-01
6.9326006604e+02	9.7668969631e-01	6.7297959328e-01	7.1968448162e-01
6.9367977548e+02	9.7686046362e-01	6.7370033264e-01	7.1939259768e-01
6.9409948493e+02	9.7702932358e-01	6.7429035902e-01	7.1958684921e-01
6.9451919437e+02	9.7719621658e-01	6.7491894960e-01	7.1979254484e-01
6.9493890381e+02	9.7736126184e-01	6.7550158501e-01	7.1936863661e-01
6.9535861325e+02	9.7752439976e-01	6.7610538006e-01	7.1957260370e-01
6.9577832269e+02	9.7768574953e-01	6.7672371864e-01	7.1982115507e-01
6.9619803213e+02	9.7784531116e-01	6.7750841379e-01	7.1925419569e-01
6.9661774157e+02	9.7800302505e-01	6.7804157734e-01	7.1948087215e-01
6.9703745101e+02	9.7815907001e-01	6.7856234312e-01	7.1924620867e-01
6.9745716046e+02	9.7831332684e-01	6.7928439379e-01	7.1941387653e-01
6.9787686990e+02	9.7846591473e-01	6.8000954390e-01	7.1951645613e-01
6.9829657934e+02	9.7861683369e-01	6.8045920134e-01	7.1925282478e-01
6.9871628878e+02	9.7876614332e-01	6.8114918470e-01	7.1948951483e-01
6.9913599822e+02	9.7891378403e-01	6.8176001310e-01	7.1920758486e-01
6.9955570766e+02	9.7905981541e-01	6.8234592676e-01	7.1897262335e-01
6.9997541710e+02	9.7920429707e-01	6.8294644356e-01	7.1908092499e-01
7.0039512654e+02	9.7934722900e-01	6.8367713690e-01	7.1907109022e-01
7.0081483598e+02	9.7948861122e-01	6.8417245150e-01	7.1868574619e-01
7.0123454543e+02	9.7962844372e-01	6.8487268686e-01	7.1881693602e-01
7.0165425487e+02	9.7976684570e-01	6.8541926146e-01	7.1855735779e-01
7.0207396431e+02	9.7990375757e-01	6.8609929085e-01	7.1856844425e-01
7.0249367375e+02	9.8003923893e-01	6.8661165237e-01	7.1872931719e-01
7.0291338319e+02	9.8017334938e-01	6.8724650145e-01	7.1870416403e-01
7.0333309263e+02	9.8030596972e-01	6.8796479702e-01	7.1794140339e-01
7.0375280207e+02	9.8043721914e-01	6.8837380409e-01	7.1853470802e-01
7.0417251151e+02	9.8056715727e-01	6.8903946877e-01	7.1772521734e-01
7.0459222096e+02	9.8069572449e-01	6.8958199024e-01	7.1757584810e-01
7.0501193040e+02	9.8082292080e-01	6.9031083584e-01	7.1780836582e-01
7.0543163984e+02	9.8094886541e-01	6.9086837769e-01	7.1747446060e-01
7.0585134928e+02	9.8107349873e-01	6.9146472216e-01	7.1730244160e-01
7.0627105872e+02	9.8119682074e-01	6.9191902876e-01	7.1701776981e-01
7.0669076816e+02	9.8131895065e-01	6.9250017405e-01	7.1707385778e-01
7.0711047760e+02	9.8143982887e-01	6.9322675467e-01	7.1698838472e-01
7.0753018704e+02	9.8155945539e-01	6.9372791052e-01	7.1679383516e-01
7.0794989649e+02	9.8167788982e-01	6.9444417953e-01	7.1636426449e-01
7.0836960593e+02	9.8179513216e-01	6.9504129887e-01	7.1602672338e-01
7.0878931537e+02	9.8191124201e-01	6.9546687603e-01	7.1640467644e-01
7.0920902481e+02	9.8202615976e-01	6.9616550207e-01	7.1607393026e-01
7.0962873425e+02	9.8213994503e-01	6.9659847021e-01	7.1601825953e-01
7.1004844369e+02	9.8225259781e-01	6.9716781378e-01	7.1568691730e-01
7.1046815313e+02	9.8236411810e-01	6.9781625271e-01	7.1564561129e-01
7.1088786257e+02	9.8247456551e-01	6.9820594788e-01	7.1554768085e-01
7.1130757201e+02	9.8258394003e-01	6.9899928570e-01	7.1514415741e-01
7.1172728146e+02	9.8269224167e-01	6.9951921701e-01	7.1496558189e-01
7.1214699090e+02	9.8279953003e-01	7.0006924868e-01	7.1503043175e-01
7.1256670034e+02	9.8290574551e-01	7.0054692030e-01	7.1457362175e-01
7.1298640978e+02	9.8301094770e-01	7.0116031170e-01	7.1439743042e-01
7.1340611922e+02	9.8311507702e-01	7.0180994272e-01	7.1445232630e-01
7.1382582866e+02	9.8321825266e-01	7.0242995024e-01	7.1443015337e-01
7.1424553810e+02	9.8332047462e-01	7.0299047232e-01	7.1373373270e-01
7.1466524754e+02	9.8342168331e-01	7.0352673531e-01	7.1415811777e-01
7.1508495699e+02	9.8352193832e-01	7.0392358303e-01	7.1410751343e-01
7.1550466643e+02	9.8362123966e-01	7.0461583138e-01	7.1400767565e-01
7.1592437587e+02	9.8371964693e-01	7.0512193441e-01	7.1381831169e-01
7.1634408531e+02	9.8381710052e-01	7.0574796200e-01	7.1409815550e-01
7.1676379475e+02	9.8391366005e-01	7.0628720522e-01	7.1374970675e-01
7.1718350419e+02	9.8400926590e-01	7.0676380396e-01	7.1403831244e-01
7.1760321363e+02	9.8410403728e-01	7.0722490549e-01	7.1337473392e-01
7.1802292307e+02	9.8419791460e-01	7.0801663399e-01	7.1375846863e-01
7.1844263252e+02	9.8429089785e-01	7.0836776495e-01	7.1334940195e-01
7.1886234196e+02	9.8438304663e-01	7.0893472433e-01	7.1339142323e-01
7.1928205140e+02	9.8447436094e-01	7.0946460962e-01	7.1320307255e-01
7.1970176084e+02	9.8456484079e-01	7.1014249325e-01	7.1301758289e-01
7.2012147028e+02	9.8465442657e-01	7.1065533161e-01	7.1292322874e-01
7.2054117972e+02	9.8474329710e-01	7.1113151312e-01	7.1278512478e-01
7.2096088916e+02	9.8483133316e-01	7.1167778969e-01	7.1244585514e-01
7.2138059860e+02	9.8491853476e-01	7.1222454309e-01	7.1247202158e-01
7.2180030804e+02	9.8500496149e-01	7.1275740862e-01	7.1243679523e-01
7.2222001749e+02	9.8509067297e-01	7.1335047483e-01	7.1233111620e-01
7.2263972693e+02	9.8517554998e-01	7.1379035711e-01	7.1232920885e-01
7.2305943637e+02	9.8525971174e-01	7.1434050798e-01	7.1187776327e-01
7.2347914581e+02	9.8534309864e-01	7.1486139297e-01	7.1190750599e-01
7.2389885525e+02	9.8542577028e-01	7.1540749073e-01	7.1193116903e-01
7.2431856469e+02	9.8550766706e-01	7.1591752768e-01	7.1161955595e-01
7.2473827413e+02	9.8558890820e-01	7.1650558710e-01	7.1142691374e-01
7.2515798357e+02	9.8566937447e-01	7.1702605486e-01	7.1104079485e-01
7.2557769302e+02	9.8574918509e-01	7.1751052141e-01	7.1118986607e-01
7.2599740246e+02	9.8582828045e-01	7.1799165010e-01	7.1096223593e-01
7.2641711190e+02	9.8590666056e-01	7.1859115362e-01	7.1084320545e-01
7.2683682134e+02	9.8598438501e-01	7.1918469667e-01	7.1041989326e-01
7.2725653078e+02	9.8606145382e-01	7.1972501278e-01	7.1037632227e-01
7.2767624022e+02	9.8613786697e-01	7.2016310692e-01	7.1025747061e-01
7.2809594966e+02	9.8621362448e-01	7.2075760365e-01	7.1017640829e-01
7.2851565910e+02	9.8628866673e-01	7.2130274773e-01	7.1026325226e-01
7.2893536855e+02	9.8636311293e-01	7.2174137831e-01	7.0980578661e-01
7.2935507799e+02	9.8643696308e-01	7.2221511602e-01	7.0966017246e-01
7.2977478743e+02	9.8651015759e-01	7.2285997868e-01	7.0947360992e-01
7.3019449687e+02	9.8658269644e-01	7.2331130505e-01	7.0938330889e-01
7.3061420631e+02	9.8665469885e-01	7.2382378578e-01	7.0939296484e-01
7.3103391575e+02	9.8672604561e-01	7.2430604696e-01	7.0920485258e-01
7.3145362519e+02	9.8679679632e-01	7.2475749254e-01	7.0911300182e-01
7.3187333463e+02	9.8686695099e-01	7.2536796331e-01	7.0839953423e-01
7.3229304407e+02	9.8693656921e-01	7.2583609819e-01	7.0874756575e-01
7.3271275352e+02	9.8700553179e-01	7.2617340088e-01	7.0798581839e-01
7.3313246296e+02	9.8707401752e-01	7.2677755356e-01	7.0859622955e-01
7.3355217240e+02	9.8714184761e-01	7.2734147310e-01	7.0813220739e-01
7.3397188184e+02	9.8720920086e-01	7.2780984640e-01	7.0817494392e-01
7.3439159128e+02	9.8727595806e-01	7.2830939293e-01	7.0793539286e-01
7.3481130072e+02	9.8734211922e-01	7.2873085737e-01	7.0783090591e-01
7.3523101016e+02	9.8740780354e-01	7.2935777903e-01	7.0744878054e-01
7.3565071960e+02	9.8747295141e-01	7.2971606255e-01	7.0756906271e-01
7.3607042905e+02	9.8753756285e-01	7.3028838634e-01	7.0771986246e-01
7.3649013849e+02	9.8760163784e-01	7.3079788685e-01	7.0758539438e-01
7.3690984793e+02	9.8766523600e-01	7.3128986359e-01	7.0704925060e-01
7.3732955737e+02	9.8772829771e-01	7.3174327612e-01	7.0725864172e-01
7.3774926681e+02	9.8779088259e-01	7.3223853111e-01	7.0678621531e-01
7.3816897625e+02	9.8785293102e-01	7.3279660940e-01	7.0638090372e-01
7.3858868569e+02	9.8791450262e-01	7.3325508833e-01	7.0655620098e-01
7.3900839513e+02	9.8797553778e-01	7.3375457525e-01	7.0656830072e-01
7.3942810458e+02	9.8803615570e-01	7.3414629698e-01	7.0608824492e-01
7.3984781402e+02	9.8809623718e-01	7.3460435867e-01	7.0653820038e-01
7.4026752346e+02	9.8815590143e-01	7.3486000299e-01	7.0621186495e-01
7.4068723290e+02	9.8821508884e-01	7.3537147045e-01	7.0600873232e-01
7.4110694234e+02	9.8827373981e-01	7.3569178581e-01	7.0594835281e-01
7.4152665178e+02	9.8833203316e-01	7.3596483469e-01	7.0612579584e-01
7.4194636122e+02	9.8838979006e-01	7.3660737276e-01	7.0567423105e-01
7.4236607066e+02	9.8844712973e-01	7.3699367046e-01	7.0562434196e-01
7.4278578010e+02	9.8850405216e-01	7.3754358292e-01	7.0573061705e-01
7.4320548955e+02	9.8856049776e-01	7.3791903257e-01	7.0591950417e-01
7.4362519899e+02	9.8861652613e-01	7.3830449581e-01	7.0573133230e-01
7.4404490843e+02	9.8867213726e-01	7.3877859116e-01	7.0528525114e-01
7.4446461787e+02	9.8872733116e-01	7.3915433884e-01	7.0510965586e-01
7.4488432731e+02	9.8878204823e-01	7.3959672451e-01	7.0512980223e-01
7.4530403675e+02	9.8883640766e-01	7.4002879858e-01	7.0504236221e-01
7.4572374619e+02	9.8889034986e-01	7.4053788185e-01	7.0439165831e-01
7.4614345563e+02	9.8894381523e-01	7.4100494385e-01	7.0448625088e-01
7.4656316508e+02	9.8899692297e-01	7.4133688211e-01	7.0438367128e-01
7.4698287452e+02	9.8904967308e-01	7.4171680212e-01	7.0434021950e-01
7.4740258396e+02	9.8910194635e-01	7.4225366116e-01	7.0413672924e-01
7.4782229340e+02	9.8915392160e-01	7.4260461330e-01	7.0376336575e-01
7.4824200284e+02	9.8920542002e-01	7.4301421642e-01	7.0361483097e-01
7.4866171228e+02	9.8925656080e-01	7.4340492487e-01	7.0357155800e-01
7.4908142172e+02	9.8930734396e-01	7.4385786057e-01	7.0352518559e-01
7.4950113116e+02	9.8935776949e-01	7.4427187443e-01	7.0345026255e-01
7.4992084061e+02	9.8940777779e-01	7.4466139078e-01	7.0308434963e-01
7.5034055005e+02	9.8945742846e-01	7.4511438608e-01	7.0290941000e-01
7.5076025949e+02	9.8950672150e-01	7.4553549290e-01	7.0281833410e-01
7.5117996893e+02	9.8955565691e-01	7.4586111307e-01	7.0256829262e-01
7.5159967837e+02	9.8960417509e-01	7.4627578259e-01	7.0251923800e-01
7.5201938781e+02	9.8965239525e-01	7.4667495489e-01	7.0188707113e-01
7.5243909725e+02	9.8970025778e-01	7.4717664719e-01	7.0206987858e-01
7.5285880669e+02	9.8974782228e-01	7.4748086929e-01	7.0183402300e-01
7.5327851613e+02	9.8979496956e-01	7.4784344435e-01	7.0181989670e-01
7.5369822558e+02	9.8984181881e-01	7.4824434519e-01	7.0157086849e-01
7.5411793502e+02	9.8988831043e-01	7.4867570400e-01	7.0136088133e-01
7.5453764446e+02	9.8993444443e-01	7.4911504984e-01	7.0125836134e-01
7.5495735390e+02	9.8998028040e-01	7.4954813719e-01	7.0134079456e-01
7.5537706334e+02	9.9002581835e-01	7.4995607138e-01	7.0107650757e-01
7.5579677278e+02	9.9007099867e-01	7.5025755167e-01	7.0101267099e-01
7.5621648222e+02	9.9011582136e-01	7.5069046021e-01	7.0083194971e-01
7.5663619166e+02	9.9016040564e-01	7.5103783607e-01	7.0104902983e-01
7.5705590111e+02	9.9020463228e-01	7.5149494410e-01	7.0078718662e-01
7.5747561055e+02	9.9024856091e-01	7.5186067820e-01	7.0061230659e-01
7.5789531999e+02	9.9029213190e-01	7.5235706568e-01	7.0038622618e-01
7.5831502943e+02	9.9033546448e-01	7.5277048349e-01	7.0033323765e-01
7.5873473887e+02	9.9037843943e-01	7.5308340788e-01	7.0003056526e-01
7.5915444831e+02	9.9042111635e-01	7.5350213051e-01	7.0021796227e-01
7.5957415775e+02	9.9046355486e-01	7.5394576788e-01	7.0002955198e-01
7.5999386719e+02	9.9050563574e-01	7.5433838367e-01	6.9966351986e-01
7.6041357664e+02	9.9054747820e-01	7.5475186110e-01	6.9971370697e-01
7.6083328608e+02	9.9058902264e-01	7.5517344475e-01	6.9968700409e-01
7.6125299552e+02	9.9063026905e-01	7.5549560785e-01	6.9950014353e-01
7.6167270496e+02	9.9067121744e-01	7.5579822063e-01	6.9905400276e-01
7.6209241440e+02	9.9071186781e-01	7.5625914335e-01	6.9905734062e-01
7.6251212384e+02	9.9075227976e-01	7.5669699907e-01	6.9900476933e-01
7.6293183328e+02	9.9079239368e-01	7.5700753927e-01	6.9859194756e-01
7.6335154272e+02	9.9083226919e-01	7.5755465031e-01	6.9853407145e-01
7.6377125216e+02	9.9087184668e-01	7.5791633129e-01	6.9825017452e-01
7.6419096161e+02	9.9091112614e-01	7.5816619396e-01	6.9847577810e-01
7.6461067105e+02	9.9095016718e-01	7.5866478682e-01	6.9809347391e-01
7.6503038049e+02	9.9098896980e-01	7.5894153118e-01	6.9834142923e-01
7.6545008993e+02	9.9102753401e-01	7.5939893723e-01	6.9846224785e-01
7.6586979937e+02	9.9106580019e-01	7.5968688726e-01	6.9779765606e-01
7.6628950881e+02	9.9110376835e-01	7.6011210680e-01	6.9840508699e-01
7.6670921825e+02	9.9114155769e-01	7.6040607691e-01	6.9766813517e-01
7.6712892769e+02	9.9117904902e-01	7.6080745459e-01	6.9750022888e-01
7.6754863714e+02	9.9121630192e-01	7.6122802496e-01	6.9768607616e-01
7.6796834658e+02	9.9125331640e-01	7.6154762506e-01	6.9730770588e-01
7.6838805602e+02	9.9129009247e-01	7.6192075014e-01	6.9714653492e-01
7.6880776546e+02	9.9132663012e-01	7.6224762201e-01	6.9727206230e-01
7.6922747490e+02	9.9136286974e-01	7.6267492771e-01	6.9707328081e-01
7.6964718434e+02	9.9139893055e-01	7.6299369335e-01	6.9696223736e-01
7.7006689378e+02	9.9143475294e-01	7.6338905096e-01	6.9662433863e-01
7.7048660322e+02	9.9147033691e-01	7.6370698214e-01	6.9678437710e-01
7.7090631267e+02	9.9150568247e-01	7.6398485899e-01	6.9610899687e-01
7.7132602211e+02	9.9154078960e-01	7.6438683271e-01	6.9644528627e-01
7.7174573155e+02	9.9157565832e-01	7.6475435495e-01	6.9584029913e-01
7.7216544099e+02	9.9161034822e-01	7.6503783464e-01	6.9610023499e-01
7.7258515043e+02	9.9164474010e-01	7.6545333862e-01	6.9564127922e-01
7.7300485987e+02	9.9167901278e-01	7.6577854156e-01	6.9552391768e-01
7.7342456931e+02	9.9171298742e-01	7.6616019011e-01	6.9558304548e-01
7.7384427875e+02	9.9174678326e-01	7.6653558016e-01	6.9548708200e-01
7.7426398819e+02	9.9178034067e-01	7.6687937975e-01	6.9534945488e-01
7.7468369764e+02	9.9181365967e-01	7.6720035076e-01	6.9504976273e-01
7.7510340708e+02	9.9184679985e-01	7.6750648022e-01	6.9520431757e-01
7.7552311652e+02	9.9187976122e-01	7.6795524359e-01	6.9497644901e-01
7.7594282596e+02	9.9191248417e-01	7.6820582151e-01	6.9444417953e-01
7.7636253540e+02	9.9194496870e-01	7.6855766773e-01	6.9475018978e-01
7.7678224484e+02	9.9197727442e-01	7.6892888546e-01	6.9439995289e-01
7.7720195428e+02	9.9200940132e-01	7.6925915480e-01	6.9417303801e-01
7.7762166372e+02	9.9204128981e-01	7.6950949430e-01	6.9393891096e-01
7.7804137317e+02	9.9207299948e-01	7.6992529631e-01	6.9414448738e-01
7.7846108261e+02	9.9210453033e-01	7.7028650045e-01	6.9407653809e-01
7.7888079205e+02	9.9213582277e-01	7.7052575350e-01	6.9365048409e-01
7.7930050149e+02	9.9216693640e-01	7.7080005407e-01	6.9398832321e-01
7.7972021093e+02	9.9219787121e-01	7.7106904984e-01	6.9344449043e-01
7.8013992037e+02	9.9222856760e-01	7.7147030830e-01	6.9304907322e-01
7.8055962981e+02	9.9225914478e-01	7.7168470621e-01	6.9319975376e-01
7.8097933925e+02	9.9228948355e-01	7.7203083038e-01	6.9309443235e-01
7.8139904870e+02	9.9231964350e-01	7.7241045237e-01	6.9302564859e-01
7.8181875814e+02	9.9234962463e-01	7.7261459827e-01	6.9261199236e-01
7.8223846758e+02	9.9237942696e-01	7.7287566662e-01	6.9243031740e-01
7.8265817702e+02	9.9240905046e-01	7.7329552174e-01	6.9280993938e-01
7.8307788646e+02	9.9243849516e-01	7.7347677946e-01	6.9200718403e-01
7.8349759590e+02	9.9246776104e-01	7.7378743887e-01	6.9218987226e-01
7.8391730534e+02	9.9249684811e-01	7.7412903309e-01	6.9207054377e-01
7.8433701478e+02	9.9252575636e-01	7.7436929941e-01	6.9208240509e-01
7.8475672422e+02	9.9255448580e-01	7.7466887236e-01	6.9211781025e-01
7.8517643367e+02	9.9258303642e-01	7.7492702007e-01	6.9207692146e-01
7.8559614311e+02	9.9261140823e-01	7.7511984110e-01	6.9152384996e-01
7.8601585255e+02	9.9263966084e-01	7.7536422014e-01	6.9187945127e-01
7.8643556199e+02	9.9266767502e-01	7.7575510740e-01	6.9145435095e-01
7.8685527143e+02	9.9269556999e-01	7.7597063780e-01	6.9122892618e-01
7.8727498087e+02	9.9272328615e-01	7.7621078491e-01	6.9074732065e-01
7.8769469031e+02	9.9275082350e-01	7.7648210526e-01	6.9104236364e-01
7.8811439975e+02	9.9277824163e-01	7.7669191360e-01	6.9076251984e-01
7.8853410920e+02	9.9280542135e-01	7.7693897486e-01	6.9071066380e-01
7.8895381864e+02	9.9283248186e-01	7.7726089954e-01	6.9072955847e-01
7.8937352808e+02	9.9285942316e-01	7.7748936415e-01	6.9063520432e-01
7.8979323752e+02	9.9288618565e-01	7.7763241529e-01	6.9018775225e-01
7.9021294696e+02	9.9291276932e-01	7.7786570787e-01	6.9039583206e-01
7.9063265640e+02	9.9293917418e-01	7.7822798491e-01	6.9029301405e-01
7.9105236584e+02	9.9296545982e-01	7.7845996618e-01	6.8983072042e-01
7.9147207528e+02	9.9299156666e-01	7.7873063087e-01	6.8953746557e-01
7.9189178473e+02	9.9301755428e-01	7.7878415585e-01	6.8972259760e-01
7.9231149417e+02	9.9304336309e-01	7.7900582552e-01	6.8945831060e-01
7.9273120361e+02	9.9306905270e-01	7.7926737070e-01	6.8948906660e-01
7.9315091305e+02	9.9309456348e-01	7.7958726883e-01	6.8924391270e-01
7.9357062249e+02	9.9311995506e-01	7.7971053123e-01	6.8922984600e-01
7.9399033193e+02	9.9314522743e-01	7.7995818853e-01	6.8849164248e-01
7.9441004137e+02	9.9317032099e-01	7.8011053801e-01	6.8824428320e-01
7.9482975081e+02	9.9319523573e-01	7.8037518263e-01	6.8811893463e-01
7.9524946025e+02	9.9322003126e-01	7.8064590693e-01	6.8828833103e-01
7.9566916970e+02	9.9324470758e-01	7.8074008226e-01	6.8801355362e-01
7.9608887914e+02	9.9326920509e-01	7.8098440170e-01	6.8794584274e-01
7.9650858858e+02	9.9329358339e-01	7.8113204241e-01	6.8776327372e-01
7.9692829802e+02	9.9331784248e-01	7.8135198355e-01	6.8726915121e-01
7.9734800746e+02	9.9334198236e-01	7.8155124187e-01	6.8694508076e-01
7.9776771690e+02	9.9336594343e-01	7.8171783686e-01	6.8694049120e-01
7.9818742634e+02	9.9338978529e-01	7.8174698353e-01	6.8648129702e-01
7.9860713578e+02	9.9341344833e-01	7.8199315071e-01	6.8612110615e-01
7.9902684523e+02	9.9343705177e-01	7.8218114376e-01	6.8632942438e-01
7.9944655467e+02	9.9346047640e-01	7.8238683939e-01	6.8591976166e-01
