candidate_index	condition_order_code	valid	candidate_spectrum_valid	candidate_spectrum_maximum_absolute_error_nm	candidate_spectrum_summed_absolute_error_nm	peak1_wavelength_nm	peak2_wavelength_nm	peak1_signed_error_nm	peak2_signed_error_nm	maximum_absolute_error_nm	summed_absolute_error_nm	mean_absolute_error_nm	peak1_transmittance	peak2_transmittance	worst_valley_transmittance	peak1_fwhm_nm	peak2_fwhm_nm	widest_fwhm_nm	peak1_prominence	peak2_prominence	minimum_prominence	valley_transmittance_imbalance	peak1_fwhm_to_ideal_ratio	peak2_fwhm_to_ideal_ratio	shape_gate_passed	shape_minimax_score	inside_position_window	selected
0.0000000000e+00	0.0000000000e+00	1.0000000000e+00	1.0000000000e+00	2.9264225805e+00	3.0067426419e+00	4.0449997050e+02	5.8707357742e+02	-5.0002950253e-01	-2.9264225805e+00	2.9264225805e+00	3.4264520831e+00	1.7132260415e+00	3.0624309182e-01	1.6751922667e-01	3.0624309182e-01	1.1861689828e+01	1.7369283309e+01	1.7369283309e+01	5.6762650609e-01	5.9433393180e-01	5.6762650609e-01	1.3872386515e-01	5.1561218485e-01	6.0514170627e-01	0.0000000000e+00	1.5312154591e+00	0.0000000000e+00	0.0000000000e+00
1.0000000000e+00	0.0000000000e+00	1.0000000000e+00	1.0000000000e+00	5.0249697865e+00	5.1052898479e+00	4.0449997050e+02	5.8623415854e+02	-5.0002950253e-01	-3.7658414629e+00	3.7658414629e+00	4.2658709655e+00	2.1329354827e+00	5.2381920815e-01	4.0197569132e-01	5.2381920815e-01	1.0734750891e+01	1.2868324637e+01	1.2868324637e+01	3.4598493576e-01	3.7682420015e-01	3.4598493576e-01	1.2184351683e-01	4.6662561918e-01	4.4832937485e-01	0.0000000000e+00	2.6190960407e+00	0.0000000000e+00	0.0000000000e+00
2.0000000000e+00	0.0000000000e+00	1.0000000000e+00	1.0000000000e+00	2.0870036981e+00	2.1673237595e+00	4.0449997050e+02	5.8707357742e+02	-5.0002950253e-01	-2.9264225805e+00	2.9264225805e+00	3.4264520831e+00	1.7132260415e+00	2.0719043911e-01	8.0375775695e-02	2.0719043911e-01	1.3760861771e+01	2.0804057932e+01	2.0804057932e+01	6.7655362189e-01	6.7284961045e-01	6.7284961045e-01	1.2681466341e-01	5.9816671200e-01	7.2480843854e-01	0.0000000000e+00	1.2681466341e+00	0.0000000000e+00	0.0000000000e+00
3.0000000000e+00	0.0000000000e+00	1.0000000000e+00	1.0000000000e+00	2.9264225805e+00	3.0067426419e+00	4.0449997050e+02	5.8665386798e+02	-5.0002950253e-01	-3.3461320217e+00	3.3461320217e+00	3.8461615243e+00	1.9230807621e+00	4.2233988643e-01	2.6880368590e-01	4.2233988643e-01	1.1125692164e+01	1.4264841586e+01	1.4264841586e+01	4.4951251149e-01	5.0445029140e-01	4.4951251149e-01	1.5353620052e-01	4.8361932640e-01	4.9698369375e-01	0.0000000000e+00	2.1116994321e+00	0.0000000000e+00	0.0000000000e+00
4.0000000000e+00	0.0000000000e+00	1.0000000000e+00	1.0000000000e+00	1.6672942569e+00	1.7476143183e+00	4.0491967994e+02	5.9001154351e+02	-8.0320061333e-02	1.1543507867e-02	8.0320061333e-02	9.1863569200e-02	4.5931784600e-02	5.4002590477e-02	1.2780089863e-02	5.4002590477e-02	2.0100432429e+01	3.6726584149e+01	3.6726584149e+01	7.9164087027e-01	7.0740560722e-01	7.0740560722e-01	4.1222500615e-02	8.7373957936e-01	1.2795454713e+00	1.0000000000e+00	7.9870134649e-01	1.0000000000e+00	0.0000000000e+00
5.0000000000e+00	0.0000000000e+00	1.0000000000e+00	1.0000000000e+00	2.0870036981e+00	2.1673237595e+00	4.0449997050e+02	5.8707357742e+02	-5.0002950253e-01	-2.9264225805e+00	2.9264225805e+00	3.4264520831e+00	1.7132260415e+00	1.9897866249e-01	7.5472235680e-02	1.9897866249e-01	1.3943639653e+01	2.1221884083e+01	2.1221884083e+01	6.8544107676e-01	6.7680841684e-01	6.7680841684e-01	1.2350642681e-01	6.0611182809e-01	7.3936540247e-01	0.0000000000e+00	1.2350642681e+00	0.0000000000e+00	0.0000000000e+00
6.0000000000e+00	0.0000000000e+00	1.0000000000e+00	1.0000000000e+00	1.6672942569e+00	1.7476143183e+00	4.0575909882e+02	5.9169038127e+02	7.5909882107e-01	1.6903812727e+00	1.6903812727e+00	2.4494800937e+00	1.2247400469e+00	2.3390106857e-02	5.0835399888e-03	2.3390106857e-02	2.3765268511e+01	4.7957685799e+01	4.7957685799e+01	7.7643621713e-01	6.9553967426e-01	6.9553967426e-01	1.8306566868e-02	1.0330452236e+00	1.6708343860e+00	0.0000000000e+00	1.9166696742e+00	1.0000000000e+00	0.0000000000e+00
7.0000000000e+00	0.0000000000e+00	1.0000000000e+00	1.0000000000e+00	1.6672942569e+00	1.7476143183e+00	4.0491967994e+02	5.8833270574e+02	-8.0320061333e-02	-1.6672942569e+00	1.6672942569e+00	1.7476143183e+00	8.7380715913e-01	9.0210415423e-02	2.3381596431e-02	9.0210415423e-02	1.7873056740e+01	3.0142644501e+01	3.0142644501e+01	7.9292633384e-01	7.0968967117e-01	7.0968967117e-01	6.6828818992e-02	7.7691846350e-01	1.0501625772e+00	1.0000000000e+00	7.0453329153e-01	1.0000000000e+00	0.0000000000e+00
8.0000000000e+00	0.0000000000e+00	1.0000000000e+00	1.0000000000e+00	2.9264225805e+00	3.0067426419e+00	4.0449997050e+02	5.8707357742e+02	-5.0002950253e-01	-2.9264225805e+00	2.9264225805e+00	3.4264520831e+00	1.7132260415e+00	3.9899742603e-01	2.4314484000e-01	3.9899742603e-01	1.1181418352e+01	1.4691886914e+01	1.4691886914e+01	4.7282171249e-01	5.2731129527e-01	4.7282171249e-01	1.5585258603e-01	4.8604167111e-01	5.1186185159e-01	0.0000000000e+00	1.9949871302e+00	0.0000000000e+00	0.0000000000e+00
9.0000000000e+00	0.0000000000e+00	1.0000000000e+00	1.0000000000e+00	2.0870036981e+00	2.1673237595e+00	4.0449997050e+02	5.8791299630e+02	-5.0002950253e-01	-2.0870036981e+00	2.0870036981e+00	2.5870332007e+00	1.2935166003e+00	1.3413064182e-01	4.3199010193e-02	1.3413064182e-01	1.5637929982e+01	2.5072609561e+01	2.5072609561e+01	7.5718243420e-01	6.9753360003e-01	6.9753360003e-01	9.0931631625e-02	6.7976041876e-01	8.7352376378e-01	1.0000000000e+00	9.1497023212e-01	1.0000000000e+00	0.0000000000e+00
1.0000000000e+01	0.0000000000e+00	1.0000000000e+00	1.0000000000e+00	1.6672942569e+00	1.7476143183e+00	4.0491967994e+02	5.9001154351e+02	-8.0320061333e-02	1.1543507867e-02	8.0320061333e-02	9.1863569200e-02	4.5931784600e-02	5.8944024146e-02	1.5197233297e-02	5.8944024146e-02	1.9615102444e+01	3.5430307932e+01	3.5430307932e+01	7.9042687267e-01	7.0465980377e-01	7.0465980377e-01	4.3746790849e-02	8.5264291796e-01	1.2343835157e+00	1.0000000000e+00	7.0956225589e-01	1.0000000000e+00	1.0000000000e+00
1.1000000000e+01	0.0000000000e+00	1.0000000000e+00	1.0000000000e+00	1.6672942569e+00	1.7476143183e+00	4.0575909882e+02	5.9252980016e+02	7.5909882107e-01	2.5298001551e+00	2.5298001551e+00	3.2888989761e+00	1.6444494881e+00	2.4165119976e-02	5.9122960083e-03	2.4165119976e-02	2.3459800202e+01	4.6836507115e+01	4.6836507115e+01	7.7588257566e-01	6.9019461470e-01	6.9019461470e-01	1.8252823967e-02	1.0197669146e+00	1.6317727868e+00	0.0000000000e+00	1.8050651053e+00	1.0000000000e+00	0.0000000000e+00
1.2000000000e+01	0.0000000000e+00	1.0000000000e+00	1.0000000000e+00	5.0249697865e+00	5.1052898479e+00	4.0449997050e+02	5.8623415854e+02	-5.0002950253e-01	-3.7658414629e+00	3.7658414629e+00	4.2658709655e+00	2.1329354827e+00	5.6194794178e-01	4.4722470641e-01	5.6194794178e-01	1.0494816596e+01	1.2287033915e+01	1.2287033915e+01	3.0579203367e-01	3.3543500304e-01	3.0579203367e-01	1.1472323537e-01	4.5619598836e-01	4.2807734414e-01	0.0000000000e+00	2.8097397089e+00	0.0000000000e+00	0.0000000000e+00
1.3000000000e+01	0.0000000000e+00	1.0000000000e+00	1.0000000000e+00	5.0249697865e+00	5.1052898479e+00	4.0449997050e+02	5.8623415854e+02	-5.0002950253e-01	-3.7658414629e+00	3.7658414629e+00	4.2658709655e+00	2.1329354827e+00	4.9392315745e-01	3.8635778427e-01	4.9392315745e-01	1.0534634424e+01	1.3380970856e+01	1.3380970856e+01	3.7533131242e-01	3.8913464546e-01	3.7533131242e-01	1.0756537318e-01	4.5792681741e-01	4.6618984738e-01	0.0000000000e+00	2.4696157873e+00	0.0000000000e+00	0.0000000000e+00
1.4000000000e+01	0.0000000000e+00	1.0000000000e+00	1.0000000000e+00	1.6672942569e+00	1.7476143183e+00	4.0491967994e+02	5.9043125295e+02	-8.0320061333e-02	4.3125294907e-01	4.3125294907e-01	5.1157301040e-01	2.5578650520e-01	4.6361211687e-02	1.0188857093e-02	4.6361211687e-02	2.0824423442e+01	3.8594995487e+01	3.8594995487e+01	7.8972011432e-01	7.0686163567e-01	7.0686163567e-01	3.6172354594e-02	9.0521052435e-01	1.3446404786e+00	1.0000000000e+00	9.8468708185e-01	1.0000000000e+00	0.0000000000e+00
1.5000000000e+01	0.0000000000e+00	1.0000000000e+00	1.0000000000e+00	1.6672942569e+00	1.7476143183e+00	4.0575909882e+02	5.9294950960e+02	7.5909882107e-01	2.9495095963e+00	2.9495095963e+00	3.7086084173e+00	1.8543042087e+00	2.5813465938e-02	6.3864514232e-03	2.5813465938e-02	2.3174431742e+01	4.5640725800e+01	4.5640725800e+01	7.7763145603e-01	6.9003660232e-01	6.9003660232e-01	1.9427014515e-02	1.0073623199e+00	1.5901120498e+00	0.0000000000e+00	1.6860344279e+00	0.0000000000e+00	0.0000000000e+00
1.6000000000e+01	0.0000000000e+00	1.0000000000e+00	1.0000000000e+00	1.6672942569e+00	1.7476143183e+00	4.0575909882e+02	5.9169038127e+02	7.5909882107e-01	1.6903812727e+00	1.6903812727e+00	2.4494800937e+00	1.2247400469e+00	2.3348378018e-02	5.1777618937e-03	2.3348378018e-02	2.3749016537e+01	4.7893479763e+01	4.7893479763e+01	7.7618558519e-01	6.9468811573e-01	6.9468811573e-01	1.8170616124e-02	1.0323387715e+00	1.6685974629e+00	0.0000000000e+00	1.9102784655e+00	1.0000000000e+00	0.0000000000e+00
1.7000000000e+01	0.0000000000e+00	1.0000000000e+00	1.0000000000e+00	1.6672942569e+00	1.7476143183e+00	4.0491967994e+02	5.8917212463e+02	-8.0320061333e-02	-8.2787537453e-01	8.2787537453e-01	9.0819543587e-01	4.5409771793e-01	8.1521645188e-02	2.2307142615e-02	8.1521645188e-02	1.8274364587e+01	3.1231179521e+01	3.1231179521e+01	7.8743527830e-01	7.0520497859e-01	7.0520497859e-01	5.9214502573e-02	7.9436279216e-01	1.0880868789e+00	1.0000000000e+00	7.0901371258e-01	1.0000000000e+00	0.0000000000e+00
1.8000000000e+01	0.0000000000e+00	1.0000000000e+00	1.0000000000e+00	2.0870036981e+00	2.1673237595e+00	4.0449997050e+02	5.8749328686e+02	-5.0002950253e-01	-2.5067131393e+00	2.5067131393e+00	3.0067426419e+00	1.5033713209e+00	1.6054318845e-01	5.5680342019e-02	1.6054318845e-01	1.4899502875e+01	2.3309546458e+01	2.3309546458e+01	7.2777695954e-01	6.9066178054e-01	6.9066178054e-01	1.0486284643e-01	6.4766195558e-01	8.1209906390e-01	0.0000000000e+00	1.0486284643e+00	1.0000000000e+00	0.0000000000e+00
1.9000000000e+01	0.0000000000e+00	1.0000000000e+00	1.0000000000e+00	5.0249697865e+00	5.1052898479e+00	4.0449997050e+02	5.8623415854e+02	-5.0002950253e-01	-3.7658414629e+00	3.7658414629e+00	4.2658709655e+00	2.1329354827e+00	5.0493592024e-01	4.0213975310e-01	5.0493592024e-01	1.0529504410e+01	1.3310090788e+01	1.3310090788e+01	3.6432492733e-01	3.7309202552e-01	3.6432492733e-01	1.0279616714e-01	4.5770382238e-01	4.6372040266e-01	0.0000000000e+00	2.5246796012e+00	0.0000000000e+00	0.0000000000e+00
2.0000000000e+01	0.0000000000e+00	1.0000000000e+00	1.0000000000e+00	1.6672942569e+00	1.7476143183e+00	4.0575909882e+02	5.9252980016e+02	7.5909882107e-01	2.5298001551e+00	2.5298001551e+00	3.2888989761e+00	1.6444494881e+00	2.3952446878e-02	5.7239122689e-03	2.3952446878e-02	2.3525643678e+01	4.7065694625e+01	4.7065694625e+01	7.7594272047e-01	6.9136271998e-01	6.9136271998e-01	1.8228534609e-02	1.0226290447e+00	1.6397576253e+00	0.0000000000e+00	1.8278789294e+00	1.0000000000e+00	0.0000000000e+00
2.1000000000e+01	0.0000000000e+00	1.0000000000e+00	1.0000000000e+00	2.9264225805e+00	3.0067426419e+00	4.0449997050e+02	5.8791299630e+02	-5.0002950253e-01	-2.0870036981e+00	2.0870036981e+00	2.5870332007e+00	1.2935166003e+00	2.2239911556e-01	1.1210706830e-01	2.2239911556e-01	1.3225800518e+01	2.0546346539e+01	2.0546346539e+01	6.5741121769e-01	6.3973531127e-01	6.3973531127e-01	1.1029204726e-01	5.7490829722e-01	7.1582983482e-01	0.0000000000e+00	1.2145477222e+00	1.0000000000e+00	0.0000000000e+00
2.2000000000e+01	0.0000000000e+00	1.0000000000e+00	1.0000000000e+00	5.0249697865e+00	5.1052898479e+00	4.0449997050e+02	5.8623415854e+02	-5.0002950253e-01	-3.7658414629e+00	3.7658414629e+00	4.2658709655e+00	2.1329354827e+00	4.8443970084e-01	3.6985668540e-01	4.8443970084e-01	1.0559372190e+01	1.3398652926e+01	1.3398652926e+01	3.8490781188e-01	4.0619185567e-01	3.8490781188e-01	1.1458301544e-01	4.5900213582e-01	4.6680588652e-01	0.0000000000e+00	2.4221985042e+00	0.0000000000e+00	0.0000000000e+00
2.3000000000e+01	0.0000000000e+00	1.0000000000e+00	1.0000000000e+00	2.0870036981e+00	2.1673237595e+00	4.0491967994e+02	5.8875241518e+02	-8.0320061333e-02	-1.2475848157e+00	1.2475848157e+00	1.3279048771e+00	6.6395243853e-01	9.3969576061e-02	2.8463926166e-02	9.3969576061e-02	1.7603677351e+01	2.9335781177e+01	2.9335781177e+01	7.8421748430e-01	7.0299724117e-01	7.0299724117e-01	6.5505649894e-02	7.6520889282e-01	1.0220516506e+00	1.0000000000e+00	7.1124034451e-01	1.0000000000e+00	0.0000000000e+00
2.4000000000e+01	0.0000000000e+00	1.0000000000e+00	1.0000000000e+00	4.1855509041e+00	4.2658709655e+00	4.0449997050e+02	5.8623415854e+02	-5.0002950253e-01	-3.7658414629e+00	3.7658414629e+00	4.2658709655e+00	2.1329354827e+00	5.3044521809e-01	3.8709118962e-01	5.3044521809e-01	1.1131550321e+01	1.2706982618e+01	1.2706982618e+01	3.4009057283e-01	3.9447399974e-01	3.4009057283e-01	1.4335402846e-01	4.8387397285e-01	4.4270825721e-01	0.0000000000e+00	2.6522260904e+00	0.0000000000e+00	0.0000000000e+00
2.5000000000e+01	0.0000000000e+00	1.0000000000e+00	1.0000000000e+00	1.6672942569e+00	1.7476143183e+00	4.0491967994e+02	5.9043125295e+02	-8.0320061333e-02	4.3125294907e-01	4.3125294907e-01	5.1157301040e-01	2.5578650520e-01	4.5928288251e-02	1.0265951976e-02	4.5928288251e-02	2.0857022864e+01	3.8626378342e+01	3.8626378342e+01	7.8920699283e-01	7.0582430996e-01	7.0582430996e-01	3.5662336275e-02	9.0662757870e-01	1.3457338499e+00	1.0000000000e+00	9.8781099960e-01	1.0000000000e+00	0.0000000000e+00
2.6000000000e+01	0.0000000000e+00	1.0000000000e+00	1.0000000000e+00	1.6672942569e+00	1.7476143183e+00	4.0575909882e+02	5.9169038127e+02	7.5909882107e-01	1.6903812727e+00	1.6903812727e+00	2.4494800937e+00	1.2247400469e+00	2.3509880528e-02	5.2470811643e-03	2.3509880528e-02	2.3715177508e+01	4.7751843686e+01	4.7751843686e+01	7.7623740770e-01	6.9438550388e-01	6.9438550388e-01	1.8262799364e-02	1.0308678330e+00	1.6636628956e+00	0.0000000000e+00	1.8961797018e+00	1.0000000000e+00	0.0000000000e+00
2.7000000000e+01	0.0000000000e+00	1.0000000000e+00	1.0000000000e+00	2.5067131393e+00	2.5870332007e+00	4.0449997050e+02	5.8791299630e+02	-5.0002950253e-01	-2.0870036981e+00	2.0870036981e+00	2.5870332007e+00	1.2935166003e+00	1.1831981689e-01	3.7642899901e-02	1.1831981689e-01	1.6408026069e+01	2.6300550296e+01	2.6300550296e+01	7.7356826514e-01	7.0216631517e-01	7.0216631517e-01	8.0676916987e-02	7.1323549114e-01	9.1630492740e-01	1.0000000000e+00	8.1932716816e-01	1.0000000000e+00	0.0000000000e+00
2.8000000000e+01	0.0000000000e+00	1.0000000000e+00	1.0000000000e+00	2.0870036981e+00	2.1673237595e+00	4.0449997050e+02	5.8791299630e+02	-5.0002950253e-01	-2.0870036981e+00	2.0870036981e+00	2.5870332007e+00	1.2935166003e+00	1.6299030185e-01	5.8052580804e-02	1.6299030185e-01	1.4795421746e+01	2.3101113494e+01	2.3101113494e+01	7.2426185012e-01	6.8952323869e-01	6.8952323869e-01	1.0493772104e-01	6.4313768465e-01	8.0483730891e-01	0.0000000000e+00	1.0493772104e+00	1.0000000000e+00	0.0000000000e+00
2.9000000000e+01	0.0000000000e+00	1.0000000000e+00	1.0000000000e+00	4.1855509041e+00	4.2658709655e+00	4.0449997050e+02	5.8623415854e+02	-5.0002950253e-01	-3.7658414629e+00	3.7658414629e+00	4.2658709655e+00	2.1329354827e+00	5.3290361166e-01	3.9145404100e-01	5.3290361166e-01	1.1013740239e+01	1.2653736760e+01	1.2653736760e+01	3.3743292093e-01	3.9024311304e-01	3.3743292093e-01	1.4144957066e-01	4.7875292226e-01	4.4085318417e-01	0.0000000000e+00	2.6645180583e+00	0.0000000000e+00	0.0000000000e+00
3.0000000000e+01	0.0000000000e+00	1.0000000000e+00	1.0000000000e+00	2.0870036981e+00	2.1673237595e+00	4.0449997050e+02	5.8791299630e+02	-5.0002950253e-01	-2.0870036981e+00	2.0870036981e+00	2.5870332007e+00	1.2935166003e+00	1.6670748591e-01	7.5551562011e-02	1.6670748591e-01	1.4688344306e+01	2.3063643868e+01	2.3063643868e+01	7.1812680364e-01	6.6917736083e-01	6.6917736083e-01	9.1155923903e-02	6.3848316799e-01	8.0353187606e-01	1.0000000000e+00	1.0329052343e+00	1.0000000000e+00	0.0000000000e+00
3.1000000000e+01	0.0000000000e+00	1.0000000000e+00	1.0000000000e+00	2.0870036981e+00	2.1673237595e+00	4.0449997050e+02	5.8749328686e+02	-5.0002950253e-01	-2.5067131393e+00	2.5067131393e+00	3.0067426419e+00	1.5033713209e+00	1.7985530198e-01	6.5842151642e-02	1.7985530198e-01	1.4397658980e+01	2.2240360236e+01	2.2240360236e+01	7.0609967411e-01	6.8431657553e-01	6.8431657553e-01	1.1401315033e-01	6.2584745605e-01	7.7484886979e-01	0.0000000000e+00	1.1401315033e+00	1.0000000000e+00	0.0000000000e+00
3.2000000000e+01	0.0000000000e+00	1.0000000000e+00	1.0000000000e+00	2.0870036981e+00	2.1673237595e+00	4.0449997050e+02	5.8791299630e+02	-5.0002950253e-01	-2.0870036981e+00	2.0870036981e+00	2.5870332007e+00	1.2935166003e+00	1.8564134836e-01	1.0887344182e-01	1.8564134836e-01	1.4140196765e+01	2.3606287190e+01	2.3606287190e+01	6.9707584381e-01	6.3498990238e-01	6.3498990238e-01	7.6767906547e-02	6.1465590940e-01	8.2243744055e-01	1.0000000000e+00	1.1009831160e+00	1.0000000000e+00	0.0000000000e+00
3.3000000000e+01	0.0000000000e+00	1.0000000000e+00	1.0000000000e+00	1.6672942569e+00	1.7476143183e+00	4.0491967994e+02	5.8875241518e+02	-8.0320061333e-02	-1.2475848157e+00	1.2475848157e+00	1.3279048771e+00	6.6395243853e-01	8.5897758603e-02	2.2165158764e-02	8.5897758603e-02	1.8064479334e+01	3.0565082595e+01	3.0565082595e+01	7.8848950565e-01	7.0875450037e-01	7.0875450037e-01	6.3732599840e-02	7.8523935398e-01	1.0648802201e+00	1.0000000000e+00	7.0546289263e-01	1.0000000000e+00	0.0000000000e+00
3.4000000000e+01	0.0000000000e+00	1.0000000000e+00	1.0000000000e+00	1.6672942569e+00	1.7476143183e+00	4.0491967994e+02	5.8959183407e+02	-8.0320061333e-02	-4.0816593333e-01	4.0816593333e-01	4.8848599467e-01	2.4424299733e-01	7.0545136929e-02	2.0154329017e-02	7.0545136929e-02	1.8840881048e+01	3.2951793151e+01	3.2951793151e+01	7.8983062506e-01	7.0170607977e-01	7.0170607977e-01	5.0390807912e-02	8.1898852376e-01	1.1480326492e+00	1.0000000000e+00	7.1254904926e-01	1.0000000000e+00	0.0000000000e+00
3.5000000000e+01	0.0000000000e+00	1.0000000000e+00	1.0000000000e+00	1.6672942569e+00	1.7476143183e+00	4.0491967994e+02	5.9043125295e+02	-8.0320061333e-02	4.3125294907e-01	4.3125294907e-01	5.1157301040e-01	2.5578650520e-01	4.3559402227e-02	8.3052301779e-03	4.3559402227e-02	2.1207437893e+01	3.9849085041e+01	3.9849085041e+01	7.9116395116e-01	7.0915248152e-01	7.0915248152e-01	3.5254172049e-02	9.2185966293e-01	1.3883326609e+00	1.0000000000e+00	1.1095218884e+00	1.0000000000e+00	0.0000000000e+00
3.6000000000e+01	0.0000000000e+00	1.0000000000e+00	1.0000000000e+00	2.9264225805e+00	3.0067426419e+00	4.0449997050e+02	5.8707357742e+02	-5.0002950253e-01	-2.9264225805e+00	2.9264225805e+00	3.4264520831e+00	1.7132260415e+00	3.1930208206e-01	1.7452174425e-01	3.1930208206e-01	1.1726623913e+01	1.6842744959e+01	1.6842744959e+01	5.5455023050e-01	5.8950150013e-01	5.5455023050e-01	1.4478033781e-01	5.0974104568e-01	5.8679723517e-01	0.0000000000e+00	1.5965104103e+00	0.0000000000e+00	0.0000000000e+00
3.7000000000e+01	0.0000000000e+00	1.0000000000e+00	1.0000000000e+00	1.6672942569e+00	1.7476143183e+00	4.0575909882e+02	5.9294950960e+02	7.5909882107e-01	2.9495095963e+00	2.9495095963e+00	3.7086084173e+00	1.8543042087e+00	2.4410437793e-02	6.0427803546e-03	2.4410437793e-02	2.3387488942e+01	4.6592540873e+01	4.6592540873e+01	7.7596144751e-01	6.8965273909e-01	6.8965273909e-01	1.8367657438e-02	1.0166236385e+00	1.6232730609e+00	0.0000000000e+00	1.7807801741e+00	0.0000000000e+00	0.0000000000e+00
3.8000000000e+01	0.0000000000e+00	1.0000000000e+00	1.0000000000e+00	2.9264225805e+00	3.0067426419e+00	4.0449997050e+02	5.8791299630e+02	-5.0002950253e-01	-2.0870036981e+00	2.0870036981e+00	2.5870332007e+00	1.2935166003e+00	2.0033538342e-01	1.0863365233e-01	2.0033538342e-01	1.3752502650e+01	2.1999696937e+01	2.1999696937e+01	6.8116915226e-01	6.3858155906e-01	6.3858155906e-01	9.1701731086e-02	5.9780335192e-01	7.6646421761e-01	1.0000000000e+00	1.1491332802e+00	1.0000000000e+00	0.0000000000e+00
3.9000000000e+01	0.0000000000e+00	1.0000000000e+00	1.0000000000e+00	1.6672942569e+00	1.7476143183e+00	4.0575909882e+02	5.9085096239e+02	7.5909882107e-01	8.5096239027e-01	8.5096239027e-01	1.6100612113e+00	8.0503060567e-01	2.4014037102e-02	4.4592362829e-03	2.4014037102e-02	2.3956463155e+01	4.8378090123e+01	4.8378090123e+01	7.8134967759e-01	7.0218774257e-01	7.0218774257e-01	1.9554800820e-02	1.0413562053e+00	1.6854811728e+00	0.0000000000e+00	1.9585176366e+00	1.0000000000e+00	0.0000000000e+00
4.0000000000e+01	0.0000000000e+00	1.0000000000e+00	1.0000000000e+00	2.0870036981e+00	2.1673237595e+00	4.0449997050e+02	5.8707357742e+02	-5.0002950253e-01	-2.9264225805e+00	2.9264225805e+00	3.4264520831e+00	1.7132260415e+00	3.0854487419e-01	1.5439803898e-01	3.0854487419e-01	1.1956093506e+01	1.6876723031e+01	1.6876723031e+01	5.6711429358e-01	6.0833428800e-01	5.6711429358e-01	1.5414683521e-01	5.1971578960e-01	5.8798102312e-01	0.0000000000e+00	1.5427243710e+00	0.0000000000e+00	0.0000000000e+00
4.1000000000e+01	0.0000000000e+00	1.0000000000e+00	1.0000000000e+00	1.6672942569e+00	1.7476143183e+00	4.0575909882e+02	5.9252980016e+02	7.5909882107e-01	2.5298001551e+00	2.5298001551e+00	3.2888989761e+00	1.6444494881e+00	2.4821249768e-02	6.0745701194e-03	2.4821249768e-02	2.3338013939e+01	4.6384656429e+01	4.6384656429e+01	7.7648797818e-01	6.9025663286e-01	6.9025663286e-01	1.8746679649e-02	1.0144730246e+00	1.6160304163e+00	0.0000000000e+00	1.7600869036e+00	1.0000000000e+00	0.0000000000e+00
4.2000000000e+01	0.0000000000e+00	1.0000000000e+00	1.0000000000e+00	1.6672942569e+00	1.7476143183e+00	4.0491967994e+02	5.9085096239e+02	-8.0320061333e-02	8.5096239027e-01	8.5096239027e-01	9.3128245160e-01	4.6564122580e-01	3.9207678288e-02	8.4813404828e-03	3.9207678288e-02	2.1549718812e+01	4.0352940534e+01	4.0352940534e+01	7.8759505227e-01	7.0263145678e-01	7.0263145678e-01	3.0726337805e-02	9.3673816804e-01	1.4058868667e+00	1.0000000000e+00	1.1596767619e+00	1.0000000000e+00	0.0000000000e+00
4.3000000000e+01	0.0000000000e+00	1.0000000000e+00	1.0000000000e+00	1.6672942569e+00	1.7476143183e+00	4.0491967994e+02	5.9043125295e+02	-8.0320061333e-02	4.3125294907e-01	4.3125294907e-01	5.1157301040e-01	2.5578650520e-01	5.3121212870e-02	1.2767287903e-02	5.3121212870e-02	2.0173320020e+01	3.6876784570e+01	3.6876784570e+01	7.9126542434e-01	7.0646533091e-01	7.0646533091e-01	4.0353924967e-02	8.7690790789e-01	1.2847784183e+00	1.0000000000e+00	8.1365262360e-01	1.0000000000e+00	0.0000000000e+00
4.4000000000e+01	0.0000000000e+00	1.0000000000e+00	1.0000000000e+00	2.0870036981e+00	2.1673237595e+00	4.0449997050e+02	5.8707357742e+02	-5.0002950253e-01	-2.9264225805e+00	2.9264225805e+00	3.4264520831e+00	1.7132260415e+00	2.8377148509e-01	1.3510581851e-01	2.8377148509e-01	1.2247847577e+01	1.7574449409e+01	1.7574449409e+01	5.9267422557e-01	6.2566116452e-01	5.9267422557e-01	1.4866566658e-01	5.3239795852e-01	6.1228964445e-01	0.0000000000e+00	1.4866566658e+00	0.0000000000e+00	0.0000000000e+00
4.5000000000e+01	0.0000000000e+00	1.0000000000e+00	1.0000000000e+00	2.0870036981e+00	2.1673237595e+00	4.0449997050e+02	5.8707357742e+02	-5.0002950253e-01	-2.9264225805e+00	2.9264225805e+00	3.4264520831e+00	1.7132260415e+00	2.1263383329e-01	8.3510220051e-02	2.1263383329e-01	1.3650979909e+01	2.0546510971e+01	2.0546510971e+01	6.7066337168e-01	6.7033332586e-01	6.7033332586e-01	1.2912361324e-01	5.9339029077e-01	7.1583556358e-01	0.0000000000e+00	1.2912361324e+00	0.0000000000e+00	0.0000000000e+00
4.6000000000e+01	0.0000000000e+00	1.0000000000e+00	1.0000000000e+00	1.6672942569e+00	1.7476143183e+00	4.0491967994e+02	5.9043125295e+02	-8.0320061333e-02	4.3125294907e-01	4.3125294907e-01	5.1157301040e-01	2.5578650520e-01	4.5795220882e-02	1.0065359995e-02	4.5795220882e-02	2.0879713137e+01	3.8719419782e+01	3.8719419782e+01	7.8941897675e-01	7.0643361099e-01	7.0643361099e-01	3.5729860887e-02	9.0761389529e-01	1.3489753915e+00	1.0000000000e+00	9.9707254717e-01	1.0000000000e+00	0.0000000000e+00
4.7000000000e+01	0.0000000000e+00	1.0000000000e+00	1.0000000000e+00	2.9264225805e+00	3.0067426419e+00	4.0449997050e+02	5.8707357742e+02	-5.0002950253e-01	-2.9264225805e+00	2.9264225805e+00	3.4264520831e+00	1.7132260415e+00	3.9498820901e-01	2.4556636810e-01	3.9498820901e-01	1.1107752296e+01	1.4769356487e+01	1.4769356487e+01	4.7602543235e-01	5.2613031864e-01	4.7602543235e-01	1.4942184091e-01	4.8283950375e-01	5.1456087311e-01	0.0000000000e+00	1.9749410450e+00	0.0000000000e+00	0.0000000000e+00
4.8000000000e+01	0.0000000000e+00	1.0000000000e+00	1.0000000000e+00	2.0870036981e+00	2.1673237595e+00	4.0449997050e+02	5.8707357742e+02	-5.0002950253e-01	-2.9264225805e+00	2.9264225805e+00	3.4264520831e+00	1.7132260415e+00	2.0821277797e-01	8.0841839314e-02	2.0821277797e-01	1.3746990404e+01	2.0762488348e+01	2.0762488348e+01	6.7543889582e-01	6.7240834236e-01	6.7240834236e-01	1.2737093866e-01	5.9756374177e-01	7.2336016413e-01	0.0000000000e+00	1.2737093866e+00	0.0000000000e+00	0.0000000000e+00
4.9000000000e+01	0.0000000000e+00	1.0000000000e+00	1.0000000000e+00	5.0249697865e+00	5.1052898479e+00	4.0449997050e+02	5.8665386798e+02	-5.0002950253e-01	-3.3461320217e+00	3.3461320217e+00	3.8461615243e+00	1.9230807621e+00	5.1722115278e-01	4.3970212340e-01	5.1722115278e-01	1.0495795653e+01	1.3828126867e+01	1.3828126867e+01	3.5175639391e-01	3.3318260312e-01	3.3318260312e-01	7.7519029379e-02	4.5623854667e-01	4.8176865664e-01	0.0000000000e+00	2.5861057639e+00	0.0000000000e+00	0.0000000000e+00
5.0000000000e+01	1.0000000000e+00	1.0000000000e+00	1.0000000000e+00	6.7561676525e+01	1.2078445550e+02	4.8970098706e+02	5.2117919515e+02	8.4700987061e+01	-6.8820804849e+01	8.4700987061e+01	1.5352179191e+02	7.6760895955e+01	1.1880459636e-01	8.2216158509e-02	1.1880459636e-01	1.2722746512e+01	5.2545436587e+01	5.2545436587e+01	3.5227126628e-01	8.7258045375e-01	3.5227126628e-01	3.6588437855e-02	5.5304119578e-01	1.8306705341e+00	0.0000000000e+00	2.3733443832e+00	0.0000000000e+00	0.0000000000e+00
5.1000000000e+01	1.0000000000e+00	1.0000000000e+00	1.0000000000e+00	6.5463129319e+01	1.1868590829e+02	4.0785764603e+02	5.2117919515e+02	2.8576460271e+00	-6.8820804849e+01	6.8820804849e+01	7.1678450876e+01	3.5839225438e+01	6.7258673906e-01	2.1310316399e-02	6.7258673906e-01	3.9912999167e+01	2.9072920352e+01	3.9912999167e+01	2.8246706724e-01	9.3681944720e-01	2.8246706724e-01	6.5127642266e-01	1.7349660126e+00	1.0128936419e+00	0.0000000000e+00	6.5127642266e+00	0.0000000000e+00	0.0000000000e+00
5.2000000000e+01	1.0000000000e+00	1.0000000000e+00	1.0000000000e+00	6.7561676525e+01	1.2078445550e+02	4.0575909882e+02	5.2117919515e+02	7.5909882107e-01	-6.8820804849e+01	6.8820804849e+01	6.9579903670e+01	3.4789951835e+01	6.7068588734e-01	1.2545706704e-02	6.7068588734e-01	3.9890841369e+01	3.0448389104e+01	3.9890841369e+01	2.8300911188e-01	9.4518321566e-01	2.8300911188e-01	6.5814018063e-01	1.7340028421e+00	1.0608146466e+00	0.0000000000e+00	6.5814018063e+00	0.0000000000e+00	0.0000000000e+00
5.3000000000e+01	1.0000000000e+00	1.0000000000e+00	1.0000000000e+00	6.5463129319e+01	1.1868590829e+02	4.0533938938e+02	5.2033977627e+02	3.3938937987e-01	-6.9660223731e+01	6.9660223731e+01	6.9999613111e+01	3.4999806556e+01	6.9015806913e-01	7.6371461153e-02	6.9015806913e-01	3.9756662520e+01	3.7491386276e+01	3.9756662520e+01	2.5937980413e-01	8.7424460053e-01	2.5937980413e-01	6.1378660798e-01	1.7281702625e+00	1.3061909958e+00	0.0000000000e+00	6.1378660798e+00	0.0000000000e+00	0.0000000000e+00
5.4000000000e+01	1.0000000000e+00	1.0000000000e+00	1.0000000000e+00	6.7561676525e+01	1.2078445550e+02	4.0533938938e+02	5.2117919515e+02	3.3938937987e-01	-6.8820804849e+01	6.8820804849e+01	6.9160194229e+01	3.4580097114e+01	6.6981106997e-01	1.0274928063e-02	6.6981106997e-01	3.9787793434e+01	3.1503824392e+01	3.9787793434e+01	2.8302013874e-01	9.4731285051e-01	2.8302013874e-01	6.5953614190e-01	1.7295234827e+00	1.0975857614e+00	0.0000000000e+00	6.5953614190e+00	0.0000000000e+00	0.0000000000e+00
5.5000000000e+01	1.0000000000e+00	1.0000000000e+00	1.0000000000e+00	6.7561676525e+01	1.2078445550e+02	4.0533938938e+02	5.2117919515e+02	3.3938937987e-01	-6.8820804849e+01	6.8820804849e+01	6.9160194229e+01	3.4580097114e+01	6.6968500614e-01	1.3779174536e-02	6.6968500614e-01	3.9978983536e+01	2.9525947481e+01	3.9978983536e+01	2.8404659033e-01	9.4488667324e-01	2.8404659033e-01	6.5590583161e-01	1.7378342671e+00	1.0286769995e+00	0.0000000000e+00	6.5590583161e+00	0.0000000000e+00	0.0000000000e+00
5.6000000000e+01	1.0000000000e+00	1.0000000000e+00	1.0000000000e+00	6.7561676525e+01	9.2244213495e+01	4.0533938938e+02	5.2117919515e+02	3.3938937987e-01	-6.8820804849e+01	6.8820804849e+01	6.9160194229e+01	3.4580097114e+01	6.6799265146e-01	1.4214860275e-02	6.6799265146e-01	4.0034847391e+01	2.9244015671e+01	4.0034847391e+01	2.8575628996e-01	9.4500304572e-01	2.8575628996e-01	6.5377779119e-01	1.7402625960e+00	1.0188545622e+00	0.0000000000e+00	6.5377779119e+00	0.0000000000e+00	0.0000000000e+00
5.7000000000e+01	1.0000000000e+00	1.0000000000e+00	1.0000000000e+00	6.5463129319e+01	1.1868590829e+02	4.0533938938e+02	5.2117919515e+02	3.3938937987e-01	-6.8820804849e+01	6.8820804849e+01	6.9160194229e+01	3.4580097114e+01	6.6883820295e-01	1.1886666529e-02	6.6883820295e-01	3.9849754721e+01	3.0384468040e+01	3.9849754721e+01	2.8441953659e-01	9.4652627874e-01	2.8441953659e-01	6.5695153642e-01	1.7322168591e+00	1.0585876519e+00	0.0000000000e+00	6.5695153642e+00	0.0000000000e+00	0.0000000000e+00
5.8000000000e+01	1.0000000000e+00	1.0000000000e+00	1.0000000000e+00	6.5463129319e+01	1.1868590829e+02	4.0533938938e+02	5.2033977627e+02	3.3938937987e-01	-6.9660223731e+01	6.9660223731e+01	6.9999613111e+01	3.4999806556e+01	6.8763440847e-01	6.9941222668e-02	6.8763440847e-01	3.9998046180e+01	3.5548503399e+01	3.9998046180e+01	2.6326173544e-01	8.8135033846e-01	2.6326173544e-01	6.1769318581e-01	1.7386628954e+00	1.2385014177e+00	0.0000000000e+00	6.1769318581e+00	0.0000000000e+00	0.0000000000e+00
5.9000000000e+01	1.0000000000e+00	1.0000000000e+00	1.0000000000e+00	6.7561676525e+01	1.2078445550e+02	4.0533938938e+02	5.2117919515e+02	3.3938937987e-01	-6.8820804849e+01	6.8820804849e+01	6.9160194229e+01	3.4580097114e+01	6.6859143972e-01	1.2728027068e-02	6.6859143972e-01	3.9925476742e+01	2.9890905095e+01	3.9925476742e+01	2.8502714634e-01	9.4605649356e-01	2.8502714634e-01	6.5586341266e-01	1.7355083966e+00	1.0413920361e+00	0.0000000000e+00	6.5586341266e+00	0.0000000000e+00	0.0000000000e+00
6.0000000000e+01	1.0000000000e+00	1.0000000000e+00	1.0000000000e+00	6.7561676525e+01	1.2078445550e+02	4.0533938938e+02	5.2033977627e+02	3.3938937987e-01	-6.9660223731e+01	6.9660223731e+01	6.9999613111e+01	3.4999806556e+01	6.9031536579e-01	7.2500407696e-02	6.9031536579e-01	3.9794139366e+01	3.7739006026e+01	3.9794139366e+01	2.5806665421e-01	8.7684607506e-01	2.5806665421e-01	6.1781495810e-01	1.7297993321e+00	1.3148180091e+00	0.0000000000e+00	6.1781495810e+00	0.0000000000e+00	0.0000000000e+00
6.1000000000e+01	1.0000000000e+00	1.0000000000e+00	1.0000000000e+00	6.7561676525e+01	1.1658736108e+02	4.0533938938e+02	5.2117919515e+02	3.3938937987e-01	-6.8820804849e+01	6.8820804849e+01	6.9160194229e+01	3.4580097114e+01	6.6774493456e-01	1.8265325576e-02	6.6774493456e-01	4.0173571998e+01	2.7687743433e+01	4.0173571998e+01	2.8715837002e-01	9.4198624417e-01	2.8715837002e-01	6.4947960898e-01	1.7462927737e+00	9.6463440694e-01	0.0000000000e+00	6.4947960898e+00	0.0000000000e+00	0.0000000000e+00
6.2000000000e+01	1.0000000000e+00	1.0000000000e+00	1.0000000000e+00	6.5463129319e+01	1.1868590829e+02	4.0533938938e+02	5.2033977627e+02	3.3938937987e-01	-6.9660223731e+01	6.9660223731e+01	6.9999613111e+01	3.4999806556e+01	6.8158733845e-01	4.3549012393e-02	6.8158733845e-01	3.9929855871e+01	3.2563070553e+01	3.9929855871e+01	2.7314013243e-01	9.1158669069e-01	2.7314013243e-01	6.3803832605e-01	1.7356987516e+00	1.1344896462e+00	0.0000000000e+00	6.3803832605e+00	0.0000000000e+00	0.0000000000e+00
6.3000000000e+01	1.0000000000e+00	1.0000000000e+00	1.0000000000e+00	6.5463129319e+01	1.1868590829e+02	4.9179953427e+02	5.2075948571e+02	8.6799534267e+01	-6.9240514290e+01	8.6799534267e+01	1.5604004856e+02	7.8020024279e+01	3.6580702662e-01	9.1696456075e-02	3.6580702662e-01	3.3697247800e+00	4.6206435937e+01	4.6206435937e+01	1.1721760035e-02	8.6092488468e-01	1.1721760035e-02	2.7411057055e-01	1.4647754083e-01	1.6098212566e+00	0.0000000000e+00	4.2655710279e+01	0.0000000000e+00	0.0000000000e+00
6.4000000000e+01	1.0000000000e+00	1.0000000000e+00	1.0000000000e+00	6.7561676525e+01	1.2078445550e+02	4.0533938938e+02	5.2117919515e+02	3.3938937987e-01	-6.8820804849e+01	6.8820804849e+01	6.9160194229e+01	3.4580097114e+01	6.6758239269e-01	9.5468880609e-03	6.6758239269e-01	3.9660713540e+01	3.1522198563e+01	3.9660713540e+01	2.8456360102e-01	9.4868861418e-01	2.8456360102e-01	6.5803550463e-01	1.7239994855e+00	1.0982259132e+00	0.0000000000e+00	6.5803550463e+00	0.0000000000e+00	0.0000000000e+00
6.5000000000e+01	1.0000000000e+00	1.0000000000e+00	1.0000000000e+00	6.7561676525e+01	1.2078445550e+02	4.0533938938e+02	5.2117919515e+02	3.3938937987e-01	-6.8820804849e+01	6.8820804849e+01	6.9160194229e+01	3.4580097114e+01	6.6635566950e-01	9.6763558686e-03	6.6635566950e-01	3.9659257164e+01	3.1144420844e+01	3.9659257164e+01	2.8572881222e-01	9.4855264947e-01	2.8572881222e-01	6.5667931363e-01	1.7239361788e+00	1.0850642272e+00	0.0000000000e+00	6.5667931363e+00	0.0000000000e+00	0.0000000000e+00
6.6000000000e+01	1.0000000000e+00	1.0000000000e+00	1.0000000000e+00	6.7561676525e+01	9.2244213495e+01	4.0533938938e+02	5.2117919515e+02	3.3938937987e-01	-6.8820804849e+01	6.8820804849e+01	6.9160194229e+01	3.4580097114e+01	6.6865706444e-01	1.7985815182e-02	6.6865706444e-01	4.0193697838e+01	2.7815615966e+01	4.0193697838e+01	2.8629106283e-01	9.4215959869e-01	2.8629106283e-01	6.5067124926e-01	1.7471676177e+00	9.6908945560e-01	0.0000000000e+00	6.5067124926e+00	0.0000000000e+00	0.0000000000e+00
6.7000000000e+01	1.0000000000e+00	1.0000000000e+00	1.0000000000e+00	6.5463129319e+01	1.1868590829e+02	4.0533938938e+02	5.2117919515e+02	3.3938937987e-01	-6.8820804849e+01	6.8820804849e+01	6.9160194229e+01	3.4580097114e+01	6.6946363449e-01	1.1094356887e-02	6.6946363449e-01	3.9842931177e+01	3.0905740951e+01	3.9842931177e+01	2.8361678123e-01	9.4679370988e-01	2.8361678123e-01	6.5836927760e-01	1.7319202485e+00	1.0767486763e+00	0.0000000000e+00	6.5836927760e+00	0.0000000000e+00	0.0000000000e+00
6.8000000000e+01	1.0000000000e+00	1.0000000000e+00	1.0000000000e+00	6.7561676525e+01	1.2078445550e+02	4.0533938938e+02	5.2117919515e+02	3.3938937987e-01	-6.8820804849e+01	6.8820804849e+01	6.9160194229e+01	3.4580097114e+01	6.6930115223e-01	1.3921152800e-02	6.6930115223e-01	3.9986405077e+01	2.9394251603e+01	3.9986405077e+01	2.8454744816e-01	9.4502906874e-01	2.8454744816e-01	6.5537999943e-01	1.7381568718e+00	1.0240887464e+00	0.0000000000e+00	6.5537999943e+00	0.0000000000e+00	0.0000000000e+00
6.9000000000e+01	1.0000000000e+00	1.0000000000e+00	1.0000000000e+00	6.5463129319e+01	1.1868590829e+02	4.0659851770e+02	5.2075948571e+02	1.5985177035e+00	-6.9240514290e+01	6.9240514290e+01	7.0839031994e+01	3.5419515997e+01	6.9078356028e-01	7.9540073872e-02	6.9078356028e-01	3.9322364214e+01	3.7805813471e+01	3.9322364214e+01	2.6168024540e-01	8.7472134829e-01	2.6168024540e-01	6.1124348640e-01	1.7092918816e+00	1.3171455646e+00	0.0000000000e+00	6.1124348640e+00	0.0000000000e+00	0.0000000000e+00
7.0000000000e+01	1.0000000000e+00	1.0000000000e+00	1.0000000000e+00	6.7561676525e+01	7.6295254729e+01	4.0533938938e+02	5.2117919515e+02	3.3938937987e-01	-6.8820804849e+01	6.8820804849e+01	6.9160194229e+01	3.4580097114e+01	6.6764909029e-01	1.8443243578e-02	6.6764909029e-01	4.0173968861e+01	2.7630067170e+01	4.0173968861e+01	2.8727859259e-01	9.4183967821e-01	2.8727859259e-01	6.4920584671e-01	1.7463100248e+00	9.6262497963e-01	0.0000000000e+00	6.4920584671e+00	0.0000000000e+00	0.0000000000e+00
7.1000000000e+01	1.0000000000e+00	1.0000000000e+00	1.0000000000e+00	6.7561676525e+01	1.2078445550e+02	4.7333231885e+02	5.2159890459e+02	6.8332318854e+01	-6.8401095408e+01	6.8401095408e+01	1.3673341426e+02	6.8366707131e+01	1.4045122266e-01	8.0517277122e-02	1.4045122266e-01	1.5450755058e+01	2.4966151746e+01	2.4966151746e+01	5.8024403453e-01	8.7675167620e-01	5.8024403453e-01	5.9933945537e-02	6.7162416893e-01	8.6981479877e-01	1.0000000000e+00	9.3821666020e-01	0.0000000000e+00	0.0000000000e+00
7.2000000000e+01	1.0000000000e+00	1.0000000000e+00	1.0000000000e+00	6.5463129319e+01	1.1868590829e+02	4.5990161674e+02	5.2159890459e+02	5.4901616736e+01	-6.8401095408e+01	6.8401095408e+01	1.2330271214e+02	6.1651356072e+01	2.7133917809e-01	9.4762928784e-02	2.7133917809e-01	2.0691444903e+01	2.2957167692e+01	2.2957167692e+01	5.4500156641e-01	8.6523281783e-01	5.4500156641e-01	1.7657624930e-01	8.9943012074e-01	7.9982227136e-01	0.0000000000e+00	1.7657624930e+00	0.0000000000e+00	0.0000000000e+00
7.3000000000e+01	1.0000000000e+00	1.0000000000e+00	1.0000000000e+00	6.7561676525e+01	1.2078445550e+02	4.8970098706e+02	5.2117919515e+02	8.4700987061e+01	-6.8820804849e+01	8.4700987061e+01	1.5352179191e+02	7.6760895955e+01	1.3323448598e-01	9.6193246543e-02	1.3323448598e-01	1.2681435307e+01	5.1836083867e+01	5.1836083867e+01	3.7446339428e-01	8.6047817022e-01	3.7446339428e-01	3.7041239440e-02	5.5124545155e-01	1.8059568538e+00	0.0000000000e+00	2.3027338679e+00	0.0000000000e+00	0.0000000000e+00
7.4000000000e+01	1.0000000000e+00	1.0000000000e+00	1.0000000000e+00	6.5463129319e+01	1.1364939500e+02	4.8886156818e+02	5.2117919515e+02	8.3861568179e+01	-6.8820804849e+01	8.3861568179e+01	1.5268237303e+02	7.6341186514e+01	2.2166685760e-01	9.0553171933e-02	2.2166685760e-01	1.3976051407e+01	2.5606797000e+01	2.5606797000e+01	3.4816206992e-01	8.6558508128e-01	3.4816206992e-01	1.3111368567e-01	6.0752072477e-01	8.9213472732e-01	0.0000000000e+00	1.4361127854e+00	0.0000000000e+00	0.0000000000e+00
7.5000000000e+01	1.0000000000e+00	1.0000000000e+00	1.0000000000e+00	6.7561676525e+01	1.1658736108e+02	4.0533938938e+02	5.2117919515e+02	3.3938937987e-01	-6.8820804849e+01	6.8820804849e+01	6.9160194229e+01	3.4580097114e+01	6.6535347700e-01	1.3002786785e-02	6.6535347700e-01	4.0008521590e+01	2.9522088438e+01	4.0008521590e+01	2.8836649656e-01	9.4622572884e-01	2.8836649656e-01	6.5235069022e-01	1.7391182478e+00	1.0285425514e+00	0.0000000000e+00	6.5235069022e+00	0.0000000000e+00	0.0000000000e+00
7.6000000000e+01	1.0000000000e+00	1.0000000000e+00	1.0000000000e+00	9.6872560856e+01	1.6443423738e+02	4.0533938938e+02	5.2117919515e+02	3.3938937987e-01	-6.8820804849e+01	6.8820804849e+01	6.9160194229e+01	3.4580097114e+01	6.6483169794e-01	1.5817679465e-02	6.6483169794e-01	4.0122934775e+01	2.8440683565e+01	4.0122934775e+01	2.8965550661e-01	9.4422563165e-01	2.8965550661e-01	6.4901401848e-01	1.7440916397e+00	9.9086666234e-01	0.0000000000e+00	6.4901401848e+00	0.0000000000e+00	0.0000000000e+00
7.7000000000e+01	1.0000000000e+00	1.0000000000e+00	1.0000000000e+00	6.7561676525e+01	1.2078445550e+02	4.8970098706e+02	5.2117919515e+02	8.4700987061e+01	-6.8820804849e+01	8.4700987061e+01	1.5352179191e+02	7.6760895955e+01	1.2102867663e-01	8.0384939909e-02	1.2102867663e-01	1.2694902653e+01	5.2513400063e+01	5.2513400063e+01	3.5093410313e-01	8.7429776788e-01	3.5093410313e-01	4.0643736720e-02	5.5183085955e-01	1.8295543892e+00	0.0000000000e+00	2.3701553978e+00	0.0000000000e+00	0.0000000000e+00
7.8000000000e+01	1.0000000000e+00	1.0000000000e+00	1.0000000000e+00	6.5463129319e+01	1.1868590829e+02	4.0533938938e+02	5.2075948571e+02	3.3938937987e-01	-6.9240514290e+01	6.9240514290e+01	6.9579903670e+01	3.4789951835e+01	6.8294781446e-01	2.9394568875e-02	6.8294781446e-01	3.9959137100e+01	3.5498117195e+01	3.9959137100e+01	2.6729404926e-01	9.2211895995e-01	2.6729404926e-01	6.5355324559e-01	1.7369715684e+00	1.2367459743e+00	0.0000000000e+00	6.5355324559e+00	0.0000000000e+00	0.0000000000e+00
7.9000000000e+01	1.0000000000e+00	1.0000000000e+00	1.0000000000e+00	6.5463129319e+01	1.1868590829e+02	4.0533938938e+02	5.2033977627e+02	3.3938937987e-01	-6.9660223731e+01	6.9660223731e+01	6.9999613111e+01	3.4999806556e+01	6.8904703856e-01	8.8132001460e-02	6.8904703856e-01	3.9968004038e+01	3.6429732793e+01	3.9968004038e+01	2.6214617491e-01	8.6362012476e-01	2.6214617491e-01	6.0091503710e-01	1.7373570026e+00	1.2692032405e+00	0.0000000000e+00	6.0091503710e+00	0.0000000000e+00	0.0000000000e+00
8.0000000000e+01	1.0000000000e+00	1.0000000000e+00	1.0000000000e+00	6.7561676525e+01	1.2078445550e+02	4.0533938938e+02	5.2075948571e+02	3.3938937987e-01	-6.9240514290e+01	6.9240514290e+01	6.9579903670e+01	3.4789951835e+01	6.9175165892e-01	5.9962138534e-02	6.9175165892e-01	3.9063686680e+01	3.9496437741e+01	3.9496437741e+01	2.5556260347e-01	8.9186717570e-01	2.5556260347e-01	6.3178952038e-01	1.6980475066e+00	1.3760465127e+00	0.0000000000e+00	6.3178952038e+00	0.0000000000e+00	0.0000000000e+00
8.1000000000e+01	1.0000000000e+00	1.0000000000e+00	1.0000000000e+00	6.5463129319e+01	1.1868590829e+02	4.0533938938e+02	5.2075948571e+02	3.3938937987e-01	-6.9240514290e+01	6.9240514290e+01	6.9579903670e+01	3.4789951835e+01	6.9116449356e-01	6.3365027308e-02	6.9116449356e-01	3.9714675934e+01	3.8130709126e+01	3.9714675934e+01	2.5529301167e-01	8.8421417773e-01	2.5529301167e-01	6.2779946625e-01	1.7263451604e+00	1.3284648520e+00	0.0000000000e+00	6.2779946625e+00	0.0000000000e+00	0.0000000000e+00
8.2000000000e+01	1.0000000000e+00	1.0000000000e+00	1.0000000000e+00	6.7561676525e+01	1.2078445550e+02	4.0533938938e+02	5.2117919515e+02	3.3938937987e-01	-6.8820804849e+01	6.8820804849e+01	6.9160194229e+01	3.4580097114e+01	6.6934394836e-01	1.4523711987e-02	6.6934394836e-01	4.0017990549e+01	2.9121274325e+01	4.0017990549e+01	2.8474187851e-01	9.4471249264e-01	2.8474187851e-01	6.5482023638e-01	1.7395298511e+00	1.0145782828e+00	0.0000000000e+00	6.5482023638e+00	0.0000000000e+00	0.0000000000e+00
8.3000000000e+01	1.0000000000e+00	1.0000000000e+00	1.0000000000e+00	6.5463129319e+01	1.1868590829e+02	4.0533938938e+02	5.2117919515e+02	3.3938937987e-01	-6.8820804849e+01	6.8820804849e+01	6.9160194229e+01	3.4580097114e+01	6.6949552298e-01	1.1288463138e-02	6.6949552298e-01	3.9855321428e+01	3.0791052800e+01	3.9855321428e+01	2.8365582228e-01	9.4666743372e-01	2.8365582228e-01	6.5820705984e-01	1.7324588366e+00	1.0727529684e+00	0.0000000000e+00	6.5820705984e+00	0.0000000000e+00	0.0000000000e+00
8.4000000000e+01	1.0000000000e+00	1.0000000000e+00	1.0000000000e+00	6.7561676525e+01	1.2078445550e+02	4.0533938938e+02	5.2033977627e+02	3.3938937987e-01	-6.9660223731e+01	6.9660223731e+01	6.9999613111e+01	3.4999806556e+01	6.8451541662e-01	5.0047598779e-02	6.8451541662e-01	3.9959678955e+01	3.4690937217e+01	3.9959678955e+01	2.6786124706e-01	9.0237114578e-01	2.6786124706e-01	6.3446781784e-01	1.7369951221e+00	1.2086240155e+00	0.0000000000e+00	6.3446781784e+00	0.0000000000e+00	0.0000000000e+00
8.5000000000e+01	1.0000000000e+00	1.0000000000e+00	1.0000000000e+00	6.7561676525e+01	1.1658736108e+02	4.0533938938e+02	5.2117919515e+02	3.3938937987e-01	-6.8820804849e+01	6.8820804849e+01	6.9160194229e+01	3.4580097114e+01	6.6803842783e-01	1.8255880103e-02	6.6803842783e-01	4.0152221093e+01	2.7698928625e+01	4.0152221093e+01	2.8687024117e-01	9.4199241139e-01	2.8687024117e-01	6.4978254773e-01	1.7453646777e+00	9.6502409638e-01	0.0000000000e+00	6.4978254773e+00	0.0000000000e+00	0.0000000000e+00
8.6000000000e+01	1.0000000000e+00	1.0000000000e+00	1.0000000000e+00	6.7561676525e+01	1.2078445550e+02	4.0659851770e+02	5.2075948571e+02	1.5985177035e+00	-6.9240514290e+01	6.9240514290e+01	7.0839031994e+01	3.5419515997e+01	6.9747024775e-01	6.4985446632e-02	6.9747024775e-01	3.9434984181e+01	4.1097694296e+01	4.1097694296e+01	2.5319731236e-01	8.8971800357e-01	2.5319731236e-01	6.3248480111e-01	1.7141873247e+00	1.4318339109e+00	0.0000000000e+00	6.3248480111e+00	0.0000000000e+00	0.0000000000e+00
8.7000000000e+01	1.0000000000e+00	1.0000000000e+00	1.0000000000e+00	6.7561676525e+01	7.6295254729e+01	4.0533938938e+02	5.2117919515e+02	3.3938937987e-01	-6.8820804849e+01	6.8820804849e+01	6.9160194229e+01	3.4580097114e+01	6.6728162766e-01	1.3579946011e-02	6.6728162766e-01	3.9989169706e+01	2.9437989613e+01	3.9989169706e+01	2.8652381897e-01	9.4588412717e-01	2.8652381897e-01	6.5370168164e-01	1.7382770466e+00	1.0256125682e+00	0.0000000000e+00	6.5370168164e+00	0.0000000000e+00	0.0000000000e+00
8.8000000000e+01	1.0000000000e+00	1.0000000000e+00	1.0000000000e+00	6.7561676525e+01	1.2078445550e+02	4.0659851770e+02	5.2075948571e+02	1.5985177035e+00	-6.9240514290e+01	6.9240514290e+01	7.0839031994e+01	3.5419515997e+01	6.9669514894e-01	6.9096595049e-02	6.9669514894e-01	3.9671250675e+01	4.0498342521e+01	4.0498342521e+01	2.5510233641e-01	8.8581988215e-01	2.5510233641e-01	6.2759855390e-01	1.7244575210e+00	1.4109526374e+00	0.0000000000e+00	6.2759855390e+00	0.0000000000e+00	0.0000000000e+00
8.9000000000e+01	1.0000000000e+00	1.0000000000e+00	1.0000000000e+00	9.5193723091e+01	1.6275539962e+02	4.0533938938e+02	5.2117919515e+02	3.3938937987e-01	-6.8820804849e+01	6.8820804849e+01	6.9160194229e+01	3.4580097114e+01	6.6872805357e-01	1.8300354481e-02	6.6872805357e-01	4.0209657413e+01	2.7730481044e+01	4.0209657413e+01	2.8622883558e-01	9.4182002544e-01	2.8622883558e-01	6.5042769909e-01	1.7478613596e+00	9.6612337515e-01	0.0000000000e+00	6.5042769909e+00	0.0000000000e+00	0.0000000000e+00
9.0000000000e+01	1.0000000000e+00	1.0000000000e+00	1.0000000000e+00	6.5463129319e+01	1.1868590829e+02	4.0659851770e+02	5.2075948571e+02	1.5985177035e+00	-6.9240514290e+01	6.9240514290e+01	7.0839031994e+01	3.5419515997e+01	6.9461590052e-01	6.2491625547e-02	6.9461590052e-01	3.9489198490e+01	3.9816370336e+01	3.9816370336e+01	2.5631785393e-01	8.9142683148e-01	2.5631785393e-01	6.3212427497e-01	1.7165439500e+00	1.3871928884e+00	0.0000000000e+00	6.3212427497e+00	0.0000000000e+00	0.0000000000e+00
9.1000000000e+01	1.0000000000e+00	1.0000000000e+00	1.0000000000e+00	9.6452851415e+01	1.6401452794e+02	4.0533938938e+02	5.2117919515e+02	3.3938937987e-01	-6.8820804849e+01	6.8820804849e+01	6.9160194229e+01	3.4580097114e+01	6.6356092691e-01	1.6857633367e-02	6.6356092691e-01	4.0132035880e+01	2.8043388694e+01	4.0132035880e+01	2.9174333811e-01	9.4387434982e-01	2.9174333811e-01	6.4670329355e-01	1.7444872529e+00	9.7702500336e-01	0.0000000000e+00	6.4670329355e+00	0.0000000000e+00	0.0000000000e+00
9.2000000000e+01	1.0000000000e+00	1.0000000000e+00	1.0000000000e+00	6.7561676525e+01	1.2078445550e+02	4.0533938938e+02	5.2117919515e+02	3.3938937987e-01	-6.8820804849e+01	6.8820804849e+01	6.9160194229e+01	3.4580097114e+01	6.6804170609e-01	9.3494923785e-03	6.6804170609e-01	3.9608078135e+01	3.1685709290e+01	3.9608078135e+01	2.8389585018e-01	9.4895145576e-01	2.8389585018e-01	6.5869221371e-01	1.7217114931e+00	1.1039225881e+00	0.0000000000e+00	6.5869221371e+00	0.0000000000e+00	0.0000000000e+00
9.3000000000e+01	1.0000000000e+00	1.0000000000e+00	1.0000000000e+00	6.7561676525e+01	1.2078445550e+02	4.0533938938e+02	5.2117919515e+02	3.3938937987e-01	-6.8820804849e+01	6.8820804849e+01	6.9160194229e+01	3.4580097114e+01	6.6970914602e-01	9.9532352760e-03	6.6970914602e-01	3.9734917866e+01	3.1649818456e+01	3.9734917866e+01	2.8293204308e-01	9.4774671923e-01	2.8293204308e-01	6.5975591075e-01	1.7272250508e+00	1.1026721600e+00	0.0000000000e+00	6.5975591075e+00	0.0000000000e+00	0.0000000000e+00
9.4000000000e+01	1.0000000000e+00	1.0000000000e+00	1.0000000000e+00	6.7561676525e+01	1.2078445550e+02	4.0533938938e+02	5.2117919515e+02	3.3938937987e-01	-6.8820804849e+01	6.8820804849e+01	6.9160194229e+01	3.4580097114e+01	6.6977643967e-01	1.8817245960e-02	6.6977643967e-01	4.0169751883e+01	2.7601406526e+01	4.0169751883e+01	2.8525406122e-01	9.4113498926e-01	2.8525406122e-01	6.5095919371e-01	1.7461267183e+00	9.6162644960e-01	0.0000000000e+00	6.5095919371e+00	0.0000000000e+00	0.0000000000e+00
9.5000000000e+01	1.0000000000e+00	1.0000000000e+00	1.0000000000e+00	6.7561676525e+01	1.2078445550e+02	4.0533938938e+02	5.2117919515e+02	3.3938937987e-01	-6.8820804849e+01	6.8820804849e+01	6.9160194229e+01	3.4580097114e+01	6.6940730810e-01	1.4965251088e-02	6.6940730810e-01	4.0043181232e+01	2.8962744755e+01	4.0043181232e+01	2.8472626209e-01	9.4434218109e-01	2.8472626209e-01	6.5444205701e-01	1.7406248572e+00	1.0090551502e+00	0.0000000000e+00	6.5444205701e+00	0.0000000000e+00	0.0000000000e+00
9.6000000000e+01	1.0000000000e+00	1.0000000000e+00	1.0000000000e+00	6.7561676525e+01	1.2078445550e+02	4.5906219785e+02	5.2159890459e+02	5.4062197853e+01	-6.8401095408e+01	6.8401095408e+01	1.2246329326e+02	6.1231646631e+01	1.1226127297e-01	7.7197961509e-02	1.1226127297e-01	1.5379702255e+01	2.4012202267e+01	2.4012202267e+01	7.0464362949e-01	8.8414425403e-01	7.0464362949e-01	3.5063311458e-02	6.6853559629e-01	8.3657942543e-01	1.0000000000e+00	9.4704115346e-01	0.0000000000e+00	0.0000000000e+00
9.7000000000e+01	1.0000000000e+00	1.0000000000e+00	1.0000000000e+00	6.5463129319e+01	1.1868590829e+02	4.7417173774e+02	5.2117919515e+02	6.9171737737e+01	-6.8820804849e+01	6.9171737737e+01	1.3799254259e+02	6.8996271293e+01	1.4481197298e-01	8.9063555002e-02	1.4481197298e-01	1.4509307984e+01	2.3967686161e+01	2.3967686161e+01	5.5713553727e-01	8.6637726426e-01	5.5713553727e-01	5.5748417974e-02	6.3070069263e-01	8.3502849487e-01	1.0000000000e+00	1.0551408782e+00	0.0000000000e+00	0.0000000000e+00
9.8000000000e+01	1.0000000000e+00	1.0000000000e+00	1.0000000000e+00	6.7561676525e+01	1.2078445550e+02	4.0533938938e+02	5.2117919515e+02	3.3938937987e-01	-6.8820804849e+01	6.8820804849e+01	6.9160194229e+01	3.4580097114e+01	6.7039883137e-01	1.5381241217e-02	6.7039883137e-01	4.0048280159e+01	2.9008043962e+01	4.0048280159e+01	2.8365975618e-01	9.4344536029e-01	2.8365975618e-01	6.5501759015e-01	1.7408465009e+00	1.0106333639e+00	0.0000000000e+00	6.5501759015e+00	0.0000000000e+00	0.0000000000e+00
9.9000000000e+01	1.0000000000e+00	1.0000000000e+00	1.0000000000e+00	6.5463129319e+01	1.1868590829e+02	4.6074103562e+02	5.2159890459e+02	5.5741035618e+01	-6.8401095408e+01	6.8401095408e+01	1.2414213103e+02	6.2071065513e+01	4.0916669369e-01	1.4148420095e-01	4.0916669369e-01	2.3706164522e+01	2.3268995470e+01	2.3706164522e+01	4.1022068262e-01	8.1822741032e-01	4.1022068262e-01	2.6768249273e-01	1.0304760503e+00	8.1068627712e-01	0.0000000000e+00	2.6768249273e+00	0.0000000000e+00	0.0000000000e+00
