candidate_index	condition_order_code	valid	candidate_spectrum_valid	candidate_spectrum_maximum_absolute_error_nm	candidate_spectrum_summed_absolute_error_nm	peak1_wavelength_nm	peak2_wavelength_nm	peak1_signed_error_nm	peak2_signed_error_nm	maximum_absolute_error_nm	summed_absolute_error_nm	mean_absolute_error_nm	peak1_transmittance	peak2_transmittance	worst_valley_transmittance	peak1_fwhm_nm	peak2_fwhm_nm	widest_fwhm_nm	peak1_prominence	peak2_prominence	minimum_prominence	valley_transmittance_imbalance	peak1_fwhm_to_ideal_ratio	peak2_fwhm_to_ideal_ratio	shape_gate_passed	shape_minimax_score	inside_position_window	selected
0.0000000000e+00	0.0000000000e+00	1.0000000000e+00	1.0000000000e+00	4.3908175031e+00	4.8950970409e+00	5.0439081750e+02	6.0428166451e+02	4.3908175031e+00	4.2816645087e+00	4.3908175031e+00	8.6724820117e+00	4.3362410059e+00	1.1776137352e-01	1.2214854360e-01	1.2214854360e-01	2.2961508742e+01	2.8485802498e+01	2.8485802498e+01	8.2636135817e-01	7.4320414662e-01	7.4320414662e-01	4.3871700764e-03	8.7951971208e-01	9.4578390307e-01	1.0000000000e+00	6.7276266188e-01	1.0000000000e+00	0.0000000000e+00
1.0000000000e+00	0.0000000000e+00	1.0000000000e+00	1.0000000000e+00	4.3908175031e+00	4.8950970409e+00	5.0439081750e+02	6.0260282674e+02	4.3908175031e+00	2.6028267439e+00	4.3908175031e+00	6.9936442469e+00	3.4968221235e+00	2.9165694118e-01	2.6711788774e-01	2.9165694118e-01	1.5300448990e+01	2.1279368511e+01	2.1279368511e+01	5.8626380563e-01	6.7437461019e-01	5.8626380563e-01	2.4539053440e-02	5.8606978496e-01	7.0651631480e-01	1.0000000000e+00	1.4582847059e+00	1.0000000000e+00	0.0000000000e+00
2.0000000000e+00	0.0000000000e+00	1.0000000000e+00	1.0000000000e+00	4.3908175031e+00	4.8950970409e+00	5.0439081750e+02	6.0302253619e+02	4.3908175031e+00	3.0225361851e+00	4.3908175031e+00	7.4133536881e+00	3.7066768441e+00	2.4367059767e-01	2.2217871249e-01	2.4367059767e-01	1.6174373261e+01	2.2432711139e+01	2.2432711139e+01	6.3129697740e-01	7.2172765434e-01	6.3129697740e-01	2.1491885185e-02	6.1954465942e-01	7.4480952744e-01	1.0000000000e+00	1.2183529884e+00	1.0000000000e+00	0.0000000000e+00
3.0000000000e+00	0.0000000000e+00	1.0000000000e+00	1.0000000000e+00	4.3908175031e+00	4.4753875997e+00	5.0523023639e+02	6.0470137395e+02	5.2302363855e+00	4.7013739499e+00	5.2302363855e+00	9.9316103353e+00	4.9658051677e+00	3.8290560246e-02	2.8463231400e-02	3.8290560246e-02	3.0813296787e+01	4.3681095528e+01	4.3681095528e+01	7.7722448111e-01	9.0457345359e-01	7.7722448111e-01	9.8273288459e-03	1.1802753131e+00	1.4502971093e+00	1.0000000000e+00	1.2865631694e+00	1.0000000000e+00	0.0000000000e+00
4.0000000000e+00	0.0000000000e+00	1.0000000000e+00	1.0000000000e+00	4.3908175031e+00	4.8950970409e+00	5.0439081750e+02	6.0260282674e+02	4.3908175031e+00	2.6028267439e+00	4.3908175031e+00	6.9936442469e+00	3.4968221235e+00	2.9691302776e-01	2.7897495031e-01	2.9691302776e-01	1.5192946072e+01	2.1191661929e+01	2.1191661929e+01	5.8057790995e-01	6.6377043724e-01	5.8057790995e-01	1.7938077450e-02	5.8195198344e-01	7.0360428614e-01	1.0000000000e+00	1.4845651388e+00	1.0000000000e+00	0.0000000000e+00
5.0000000000e+00	0.0000000000e+00	1.0000000000e+00	1.0000000000e+00	4.3908175031e+00	4.4753875997e+00	5.0439081750e+02	6.0470137395e+02	4.3908175031e+00	4.7013739499e+00	4.7013739499e+00	9.0921914529e+00	4.5460957265e+00	7.4374221265e-02	5.6381475180e-02	7.4374221265e-02	2.4516038597e+01	3.3308594642e+01	3.3308594642e+01	7.7528861910e-01	8.8091664389e-01	7.7528861910e-01	1.7992746085e-02	9.3906456454e-01	1.1059099581e+00	1.0000000000e+00	6.4492111413e-01	1.0000000000e+00	0.0000000000e+00
6.0000000000e+00	0.0000000000e+00	1.0000000000e+00	1.0000000000e+00	4.3908175031e+00	4.8950970409e+00	5.0439081750e+02	6.0386195507e+02	4.3908175031e+00	3.8619550675e+00	4.3908175031e+00	8.2527725705e+00	4.1263862853e+00	1.6977123916e-01	1.5838544071e-01	1.6977123916e-01	1.8388601993e+01	2.5518337328e+01	2.5518337328e+01	7.0097191632e-01	7.8539742529e-01	7.0097191632e-01	1.1385798454e-02	7.0435867748e-01	8.4725830278e-01	1.0000000000e+00	8.4885619581e-01	1.0000000000e+00	0.0000000000e+00
7.0000000000e+00	0.0000000000e+00	1.0000000000e+00	1.0000000000e+00	4.3908175031e+00	4.8950970409e+00	5.0439081750e+02	6.0260282674e+02	4.3908175031e+00	2.6028267439e+00	4.3908175031e+00	6.9936442469e+00	3.4968221235e+00	2.7800551057e-01	2.7280864120e-01	2.7800551057e-01	1.5498679858e+01	2.1851070278e+01	2.1851070278e+01	5.9814360738e-01	6.7174378037e-01	5.9814360738e-01	5.1968693733e-03	5.9366283809e-01	7.2549792253e-01	1.0000000000e+00	1.3900275528e+00	1.0000000000e+00	1.0000000000e+00
8.0000000000e+00	0.0000000000e+00	1.0000000000e+00	1.0000000000e+00	3.9711080619e+00	6.5739348057e+00	5.0439081750e+02	6.0302253619e+02	4.3908175031e+00	3.0225361851e+00	4.3908175031e+00	7.4133536881e+00	3.7066768441e+00	5.0489890575e-01	5.1942390203e-01	5.1942390203e-01	1.4670466553e+01	1.6839882705e+01	1.6839882705e+01	4.4308286905e-01	3.7269079685e-01	3.7269079685e-01	1.4524996281e-02	5.6193888058e-01	5.5911677379e-01	0.0000000000e+00	2.5971195102e+00	1.0000000000e+00	0.0000000000e+00
9.0000000000e+00	0.0000000000e+00	1.0000000000e+00	1.0000000000e+00	4.8427902033e+00	6.4370578715e+00	4.9263895315e+02	6.0260282674e+02	-7.3610468505e+00	2.6028267439e+00	7.3610468505e+00	9.9638735944e+00	4.9819367972e+00	1.2305571698e-02	9.0431459248e-03	1.2305571698e-02	4.2512679380e+01	6.3605582862e+01	6.3605582862e+01	7.1082715783e-01	8.9745004103e-01	7.1082715783e-01	3.2624257728e-03	1.6284095243e+00	2.1118287407e+00	0.0000000000e+00	3.1766535448e+00	0.0000000000e+00	0.0000000000e+00
1.0000000000e+01	0.0000000000e+00	1.0000000000e+00	1.0000000000e+00	4.3908175031e+00	4.4753875997e+00	5.0439081750e+02	6.0428166451e+02	4.3908175031e+00	4.2816645087e+00	4.3908175031e+00	8.6724820117e+00	4.3362410059e+00	1.1381438375e-01	1.1334192008e-01	1.1381438375e-01	2.1074824593e+01	3.0925468765e+01	3.0925468765e+01	7.5051435828e-01	8.3031011373e-01	7.5051435828e-01	4.7246366739e-04	8.0725199144e-01	1.0267855559e+00	1.0000000000e+00	6.6620977265e-01	1.0000000000e+00	0.0000000000e+00
1.1000000000e+01	0.0000000000e+00	1.0000000000e+00	1.0000000000e+00	4.3908175031e+00	4.8950970409e+00	5.0439081750e+02	6.0260282674e+02	4.3908175031e+00	2.6028267439e+00	4.3908175031e+00	6.9936442469e+00	3.4968221235e+00	2.8714302182e-01	2.6524373889e-01	2.8714302182e-01	1.5342674029e+01	2.1343218132e+01	2.1343218132e+01	5.8972236514e-01	6.7718371749e-01	5.8972236514e-01	2.1899282932e-02	5.8768717665e-01	7.0863624610e-01	1.0000000000e+00	1.4357151091e+00	1.0000000000e+00	0.0000000000e+00
1.2000000000e+01	0.0000000000e+00	1.0000000000e+00	1.0000000000e+00	4.3908175031e+00	4.4753875997e+00	5.0439081750e+02	6.0470137395e+02	4.3908175031e+00	4.7013739499e+00	4.7013739499e+00	9.0921914529e+00	4.5460957265e+00	5.9066224843e-02	3.2570760697e-02	5.9066224843e-02	3.0225948933e+01	3.9082731820e+01	3.9082731820e+01	7.7363790199e-01	9.0069689229e-01	7.7363790199e-01	2.6495464146e-02	1.1577774876e+00	1.2976225137e+00	1.0000000000e+00	8.5035003928e-01	1.0000000000e+00	0.0000000000e+00
1.3000000000e+01	0.0000000000e+00	1.0000000000e+00	1.0000000000e+00	5.6499458267e+00	6.1542253645e+00	5.0439081750e+02	6.0386195507e+02	4.3908175031e+00	3.8619550675e+00	4.3908175031e+00	8.2527725705e+00	4.1263862853e+00	1.4080940187e-01	1.5260542929e-01	1.5260542929e-01	2.1654248018e+01	2.7096159391e+01	2.7096159391e+01	8.0474247038e-01	7.1560470760e-01	7.1560470760e-01	1.1796027422e-02	8.2944627882e-01	8.9964505613e-01	1.0000000000e+00	7.6302714646e-01	1.0000000000e+00	0.0000000000e+00
1.4000000000e+01	0.0000000000e+00	1.0000000000e+00	1.0000000000e+00	4.3908175031e+00	4.8950970409e+00	5.0439081750e+02	6.0344224563e+02	4.3908175031e+00	3.4422456263e+00	4.3908175031e+00	7.8330631293e+00	3.9165315647e+00	1.6780593991e-01	1.9888779521e-01	1.9888779521e-01	2.0284806747e+01	2.6273174847e+01	2.6273174847e+01	7.7859386802e-01	6.7401507497e-01	6.7401507497e-01	3.1081855297e-02	7.7699107624e-01	8.7232037273e-01	1.0000000000e+00	9.9443897605e-01	1.0000000000e+00	0.0000000000e+00
1.5000000000e+01	0.0000000000e+00	1.0000000000e+00	1.0000000000e+00	4.8427902033e+00	6.4370578715e+00	4.9431779091e+02	6.0050427954e+02	-5.6822090857e+00	5.0427953787e-01	5.6822090857e+00	6.1864886236e+00	3.0932443118e+00	3.3049371094e-02	1.3753881678e-02	3.3049371094e-02	4.3241279160e+01	6.1565805159e+01	6.1565805159e+01	6.8754145876e-01	9.0296543576e-01	6.8754145876e-01	1.9295489416e-02	1.6563178763e+00	2.0441041639e+00	0.0000000000e+00	2.9831547540e+00	1.0000000000e+00	0.0000000000e+00
1.6000000000e+01	0.0000000000e+00	1.0000000000e+00	1.0000000000e+00	4.3908175031e+00	4.8950970409e+00	5.0439081750e+02	6.0260282674e+02	4.3908175031e+00	2.6028267439e+00	4.3908175031e+00	6.9936442469e+00	3.4968221235e+00	3.1715807319e-01	3.2960692048e-01	3.2960692048e-01	1.6674756319e+01	1.9077617918e+01	1.9077617918e+01	6.2790581584e-01	5.4986599088e-01	5.4986599088e-01	1.2448847294e-02	6.3871137744e-01	6.3341392389e-01	1.0000000000e+00	1.6480346024e+00	1.0000000000e+00	0.0000000000e+00
1.7000000000e+01	0.0000000000e+00	1.0000000000e+00	1.0000000000e+00	4.3908175031e+00	4.4753875997e+00	5.0523023639e+02	6.0470137395e+02	5.2302363855e+00	4.7013739499e+00	5.2302363855e+00	9.9316103353e+00	4.9658051677e+00	7.4282765388e-02	7.0971749723e-02	7.4282765388e-02	2.4059295213e+01	3.4730545246e+01	3.4730545246e+01	7.7641093731e-01	8.7042400986e-01	7.7641093731e-01	3.3110156655e-03	9.2156942457e-01	1.1531214766e+00	1.0000000000e+00	6.4398886720e-01	1.0000000000e+00	0.0000000000e+00
1.8000000000e+01	0.0000000000e+00	1.0000000000e+00	1.0000000000e+00	3.5513986207e+00	6.1542253645e+00	5.0439081750e+02	6.0302253619e+02	4.3908175031e+00	3.0225361851e+00	4.3908175031e+00	7.4133536881e+00	3.7066768441e+00	5.5357342958e-01	5.9346783161e-01	5.9346783161e-01	1.5231322682e+01	1.7773193930e+01	1.7773193930e+01	3.9738684893e-01	3.0112123489e-01	3.0112123489e-01	3.9894402027e-02	5.8342196459e-01	5.9010451702e-01	0.0000000000e+00	2.9673391581e+00	1.0000000000e+00	0.0000000000e+00
1.9000000000e+01	0.0000000000e+00	1.0000000000e+00	1.0000000000e+00	4.3908175031e+00	4.8950970409e+00	5.0439081750e+02	6.0302253619e+02	4.3908175031e+00	3.0225361851e+00	4.3908175031e+00	7.4133536881e+00	3.7066768441e+00	2.5299891829e-01	2.2594808042e-01	2.5299891829e-01	1.5942813923e+01	2.2084610728e+01	2.2084610728e+01	6.2240150571e-01	7.1655561030e-01	6.2240150571e-01	2.7050837874e-02	6.1067498957e-01	7.3325191853e-01	1.0000000000e+00	1.2649945915e+00	1.0000000000e+00	0.0000000000e+00
2.0000000000e+01	0.0000000000e+00	1.0000000000e+00	1.0000000000e+00	4.8427902033e+00	6.4370578715e+00	4.9263895315e+02	6.0260282674e+02	-7.3610468505e+00	2.6028267439e+00	7.3610468505e+00	9.9638735944e+00	4.9819367972e+00	1.0451031849e-02	9.7358515486e-03	1.0451031849e-02	4.0657881007e+01	6.3184141111e+01	6.3184141111e+01	7.2363691218e-01	8.9566335175e-01	7.2363691218e-01	7.1518030018e-04	1.5573631593e+00	2.0978360569e+00	0.0000000000e+00	3.1366744484e+00	0.0000000000e+00	0.0000000000e+00
2.1000000000e+01	0.0000000000e+00	1.0000000000e+00	1.0000000000e+00	4.3908175031e+00	4.4753875997e+00	5.0523023639e+02	6.0470137395e+02	5.2302363855e+00	4.7013739499e+00	5.2302363855e+00	9.9316103353e+00	4.9658051677e+00	5.1315285265e-02	5.1335275173e-02	5.1335275173e-02	3.0097394860e+01	3.5837232557e+01	3.5837232557e+01	8.8701333851e-01	7.8503954411e-01	7.8503954411e-01	1.9989907742e-05	1.1528533407e+00	1.1898656422e+00	1.0000000000e+00	6.3691059101e-01	1.0000000000e+00	0.0000000000e+00
2.2000000000e+01	0.0000000000e+00	1.0000000000e+00	1.0000000000e+00	3.9711080619e+00	6.5739348057e+00	5.0439081750e+02	6.0302253619e+02	4.3908175031e+00	3.0225361851e+00	4.3908175031e+00	7.4133536881e+00	3.7066768441e+00	4.7474244237e-01	4.8016873002e-01	4.8016873002e-01	1.4781196692e+01	1.7165563916e+01	1.7165563916e+01	4.7191092372e-01	4.1013863683e-01	4.1013863683e-01	5.4262876511e-03	5.6618029787e-01	5.6993002180e-01	0.0000000000e+00	2.4008436501e+00	1.0000000000e+00	0.0000000000e+00
2.3000000000e+01	0.0000000000e+00	1.0000000000e+00	1.0000000000e+00	3.5513986207e+00	4.3062474064e+00	5.0523023639e+02	6.0554079283e+02	5.2302363855e+00	5.5407928323e+00	5.5407928323e+00	1.0771029218e+01	5.3855146089e+00	3.2771855593e-02	2.5099422783e-02	3.2771855593e-02	3.2207512330e+01	4.6919176599e+01	4.6919176599e+01	7.6408532262e-01	9.0697393194e-01	7.6408532262e-01	7.6724328101e-03	1.2336794716e+00	1.5578076825e+00	0.0000000000e+00	1.5937362356e+00	1.0000000000e+00	0.0000000000e+00
2.4000000000e+01	0.0000000000e+00	1.0000000000e+00	1.0000000000e+00	4.3908175031e+00	4.4753875997e+00	5.0439081750e+02	6.0470137395e+02	4.3908175031e+00	4.7013739499e+00	4.7013739499e+00	9.0921914529e+00	4.5460957265e+00	8.1801988184e-02	6.4739026129e-02	8.1801988184e-02	2.3560782806e+01	3.2687114141e+01	3.2687114141e+01	7.7155061811e-01	8.7412693352e-01	7.7155061811e-01	1.7062962055e-02	9.0247436016e-01	1.0852755998e+00	1.0000000000e+00	6.4804562172e-01	1.0000000000e+00	0.0000000000e+00
2.5000000000e+01	0.0000000000e+00	1.0000000000e+00	1.0000000000e+00	4.8427902033e+00	5.5976389891e+00	4.9431779091e+02	6.0679992116e+02	-5.6822090857e+00	6.7999211559e+00	6.7999211559e+00	1.2482130242e+01	6.2410651208e+00	5.4085742682e-02	1.3253361918e-02	5.4085742682e-02	4.1607789612e+01	5.5284741672e+01	5.5284741672e+01	6.9497184828e-01	9.0581008699e-01	6.9497184828e-01	4.0832380764e-02	1.5937485446e+00	1.8355606714e+00	0.0000000000e+00	2.3873162040e+00	1.0000000000e+00	0.0000000000e+00
2.6000000000e+01	0.0000000000e+00	1.0000000000e+00	1.0000000000e+00	4.3908175031e+00	4.4753875997e+00	5.0439081750e+02	6.0470137395e+02	4.3908175031e+00	4.7013739499e+00	4.7013739499e+00	9.0921914529e+00	4.5460957265e+00	9.2153489590e-02	6.8486675620e-02	9.2153489590e-02	2.2637396795e+01	3.0587317718e+01	3.0587317718e+01	7.6500892639e-01	8.6999143660e-01	7.6500892639e-01	2.3666813970e-02	8.6710489868e-01	1.0155582851e+00	1.0000000000e+00	6.5358714487e-01	1.0000000000e+00	0.0000000000e+00
2.7000000000e+01	0.0000000000e+00	1.0000000000e+00	1.0000000000e+00	4.3908175031e+00	4.8950970409e+00	5.0439081750e+02	6.0302253619e+02	4.3908175031e+00	3.0225361851e+00	4.3908175031e+00	7.4133536881e+00	3.7066768441e+00	2.5999355316e-01	2.3238438368e-01	2.5999355316e-01	1.5812555521e+01	2.1922137269e+01	2.1922137269e+01	6.1587989330e-01	7.0957213640e-01	6.1587989330e-01	2.7609169483e-02	6.0568555993e-01	7.2785748447e-01	1.0000000000e+00	1.2999677658e+00	1.0000000000e+00	0.0000000000e+00
2.8000000000e+01	0.0000000000e+00	1.0000000000e+00	1.0000000000e+00	4.3908175031e+00	4.4753875997e+00	5.0439081750e+02	6.0470137395e+02	4.3908175031e+00	4.7013739499e+00	4.7013739499e+00	9.0921914529e+00	4.5460957265e+00	8.4930106997e-02	6.3318006694e-02	8.4930106997e-02	2.3285702021e+01	3.1535333486e+01	3.1535333486e+01	7.6917423308e-01	8.7482780963e-01	7.6917423308e-01	2.1612100303e-02	8.9193764083e-01	1.0470342477e+00	1.0000000000e+00	6.5004777656e-01	1.0000000000e+00	0.0000000000e+00
2.9000000000e+01	0.0000000000e+00	1.0000000000e+00	1.0000000000e+00	4.3908175031e+00	4.8950970409e+00	5.0439081750e+02	6.0386195507e+02	4.3908175031e+00	3.8619550675e+00	4.3908175031e+00	8.2527725705e+00	4.1263862853e+00	1.3641993701e-01	1.1673288047e-01	1.3641993701e-01	1.9739285247e+01	2.7133330180e+01	2.7133330180e+01	7.2919405997e-01	8.2551904023e-01	7.2919405997e-01	1.9687056541e-02	7.5609537126e-01	9.0087919842e-01	1.0000000000e+00	6.9687036784e-01	1.0000000000e+00	0.0000000000e+00
3.0000000000e+01	0.0000000000e+00	1.0000000000e+00	1.0000000000e+00	4.3908175031e+00	4.8950970409e+00	5.0439081750e+02	6.0302253619e+02	4.3908175031e+00	3.0225361851e+00	4.3908175031e+00	7.4133536881e+00	3.7066768441e+00	2.3538419604e-01	2.2310715914e-01	2.3538419604e-01	1.6407828542e+01	2.2945189137e+01	2.2945189137e+01	6.3931348920e-01	7.2200548649e-01	6.3931348920e-01	1.2277036905e-02	6.2848695167e-01	7.6182479114e-01	1.0000000000e+00	1.1769209802e+00	1.0000000000e+00	0.0000000000e+00
3.1000000000e+01	0.0000000000e+00	1.0000000000e+00	1.0000000000e+00	4.3908175031e+00	4.8950970409e+00	5.0439081750e+02	6.0260282674e+02	4.3908175031e+00	2.6028267439e+00	4.3908175031e+00	6.9936442469e+00	3.4968221235e+00	3.7718778849e-01	3.6695700884e-01	3.7718778849e-01	1.4261351485e+01	1.9952605302e+01	1.9952605302e+01	5.0616818666e-01	5.7698887587e-01	5.0616818666e-01	1.0230779648e-02	5.4626809992e-01	6.6246520246e-01	0.0000000000e+00	1.8859389424e+00	1.0000000000e+00	0.0000000000e+00
3.2000000000e+01	0.0000000000e+00	1.0000000000e+00	1.0000000000e+00	4.3908175031e+00	4.8950970409e+00	5.0439081750e+02	6.0260282674e+02	4.3908175031e+00	2.6028267439e+00	4.3908175031e+00	6.9936442469e+00	3.4968221235e+00	4.1941145062e-01	4.0887457132e-01	4.1941145062e-01	1.3825731669e+01	1.9689002369e+01	1.9689002369e+01	4.6722474694e-01	5.3551548719e-01	4.6722474694e-01	1.0536879301e-02	5.2958207902e-01	6.5371307372e-01	0.0000000000e+00	2.0970572531e+00	1.0000000000e+00	0.0000000000e+00
3.3000000000e+01	0.0000000000e+00	1.0000000000e+00	1.0000000000e+00	4.3908175031e+00	4.4753875997e+00	5.0439081750e+02	6.0470137395e+02	4.3908175031e+00	4.7013739499e+00	4.7013739499e+00	9.0921914529e+00	4.5460957265e+00	1.0622093827e-01	7.8342415392e-02	1.0622093827e-01	2.1753683343e+01	2.9150203697e+01	2.9150203697e+01	7.5465025753e-01	8.5972323269e-01	7.5465025753e-01	2.7878522873e-02	8.3325505853e-01	9.6784331177e-01	1.0000000000e+00	6.6255857599e-01	1.0000000000e+00	0.0000000000e+00
3.4000000000e+01	0.0000000000e+00	1.0000000000e+00	1.0000000000e+00	4.3908175031e+00	4.8950970409e+00	5.0439081750e+02	6.0386195507e+02	4.3908175031e+00	3.8619550675e+00	4.3908175031e+00	8.2527725705e+00	4.1263862853e+00	1.8050155044e-01	1.5657694638e-01	1.8050155044e-01	1.8043771530e+01	2.4379918394e+01	2.4379918394e+01	6.9119456410e-01	7.8571312129e-01	6.9119456410e-01	2.3924604058e-02	6.9115026018e-01	8.0946058574e-01	1.0000000000e+00	9.0250775218e-01	1.0000000000e+00	0.0000000000e+00
3.5000000000e+01	0.0000000000e+00	1.0000000000e+00	1.0000000000e+00	4.3908175031e+00	4.4753875997e+00	5.0439081750e+02	6.0428166451e+02	4.3908175031e+00	4.2816645087e+00	4.3908175031e+00	8.6724820117e+00	4.3362410059e+00	6.4028374851e-02	8.3149142563e-02	8.3149142563e-02	2.7974734081e+01	3.5044943704e+01	3.5044943704e+01	8.7746054679e-01	7.6406913251e-01	7.6406913251e-01	1.9120767713e-02	1.0715467499e+00	1.1635601153e+00	1.0000000000e+00	6.5439104752e-01	1.0000000000e+00	0.0000000000e+00
3.6000000000e+01	0.0000000000e+00	1.0000000000e+00	1.0000000000e+00	3.5513986207e+00	6.1542253645e+00	5.0439081750e+02	6.0302253619e+02	4.3908175031e+00	3.0225361851e+00	4.3908175031e+00	7.4133536881e+00	3.7066768441e+00	5.3848183155e-01	5.4734599590e-01	5.4734599590e-01	1.5226041692e+01	1.6795551954e+01	1.6795551954e+01	4.1132062674e-01	3.4494978189e-01	3.4494978189e-01	8.8641643524e-03	5.8321968105e-01	5.5764490687e-01	0.0000000000e+00	2.7367299795e+00	1.0000000000e+00	0.0000000000e+00
3.7000000000e+01	0.0000000000e+00	1.0000000000e+00	1.0000000000e+00	4.3908175031e+00	4.4753875997e+00	5.0523023639e+02	6.0428166451e+02	5.2302363855e+00	4.2816645087e+00	5.2302363855e+00	9.5119008941e+00	4.7559504471e+00	4.5861653984e-02	7.2338715196e-02	7.2338715196e-02	3.1476493859e+01	3.9641463043e+01	3.9641463043e+01	8.9343041927e-01	7.5649075210e-01	7.5649075210e-01	2.6477061212e-02	1.2056784738e+00	1.3161734742e+00	1.0000000000e+00	9.0335278353e-01	1.0000000000e+00	0.0000000000e+00
3.8000000000e+01	0.0000000000e+00	1.0000000000e+00	1.0000000000e+00	3.5513986207e+00	6.1542253645e+00	5.0439081750e+02	6.0302253619e+02	4.3908175031e+00	3.0225361851e+00	4.3908175031e+00	7.4133536881e+00	3.7066768441e+00	5.1633518934e-01	5.3309124708e-01	5.3309124708e-01	1.4596767122e+01	1.6791899717e+01	1.6791899717e+01	4.3166399002e-01	3.6040687561e-01	3.6040687561e-01	1.6756057739e-02	5.5911589091e-01	5.5752364551e-01	0.0000000000e+00	2.6654562354e+00	1.0000000000e+00	0.0000000000e+00
3.9000000000e+01	0.0000000000e+00	1.0000000000e+00	1.0000000000e+00	4.3908175031e+00	4.8950970409e+00	5.0439081750e+02	6.0260282674e+02	4.3908175031e+00	2.6028267439e+00	4.3908175031e+00	6.9936442469e+00	3.4968221235e+00	3.2662922144e-01	3.3297958970e-01	3.3297958970e-01	1.6471557195e+01	1.8875087709e+01	1.8875087709e+01	6.1758661270e-01	5.4741230607e-01	5.4741230607e-01	6.3503682613e-03	6.3092801979e-01	6.2668952806e-01	1.0000000000e+00	1.6648979485e+00	1.0000000000e+00	0.0000000000e+00
4.0000000000e+01	0.0000000000e+00	1.0000000000e+00	1.0000000000e+00	4.8427902033e+00	5.5976389891e+00	5.0523023639e+02	6.0554079283e+02	5.2302363855e+00	5.5407928323e+00	5.5407928323e+00	1.0771029218e+01	5.3855146089e+00	3.6528278142e-02	1.9757440314e-02	3.6528278142e-02	3.6159556091e+01	5.1506316368e+01	5.1506316368e+01	7.3172749206e-01	9.0837515332e-01	7.3172749206e-01	1.6770837829e-02	1.3850589140e+00	1.7101096215e+00	0.0000000000e+00	2.0288846328e+00	1.0000000000e+00	0.0000000000e+00
4.1000000000e+01	0.0000000000e+00	1.0000000000e+00	1.0000000000e+00	4.8427902033e+00	6.4370578715e+00	4.9263895315e+02	6.0260282674e+02	-7.3610468505e+00	2.6028267439e+00	7.3610468505e+00	9.9638735944e+00	4.9819367972e+00	1.1021925136e-02	9.3574458733e-03	1.1021925136e-02	4.0481286120e+01	6.1932134234e+01	6.1932134234e+01	7.2659413703e-01	8.9584696945e-01	7.2659413703e-01	1.6644792631e-03	1.5505988528e+00	2.0562669999e+00	0.0000000000e+00	3.0179057139e+00	0.0000000000e+00	0.0000000000e+00
4.2000000000e+01	0.0000000000e+00	1.0000000000e+00	1.0000000000e+00	3.5513986207e+00	3.6359687173e+00	5.0523023639e+02	6.0470137395e+02	5.2302363855e+00	4.7013739499e+00	5.2302363855e+00	9.9316103353e+00	4.9658051677e+00	3.7401132286e-02	2.9475156218e-02	3.7401132286e-02	3.0871087878e+01	4.4247038214e+01	4.4247038214e+01	7.7593464404e-01	9.0375190601e-01	7.7593464404e-01	7.9259760678e-03	1.1824889482e+00	1.4690875043e+00	1.0000000000e+00	1.3402500124e+00	1.0000000000e+00	0.0000000000e+00
4.3000000000e+01	0.0000000000e+00	1.0000000000e+00	1.0000000000e+00	4.3908175031e+00	4.8950970409e+00	5.0439081750e+02	6.0386195507e+02	4.3908175031e+00	3.8619550675e+00	4.3908175031e+00	8.2527725705e+00	4.1263862853e+00	1.9186358154e-01	1.7859917879e-01	1.9186358154e-01	1.7636037573e+01	2.4238635677e+01	2.4238635677e+01	6.8100298941e-01	7.6544708014e-01	6.8100298941e-01	1.3264402747e-02	6.7553238174e-01	8.0476972546e-01	1.0000000000e+00	9.5931790769e-01	1.0000000000e+00	0.0000000000e+00
4.4000000000e+01	0.0000000000e+00	1.0000000000e+00	1.0000000000e+00	3.5513986207e+00	4.0556781585e+00	5.0439081750e+02	6.0386195507e+02	4.3908175031e+00	3.8619550675e+00	4.3908175031e+00	8.2527725705e+00	4.1263862853e+00	2.1280525625e-01	1.6709984839e-01	2.1280525625e-01	1.7988341349e+01	2.3968423384e+01	2.3968423384e+01	6.5947909653e-01	7.7417324483e-01	6.5947909653e-01	4.5705407858e-02	6.8902705749e-01	7.9579815314e-01	1.0000000000e+00	1.0640262812e+00	1.0000000000e+00	0.0000000000e+00
4.5000000000e+01	0.0000000000e+00	1.0000000000e+00	1.0000000000e+00	4.3908175031e+00	4.4753875997e+00	5.0523023639e+02	6.0428166451e+02	5.2302363855e+00	4.2816645087e+00	5.2302363855e+00	9.5119008941e+00	4.7559504471e+00	5.7850725949e-02	6.2494449317e-02	6.2494449317e-02	2.8765379172e+01	3.4536229229e+01	3.4536229229e+01	8.8225781173e-01	7.7926308662e-01	7.7926308662e-01	4.6437233686e-03	1.1018316911e+00	1.1466698079e+00	1.0000000000e+00	6.4163182959e-01	1.0000000000e+00	0.0000000000e+00
4.6000000000e+01	0.0000000000e+00	1.0000000000e+00	1.0000000000e+00	2.2922702971e+00	3.0471190828e+00	5.0397110806e+02	6.0679992116e+02	3.9711080619e+00	6.7999211559e+00	6.7999211559e+00	1.0771029218e+01	5.3855146089e+00	4.9316536635e-02	1.1253736913e-02	4.9316536635e-02	3.9478308749e+01	5.1035530993e+01	5.1035530993e+01	7.2846739367e-01	9.1101673990e-01	7.2846739367e-01	3.8062799722e-02	1.5121807166e+00	1.6944786337e+00	0.0000000000e+00	1.9842246678e+00	1.0000000000e+00	0.0000000000e+00
4.7000000000e+01	0.0000000000e+00	1.0000000000e+00	1.0000000000e+00	3.5513986207e+00	3.6359687173e+00	5.0523023639e+02	6.0470137395e+02	5.2302363855e+00	4.7013739499e+00	5.2302363855e+00	9.9316103353e+00	4.9658051677e+00	5.2608173341e-02	5.1363348961e-02	5.2608173341e-02	2.8643041024e+01	4.0861186738e+01	4.0861186738e+01	7.8285260871e-01	8.8540232182e-01	7.8285260871e-01	1.2448243797e-03	1.0971456396e+00	1.3566706671e+00	1.0000000000e+00	1.0190590488e+00	1.0000000000e+00	0.0000000000e+00
4.8000000000e+01	0.0000000000e+00	1.0000000000e+00	1.0000000000e+00	5.6499458267e+00	5.7345159233e+00	5.0439081750e+02	6.0470137395e+02	4.3908175031e+00	4.7013739499e+00	4.7013739499e+00	9.0921914529e+00	4.5460957265e+00	9.0215034783e-02	6.7194633186e-02	9.0215034783e-02	2.2817090702e+01	3.0933078413e+01	3.0933078413e+01	7.6588296145e-01	8.7132538110e-01	7.6588296145e-01	2.3020401597e-02	8.7398791038e-01	1.0270382110e+00	1.0000000000e+00	6.5284126318e-01	1.0000000000e+00	0.0000000000e+00
4.9000000000e+01	0.0000000000e+00	1.0000000000e+00	1.0000000000e+00	5.6499458267e+00	5.7345159233e+00	5.0439081750e+02	6.0470137395e+02	4.3908175031e+00	4.7013739499e+00	4.7013739499e+00	9.0921914529e+00	4.5460957265e+00	7.5648836792e-02	5.6471444666e-02	7.5648836792e-02	2.4216110140e+01	3.2869156771e+01	3.2869156771e+01	7.7468932420e-01	8.8095744699e-01	7.7468932420e-01	1.9177392125e-02	9.2757607774e-01	1.0913197683e+00	1.0000000000e+00	6.4542002114e-01	1.0000000000e+00	0.0000000000e+00
5.0000000000e+01	1.0000000000e+00	1.0000000000e+00	1.0000000000e+00	1.1365668847e+02	2.1209468406e+02	4.0408026106e+02	4.5948190729e+02	-9.5919738944e+01	-1.4051809271e+02	1.4051809271e+02	2.3643783165e+02	1.1821891582e+02	6.2682759762e-01	7.2607225180e-01	7.2607225180e-01	2.6325733332e+01	1.2656526339e+01	2.6325733332e+01	3.4714239836e-01	1.6073906422e-01	1.6073906422e-01	9.9244654179e-02	1.0083832757e+00	4.2022122710e-01	0.0000000000e+00	3.6303612590e+00	0.0000000000e+00	0.0000000000e+00
5.1000000000e+01	1.0000000000e+00	0.0000000000e+00	1.0000000000e+00	9.8437995591e+01	1.3377815875e+02	nan	nan	nan	nan	inf	inf	inf	nan	nan	nan	nan	nan	nan	nan	nan	nan	inf	nan	nan	0.0000000000e+00	inf	0.0000000000e+00	0.0000000000e+00
5.2000000000e+01	1.0000000000e+00	1.0000000000e+00	1.0000000000e+00	1.1365668847e+02	2.1209468406e+02	4.0408026106e+02	4.7333231885e+02	-9.5919738944e+01	-1.2666768115e+02	1.2666768115e+02	2.2258742009e+02	1.1129371004e+02	5.3043544292e-01	7.3602604866e-01	7.3602604866e-01	2.2004710908e+01	2.5103546202e+01	2.5103546202e+01	4.3530124426e-01	1.8840062618e-01	1.8840062618e-01	2.0559060574e-01	8.4287044111e-01	8.3348643273e-01	0.0000000000e+00	3.6801302433e+00	0.0000000000e+00	0.0000000000e+00
5.3000000000e+01	1.0000000000e+00	1.0000000000e+00	1.0000000000e+00	1.1365668847e+02	2.1209468406e+02	4.2926282753e+02	4.8802214930e+02	-7.0737172472e+01	-1.1197785070e+02	1.1197785070e+02	1.8271502318e+02	9.1357511588e+01	4.8060256243e-01	6.8704932928e-01	6.8704932928e-01	1.5976451118e+01	2.1555228111e+01	2.1555228111e+01	4.8513978720e-01	2.5393235683e-01	2.5393235683e-01	2.0644676685e-01	6.1196343174e-01	7.1567538867e-01	0.0000000000e+00	3.4352466464e+00	0.0000000000e+00	0.0000000000e+00
5.4000000000e+01	1.0000000000e+00	1.0000000000e+00	1.0000000000e+00	1.1365668847e+02	2.1209468406e+02	4.0408026106e+02	4.5822277897e+02	-9.5919738944e+01	-1.4177722103e+02	1.4177722103e+02	2.3769695997e+02	1.1884847999e+02	5.2682703733e-01	5.2288210392e-01	5.2682703733e-01	9.5657599655e+00	1.1255782618e+01	1.1255782618e+01	3.2588618994e-01	4.4649517536e-01	3.2588618994e-01	3.9449334145e-03	3.6640773676e-01	3.7371381822e-01	0.0000000000e+00	2.6341351867e+00	0.0000000000e+00	0.0000000000e+00
5.5000000000e+01	1.0000000000e+00	1.0000000000e+00	1.0000000000e+00	9.8437995591e+01	1.3377815875e+02	4.1667154429e+02	4.4479207685e+02	-8.3328455708e+01	-1.5520792315e+02	1.5520792315e+02	2.3853637886e+02	1.1926818943e+02	3.3473059535e-01	4.6512869000e-01	4.6512869000e-01	1.3594909851e+01	7.2725931923e+00	1.3594909851e+01	5.7672807574e-01	2.2195759416e-01	2.2195759416e-01	1.3039809465e-01	5.2074065917e-01	2.4146420222e-01	0.0000000000e+00	2.3256434500e+00	0.0000000000e+00	0.0000000000e+00
5.6000000000e+01	1.0000000000e+00	1.0000000000e+00	1.0000000000e+00	1.1365668847e+02	2.1209468406e+02	4.0408026106e+02	4.7333231885e+02	-9.5919738944e+01	-1.2666768115e+02	1.2666768115e+02	2.2258742009e+02	1.1129371004e+02	5.4307740927e-01	6.2205451727e-01	6.2205451727e-01	2.3549813734e+01	1.2512867975e+01	2.3549813734e+01	4.2750197649e-01	2.9997509718e-01	2.9997509718e-01	7.8977108002e-02	9.0205419982e-01	4.1545149073e-01	0.0000000000e+00	3.1102725863e+00	0.0000000000e+00	0.0000000000e+00
5.7000000000e+01	1.0000000000e+00	1.0000000000e+00	1.0000000000e+00	1.1365668847e+02	2.1209468406e+02	4.0408026106e+02	4.8802214930e+02	-9.5919738944e+01	-1.1197785070e+02	1.1197785070e+02	2.0789758965e+02	1.0394879482e+02	4.6949017048e-01	4.6662929654e-01	4.6949017048e-01	2.1689449246e+01	1.6960569417e+01	2.1689449246e+01	4.5416969061e-01	4.9224802852e-01	4.5416969061e-01	2.8608739376e-03	8.3079462985e-01	5.6312380675e-01	0.0000000000e+00	2.3474508524e+00	0.0000000000e+00	0.0000000000e+00
5.8000000000e+01	1.0000000000e+00	1.0000000000e+00	1.0000000000e+00	1.1365668847e+02	2.1209468406e+02	4.0408026106e+02	4.8802214930e+02	-9.5919738944e+01	-1.1197785070e+02	1.1197785070e+02	2.0789758965e+02	1.0394879482e+02	4.8604431748e-01	5.6073480844e-01	5.6073480844e-01	1.9443471494e+01	1.4480843926e+01	1.9443471494e+01	4.7050461173e-01	3.6240994930e-01	3.6240994930e-01	7.4690490961e-02	7.4476449446e-01	4.8079210998e-01	0.0000000000e+00	2.8036740422e+00	0.0000000000e+00	0.0000000000e+00
5.9000000000e+01	1.0000000000e+00	1.0000000000e+00	1.0000000000e+00	1.1365668847e+02	2.1209468406e+02	4.0156200441e+02	4.8928127762e+02	-9.8437995591e+01	-1.1071872238e+02	1.1071872238e+02	2.0915671797e+02	1.0457835899e+02	7.5595045090e-01	1.8986304104e-01	7.5595045090e-01	3.3643481275e+01	1.7661754342e+01	3.3643481275e+01	1.6905772686e-01	7.7701883018e-01	1.6905772686e-01	5.6608740985e-01	1.2886829562e+00	5.8640450651e-01	0.0000000000e+00	5.6608740985e+00	0.0000000000e+00	0.0000000000e+00
6.0000000000e+01	1.0000000000e+00	0.0000000000e+00	1.0000000000e+00	9.8437995591e+01	1.3377815875e+02	nan	nan	nan	nan	inf	inf	inf	nan	nan	nan	nan	nan	nan	nan	nan	nan	inf	nan	nan	0.0000000000e+00	inf	0.0000000000e+00	0.0000000000e+00
6.1000000000e+01	1.0000000000e+00	1.0000000000e+00	1.0000000000e+00	9.8437995591e+01	1.3377815875e+02	4.0491967994e+02	4.3010224641e+02	-9.5080320061e+01	-1.6989775359e+02	1.6989775359e+02	2.6497807365e+02	1.3248903683e+02	4.9250945449e-01	4.0943849087e-01	4.9250945449e-01	6.8353753576e+00	1.0705444033e+01	1.0705444033e+01	2.7446350455e-01	4.7262924910e-01	2.7446350455e-01	8.3070963621e-02	2.6182283725e-01	3.5544150957e-01	0.0000000000e+00	2.4625472724e+00	0.0000000000e+00	0.0000000000e+00
6.2000000000e+01	1.0000000000e+00	1.0000000000e+00	1.0000000000e+00	9.8437995591e+01	1.3377815875e+02	4.2968253697e+02	4.5864248841e+02	-7.0317463031e+01	-1.4135751159e+02	1.4135751159e+02	2.1167497462e+02	1.0583748731e+02	5.2302819490e-01	6.0822898149e-01	6.0822898149e-01	1.3187756193e+01	6.4572995549e+00	1.3187756193e+01	4.1492080688e-01	1.7028814554e-01	1.7028814554e-01	8.5200786591e-02	5.0514500854e-01	2.1439487186e-01	0.0000000000e+00	3.0411449075e+00	0.0000000000e+00	0.0000000000e+00
6.3000000000e+01	1.0000000000e+00	1.0000000000e+00	1.0000000000e+00	9.8437995591e+01	1.3377815875e+02	4.0491967994e+02	4.4437236741e+02	-9.5080320061e+01	-1.5562763259e+02	1.5562763259e+02	2.5070795265e+02	1.2535397632e+02	3.9068183303e-01	3.2184740901e-01	3.9068183303e-01	7.6228746115e+00	1.3672951116e+01	1.3672951116e+01	3.1808826327e-01	5.3522762656e-01	3.1808826327e-01	6.8834424019e-02	2.9198728006e-01	4.5396850146e-01	0.0000000000e+00	2.0228934856e+00	0.0000000000e+00	0.0000000000e+00
6.4000000000e+01	1.0000000000e+00	1.0000000000e+00	1.0000000000e+00	1.1365668847e+02	2.1209468406e+02	4.0408026106e+02	4.8802214930e+02	-9.5919738944e+01	-1.1197785070e+02	1.1197785070e+02	2.0789758965e+02	1.0394879482e+02	5.4936677217e-01	7.0689219236e-01	7.0689219236e-01	2.4686623155e+01	2.4799295496e+01	2.4799295496e+01	4.1702520847e-01	2.1997809410e-01	2.1997809410e-01	1.5752542019e-01	9.4559865092e-01	8.2338471908e-01	0.0000000000e+00	3.5344609618e+00	0.0000000000e+00	0.0000000000e+00
6.5000000000e+01	1.0000000000e+00	1.0000000000e+00	1.0000000000e+00	1.1365668847e+02	2.1209468406e+02	4.0198171385e+02	4.8928127762e+02	-9.8018286150e+01	-1.1071872238e+02	1.1071872238e+02	2.0873700853e+02	1.0436850426e+02	7.6287668943e-01	1.8929475546e-01	7.6287668943e-01	3.4211849127e+01	1.7563305714e+01	3.4211849127e+01	1.6137212515e-01	7.7471303940e-01	1.6137212515e-01	5.7358193398e-01	1.3104537699e+00	5.8313582107e-01	0.0000000000e+00	5.7358193398e+00	0.0000000000e+00	0.0000000000e+00
6.6000000000e+01	1.0000000000e+00	1.0000000000e+00	1.0000000000e+00	1.1365668847e+02	2.1209468406e+02	4.0408026106e+02	4.8802214930e+02	-9.5919738944e+01	-1.1197785070e+02	1.1197785070e+02	2.0789758965e+02	1.0394879482e+02	4.2303863168e-01	5.2353805304e-01	5.2353805304e-01	1.6371151884e+01	1.7850220445e+01	1.7850220445e+01	5.3424873948e-01	3.9603042603e-01	3.9603042603e-01	1.0049942136e-01	6.2708208565e-01	5.9266194674e-01	0.0000000000e+00	2.6176902652e+00	0.0000000000e+00	0.0000000000e+00
6.7000000000e+01	1.0000000000e+00	0.0000000000e+00	1.0000000000e+00	1.1365668847e+02	2.1209468406e+02	nan	nan	nan	nan	inf	inf	inf	nan	nan	nan	nan	nan	nan	nan	nan	nan	inf	nan	nan	0.0000000000e+00	inf	0.0000000000e+00	0.0000000000e+00
6.8000000000e+01	1.0000000000e+00	1.0000000000e+00	1.0000000000e+00	1.1365668847e+02	2.1209468406e+02	4.0408026106e+02	4.8802214930e+02	-9.5919738944e+01	-1.1197785070e+02	1.1197785070e+02	2.0789758965e+02	1.0394879482e+02	3.3556973934e-01	4.9566107988e-01	4.9566107988e-01	1.4128945095e+01	2.5438836344e+01	2.5438836344e+01	6.1862605810e-01	4.1536647081e-01	4.1536647081e-01	1.6009134054e-01	5.4119639357e-01	8.4461871590e-01	0.0000000000e+00	2.4783053994e+00	0.0000000000e+00	0.0000000000e+00
6.9000000000e+01	1.0000000000e+00	1.0000000000e+00	1.0000000000e+00	9.8437995591e+01	1.3377815875e+02	4.0408026106e+02	4.5738336009e+02	-9.5919738944e+01	-1.4261663991e+02	1.4261663991e+02	2.3853637886e+02	1.1926818943e+02	5.5318176746e-01	6.4998555183e-01	6.4998555183e-01	1.4366995783e+01	8.6134062899e+00	1.4366995783e+01	4.1505825520e-01	1.9597589970e-01	1.9597589970e-01	9.6803784370e-02	5.5031470870e-01	2.8598179813e-01	0.0000000000e+00	3.2499277592e+00	0.0000000000e+00	0.0000000000e+00
7.0000000000e+01	1.0000000000e+00	1.0000000000e+00	1.0000000000e+00	1.1365668847e+02	2.1209468406e+02	4.8844185874e+02	5.5223769380e+02	-1.1558141263e+01	-4.7762306200e+01	4.7762306200e+01	5.9320447463e+01	2.9660223731e+01	5.2122861147e-01	5.2022045851e-01	5.2122861147e-01	1.7025246333e+01	2.6944176757e+01	2.6944176757e+01	4.0154212713e-01	4.4312810898e-01	4.0154212713e-01	1.0081529617e-03	6.5213657870e-01	8.9459893783e-01	0.0000000000e+00	2.6061430573e+00	0.0000000000e+00	0.0000000000e+00
7.1000000000e+01	1.0000000000e+00	1.0000000000e+00	1.0000000000e+00	1.1365668847e+02	2.1209468406e+02	4.1667154429e+02	4.4395265797e+02	-8.3328455708e+01	-1.5604734203e+02	1.5604734203e+02	2.3937579774e+02	1.1968789887e+02	6.9793838263e-01	5.3243035078e-01	6.9793838263e-01	5.7860850517e+00	1.3020993841e+01	1.3020993841e+01	6.6945075989e-02	4.0724366903e-01	6.6945075989e-02	1.6550803185e-01	2.2163072627e-01	4.3232225519e-01	0.0000000000e+00	7.4688092084e+00	0.0000000000e+00	0.0000000000e+00
7.2000000000e+01	1.0000000000e+00	1.0000000000e+00	1.0000000000e+00	1.1365668847e+02	2.1209468406e+02	4.0408026106e+02	4.8802214930e+02	-9.5919738944e+01	-1.1197785070e+02	1.1197785070e+02	2.0789758965e+02	1.0394879482e+02	5.0435620546e-01	6.8091589212e-01	6.8091589212e-01	1.8647167592e+01	2.3309466835e+01	2.3309466835e+01	4.5628577471e-01	2.4155694246e-01	2.4155694246e-01	1.7655968666e-01	7.1426279763e-01	7.7391951740e-01	0.0000000000e+00	3.4045794606e+00	0.0000000000e+00	0.0000000000e+00
7.3000000000e+01	1.0000000000e+00	1.0000000000e+00	1.0000000000e+00	1.1365668847e+02	2.1209468406e+02	4.4521178629e+02	4.8886156818e+02	-5.4788213706e+01	-1.1113843182e+02	1.1113843182e+02	1.6592664553e+02	8.2963322764e+01	5.4088497162e-01	5.5566370487e-01	5.5566370487e-01	1.2328104073e+01	1.2607963326e+01	1.2607963326e+01	4.1336488724e-01	3.5166966915e-01	3.5166966915e-01	1.4778733253e-02	4.7221681584e-01	4.1860884083e-01	0.0000000000e+00	2.7783185244e+00	0.0000000000e+00	0.0000000000e+00
7.4000000000e+01	1.0000000000e+00	1.0000000000e+00	1.0000000000e+00	1.1365668847e+02	2.1209468406e+02	4.0408026106e+02	4.7333231885e+02	-9.5919738944e+01	-1.2666768115e+02	1.2666768115e+02	2.2258742009e+02	1.1129371004e+02	6.1739474535e-01	6.2878304720e-01	6.2878304720e-01	2.9253131901e+01	1.3755452826e+01	2.9253131901e+01	3.5742801428e-01	2.9736304283e-01	2.9736304283e-01	1.1388301849e-02	1.1205146158e+00	4.5670771826e-01	0.0000000000e+00	3.1439152360e+00	0.0000000000e+00	0.0000000000e+00
7.5000000000e+01	1.0000000000e+00	1.0000000000e+00	1.0000000000e+00	9.8437995591e+01	1.3377815875e+02	4.5780306953e+02	5.3502960671e+02	-4.2196930470e+01	-6.4970393289e+01	6.4970393289e+01	1.0716732376e+02	5.3583661880e+01	6.1251509190e-01	6.3086694479e-01	6.3086694479e-01	1.9935611012e+01	2.7240615978e+01	2.7240615978e+01	3.4339302778e-01	2.9021435976e-01	2.9021435976e-01	1.8351852894e-02	7.6361545116e-01	9.0444129503e-01	0.0000000000e+00	3.1543347239e+00	0.0000000000e+00	0.0000000000e+00
7.6000000000e+01	1.0000000000e+00	1.0000000000e+00	1.0000000000e+00	9.8437995591e+01	1.3377815875e+02	4.1541241597e+02	4.5948190729e+02	-8.4587584031e+01	-1.4051809271e+02	1.4051809271e+02	2.2510567674e+02	1.1255283837e+02	4.9978050590e-01	7.3204541206e-01	7.3204541206e-01	1.6460355719e+01	2.0767252069e+01	2.0767252069e+01	4.7094342113e-01	1.6256719828e-01	1.6256719828e-01	2.3226490617e-01	6.3049895745e-01	6.8951305545e-01	0.0000000000e+00	3.6602270603e+00	0.0000000000e+00	0.0000000000e+00
7.7000000000e+01	1.0000000000e+00	0.0000000000e+00	1.0000000000e+00	9.8437995591e+01	1.3377815875e+02	nan	nan	nan	nan	inf	inf	inf	nan	nan	nan	nan	nan	nan	nan	nan	nan	inf	nan	nan	0.0000000000e+00	inf	0.0000000000e+00	0.0000000000e+00
7.8000000000e+01	1.0000000000e+00	1.0000000000e+00	1.0000000000e+00	9.8437995591e+01	1.3377815875e+02	4.1541241597e+02	4.7207319053e+02	-8.4587584031e+01	-1.2792680947e+02	1.2792680947e+02	2.1251439350e+02	1.0625719675e+02	6.0683965683e-01	6.9071602821e-01	6.9071602821e-01	2.5353359538e+01	1.8558108641e+01	2.5353359538e+01	3.6624175310e-01	2.0052295923e-01	2.0052295923e-01	8.3876371384e-02	9.7113738175e-01	6.1616520811e-01	0.0000000000e+00	3.4535801411e+00	0.0000000000e+00	0.0000000000e+00
7.9000000000e+01	1.0000000000e+00	1.0000000000e+00	1.0000000000e+00	9.8437995591e+01	1.3377815875e+02	4.0491967994e+02	4.2968253697e+02	-9.5080320061e+01	-1.7031746303e+02	1.7031746303e+02	2.6539778309e+02	1.3269889155e+02	7.1222037077e-01	6.5286678076e-01	7.1222037077e-01	3.9854869317e+00	4.9160233213e+01	4.9160233213e+01	2.7890861034e-02	2.9450726509e-01	2.7890861034e-02	5.9353590012e-02	1.5266045267e-01	1.6322151095e+00	0.0000000000e+00	1.7927019155e+01	0.0000000000e+00	0.0000000000e+00
8.0000000000e+01	1.0000000000e+00	1.0000000000e+00	1.0000000000e+00	1.1365668847e+02	2.1209468406e+02	4.0408026106e+02	4.7333231885e+02	-9.5919738944e+01	-1.2666768115e+02	1.2666768115e+02	2.2258742009e+02	1.1129371004e+02	5.4485315084e-01	6.5885162354e-01	6.5885162354e-01	2.2063982768e+01	1.2182144351e+01	2.2063982768e+01	4.2492443323e-01	2.6462674141e-01	2.6462674141e-01	1.1399847269e-01	8.4514079582e-01	4.0447082482e-01	0.0000000000e+00	3.2942581177e+00	0.0000000000e+00	0.0000000000e+00
8.1000000000e+01	1.0000000000e+00	1.0000000000e+00	1.0000000000e+00	1.1365668847e+02	2.1209468406e+02	4.0408026106e+02	4.8802214930e+02	-9.5919738944e+01	-1.1197785070e+02	1.1197785070e+02	2.0789758965e+02	1.0394879482e+02	5.3474664688e-01	7.4626845121e-01	7.4626845121e-01	2.2230967837e+01	2.5806874293e+01	2.5806874293e+01	4.2968875170e-01	1.7879486084e-01	1.7879486084e-01	2.1152180433e-01	8.5153700706e-01	8.5683828975e-01	0.0000000000e+00	3.7313422561e+00	0.0000000000e+00	0.0000000000e+00
8.2000000000e+01	1.0000000000e+00	1.0000000000e+00	1.0000000000e+00	1.1365668847e+02	2.1209468406e+02	4.0408026106e+02	4.8802214930e+02	-9.5919738944e+01	-1.1197785070e+02	1.1197785070e+02	2.0789758965e+02	1.0394879482e+02	5.1289141178e-01	6.8961256742e-01	6.8961256742e-01	1.9537988317e+01	2.1935512086e+01	2.1935512086e+01	4.4809007645e-01	2.3362475634e-01	2.3362475634e-01	1.7672115564e-01	7.4838487541e-01	7.2830155435e-01	0.0000000000e+00	3.4480628371e+00	0.0000000000e+00	0.0000000000e+00
8.3000000000e+01	1.0000000000e+00	1.0000000000e+00	1.0000000000e+00	9.8437995591e+01	1.3461757763e+02	4.0491967994e+02	4.3010224641e+02	-9.5080320061e+01	-1.6989775359e+02	1.6989775359e+02	2.6497807365e+02	1.3248903683e+02	5.0637537241e-01	4.2517825961e-01	5.0637537241e-01	6.1647276544e+00	1.2235257918e+01	1.2235257918e+01	2.0530724525e-01	4.5191302896e-01	2.0530724525e-01	8.1197112799e-02	2.3613428685e-01	4.0623429827e-01	0.0000000000e+00	2.5318768620e+00	0.0000000000e+00	0.0000000000e+00
8.4000000000e+01	1.0000000000e+00	1.0000000000e+00	1.0000000000e+00	9.8437995591e+01	1.3377815875e+02	4.0408026106e+02	4.4479207685e+02	-9.5919738944e+01	-1.5520792315e+02	1.5520792315e+02	2.5112766209e+02	1.2556383105e+02	6.5440583229e-01	5.7459682226e-01	6.5440583229e-01	1.9287589410e+01	1.4519190348e+01	1.9287589410e+01	1.9754016399e-01	3.8491821289e-01	1.9754016399e-01	7.9809010029e-02	7.3879357299e-01	4.8206528560e-01	0.0000000000e+00	3.2720291615e+00	0.0000000000e+00	0.0000000000e+00
8.5000000000e+01	1.0000000000e+00	1.0000000000e+00	1.0000000000e+00	1.1365668847e+02	2.1209468406e+02	4.1625183485e+02	4.8760243986e+02	-8.3748165149e+01	-1.1239756014e+02	1.1239756014e+02	1.9614572529e+02	9.8072862647e+01	4.8348367214e-01	5.3566426039e-01	5.3566426039e-01	1.8494534620e+01	1.4355266551e+01	1.8494534620e+01	4.9139857292e-01	4.0519416332e-01	4.0519416332e-01	5.2180588245e-02	7.0841633041e-01	4.7662269753e-01	0.0000000000e+00	2.6783213019e+00	0.0000000000e+00	0.0000000000e+00
8.6000000000e+01	1.0000000000e+00	1.0000000000e+00	1.0000000000e+00	1.1365668847e+02	2.1209468406e+02	4.0408026106e+02	4.8802214930e+02	-9.5919738944e+01	-1.1197785070e+02	1.1197785070e+02	2.0789758965e+02	1.0394879482e+02	3.9371100068e-01	4.9316462874e-01	4.9316462874e-01	1.4628123971e+01	1.7471975594e+01	1.7471975594e+01	5.6091204286e-01	4.2451295257e-01	4.2451295257e-01	9.9453628063e-02	5.6031698646e-01	5.8010348393e-01	0.0000000000e+00	2.4658231437e+00	0.0000000000e+00	0.0000000000e+00
8.7000000000e+01	1.0000000000e+00	1.0000000000e+00	1.0000000000e+00	1.1365668847e+02	2.1209468406e+02	4.1667154429e+02	4.8760243986e+02	-8.3328455708e+01	-1.1239756014e+02	1.1239756014e+02	1.9572601585e+02	9.7863007926e+01	5.6273740530e-01	5.3586846590e-01	5.6273740530e-01	2.7195063454e+01	1.5851838142e+01	2.7195063454e+01	3.7669974566e-01	4.3747240305e-01	3.7669974566e-01	2.6868939400e-02	1.0416821755e+00	5.2631177760e-01	0.0000000000e+00	2.8136870265e+00	0.0000000000e+00	0.0000000000e+00
8.8000000000e+01	1.0000000000e+00	1.0000000000e+00	1.0000000000e+00	1.1365668847e+02	2.1209468406e+02	4.0408026106e+02	4.8802214930e+02	-9.5919738944e+01	-1.1197785070e+02	1.1197785070e+02	2.0789758965e+02	1.0394879482e+02	4.9688515067e-01	5.5788999796e-01	5.5788999796e-01	2.0320924386e+01	1.4046418867e+01	2.0320924386e+01	4.5915457606e-01	3.6602038145e-01	3.6602038145e-01	6.1004847288e-02	7.7837452957e-01	4.6636835528e-01	0.0000000000e+00	2.7894499898e+00	0.0000000000e+00	0.0000000000e+00
8.9000000000e+01	1.0000000000e+00	1.0000000000e+00	1.0000000000e+00	1.1365668847e+02	2.1209468406e+02	4.0408026106e+02	4.8802214930e+02	-9.5919738944e+01	-1.1197785070e+02	1.1197785070e+02	2.0789758965e+02	1.0394879482e+02	4.2658379674e-01	4.4936728477e-01	4.4936728477e-01	1.6885277432e+01	1.5100754720e+01	1.6885277432e+01	5.2775612473e-01	4.7196966410e-01	4.7196966410e-01	2.2783488035e-02	6.4677519724e-01	5.0137435092e-01	0.0000000000e+00	2.2468364239e+00	0.0000000000e+00	0.0000000000e+00
9.0000000000e+01	1.0000000000e+00	1.0000000000e+00	1.0000000000e+00	1.1365668847e+02	2.1209468406e+02	4.0240142329e+02	4.9054040594e+02	-9.7598576709e+01	-1.0945959406e+02	1.0945959406e+02	2.0705817077e+02	1.0352908538e+02	7.2616118193e-01	4.4604206085e-01	7.2616118193e-01	3.3869501946e+01	3.2543022381e+01	3.3869501946e+01	1.9965577126e-01	5.3211712837e-01	1.9965577126e-01	2.8011912107e-01	1.2973404725e+00	1.0804914739e+00	0.0000000000e+00	3.6308059096e+00	0.0000000000e+00	0.0000000000e+00
9.1000000000e+01	1.0000000000e+00	1.0000000000e+00	1.0000000000e+00	1.1365668847e+02	2.1209468406e+02	4.8718273041e+02	5.2243832347e+02	-1.2817269586e+01	-7.7561676525e+01	7.7561676525e+01	9.0378946111e+01	4.5189473056e+01	6.2637424469e-01	6.4092469215e-01	6.4092469215e-01	2.6179930231e+01	2.2947374621e+01	2.6179930231e+01	3.5164648294e-01	2.5615489483e-01	2.5615489483e-01	1.4550447464e-02	1.0027984205e+00	7.6189735345e-01	0.0000000000e+00	3.2046234608e+00	0.0000000000e+00	0.0000000000e+00
9.2000000000e+01	1.0000000000e+00	1.0000000000e+00	1.0000000000e+00	1.1365668847e+02	2.1209468406e+02	4.2926282753e+02	4.8886156818e+02	-7.0737172472e+01	-1.1113843182e+02	1.1113843182e+02	1.8187560429e+02	9.0937802147e+01	5.0872778893e-01	5.7387304306e-01	5.7387304306e-01	1.7390060460e+01	1.3895889902e+01	1.7390060460e+01	4.5666325092e-01	3.7047535181e-01	3.7047535181e-01	6.5145254135e-02	6.6611045209e-01	4.6137050165e-01	0.0000000000e+00	2.8693652153e+00	0.0000000000e+00	0.0000000000e+00
9.3000000000e+01	1.0000000000e+00	1.0000000000e+00	1.0000000000e+00	9.8437995591e+01	1.3377815875e+02	4.0533938938e+02	4.4437236741e+02	-9.4660610620e+01	-1.5562763259e+02	1.5562763259e+02	2.5028824321e+02	1.2514412160e+02	6.9060623646e-01	6.3479882479e-01	6.9060623646e-01	5.1926031117e+00	2.7122959375e+01	2.7122959375e+01	7.9203188419e-02	2.5948542356e-01	7.9203188419e-02	5.5807411671e-02	1.9889794025e-01	9.0053486758e-01	0.0000000000e+00	6.3128771705e+00	0.0000000000e+00	0.0000000000e+00
9.4000000000e+01	1.0000000000e+00	1.0000000000e+00	1.0000000000e+00	9.8437995591e+01	1.3461757763e+02	4.1709125373e+02	4.4395265797e+02	-8.2908746267e+01	-1.5604734203e+02	1.5604734203e+02	2.3895608830e+02	1.1947804415e+02	7.0386654139e-01	5.5683100224e-01	7.0386654139e-01	4.6837933575e+00	3.7986936258e+01	3.7986936258e+01	4.3145716190e-02	3.8343757391e-01	4.3145716190e-02	1.4703553915e-01	1.7940844531e-01	1.2612399753e+00	0.0000000000e+00	1.1588636003e+01	0.0000000000e+00	0.0000000000e+00
9.5000000000e+01	1.0000000000e+00	1.0000000000e+00	1.0000000000e+00	1.1365668847e+02	2.1209468406e+02	4.1541241597e+02	4.7333231885e+02	-8.4587584031e+01	-1.2666768115e+02	1.2666768115e+02	2.1125526518e+02	1.0562763259e+02	5.1730316877e-01	5.5906128883e-01	5.5906128883e-01	2.1528496453e+01	1.2195647255e+01	2.1528496453e+01	4.5841032267e-01	3.6588084698e-01	3.6588084698e-01	4.1758120060e-02	8.2462947949e-01	4.0491914742e-01	0.0000000000e+00	2.7953064442e+00	0.0000000000e+00	0.0000000000e+00
9.6000000000e+01	1.0000000000e+00	1.0000000000e+00	1.0000000000e+00	9.8437995591e+01	1.3335844931e+02	4.4311323909e+02	5.3460989727e+02	-5.6886760912e+01	-6.5390102731e+01	6.5390102731e+01	1.2227686364e+02	6.1138431821e+01	6.7143315077e-01	5.9820324183e-01	6.7143315077e-01	2.0906273627e+01	3.1052159077e+01	3.1052159077e+01	2.3170894384e-01	3.2649374008e-01	2.3170894384e-01	7.3229908943e-02	8.0079579994e-01	1.0309919200e+00	0.0000000000e+00	3.3571657538e+00	0.0000000000e+00	0.0000000000e+00
9.7000000000e+01	1.0000000000e+00	1.0000000000e+00	1.0000000000e+00	1.1365668847e+02	2.1209468406e+02	4.1541241597e+02	4.8802214930e+02	-8.4587584031e+01	-1.1197785070e+02	1.1197785070e+02	1.9656543474e+02	9.8282717368e+01	4.6143329144e-01	6.7124068737e-01	6.7124068737e-01	1.6529837317e+01	2.1358648516e+01	2.1358648516e+01	5.1441150904e-01	2.6753586531e-01	2.6753586531e-01	2.0980739594e-01	6.3316038686e-01	7.0914856477e-01	0.0000000000e+00	3.3562034369e+00	0.0000000000e+00	0.0000000000e+00
9.8000000000e+01	1.0000000000e+00	1.0000000000e+00	1.0000000000e+00	9.8437995591e+01	1.3377815875e+02	4.1541241597e+02	4.7333231885e+02	-8.4587584031e+01	-1.2666768115e+02	1.2666768115e+02	2.1125526518e+02	1.0562763259e+02	6.1522704363e-01	5.2296948433e-01	6.1522704363e-01	2.3481162000e+01	1.2889838068e+01	2.3481162000e+01	2.9351395369e-01	4.5182174444e-01	2.9351395369e-01	9.2257559299e-02	8.9942455756e-01	4.2796762908e-01	0.0000000000e+00	3.0761352181e+00	0.0000000000e+00	0.0000000000e+00
9.9000000000e+01	1.0000000000e+00	1.0000000000e+00	1.0000000000e+00	9.8437995591e+01	1.3335844931e+02	4.0491967994e+02	4.4437236741e+02	-9.5080320061e+01	-1.5562763259e+02	1.5562763259e+02	2.5070795265e+02	1.2535397632e+02	4.0683409572e-01	3.5438537598e-01	4.0683409572e-01	6.9042991289e+00	2.4540614389e+01	2.4540614389e+01	2.3724517226e-01	5.0262886286e-01	2.3724517226e-01	5.2448719740e-02	2.6446289964e-01	8.1479600450e-01	0.0000000000e+00	2.1075244450e+00	0.0000000000e+00	0.0000000000e+00
