candidate_index	condition_order_code	valid	candidate_spectrum_valid	candidate_spectrum_maximum_absolute_error_nm	candidate_spectrum_summed_absolute_error_nm	peak1_wavelength_nm	peak2_wavelength_nm	peak1_signed_error_nm	peak2_signed_error_nm	maximum_absolute_error_nm	summed_absolute_error_nm	mean_absolute_error_nm	peak1_transmittance	peak2_transmittance	worst_valley_transmittance	peak1_fwhm_nm	peak2_fwhm_nm	widest_fwhm_nm	peak1_prominence	peak2_prominence	minimum_prominence	valley_transmittance_imbalance	peak1_fwhm_to_ideal_ratio	peak2_fwhm_to_ideal_ratio	shape_gate_passed	shape_minimax_score	inside_position_window	selected
0.0000000000e+00	0.0000000000e+00	1.0000000000e+00	1.0000000000e+00	2.1423645020e+00	3.8280944824e+00	4.0575909424e+02	5.2747485352e+02	-4.2409057617e+00	-2.5251464844e+00	4.2409057617e+00	6.7660522461e+00	3.3830261230e+00	2.9641193151e-01	1.6812695563e-01	2.9641193151e-01	1.0399634139e+01	2.0991124327e+01	2.0991124327e+01	4.1982996464e-01	6.2340925634e-01	4.1982996464e-01	1.2828497589e-01	4.2114717702e-01	7.7332205278e-01	0.0000000000e+00	1.6538652085e+00	1.0000000000e+00	0.0000000000e+00
1.0000000000e+00	0.0000000000e+00	1.0000000000e+00	1.0000000000e+00	6.2518310547e+00	7.0981445312e+00	4.1835037231e+02	5.3922668457e+02	8.3503723145e+00	9.2266845703e+00	9.2266845703e+00	1.7577056885e+01	8.7885284424e+00	1.9301073253e-01	1.5698012710e-01	1.9301073253e-01	1.4167247553e+01	2.4800136278e+01	2.4800136278e+01	6.0847760737e-01	6.6513589025e-01	6.0847760737e-01	3.6030605435e-02	5.7372175146e-01	9.1364769206e-01	1.0000000000e+00	1.2179378530e+00	0.0000000000e+00	0.0000000000e+00
2.0000000000e+00	0.0000000000e+00	1.0000000000e+00	1.0000000000e+00	6.2518310547e+00	1.1281433105e+01	4.1709124756e+02	5.3964642334e+02	7.0912475586e+00	9.6464233398e+00	9.6464233398e+00	1.6737670898e+01	8.3688354492e+00	3.2861965895e-01	8.8746801019e-02	3.2861965895e-01	2.0972245662e+01	2.5429650463e+01	2.5429650463e+01	4.1076374054e-01	6.9982551038e-01	4.1076374054e-01	2.3987285793e-01	8.4929930593e-01	9.3683926553e-01	0.0000000000e+00	2.3987285793e+00	0.0000000000e+00	0.0000000000e+00
3.0000000000e+00	0.0000000000e+00	1.0000000000e+00	1.0000000000e+00	6.2518310547e+00	1.0861755371e+01	4.0701821899e+02	5.3796759033e+02	-2.9817810059e+00	7.9675903320e+00	7.9675903320e+00	1.0949371338e+01	5.4746856689e+00	2.9796519876e-01	5.9553872794e-02	2.9796519876e-01	2.1083004483e+01	2.5239210147e+01	2.5239210147e+01	4.1370823979e-01	7.2155808285e-01	4.1370823979e-01	2.3841132596e-01	8.5378463343e-01	9.2982336235e-01	0.0000000000e+00	2.3841132596e+00	0.0000000000e+00	0.0000000000e+00
4.0000000000e+00	0.0000000000e+00	1.0000000000e+00	1.0000000000e+00	6.2518310547e+00	9.1967163086e+00	4.0617880249e+02	5.2663543701e+02	-3.8211975098e+00	-3.3645629883e+00	3.8211975098e+00	7.1857604980e+00	3.5928802490e+00	5.1633018255e-01	4.2925804853e-01	5.1633018255e-01	9.3056291444e+00	1.9806664189e+01	1.9806664189e+01	2.4484276772e-01	3.4973490238e-01	2.4484276772e-01	8.7072134018e-02	3.7684397279e-01	7.2968603160e-01	0.0000000000e+00	2.5816509128e+00	1.0000000000e+00	0.0000000000e+00
5.0000000000e+00	0.0000000000e+00	1.0000000000e+00	1.0000000000e+00	8.7700805664e+00	1.1281433105e+01	4.0324084473e+02	5.2411718750e+02	-6.7591552734e+00	-5.8828125000e+00	6.7591552734e+00	1.2641967773e+01	6.3209838867e+00	8.3072525263e-01	3.7120394409e-02	8.3072525263e-01	2.7505256552e+01	4.4809670819e+01	4.4809670819e+01	3.1059741974e-02	8.7767649442e-01	3.1059741974e-02	7.9360485822e-01	1.1138623720e+00	1.6508075547e+00	0.0000000000e+00	1.6098008812e+01	0.0000000000e+00	0.0000000000e+00
6.0000000000e+00	0.0000000000e+00	1.0000000000e+00	1.0000000000e+00	6.2518310547e+00	9.6026000977e+00	4.1793066406e+02	5.3922668457e+02	7.9306640625e+00	9.2266845703e+00	9.2266845703e+00	1.7157348633e+01	8.5786743164e+00	2.2420585155e-01	1.4253935218e-01	2.2420585155e-01	1.4357575947e+01	2.4359877554e+01	2.4359877554e+01	5.5488866568e-01	6.5757426620e-01	5.5488866568e-01	8.1666499376e-02	5.8142935589e-01	8.9742837125e-01	1.0000000000e+00	1.1959161260e+00	0.0000000000e+00	0.0000000000e+00
7.0000000000e+00	0.0000000000e+00	1.0000000000e+00	1.0000000000e+00	2.1423645020e+00	4.2478332520e+00	4.0617880249e+02	5.2453686523e+02	-3.8211975098e+00	-5.4631347656e+00	5.4631347656e+00	9.2843322754e+00	4.6421661377e+00	7.7652461827e-02	2.2659540176e-02	7.7652461827e-02	1.4840505623e+01	3.5460167899e+01	3.5460167899e+01	5.1982670277e-01	8.0600088835e-01	5.1982670277e-01	5.4992921650e-02	6.0098624291e-01	1.3063678440e+00	1.0000000000e+00	1.1400393060e+00	1.0000000000e+00	0.0000000000e+00
8.0000000000e+00	0.0000000000e+00	1.0000000000e+00	1.0000000000e+00	6.2518310547e+00	7.9375610352e+00	4.1793066406e+02	5.2663543701e+02	7.9306640625e+00	-3.3645629883e+00	7.9306640625e+00	1.1295227051e+01	5.6476135254e+00	3.6683344841e-01	1.8345727026e-01	3.6683344841e-01	1.3951985338e+01	1.7621699704e+01	1.7621699704e+01	4.0562289953e-01	6.0747884214e-01	4.0562289953e-01	1.8337617815e-01	5.6500441844e-01	6.4919099979e-01	0.0000000000e+00	1.8341672421e+00	0.0000000000e+00	0.0000000000e+00
9.0000000000e+00	0.0000000000e+00	1.0000000000e+00	1.0000000000e+00	6.2518310547e+00	9.1967163086e+00	4.0617880249e+02	5.2663543701e+02	-3.8211975098e+00	-3.3645629883e+00	3.8211975098e+00	7.1857604980e+00	3.5928802490e+00	5.7089644670e-01	3.6072123051e-01	5.7089644670e-01	1.7935994624e+01	1.6486124085e+01	1.7935994624e+01	2.0195126534e-01	4.1577303410e-01	2.0195126534e-01	2.1017521620e-01	7.2634223493e-01	6.0735590533e-01	0.0000000000e+00	2.8544822335e+00	1.0000000000e+00	0.0000000000e+00
1.0000000000e+01	0.0000000000e+00	1.0000000000e+00	1.0000000000e+00	2.9448852539e+00	5.0872497559e+00	4.0659851074e+02	5.2747485352e+02	-3.4014892578e+00	-2.5251464844e+00	3.4014892578e+00	5.9266357422e+00	2.9633178711e+00	1.7386016250e-01	8.1794895232e-02	1.7386016250e-01	1.4703303825e+01	3.2518751009e+01	3.2518751009e+01	4.7915360332e-01	7.2272565216e-01	4.7915360332e-01	9.2065267265e-02	5.9543007147e-01	1.1980047801e+00	1.0000000000e+00	1.1559140815e+00	1.0000000000e+00	1.0000000000e+00
1.1000000000e+01	0.0000000000e+00	1.0000000000e+00	1.0000000000e+00	7.5109558105e+00	1.2540557861e+01	4.0240142822e+02	5.2747485352e+02	-7.5985717773e+00	-2.5251464844e+00	7.5985717773e+00	1.0123718262e+01	5.0618591309e+00	8.2896333933e-01	1.0272485018e-01	8.2896333933e-01	3.0622188763e+01	2.6737550795e+01	3.0622188763e+01	3.0398070812e-02	8.2361936569e-01	3.0398070812e-02	7.2623848915e-01	1.2400867357e+00	9.8502287656e-01	0.0000000000e+00	1.6448412239e+01	0.0000000000e+00	0.0000000000e+00
1.2000000000e+01	0.0000000000e+00	1.0000000000e+00	1.0000000000e+00	8.3503723145e+00	1.0861724854e+01	4.0324084473e+02	5.2411718750e+02	-6.7591552734e+00	-5.8828125000e+00	6.7591552734e+00	1.2641967773e+01	6.3209838867e+00	8.2970190048e-01	3.7272360176e-02	8.2970190048e-01	2.7786889649e+01	4.6176546671e+01	4.6176546671e+01	3.2663524151e-02	8.7703684345e-01	3.2663524151e-02	7.9242954031e-01	1.1252674832e+00	1.7011638493e+00	0.0000000000e+00	1.5307595031e+01	0.0000000000e+00	0.0000000000e+00
1.3000000000e+01	0.0000000000e+00	1.0000000000e+00	1.0000000000e+00	2.9448852539e+00	4.2478332520e+00	4.1960949707e+02	5.2579602051e+02	9.6094970703e+00	-4.2039794922e+00	9.6094970703e+00	1.3813476562e+01	6.9067382812e+00	4.9803188443e-01	4.3867269158e-01	4.9803188443e-01	1.0005096008e+01	1.7209000599e+01	1.7209000599e+01	3.0919364095e-01	3.9785954356e-01	3.0919364095e-01	5.9359192848e-02	4.0516982455e-01	6.3398698717e-01	0.0000000000e+00	2.4901594222e+00	0.0000000000e+00	0.0000000000e+00
1.4000000000e+01	0.0000000000e+00	1.0000000000e+00	1.0000000000e+00	5.8321228027e+00	7.0981750488e+00	4.0617880249e+02	5.2663543701e+02	-3.8211975098e+00	-3.3645629883e+00	3.8211975098e+00	7.1857604980e+00	3.5928802490e+00	3.3758980036e-01	1.5521313250e-01	3.3758980036e-01	1.0843937599e+01	1.9471560648e+01	1.9471560648e+01	3.8690799475e-01	6.3642804325e-01	3.8690799475e-01	1.8237666786e-01	4.3913984342e-01	7.1734067298e-01	0.0000000000e+00	1.8237666786e+00	1.0000000000e+00	0.0000000000e+00
1.5000000000e+01	0.0000000000e+00	1.0000000000e+00	1.0000000000e+00	2.1423645020e+00	3.8280944824e+00	4.0617880249e+02	5.2453686523e+02	-3.8211975098e+00	-5.4631347656e+00	5.4631347656e+00	9.2843322754e+00	4.6421661377e+00	5.6357946247e-02	1.5940194950e-02	5.6357946247e-02	1.5695929618e+01	3.8245296039e+01	3.8245296039e+01	5.1436761394e-01	8.1968175806e-01	5.1436761394e-01	4.0417751297e-02	6.3562778851e-01	1.4089731632e+00	1.0000000000e+00	1.1684947520e+00	1.0000000000e+00	0.0000000000e+00
1.6000000000e+01	0.0000000000e+00	1.0000000000e+00	1.0000000000e+00	9.1897888184e+00	1.1295257568e+01	4.1960949707e+02	5.2495660400e+02	9.6094970703e+00	-5.0433959961e+00	9.6094970703e+00	1.4652893066e+01	7.3264465332e+00	5.9699660540e-01	4.9486634135e-01	5.9699660540e-01	8.4742019709e+00	1.6628588589e+01	1.6628588589e+01	1.9676291943e-01	3.5913959146e-01	1.9676291943e-01	1.0213026404e-01	3.4317421073e-01	6.1260435897e-01	0.0000000000e+00	2.9849830270e+00	0.0000000000e+00	0.0000000000e+00
1.7000000000e+01	0.0000000000e+00	1.0000000000e+00	1.0000000000e+00	2.1423645020e+00	4.2478332520e+00	4.0659851074e+02	5.2453686523e+02	-3.4014892578e+00	-5.4631347656e+00	5.4631347656e+00	8.8646240234e+00	4.4323120117e+00	1.2353305519e-01	3.2721795142e-02	1.2353305519e-01	1.5939448643e+01	3.5386351342e+01	3.5386351342e+01	5.0058336556e-01	7.8643252701e-01	5.0058336556e-01	9.0811260045e-02	6.4548941910e-01	1.3036484103e+00	1.0000000000e+00	1.0128873740e+00	1.0000000000e+00	0.0000000000e+00
1.8000000000e+01	0.0000000000e+00	1.0000000000e+00	1.0000000000e+00	5.0296020508e+00	6.7522583008e+00	4.0701821899e+02	5.2957336426e+02	-2.9817810059e+00	-4.2663574219e-01	2.9817810059e+00	3.4084167480e+00	1.7042083740e+00	2.1691760421e-01	1.1314049363e-01	2.1691760421e-01	1.5808643738e+01	3.1521702636e+01	3.1521702636e+01	4.5763692260e-01	6.7993047833e-01	4.5763692260e-01	1.0377711058e-01	6.4019229846e-01	1.1612730890e+00	0.0000000000e+00	1.0925691860e+00	1.0000000000e+00	0.0000000000e+00
1.9000000000e+01	0.0000000000e+00	1.0000000000e+00	1.0000000000e+00	5.8321228027e+00	6.2587585449e+00	4.1793066406e+02	5.3838726807e+02	7.9306640625e+00	8.3872680664e+00	8.3872680664e+00	1.6317932129e+01	8.1589660645e+00	2.3050026596e-01	1.5317727625e-01	2.3050026596e-01	1.4245950570e+01	2.4696402161e+01	2.4696402161e+01	5.4845829308e-01	6.4708469808e-01	5.4845829308e-01	7.7322989702e-02	5.7690893607e-01	9.0982608255e-01	1.0000000000e+00	1.2088316112e+00	0.0000000000e+00	0.0000000000e+00
2.0000000000e+01	0.0000000000e+00	1.0000000000e+00	1.0000000000e+00	6.2518310547e+00	1.1281433105e+01	4.0659851074e+02	5.2789453125e+02	-3.4014892578e+00	-2.1054687500e+00	3.4014892578e+00	5.5069580078e+00	2.7534790039e+00	3.7779381871e-01	1.7820014060e-01	3.7779381871e-01	1.8812447526e+01	2.4860639967e+01	2.4860639967e+01	3.5855838656e-01	6.1111281812e-01	3.5855838656e-01	1.9959367812e-01	7.6183537443e-01	9.1587667400e-01	0.0000000000e+00	1.9959367812e+00	1.0000000000e+00	0.0000000000e+00
2.1000000000e+01	0.0000000000e+00	1.0000000000e+00	1.0000000000e+00	5.8321228027e+00	7.5178527832e+00	4.1877008057e+02	5.2621569824e+02	8.7700805664e+00	-3.7843017578e+00	8.7700805664e+00	1.2554382324e+01	6.2771911621e+00	3.4075060487e-01	2.7801433206e-01	3.4075060487e-01	1.1923814912e+01	1.7358102767e+01	1.7358102767e+01	4.7592982650e-01	5.4056772590e-01	4.7592982650e-01	6.2736272812e-02	4.8287092820e-01	6.3947997520e-01	0.0000000000e+00	1.7037530243e+00	0.0000000000e+00	0.0000000000e+00
2.2000000000e+01	0.0000000000e+00	1.0000000000e+00	1.0000000000e+00	7.5109558105e+00	1.0455841064e+01	4.1918978882e+02	5.2537628174e+02	9.1897888184e+00	-4.6237182617e+00	9.1897888184e+00	1.3813507080e+01	6.9067535400e+00	4.7756659985e-01	4.0112245083e-01	4.7756659985e-01	1.0589936762e+01	1.6514337091e+01	1.6514337091e+01	3.2256752253e-01	4.1918921471e-01	3.2256752253e-01	7.6444149017e-02	4.2885373778e-01	6.0839528462e-01	0.0000000000e+00	2.3878329992e+00	0.0000000000e+00	0.0000000000e+00
2.3000000000e+01	0.0000000000e+00	1.0000000000e+00	1.0000000000e+00	5.4493408203e+00	7.1719970703e+00	4.0701821899e+02	5.3838726807e+02	-2.9817810059e+00	8.3872680664e+00	8.3872680664e+00	1.1369049072e+01	5.6845245361e+00	2.7570408583e-01	8.2047097385e-02	2.7570408583e-01	1.7227495030e+01	2.5194879058e+01	2.5194879058e+01	4.3784129620e-01	7.0016873628e-01	4.3784129620e-01	1.9365698844e-01	6.9765059057e-01	9.2819018595e-01	0.0000000000e+00	1.9365698844e+00	0.0000000000e+00	0.0000000000e+00
2.4000000000e+01	0.0000000000e+00	1.0000000000e+00	1.0000000000e+00	5.4493408203e+00	6.7522888184e+00	4.0743792725e+02	5.2915368652e+02	-2.5620727539e+00	-8.4631347656e-01	2.5620727539e+00	3.4083862305e+00	1.7041931152e+00	2.8500524163e-01	1.2446740270e-01	2.8500524163e-01	1.9651361528e+01	2.9376818133e+01	2.9376818133e+01	4.1468676925e-01	6.6147008538e-01	4.1468676925e-01	1.6053783894e-01	7.9580832570e-01	1.0822546210e+00	0.0000000000e+00	1.6053783894e+00	1.0000000000e+00	0.0000000000e+00
2.5000000000e+01	0.0000000000e+00	1.0000000000e+00	1.0000000000e+00	5.8321228027e+00	8.3572692871e+00	4.0617880249e+02	5.2663543701e+02	-3.8211975098e+00	-3.3645629883e+00	3.8211975098e+00	7.1857604980e+00	3.5928802490e+00	4.9810925126e-01	3.5582762957e-01	4.9810925126e-01	9.7343455469e+00	1.7341978951e+01	1.7341978951e+01	2.6391038299e-01	4.2245143652e-01	2.6391038299e-01	1.4228162169e-01	3.9420542034e-01	6.3888596687e-01	0.0000000000e+00	2.4905462563e+00	1.0000000000e+00	0.0000000000e+00
2.6000000000e+01	0.0000000000e+00	1.0000000000e+00	1.0000000000e+00	7.5109558105e+00	1.3379974365e+01	4.0240142822e+02	5.2747485352e+02	-7.5985717773e+00	-2.5251464844e+00	7.5985717773e+00	1.0123718262e+01	5.0618591309e+00	8.2480514050e-01	1.4977397025e-01	8.2480514050e-01	3.0191405902e+01	3.0244773932e+01	3.0244773932e+01	3.0988395214e-02	7.7427540720e-01	3.0988395214e-02	6.7503117025e-01	1.2226416041e+00	1.1142304861e+00	0.0000000000e+00	1.6135072389e+01	0.0000000000e+00	0.0000000000e+00
2.7000000000e+01	0.0000000000e+00	1.0000000000e+00	1.0000000000e+00	7.5109558105e+00	1.3379974365e+01	4.0240142822e+02	5.2747485352e+02	-7.5985717773e+00	-2.5251464844e+00	7.5985717773e+00	1.0123718262e+01	5.0618591309e+00	8.2648938894e-01	1.2899810076e-01	8.2648938894e-01	3.0451780980e+01	2.9179127626e+01	3.0451780980e+01	3.0768752098e-02	7.9603701830e-01	3.0768752098e-02	6.9749128819e-01	1.2331858432e+00	1.0749716176e+00	0.0000000000e+00	1.6250252802e+01	0.0000000000e+00	0.0000000000e+00
2.8000000000e+01	0.0000000000e+00	1.0000000000e+00	1.0000000000e+00	7.0912475586e+00	8.7769775391e+00	4.1835037231e+02	5.2453686523e+02	8.3503723145e+00	-5.4631347656e+00	8.3503723145e+00	1.3813507080e+01	6.9067535400e+00	4.8598915339e-02	1.9064733759e-02	4.8598915339e-02	1.9833092175e+01	3.6196000285e+01	3.6196000285e+01	6.4054265618e-01	8.3832978271e-01	6.4054265618e-01	2.9534181580e-02	8.0316775277e-01	1.3334762258e+00	1.0000000000e+00	9.5278921650e-01	0.0000000000e+00	0.0000000000e+00
2.9000000000e+01	0.0000000000e+00	1.0000000000e+00	1.0000000000e+00	5.8321228027e+00	7.5178527832e+00	4.1793066406e+02	5.2663543701e+02	7.9306640625e+00	-3.3645629883e+00	7.9306640625e+00	1.1295227051e+01	5.6476135254e+00	2.7728584409e-01	2.1163909137e-01	2.7728584409e-01	1.2350040054e+01	1.7878112389e+01	1.7878112389e+01	5.3514626622e-01	6.1234284937e-01	5.3514626622e-01	6.5646752715e-02	5.0013148878e-01	6.5863735344e-01	1.0000000000e+00	1.4281957463e+00	0.0000000000e+00	0.0000000000e+00
3.0000000000e+01	0.0000000000e+00	1.0000000000e+00	1.0000000000e+00	6.2518310547e+00	1.1281433105e+01	4.3220080566e+02	5.2621569824e+02	2.2200805664e+01	-3.7843017578e+00	2.2200805664e+01	2.5985107422e+01	1.2992553711e+01	1.8413811922e-01	1.6668149829e-01	1.8413811922e-01	1.4919896733e+01	1.9384824429e+01	1.9384824429e+01	6.5707141161e-01	6.9579502940e-01	6.5707141161e-01	1.7456620932e-02	6.0420129272e-01	7.1414527331e-01	1.0000000000e+00	1.1308534494e+00	0.0000000000e+00	0.0000000000e+00
3.1000000000e+01	0.0000000000e+00	1.0000000000e+00	1.0000000000e+00	2.1423645020e+00	3.8280944824e+00	4.0659851074e+02	5.2453686523e+02	-3.4014892578e+00	-5.4631347656e+00	5.4631347656e+00	8.8646240234e+00	4.4323120117e+00	3.2174035907e-02	1.1441840790e-02	3.2174035907e-02	1.7598544267e+01	4.6636096536e+01	4.6636096536e+01	4.8858638108e-01	8.3862249646e-01	4.8858638108e-01	2.0732195117e-02	7.1267672867e-01	1.7180938641e+00	0.0000000000e+00	2.0516967545e+00	1.0000000000e+00	0.0000000000e+00
3.2000000000e+01	0.0000000000e+00	1.0000000000e+00	1.0000000000e+00	6.2518310547e+00	9.6026000977e+00	4.1793066406e+02	5.3838726807e+02	7.9306640625e+00	8.3872680664e+00	8.3872680664e+00	1.6317932129e+01	8.1589660645e+00	2.1489325166e-01	1.2987151742e-01	2.1489325166e-01	1.4570301582e+01	2.4183923854e+01	2.4183923854e+01	5.6211802363e-01	6.7005524039e-01	5.6211802363e-01	8.5021734238e-02	5.9004396668e-01	8.9094616120e-01	1.0000000000e+00	1.1713029523e+00	0.0000000000e+00	0.0000000000e+00
3.3000000000e+01	0.0000000000e+00	1.0000000000e+00	1.0000000000e+00	8.3503723145e+00	1.4219390869e+01	4.0240142822e+02	5.2747485352e+02	-7.5985717773e+00	-2.5251464844e+00	7.5985717773e+00	1.0123718262e+01	5.0618591309e+00	8.2161182165e-01	2.0919372141e-01	8.2161182165e-01	2.9739037019e+01	2.9322286999e+01	2.9739037019e+01	3.2511115074e-02	7.1106050909e-01	3.2511115074e-02	6.1241810024e-01	1.2043223175e+00	1.0802456705e+00	0.0000000000e+00	1.5379355610e+01	0.0000000000e+00	0.0000000000e+00
3.4000000000e+01	0.0000000000e+00	1.0000000000e+00	1.0000000000e+00	6.2518310547e+00	6.6784667969e+00	4.0240142822e+02	5.2705511475e+02	-7.5985717773e+00	-2.9448852539e+00	7.5985717773e+00	1.0543457031e+01	5.2717285156e+00	8.3165305853e-01	1.0847597569e-01	8.3165305853e-01	3.0585379006e+01	2.1540566759e+01	3.0585379006e+01	3.1251549721e-02	8.2221115381e-01	3.1251549721e-02	7.2317708284e-01	1.2385960750e+00	7.9356374839e-01	0.0000000000e+00	1.5999206582e+01	0.0000000000e+00	0.0000000000e+00
3.5000000000e+01	0.0000000000e+00	1.0000000000e+00	1.0000000000e+00	7.5109558105e+00	1.4219390869e+01	4.0491967773e+02	5.4048583984e+02	-5.0803222656e+00	1.0485839844e+01	1.0485839844e+01	1.5566162109e+01	7.7830810547e+00	8.2491934299e-01	1.4063839614e-01	8.2491934299e-01	2.7771925273e+01	3.4478560390e+01	3.4478560390e+01	2.8011500835e-02	7.7812446654e-01	2.8011500835e-02	6.8428094685e-01	1.1246614806e+00	1.2702050010e+00	0.0000000000e+00	1.7849811152e+01	0.0000000000e+00	0.0000000000e+00
3.6000000000e+01	0.0000000000e+00	1.0000000000e+00	1.0000000000e+00	5.4493408203e+00	7.1719970703e+00	4.0701821899e+02	5.3838726807e+02	-2.9817810059e+00	8.3872680664e+00	8.3872680664e+00	1.1369049072e+01	5.6845245361e+00	2.6571401954e-01	8.2645721734e-02	2.6571401954e-01	1.5215902730e+01	2.4587620995e+01	2.4587620995e+01	4.4624057412e-01	6.9973485917e-01	4.4624057412e-01	1.8306829780e-01	6.1618845384e-01	9.0581853760e-01	0.0000000000e+00	1.8306829780e+00	0.0000000000e+00	0.0000000000e+00
3.7000000000e+01	0.0000000000e+00	1.0000000000e+00	1.0000000000e+00	2.1423645020e+00	4.2478332520e+00	4.0617880249e+02	5.3754785156e+02	-3.8211975098e+00	7.5478515625e+00	7.5478515625e+00	1.1369049072e+01	5.6845245361e+00	1.9858379662e-01	4.0182005614e-02	1.9858379662e-01	1.6650215715e+01	2.9358671186e+01	2.9358671186e+01	4.7435472906e-01	7.5338225439e-01	4.7435472906e-01	1.5840179101e-01	6.7427288802e-01	1.0815860796e+00	0.0000000000e+00	1.5840179101e+00	0.0000000000e+00	0.0000000000e+00
3.8000000000e+01	0.0000000000e+00	1.0000000000e+00	1.0000000000e+00	6.2518310547e+00	9.1967163086e+00	4.1960949707e+02	5.4006610107e+02	9.6094970703e+00	1.0066101074e+01	1.0066101074e+01	1.9675598145e+01	9.8377990723e+00	6.1297500134e-01	5.1080691814e-01	6.1297500134e-01	1.0130785155e+01	2.2476246682e+01	2.2476246682e+01	1.6726553440e-01	3.0807566643e-01	1.6726553440e-01	1.0216808319e-01	4.1025977568e-01	8.2803459937e-01	0.0000000000e+00	3.0648750067e+00	0.0000000000e+00	0.0000000000e+00
3.9000000000e+01	0.0000000000e+00	1.0000000000e+00	1.0000000000e+00	2.1423645020e+00	3.8280944824e+00	4.0617880249e+02	5.2537628174e+02	-3.8211975098e+00	-4.6237182617e+00	4.6237182617e+00	8.4449157715e+00	4.2224578857e+00	9.8641060293e-02	4.0807913989e-02	9.8641060293e-02	1.4416703606e+01	3.5538816171e+01	3.5538816171e+01	5.1664296538e-01	7.8346585110e-01	5.1664296538e-01	5.7833146304e-02	5.8382380997e-01	1.3092652802e+00	1.0000000000e+00	1.1890748286e+00	1.0000000000e+00	0.0000000000e+00
4.0000000000e+01	0.0000000000e+00	1.0000000000e+00	1.0000000000e+00	7.0912475586e+00	1.0036132812e+01	4.1960949707e+02	5.2495660400e+02	9.6094970703e+00	-5.0433959961e+00	9.6094970703e+00	1.4652893066e+01	7.3264465332e+00	5.4663944244e-01	4.6964344382e-01	5.4663944244e-01	1.0060988357e+01	1.7028073788e+01	1.7028073788e+01	2.5255149603e-01	3.5620209575e-01	2.5255149603e-01	7.6995998621e-02	4.0743326043e-01	6.2732156561e-01	0.0000000000e+00	2.7331972122e+00	0.0000000000e+00	0.0000000000e+00
4.1000000000e+01	0.0000000000e+00	1.0000000000e+00	1.0000000000e+00	5.8321228027e+00	7.5178527832e+00	4.0617880249e+02	5.2663543701e+02	-3.8211975098e+00	-3.3645629883e+00	3.8211975098e+00	7.1857604980e+00	3.5928802490e+00	4.6957325935e-01	2.0111793280e-01	4.6957325935e-01	1.9175489929e+01	1.7605011279e+01	1.9175489929e+01	2.8163117170e-01	5.8420312405e-01	2.8163117170e-01	2.6845532656e-01	7.7653726503e-01	6.4857619104e-01	0.0000000000e+00	2.6845532656e+00	1.0000000000e+00	0.0000000000e+00
4.2000000000e+01	0.0000000000e+00	1.0000000000e+00	1.0000000000e+00	2.1423645020e+00	3.4084167480e+00	4.0701821899e+02	5.2453686523e+02	-2.9817810059e+00	-5.4631347656e+00	5.4631347656e+00	8.4449157715e+00	4.2224578857e+00	2.1200388670e-01	2.4731021374e-02	2.1200388670e-01	2.3101927377e+01	3.3055099500e+01	3.3055099500e+01	4.4817817211e-01	8.0411281064e-01	4.4817817211e-01	1.8727286533e-01	9.3554363245e-01	1.2177640893e+00	0.0000000000e+00	1.8727286533e+00	1.0000000000e+00	0.0000000000e+00
4.3000000000e+01	0.0000000000e+00	1.0000000000e+00	1.0000000000e+00	5.4493408203e+00	7.1719970703e+00	4.0659851074e+02	5.3754785156e+02	-3.4014892578e+00	7.5478515625e+00	7.5478515625e+00	1.0949340820e+01	5.4746704102e+00	2.3135881126e-01	7.9960010946e-02	2.3135881126e-01	1.3270948859e+01	2.4040133129e+01	2.4040133129e+01	4.7135014832e-01	7.0538679510e-01	4.7135014832e-01	1.5139880031e-01	5.3742492990e-01	8.8564884904e-01	0.0000000000e+00	1.5139880031e+00	0.0000000000e+00	0.0000000000e+00
4.4000000000e+01	0.0000000000e+00	1.0000000000e+00	1.0000000000e+00	2.9448852539e+00	5.0872497559e+00	4.1960949707e+02	5.2495660400e+02	9.6094970703e+00	-5.0433959961e+00	9.6094970703e+00	1.4652893066e+01	7.3264465332e+00	5.8254414797e-01	5.0098991394e-01	5.8254414797e-01	8.5259820923e+00	1.6927854472e+01	1.6927854472e+01	2.0930665731e-01	3.4673041105e-01	2.0930665731e-01	8.1554234028e-02	3.4527111641e-01	6.2362944287e-01	0.0000000000e+00	2.9127207398e+00	0.0000000000e+00	0.0000000000e+00
4.5000000000e+01	0.0000000000e+00	1.0000000000e+00	1.0000000000e+00	7.5109558105e+00	8.3572692871e+00	4.0408026123e+02	5.2579602051e+02	-5.9197387695e+00	-4.2039794922e+00	5.9197387695e+00	1.0123718262e+01	5.0618591309e+00	8.2336896658e-01	4.3885779381e-01	8.2336896658e-01	2.9849596592e+01	3.0428423010e+01	3.0428423010e+01	3.5962283611e-02	4.8233020306e-01	3.5962283611e-02	3.8451117277e-01	1.2087995762e+00	1.1209961972e+00	0.0000000000e+00	1.3903455226e+01	0.0000000000e+00	0.0000000000e+00
4.6000000000e+01	0.0000000000e+00	1.0000000000e+00	1.0000000000e+00	4.6099243164e+00	6.7522888184e+00	4.0701821899e+02	5.2831427002e+02	-2.9817810059e+00	-1.6857299805e+00	2.9817810059e+00	4.6675109863e+00	2.3337554932e+00	2.2900792956e-01	1.1795281619e-01	2.2900792956e-01	1.4623916600e+01	2.9152410194e+01	2.9152410194e+01	4.5648100972e-01	6.7135060579e-01	4.5648100972e-01	1.1105511338e-01	5.9221517896e-01	1.0739873360e+00	0.0000000000e+00	1.1650994887e+00	1.0000000000e+00	0.0000000000e+00
4.7000000000e+01	0.0000000000e+00	1.0000000000e+00	1.0000000000e+00	6.2518310547e+00	9.1967163086e+00	4.0617880249e+02	5.2663543701e+02	-3.8211975098e+00	-3.3645629883e+00	3.8211975098e+00	7.1857604980e+00	3.5928802490e+00	5.3621435165e-01	3.6614051461e-01	5.3621435165e-01	1.0213062791e+01	1.6754695457e+01	1.6754695457e+01	2.3333132267e-01	4.0832719207e-01	2.3333132267e-01	1.7007383704e-01	4.1359171923e-01	6.1725019024e-01	0.0000000000e+00	2.6810717583e+00	1.0000000000e+00	0.0000000000e+00
4.8000000000e+01	0.0000000000e+00	1.0000000000e+00	1.0000000000e+00	1.3029479980e+00	2.1492614746e+00	4.1960949707e+02	5.2495660400e+02	9.6094970703e+00	-5.0433959961e+00	9.6094970703e+00	1.4652893066e+01	7.3264465332e+00	6.1065870523e-01	5.2255845070e-01	6.1065870523e-01	8.2097875405e+00	1.7416910741e+01	1.7416910741e+01	1.8070346117e-01	3.3277696371e-01	1.8070346117e-01	8.8100254536e-02	3.3246639260e-01	6.4164648626e-01	0.0000000000e+00	3.0532935262e+00	0.0000000000e+00	0.0000000000e+00
4.9000000000e+01	0.0000000000e+00	1.0000000000e+00	1.0000000000e+00	1.6857299805e+00	2.9886779785e+00	4.1918978882e+02	5.2579602051e+02	9.1897888184e+00	-4.2039794922e+00	9.1897888184e+00	1.3393768311e+01	6.6968841553e+00	4.7330191731e-01	4.2187348008e-01	4.7330191731e-01	1.0303257000e+01	1.7428106103e+01	1.7428106103e+01	3.3810558915e-01	4.1083511710e-01	3.3810558915e-01	5.1428437233e-02	4.1724425508e-01	6.4205892823e-01	0.0000000000e+00	2.3665095866e+00	0.0000000000e+00	0.0000000000e+00
5.0000000000e+01	0.0000000000e+00	1.0000000000e+00	1.0000000000e+00	2.9448852539e+00	5.0872497559e+00	4.0659851074e+02	5.2453686523e+02	-3.4014892578e+00	-5.4631347656e+00	5.4631347656e+00	8.8646240234e+00	4.4323120117e+00	1.4587703347e-01	2.3614386097e-02	1.4587703347e-01	1.9239214265e+01	3.3375382755e+01	3.3375382755e+01	4.8933330178e-01	8.0005063675e-01	4.8933330178e-01	1.2226264738e-01	7.7911786775e-01	1.2295634622e+00	0.0000000000e+00	1.2226264738e+00	1.0000000000e+00	0.0000000000e+00
5.1000000000e+01	0.0000000000e+00	1.0000000000e+00	1.0000000000e+00	2.1423645020e+00	3.8280944824e+00	4.0617880249e+02	5.3754785156e+02	-3.8211975098e+00	7.5478515625e+00	7.5478515625e+00	1.1369049072e+01	5.6845245361e+00	2.4220238626e-01	4.0197815746e-02	2.4220238626e-01	2.1124847904e+01	2.9057603321e+01	2.9057603321e+01	4.4380094111e-01	7.5094476715e-01	4.4380094111e-01	2.0200457051e-01	8.5547913906e-01	1.0704946099e+00	0.0000000000e+00	2.0200457051e+00	0.0000000000e+00	0.0000000000e+00
5.2000000000e+01	0.0000000000e+00	1.0000000000e+00	1.0000000000e+00	6.2518310547e+00	1.0861755371e+01	4.0701821899e+02	5.3796759033e+02	-2.9817810059e+00	7.9675903320e+00	7.9675903320e+00	1.0949371338e+01	5.4746856689e+00	2.9179894924e-01	5.9730146080e-02	2.9179894924e-01	2.0697681957e+01	2.5198794672e+01	2.5198794672e+01	4.1861903667e-01	7.2128513083e-01	4.1861903667e-01	2.3206880316e-01	8.3818047926e-01	9.2833443886e-01	0.0000000000e+00	2.3206880316e+00	0.0000000000e+00	0.0000000000e+00
5.3000000000e+01	0.0000000000e+00	1.0000000000e+00	1.0000000000e+00	6.2518310547e+00	7.9375610352e+00	4.1793066406e+02	5.2747485352e+02	7.9306640625e+00	-2.5251464844e+00	7.9306640625e+00	1.0455810547e+01	5.2279052734e+00	2.6109516621e-01	2.1928304434e-01	2.6109516621e-01	1.2447929611e+01	1.9821174327e+01	1.9821174327e+01	5.5292087793e-01	6.0709774494e-01	5.5292087793e-01	4.1812121868e-02	5.0409565810e-01	7.3022059133e-01	1.0000000000e+00	1.4168695483e+00	0.0000000000e+00	0.0000000000e+00
5.4000000000e+01	0.0000000000e+00	1.0000000000e+00	1.0000000000e+00	7.5109558105e+00	9.1966857910e+00	4.1877008057e+02	5.2537628174e+02	8.7700805664e+00	-4.6237182617e+00	8.7700805664e+00	1.3393798828e+01	6.6968994141e+00	4.0578293800e-01	3.3791148663e-01	4.0578293800e-01	1.1436265607e+01	1.6467065355e+01	1.6467065355e+01	4.0115350485e-01	4.7508883476e-01	4.0115350485e-01	6.7871451378e-02	4.6312696308e-01	6.0665377353e-01	0.0000000000e+00	2.0289146900e+00	0.0000000000e+00	0.0000000000e+00
5.5000000000e+01	0.0000000000e+00	1.0000000000e+00	1.0000000000e+00	6.2887573242e+00	1.2540588379e+01	4.1751095581e+02	5.2663543701e+02	7.5109558105e+00	-3.3645629883e+00	7.5109558105e+00	1.0875518799e+01	5.4377593994e+00	3.4723427892e-01	1.0028342158e-01	3.4723427892e-01	1.9682223397e+01	2.2430022167e+01	2.2430022167e+01	3.9507350326e-01	6.8774469942e-01	3.9507350326e-01	2.4695085734e-01	7.9705811863e-01	8.2633166837e-01	0.0000000000e+00	2.4695085734e+00	0.0000000000e+00	0.0000000000e+00
5.6000000000e+01	0.0000000000e+00	1.0000000000e+00	1.0000000000e+00	6.2518310547e+00	7.9375610352e+00	4.1877008057e+02	5.2663543701e+02	8.7700805664e+00	-3.3645629883e+00	8.7700805664e+00	1.2134643555e+01	6.0673217773e+00	3.4915715456e-01	2.6743885875e-01	3.4915715456e-01	1.1792301747e+01	1.7168995799e+01	1.7168995799e+01	4.6051675081e-01	5.4506275058e-01	4.6051675081e-01	8.1718295813e-02	4.7754512560e-01	6.3251319312e-01	0.0000000000e+00	1.7457857728e+00	0.0000000000e+00	0.0000000000e+00
5.7000000000e+01	0.0000000000e+00	1.0000000000e+00	1.0000000000e+00	7.0912475586e+00	1.0036132812e+01	4.1877008057e+02	5.2663543701e+02	8.7700805664e+00	-3.3645629883e+00	8.7700805664e+00	1.2134643555e+01	6.0673217773e+00	5.1911067963e-01	3.8143387437e-01	5.1911067963e-01	1.1138746013e+01	1.7106910952e+01	1.7106910952e+01	2.6299709082e-01	4.2464777827e-01	2.6299709082e-01	1.3767680526e-01	4.5107850681e-01	6.3022596063e-01	0.0000000000e+00	2.5955533981e+00	0.0000000000e+00	0.0000000000e+00
5.8000000000e+01	0.0000000000e+00	1.0000000000e+00	1.0000000000e+00	6.2518310547e+00	9.1967163086e+00	4.0617880249e+02	5.2663543701e+02	-3.8211975098e+00	-3.3645629883e+00	3.8211975098e+00	7.1857604980e+00	3.5928802490e+00	5.7926958799e-01	4.3061825633e-01	5.7926958799e-01	1.0029091124e+01	1.7954528363e+01	1.7954528363e+01	1.9297862053e-01	3.4554091096e-01	1.9297862053e-01	1.4865133166e-01	4.0614153908e-01	6.6145255080e-01	0.0000000000e+00	2.8963479400e+00	1.0000000000e+00	0.0000000000e+00
5.9000000000e+01	0.0000000000e+00	1.0000000000e+00	1.0000000000e+00	7.0912475586e+00	8.7769775391e+00	4.1835037231e+02	5.2453686523e+02	8.3503723145e+00	-5.4631347656e+00	8.3503723145e+00	1.3813507080e+01	6.9067535400e+00	3.8912739605e-02	1.5783317387e-02	3.8912739605e-02	2.0714979092e+01	3.8260475930e+01	3.8260475930e+01	6.3989594951e-01	8.4301929921e-01	6.3989594951e-01	2.3129422218e-02	8.3888095005e-01	1.4095323969e+00	1.0000000000e+00	1.1700925625e+00	0.0000000000e+00	0.0000000000e+00
6.0000000000e+01	0.0000000000e+00	1.0000000000e+00	1.0000000000e+00	2.9448852539e+00	4.2478332520e+00	4.0617880249e+02	5.2663543701e+02	-3.8211975098e+00	-3.3645629883e+00	3.8211975098e+00	7.1857604980e+00	3.5928802490e+00	4.7026333213e-01	3.4098869562e-01	4.7026333213e-01	9.6925699236e+00	1.8107174866e+01	1.8107174866e+01	2.8721889853e-01	4.4099730253e-01	2.8721889853e-01	1.2927463651e-01	3.9251366027e-01	6.6707611365e-01	0.0000000000e+00	2.3513166606e+00	1.0000000000e+00	0.0000000000e+00
6.1000000000e+01	0.0000000000e+00	1.0000000000e+00	1.0000000000e+00	7.5109558105e+00	1.3379974365e+01	4.0491967773e+02	5.2579602051e+02	-5.0803222656e+00	-4.2039794922e+00	5.0803222656e+00	9.2843017578e+00	4.6421508789e+00	8.3778619766e-01	6.8818554282e-02	8.3778619766e-01	2.8857099335e+01	3.3496489057e+01	3.3496489057e+01	2.9353260994e-02	8.5193319619e-01	2.9353260994e-02	7.6896764338e-01	1.1686070644e+00	1.2340250705e+00	0.0000000000e+00	1.7033882542e+01	1.0000000000e+00	0.0000000000e+00
6.2000000000e+01	0.0000000000e+00	1.0000000000e+00	1.0000000000e+00	7.9306640625e+00	1.3799682617e+01	4.0114230347e+02	5.2537628174e+02	-8.8576965332e+00	-4.6237182617e+00	8.8576965332e+00	1.3481414795e+01	6.7407073975e+00	8.3258956671e-01	2.8734778985e-02	8.3258956671e-01	2.7210007295e+01	4.2889592087e+01	4.2889592087e+01	2.9700338840e-02	8.8851674832e-01	2.9700338840e-02	8.0385478772e-01	1.1019058561e+00	1.5800710280e+00	0.0000000000e+00	1.6834824770e+01	0.0000000000e+00	0.0000000000e+00
6.3000000000e+01	0.0000000000e+00	1.0000000000e+00	1.0000000000e+00	5.0296020508e+00	6.7522583008e+00	4.0659851074e+02	5.3670843506e+02	-3.4014892578e+00	6.7084350586e+00	6.7084350586e+00	1.0109924316e+01	5.0549621582e+00	2.2004660964e-01	1.4328920841e-01	2.2004660964e-01	1.2226765316e+01	2.7006334980e+01	2.7006334980e+01	4.7929969430e-01	6.5722274780e-01	4.7929969430e-01	7.6757401228e-02	4.9513931240e-01	9.9492500159e-01	0.0000000000e+00	1.4424591074e+00	0.0000000000e+00	0.0000000000e+00
6.4000000000e+01	0.0000000000e+00	1.0000000000e+00	1.0000000000e+00	6.2518310547e+00	7.9375610352e+00	4.1793066406e+02	5.2621569824e+02	7.9306640625e+00	-3.7843017578e+00	7.9306640625e+00	1.1714965820e+01	5.8574829102e+00	2.4680119753e-01	1.9402307272e-01	2.4680119753e-01	1.3081220091e+01	1.8712595497e+01	1.8712595497e+01	5.6235390902e-01	6.3653135300e-01	5.6235390902e-01	5.2778124809e-02	5.2974160817e-01	6.8938007020e-01	1.0000000000e+00	1.3435954052e+00	0.0000000000e+00	0.0000000000e+00
6.5000000000e+01	0.0000000000e+00	1.0000000000e+00	1.0000000000e+00	7.5109558105e+00	1.2540557861e+01	4.0408026123e+02	5.3922668457e+02	-5.9197387695e+00	9.2266845703e+00	9.2266845703e+00	1.5146423340e+01	7.5732116699e+00	8.1976103783e-01	2.8935471177e-01	8.1976103783e-01	2.9189023434e+01	3.2541367713e+01	3.2541367713e+01	3.4080505371e-02	6.2952056527e-01	3.4080505371e-02	5.3040632606e-01	1.1820487774e+00	1.1988379892e+00	0.0000000000e+00	1.4671143944e+01	0.0000000000e+00	0.0000000000e+00
6.6000000000e+01	0.0000000000e+00	1.0000000000e+00	1.0000000000e+00	2.9448852539e+00	5.0872497559e+00	4.0617880249e+02	5.2453686523e+02	-3.8211975098e+00	-5.4631347656e+00	5.4631347656e+00	9.2843322754e+00	4.6421661377e+00	1.2322991341e-01	3.7460431457e-02	1.2322991341e-01	1.4442566604e+01	3.3347054312e+01	3.3347054312e+01	5.0703848153e-01	7.7752132714e-01	5.0703848153e-01	8.5769481957e-02	5.8487116687e-01	1.2285198302e+00	1.0000000000e+00	1.1860823804e+00	1.0000000000e+00	0.0000000000e+00
6.7000000000e+01	0.0000000000e+00	1.0000000000e+00	1.0000000000e+00	8.7700805664e+00	1.0455810547e+01	4.1918978882e+02	5.2495660400e+02	9.1897888184e+00	-5.0433959961e+00	9.1897888184e+00	1.4233184814e+01	7.1165924072e+00	4.7112718225e-01	4.2177683115e-01	4.7112718225e-01	1.0493034055e+01	1.6248624697e+01	1.6248624697e+01	3.4181275964e-01	4.0524858236e-01	3.4181275964e-01	4.9350351095e-02	4.2492953226e-01	5.9860632569e-01	0.0000000000e+00	2.3556359112e+00	0.0000000000e+00	0.0000000000e+00
6.8000000000e+01	0.0000000000e+00	1.0000000000e+00	1.0000000000e+00	2.1423645020e+00	4.2478332520e+00	4.0617880249e+02	5.2453686523e+02	-3.8211975098e+00	-5.4631347656e+00	5.4631347656e+00	9.2843322754e+00	4.6421661377e+00	7.5752697885e-02	2.0021673292e-02	7.5752697885e-02	1.5191707635e+01	3.5765933067e+01	3.5765933067e+01	5.1852677017e-01	8.1041396037e-01	5.1852677017e-01	5.5731024593e-02	6.1520864089e-01	1.3176323644e+00	1.0000000000e+00	1.0994038832e+00	1.0000000000e+00	0.0000000000e+00
6.9000000000e+01	0.0000000000e+00	1.0000000000e+00	1.0000000000e+00	2.9448852539e+00	5.0872497559e+00	4.0617880249e+02	5.2663543701e+02	-3.8211975098e+00	-3.3645629883e+00	3.8211975098e+00	7.1857604980e+00	3.5928802490e+00	1.5015463531e-01	7.8113131225e-02	1.5015463531e-01	1.4475181945e+01	3.4092612232e+01	3.4092612232e+01	4.9091161788e-01	7.3199773580e-01	4.9091161788e-01	7.2041504085e-02	5.8619196900e-01	1.2559865048e+00	1.0000000000e+00	1.1823086600e+00	1.0000000000e+00	0.0000000000e+00
7.0000000000e+01	0.0000000000e+00	1.0000000000e+00	1.0000000000e+00	4.6099243164e+00	6.3325805664e+00	4.0659851074e+02	5.3670843506e+02	-3.4014892578e+00	6.7084350586e+00	6.7084350586e+00	1.0109924316e+01	5.0549621582e+00	2.1582327783e-01	1.3421672583e-01	2.1582327783e-01	1.2284148504e+01	2.6894067404e+01	2.6894067404e+01	4.8229147494e-01	6.6660654545e-01	4.8229147494e-01	8.1606552005e-02	4.9746312181e-01	9.9078901580e-01	0.0000000000e+00	1.4358196520e+00	0.0000000000e+00	0.0000000000e+00
7.1000000000e+01	0.0000000000e+00	1.0000000000e+00	1.0000000000e+00	7.0912475586e+00	8.7769775391e+00	4.1877008057e+02	5.2537628174e+02	8.7700805664e+00	-4.6237182617e+00	8.7700805664e+00	1.3393798828e+01	6.6968994141e+00	3.6526486278e-01	2.7484887838e-01	3.6526486278e-01	1.1956764496e+01	1.6541654582e+01	1.6541654582e+01	4.4090446830e-01	5.3149867058e-01	4.4090446830e-01	9.0415984392e-02	4.8420526591e-01	6.0940167273e-01	0.0000000000e+00	1.8263243139e+00	0.0000000000e+00	0.0000000000e+00
7.2000000000e+01	0.0000000000e+00	1.0000000000e+00	1.0000000000e+00	6.2518310547e+00	7.0981445312e+00	4.0701821899e+02	5.3754785156e+02	-2.9817810059e+00	7.5478515625e+00	7.5478515625e+00	1.0529632568e+01	5.2648162842e+00	2.9519036412e-01	4.8877626657e-02	2.9519036412e-01	2.2457154800e+01	2.7203215853e+01	2.7203215853e+01	4.0985551476e-01	7.3763182759e-01	4.0985551476e-01	2.4631273746e-01	9.0943269940e-01	1.0021781777e+00	0.0000000000e+00	2.4631273746e+00	0.0000000000e+00	0.0000000000e+00
7.3000000000e+01	0.0000000000e+00	1.0000000000e+00	1.0000000000e+00	4.6099243164e+00	6.7522888184e+00	4.0743792725e+02	5.2747485352e+02	-2.5620727539e+00	-2.5251464844e+00	2.5620727539e+00	5.0872192383e+00	2.5436096191e+00	2.3191075027e-01	1.0204498470e-01	2.3191075027e-01	1.5547619855e+01	2.8878623914e+01	2.8878623914e+01	4.5125551522e-01	6.8738485873e-01	4.5125551522e-01	1.2986576557e-01	6.2962178513e-01	1.0639009316e+00	0.0000000000e+00	1.2986576557e+00	1.0000000000e+00	0.0000000000e+00
7.4000000000e+01	0.0000000000e+00	1.0000000000e+00	1.0000000000e+00	1.6857299805e+00	2.9886779785e+00	4.1877008057e+02	5.2579602051e+02	8.7700805664e+00	-4.2039794922e+00	8.7700805664e+00	1.2974060059e+01	6.4870300293e+00	4.1671842337e-01	3.5401323438e-01	4.1671842337e-01	1.1008885083e+01	1.6849391600e+01	1.6849391600e+01	3.9084005356e-01	4.6785649657e-01	3.9084005356e-01	6.2705188990e-02	4.4581961373e-01	6.2073883691e-01	0.0000000000e+00	2.0835921168e+00	0.0000000000e+00	0.0000000000e+00
7.5000000000e+01	0.0000000000e+00	1.0000000000e+00	1.0000000000e+00	7.9306640625e+00	8.7769775391e+00	4.1960949707e+02	5.2495660400e+02	9.6094970703e+00	-5.0433959961e+00	9.6094970703e+00	1.4652893066e+01	7.3264465332e+00	6.1335480213e-01	5.2834439278e-01	6.1335480213e-01	8.1676452080e+00	1.7962242859e+01	1.7962242859e+01	1.7739927769e-01	3.2763278484e-01	1.7739927769e-01	8.5010409355e-02	3.3075978215e-01	6.6173675615e-01	0.0000000000e+00	3.0667740107e+00	0.0000000000e+00	0.0000000000e+00
7.6000000000e+01	0.0000000000e+00	1.0000000000e+00	1.0000000000e+00	6.2518310547e+00	1.0036132812e+01	4.0659851074e+02	5.2495660400e+02	-3.4014892578e+00	-5.0433959961e+00	5.0433959961e+00	8.4448852539e+00	4.2224426270e+00	5.9567588568e-01	5.0674581528e-01	5.9567588568e-01	9.1999952783e+00	1.7070311966e+01	1.7070311966e+01	1.8184596300e-01	2.7270263433e-01	1.8184596300e-01	8.8930070400e-02	3.7256618726e-01	6.2887763825e-01	0.0000000000e+00	2.9783794284e+00	1.0000000000e+00	0.0000000000e+00
7.7000000000e+01	0.0000000000e+00	1.0000000000e+00	1.0000000000e+00	2.9448852539e+00	4.2478332520e+00	4.1960949707e+02	5.2495660400e+02	9.6094970703e+00	-5.0433959961e+00	9.6094970703e+00	1.4652893066e+01	7.3264465332e+00	5.7393705845e-01	4.9282762408e-01	5.7393705845e-01	8.6369259634e+00	1.6986266622e+01	1.6986266622e+01	2.1784663200e-01	3.5453525186e-01	2.1784663200e-01	8.1109434366e-02	3.4976393775e-01	6.2578137160e-01	0.0000000000e+00	2.8696852922e+00	0.0000000000e+00	0.0000000000e+00
7.8000000000e+01	0.0000000000e+00	1.0000000000e+00	1.0000000000e+00	2.1423645020e+00	4.2478332520e+00	4.0617880249e+02	5.2453686523e+02	-3.8211975098e+00	-5.4631347656e+00	5.4631347656e+00	9.2843322754e+00	4.6421661377e+00	7.3602437973e-02	2.0640220493e-02	7.3602437973e-02	1.4987457262e+01	3.5432870892e+01	3.5432870892e+01	5.1980692148e-01	8.0947587267e-01	5.1980692148e-01	5.2962217480e-02	6.0693724723e-01	1.3053622106e+00	1.0000000000e+00	1.1230364365e+00	1.0000000000e+00	0.0000000000e+00
7.9000000000e+01	0.0000000000e+00	1.0000000000e+00	1.0000000000e+00	5.8321228027e+00	1.0861724854e+01	4.0785763550e+02	5.2663543701e+02	-2.1423645020e+00	-3.3645629883e+00	3.3645629883e+00	5.5069274902e+00	2.7534637451e+00	2.9235810041e-01	9.1588072479e-02	2.9235810041e-01	2.0690107786e+01	2.8813076765e+01	2.8813076765e+01	4.0439260006e-01	6.9922066480e-01	4.0439260006e-01	2.0077002794e-01	8.3787375305e-01	1.0614861464e+00	0.0000000000e+00	2.0077002794e+00	1.0000000000e+00	0.0000000000e+00
8.0000000000e+01	0.0000000000e+00	1.0000000000e+00	1.0000000000e+00	2.1423645020e+00	3.8280944824e+00	4.1793066406e+02	5.2663543701e+02	7.9306640625e+00	-3.3645629883e+00	7.9306640625e+00	1.1295227051e+01	5.6476135254e+00	2.5943979621e-01	1.7959704995e-01	2.5943979621e-01	1.2607416427e+01	1.8287579557e+01	1.8287579557e+01	5.4336324334e-01	6.4117285609e-01	5.4336324334e-01	7.9842746258e-02	5.1055429129e-01	6.7372230008e-01	1.0000000000e+00	1.3984163106e+00	0.0000000000e+00	0.0000000000e+00
8.1000000000e+01	0.0000000000e+00	1.0000000000e+00	1.0000000000e+00	6.2518310547e+00	7.9375610352e+00	4.1877008057e+02	5.2621569824e+02	8.7700805664e+00	-3.7843017578e+00	8.7700805664e+00	1.2554382324e+01	6.2771911621e+00	3.3208638430e-01	2.7308699489e-01	3.3208638430e-01	1.2015500107e+01	1.7421337407e+01	1.7421337407e+01	4.8720794916e-01	5.4656758904e-01	4.8720794916e-01	5.8999389410e-02	4.8658384350e-01	6.4180956656e-01	0.0000000000e+00	1.6604319215e+00	0.0000000000e+00	0.0000000000e+00
8.2000000000e+01	0.0000000000e+00	1.0000000000e+00	1.0000000000e+00	6.2518310547e+00	7.9375610352e+00	4.1793066406e+02	5.3754785156e+02	7.9306640625e+00	7.5478515625e+00	7.9306640625e+00	1.5478515625e+01	7.7392578125e+00	2.2738339007e-01	2.7912229300e-01	2.7912229300e-01	1.3058625219e+01	2.8029328596e+01	2.8029328596e+01	5.7914130390e-01	5.4298585653e-01	5.4298585653e-01	5.1738902926e-02	5.2882659845e-01	1.0326125266e+00	1.0000000000e+00	1.3956114650e+00	0.0000000000e+00	0.0000000000e+00
8.3000000000e+01	0.0000000000e+00	1.0000000000e+00	1.0000000000e+00	9.1897888184e+00	1.5898223877e+01	4.0366055298e+02	5.2411718750e+02	-6.3394470215e+00	-5.8828125000e+00	6.3394470215e+00	1.2222259521e+01	6.1111297607e+00	8.3036398888e-01	2.9782507569e-02	8.3036398888e-01	2.7744788378e+01	5.2044558589e+01	5.2044558589e+01	3.4495055676e-02	8.8001760468e-01	3.4495055676e-02	8.0058148131e-01	1.1235625356e+00	1.9173439334e+00	0.0000000000e+00	1.4494830932e+01	0.0000000000e+00	0.0000000000e+00
8.4000000000e+01	0.0000000000e+00	1.0000000000e+00	1.0000000000e+00	2.1423645020e+00	3.4084167480e+00	4.0659851074e+02	5.2453686523e+02	-3.4014892578e+00	-5.4631347656e+00	5.4631347656e+00	8.8646240234e+00	4.4323120117e+00	4.5998211950e-02	1.2777436525e-02	4.5998211950e-02	1.6862604720e+01	4.2209488198e+01	4.2209488198e+01	5.0275355950e-01	8.3416272327e-01	5.0275355950e-01	3.3220775425e-02	6.8287386652e-01	1.5550157081e+00	0.0000000000e+00	1.5857591660e+00	1.0000000000e+00	0.0000000000e+00
8.5000000000e+01	0.0000000000e+00	1.0000000000e+00	1.0000000000e+00	2.9448852539e+00	4.2478332520e+00	4.1960949707e+02	5.2495660400e+02	9.6094970703e+00	-5.0433959961e+00	9.6094970703e+00	1.4652893066e+01	7.3264465332e+00	5.6790846586e-01	4.8806378245e-01	5.6790846586e-01	8.7412936762e+00	1.6988696059e+01	1.6988696059e+01	2.2471606731e-01	3.5785636306e-01	2.2471606731e-01	7.9844683409e-02	3.5399044870e-01	6.2587087312e-01	0.0000000000e+00	2.8395423293e+00	0.0000000000e+00	0.0000000000e+00
8.6000000000e+01	0.0000000000e+00	1.0000000000e+00	1.0000000000e+00	6.2518310547e+00	7.9375610352e+00	4.0366055298e+02	5.2705511475e+02	-6.3394470215e+00	-2.9448852539e+00	6.3394470215e+00	9.2843322754e+00	4.6421661377e+00	8.1352370977e-01	3.5250613093e-01	8.1352370977e-01	2.9625464631e+01	3.1824156786e+01	3.1824156786e+01	3.5966575146e-02	5.6916305423e-01	3.5966575146e-02	4.6101757884e-01	1.1997230508e+00	1.1724156301e+00	0.0000000000e+00	1.3901796264e+01	0.0000000000e+00	0.0000000000e+00
8.7000000000e+01	0.0000000000e+00	1.0000000000e+00	1.0000000000e+00	7.0912475586e+00	1.3380004883e+01	4.1960949707e+02	5.4132525635e+02	9.6094970703e+00	1.1325256348e+01	1.1325256348e+01	2.0934753418e+01	1.0467376709e+01	5.7579380274e-01	5.0492060184e-01	5.7579380274e-01	8.7049898702e+00	2.1394049212e+01	2.1394049212e+01	2.1640706062e-01	3.5184907913e-01	2.1640706062e-01	7.0873200893e-02	3.5252027723e-01	7.8816597891e-01	0.0000000000e+00	2.8789690137e+00	0.0000000000e+00	0.0000000000e+00
8.8000000000e+01	0.0000000000e+00	1.0000000000e+00	1.0000000000e+00	6.2518310547e+00	7.9375610352e+00	4.1793066406e+02	5.2537628174e+02	7.9306640625e+00	-4.6237182617e+00	7.9306640625e+00	1.2554382324e+01	6.2771911621e+00	3.8506320119e-01	1.9181427360e-01	3.8506320119e-01	1.5407773489e+01	1.7580838777e+01	1.7580838777e+01	3.8373151422e-01	5.9676519036e-01	3.8373151422e-01	1.9324892759e-01	6.2395851835e-01	6.4768566564e-01	0.0000000000e+00	1.9324892759e+00	0.0000000000e+00	0.0000000000e+00
8.9000000000e+01	0.0000000000e+00	1.0000000000e+00	1.0000000000e+00	6.2518310547e+00	1.0861755371e+01	4.1793066406e+02	5.3922668457e+02	7.9306640625e+00	9.2266845703e+00	9.2266845703e+00	1.7157348633e+01	8.5786743164e+00	2.1577467024e-01	1.2376517057e-01	2.1577467024e-01	1.4575818196e+01	2.3271033817e+01	2.3271033817e+01	5.6177268922e-01	6.7434924841e-01	5.6177268922e-01	9.2009499669e-02	5.9026736939e-01	8.5731489944e-01	1.0000000000e+00	1.1706646589e+00	0.0000000000e+00	0.0000000000e+00
9.0000000000e+01	0.0000000000e+00	1.0000000000e+00	1.0000000000e+00	2.9448852539e+00	4.2478332520e+00	4.0617880249e+02	5.2663543701e+02	-3.8211975098e+00	-3.3645629883e+00	3.8211975098e+00	7.1857604980e+00	3.5928802490e+00	4.7781085968e-01	3.5557383299e-01	4.7781085968e-01	9.3901329690e+00	1.7054454529e+01	1.7054454529e+01	2.7792358398e-01	4.2653787136e-01	2.7792358398e-01	1.2223702669e-01	3.8026606887e-01	6.2829344346e-01	0.0000000000e+00	2.3890542984e+00	1.0000000000e+00	0.0000000000e+00
9.1000000000e+01	0.0000000000e+00	1.0000000000e+00	1.0000000000e+00	1.7226562500e+00	2.1492919922e+00	4.0617880249e+02	5.2747485352e+02	-3.8211975098e+00	-2.5251464844e+00	3.8211975098e+00	6.3463439941e+00	3.1731719971e+00	2.3841102421e-01	1.2827828526e-01	2.3841102421e-01	1.1795049445e+01	2.4364630892e+01	2.4364630892e+01	4.6520845592e-01	6.7082032561e-01	4.6520845592e-01	1.1013273895e-01	4.7765639734e-01	8.9760348624e-01	0.0000000000e+00	1.4924102933e+00	1.0000000000e+00	0.0000000000e+00
9.2000000000e+01	0.0000000000e+00	1.0000000000e+00	1.0000000000e+00	2.1423645020e+00	2.5690002441e+00	4.0617880249e+02	5.3796759033e+02	-3.8211975098e+00	7.9675903320e+00	7.9675903320e+00	1.1788787842e+01	5.8943939209e+00	2.4058021605e-01	5.0831556320e-02	2.4058021605e-01	1.8586610144e+01	2.6925419943e+01	2.6925419943e+01	4.5320509374e-01	7.3442423344e-01	4.5320509374e-01	1.8974865973e-01	7.5268978579e-01	9.9194405682e-01	0.0000000000e+00	1.8974865973e+00	0.0000000000e+00	0.0000000000e+00
9.3000000000e+01	0.0000000000e+00	1.0000000000e+00	1.0000000000e+00	8.8323974609e-01	1.3098754883e+00	4.0659851074e+02	5.2453686523e+02	-3.4014892578e+00	-5.4631347656e+00	5.4631347656e+00	8.8646240234e+00	4.4323120117e+00	1.7804704607e-01	2.7144627646e-02	1.7804704607e-01	2.0431723070e+01	3.1808821512e+01	3.1808821512e+01	4.7239865363e-01	7.9102764837e-01	4.7239865363e-01	1.5090241842e-01	8.2741011632e-01	1.1718506720e+00	0.0000000000e+00	1.5090241842e+00	1.0000000000e+00	0.0000000000e+00
9.4000000000e+01	0.0000000000e+00	1.0000000000e+00	1.0000000000e+00	7.0912475586e+00	1.0036132812e+01	4.1877008057e+02	5.2663543701e+02	8.7700805664e+00	-3.3645629883e+00	8.7700805664e+00	1.2134643555e+01	6.0673217773e+00	4.8290976882e-01	3.8178935647e-01	4.8290976882e-01	1.0739611095e+01	1.7243665426e+01	1.7243665426e+01	3.0327078700e-01	4.2981132865e-01	3.0327078700e-01	1.0112041235e-01	4.3491500129e-01	6.3526405429e-01	0.0000000000e+00	2.4145488441e+00	0.0000000000e+00	0.0000000000e+00
9.5000000000e+01	0.0000000000e+00	1.0000000000e+00	1.0000000000e+00	2.1423645020e+00	3.4084167480e+00	4.0659851074e+02	5.2453686523e+02	-3.4014892578e+00	-5.4631347656e+00	5.4631347656e+00	8.8646240234e+00	4.4323120117e+00	3.3013291657e-02	1.1925709434e-02	3.3013291657e-02	1.7275670340e+01	4.5197703127e+01	4.5197703127e+01	4.9038165063e-01	8.3526782971e-01	4.9038165063e-01	2.1087582223e-02	6.9960151457e-01	1.6651028319e+00	0.0000000000e+00	1.9002938056e+00	1.0000000000e+00	0.0000000000e+00
9.6000000000e+01	0.0000000000e+00	1.0000000000e+00	1.0000000000e+00	2.9448852539e+00	4.6675415039e+00	4.1918978882e+02	5.2537628174e+02	9.1897888184e+00	-4.6237182617e+00	9.1897888184e+00	1.3813507080e+01	6.9067535400e+00	4.7919175029e-01	4.2504194379e-01	4.7919175029e-01	1.0327941364e+01	1.7079353360e+01	1.7079353360e+01	3.3297160268e-01	4.0639635921e-01	3.3297160268e-01	5.4149806499e-02	4.1824388164e-01	6.2921072710e-01	0.0000000000e+00	2.3959587514e+00	0.0000000000e+00	0.0000000000e+00
9.7000000000e+01	0.0000000000e+00	1.0000000000e+00	1.0000000000e+00	2.1423645020e+00	3.4084167480e+00	4.0617880249e+02	5.3754785156e+02	-3.8211975098e+00	7.5478515625e+00	7.5478515625e+00	1.1369049072e+01	5.6845245361e+00	2.2671967745e-01	4.0804319084e-02	2.2671967745e-01	2.0061910267e+01	2.9039381709e+01	2.9039381709e+01	4.5656388998e-01	7.5155837089e-01	4.5656388998e-01	1.8591535836e-01	8.1243404927e-01	1.0698233179e+00	0.0000000000e+00	1.8591535836e+00	0.0000000000e+00	0.0000000000e+00
9.8000000000e+01	0.0000000000e+00	1.0000000000e+00	1.0000000000e+00	2.9448852539e+00	3.8281250000e+00	4.1960949707e+02	5.2495660400e+02	9.6094970703e+00	-5.0433959961e+00	9.6094970703e+00	1.4652893066e+01	7.3264465332e+00	5.8511275053e-01	5.1477319002e-01	5.8511275053e-01	8.5045707002e+00	1.7191050208e+01	1.7191050208e+01	2.0752167702e-01	3.3297985792e-01	2.0752167702e-01	7.0339560509e-02	3.4440403328e-01	6.3332568702e-01	0.0000000000e+00	2.9255637527e+00	0.0000000000e+00	0.0000000000e+00
9.9000000000e+01	0.0000000000e+00	1.0000000000e+00	1.0000000000e+00	2.1423645020e+00	3.4084167480e+00	4.0617880249e+02	5.2957336426e+02	-3.8211975098e+00	-4.2663574219e-01	3.8211975098e+00	4.2478332520e+00	2.1239166260e+00	1.9718959928e-01	9.0209275484e-02	1.9718959928e-01	2.0469245339e+01	3.5722601983e+01	3.5722601983e+01	4.5771053433e-01	7.1612277627e-01	4.5771053433e-01	1.0698032379e-01	8.2892963108e-01	1.3160360286e+00	0.0000000000e+00	1.0923934725e+00	1.0000000000e+00	0.0000000000e+00
