wavelength_nm	ideal_target_transmittance	cvae_target_transmittance	tandem_response_transmittance
3.7973712158e+02	7.9485642910e-01	6.6235721111e-01	6.5301376581e-01
3.8015682983e+02	7.9039698839e-01	6.5994244814e-01	6.4869546890e-01
3.8057653809e+02	7.8579932451e-01	6.5716081858e-01	6.4754444361e-01
3.8099624634e+02	7.8105831146e-01	6.5448623896e-01	6.4124470949e-01
3.8141595459e+02	7.7616864443e-01	6.5143811703e-01	6.3890439272e-01
3.8183566284e+02	7.7112478018e-01	6.4864379168e-01	6.3601970673e-01
3.8225537109e+02	7.6592093706e-01	6.4595824480e-01	6.3243246078e-01
3.8267507935e+02	7.6055121422e-01	6.4310455322e-01	6.3194936514e-01
3.8309478760e+02	7.5500941277e-01	6.4009714127e-01	6.2868517637e-01
3.8351449585e+02	7.4928909540e-01	6.3721936941e-01	6.2708938122e-01
3.8393420410e+02	7.4338364601e-01	6.3442963362e-01	6.2264561653e-01
3.8435391235e+02	7.3728632927e-01	6.3178569078e-01	6.1882239580e-01
3.8477362061e+02	7.3098993301e-01	6.2865424156e-01	6.1755919456e-01
3.8519332886e+02	7.2448724508e-01	6.2608748674e-01	6.1404782534e-01
3.8561303711e+02	7.1777075529e-01	6.2358355522e-01	6.1282837391e-01
3.8603274536e+02	7.1083265543e-01	6.2022101879e-01	6.0938674212e-01
3.8645245361e+02	7.0366513729e-01	6.1714500189e-01	6.0600548983e-01
3.8687216187e+02	6.9625991583e-01	6.1441087723e-01	6.0343867540e-01
3.8729187012e+02	6.8860876560e-01	6.1128234863e-01	6.0222041607e-01
3.8771157837e+02	6.8070310354e-01	6.0822319984e-01	5.9658950567e-01
3.8813131714e+02	6.7253363132e-01	6.0521847010e-01	5.9524661303e-01
3.8855102539e+02	6.6409277916e-01	6.0227894783e-01	5.9305131435e-01
3.8897073364e+02	6.5537101030e-01	5.9883958101e-01	5.8878105879e-01
3.8939044189e+02	6.4635926485e-01	5.9539252520e-01	5.8577698469e-01
3.8981015015e+02	6.3704860210e-01	5.9195017815e-01	5.8300918341e-01
3.9022985840e+02	6.2742996216e-01	5.8827829361e-01	5.7784074545e-01
3.9064956665e+02	6.1749440432e-01	5.8417159319e-01	5.7618737221e-01
3.9106927490e+02	6.0723298788e-01	5.8041858673e-01	5.7238197327e-01
3.9148898315e+02	5.9663718939e-01	5.7641768456e-01	5.6940627098e-01
3.9190869141e+02	5.8569860458e-01	5.7112425566e-01	5.6471639872e-01
3.9232839966e+02	5.7440930605e-01	5.6656873226e-01	5.5901873112e-01
3.9274810791e+02	5.6276172400e-01	5.6207972765e-01	5.5476844311e-01
3.9316781616e+02	5.5074906349e-01	5.5652558804e-01	5.5235856771e-01
3.9358752441e+02	5.3836512566e-01	5.5146312714e-01	5.4603153467e-01
3.9400723267e+02	5.2560484409e-01	5.4532706738e-01	5.3992640972e-01
3.9442694092e+02	5.1246398687e-01	5.3971219063e-01	5.3158736229e-01
3.9484664917e+02	4.9893978238e-01	5.3207677603e-01	5.2840465307e-01
3.9526635742e+02	4.8503085971e-01	5.2589488029e-01	5.1920616627e-01
3.9568606567e+02	4.7073763609e-01	5.1852089167e-01	5.1379835606e-01
3.9610577393e+02	4.5606246591e-01	5.1089692116e-01	5.0308209658e-01
3.9652548218e+02	4.4100999832e-01	5.0333338976e-01	4.9481561780e-01
3.9694519043e+02	4.2558744550e-01	4.9473470449e-01	4.8439833522e-01
3.9736489868e+02	4.0980488062e-01	4.8564651608e-01	4.7544226050e-01
3.9778460693e+02	3.9367562532e-01	4.7559100389e-01	4.6352168918e-01
3.9820431519e+02	3.7721648812e-01	4.6408852935e-01	4.5205390453e-01
3.9862402344e+02	3.6044830084e-01	4.5162922144e-01	4.3944948912e-01
3.9904376221e+02	3.4339478612e-01	4.4140923023e-01	4.2557892203e-01
3.9946347046e+02	3.2608813047e-01	4.2824172974e-01	4.1098642349e-01
3.9988317871e+02	3.0856174231e-01	4.1495996714e-01	3.9475876093e-01
4.0030288696e+02	2.9085558653e-01	4.0181908011e-01	3.8018167019e-01
4.0072259521e+02	2.7301514149e-01	3.8757863641e-01	3.6150860786e-01
4.0114230347e+02	2.5509172678e-01	3.7233394384e-01	3.4727355838e-01
4.0156201172e+02	2.3714272678e-01	3.5789269209e-01	3.2695552707e-01
4.0198171997e+02	2.1923148632e-01	3.4257152677e-01	3.0827078223e-01
4.0240142822e+02	2.0142745972e-01	3.2559251785e-01	2.9318153858e-01
4.0282113647e+02	1.8380606174e-01	3.0660757422e-01	2.7395969629e-01
4.0324084473e+02	1.6644833982e-01	2.9309561849e-01	2.5593429804e-01
4.0366055298e+02	1.4944064617e-01	2.7670240402e-01	2.4134965241e-01
4.0408026123e+02	1.3287396729e-01	2.6362103224e-01	2.2515346110e-01
4.0449996948e+02	1.1684326082e-01	2.4473318458e-01	2.0956218243e-01
4.0491967773e+02	1.0144646466e-01	2.2633829713e-01	1.9887588918e-01
4.0533938599e+02	8.6783416569e-02	2.1252718568e-01	1.8666836619e-01
4.0575909424e+02	7.2954565287e-02	2.0121127367e-01	1.7910397053e-01
4.0617880249e+02	6.0059566051e-02	1.9048780203e-01	1.7439480126e-01
4.0659851074e+02	4.8195704818e-02	1.8357527256e-01	1.7386016250e-01
4.0701821899e+02	3.7456288934e-02	1.7962250113e-01	1.7593745887e-01
4.0743792725e+02	2.7928948402e-02	1.7556685209e-01	1.7865303159e-01
4.0785763550e+02	1.9693970680e-02	1.7236910760e-01	1.8417647481e-01
4.0827734375e+02	1.2822675519e-02	1.7493814230e-01	1.9316342473e-01
4.0869705200e+02	7.3759253137e-03	1.7913605273e-01	2.0468626916e-01
4.0911676025e+02	3.4027921502e-03	1.8502885103e-01	2.1749401093e-01
4.0953649902e+02	9.3933875905e-04	1.9320839643e-01	2.3233485222e-01
4.0995620728e+02	8.3924587670e-06	2.0316658914e-01	2.5044760108e-01
4.1037591553e+02	6.1794510111e-04	2.1387319267e-01	2.6757958531e-01
4.1079562378e+02	2.7617858723e-03	2.2610105574e-01	2.8582632542e-01
4.1121533203e+02	6.4194076695e-03	2.3673985898e-01	3.0453354120e-01
4.1163504028e+02	1.1556478217e-02	2.4549078941e-01	3.2401239872e-01
4.1205474854e+02	1.8125623465e-02	2.5523921847e-01	3.4058037400e-01
4.1247445679e+02	2.6067482308e-02	2.6587641239e-01	3.5557743907e-01
4.1289416504e+02	3.5312011838e-02	2.7461892366e-01	3.7317588925e-01
4.1331387329e+02	4.5779943466e-02	2.8190386295e-01	3.8655853271e-01
4.1373358154e+02	5.7384409010e-02	2.8925317526e-01	4.0123802423e-01
4.1415328979e+02	7.0032596588e-02	2.9518049955e-01	4.1535395384e-01
4.1457299805e+02	8.3627440035e-02	3.0054366589e-01	4.2981097102e-01
4.1499270630e+02	9.8069280386e-02	3.0527871847e-01	4.4240021706e-01
4.1541241455e+02	1.1325740814e-01	3.0985286832e-01	4.5202803612e-01
4.1583212280e+02	1.2909153104e-01	3.0554181337e-01	4.6533423662e-01
4.1625183105e+02	1.4547310770e-01	3.1039243937e-01	4.7614455223e-01
4.1667153931e+02	1.6230641305e-01	3.1963059306e-01	4.8892766237e-01
4.1709124756e+02	1.7949955165e-01	3.2587945461e-01	5.0095152855e-01
4.1751095581e+02	1.9696523249e-01	3.3437433839e-01	5.1135146618e-01
4.1793066406e+02	2.1462136507e-01	3.4012424946e-01	5.2248966694e-01
4.1835037231e+02	2.3239152133e-01	3.5091575980e-01	5.3539860249e-01
4.1877008057e+02	2.5020518899e-01	3.5902470350e-01	5.4645311832e-01
4.1918978882e+02	2.6799792051e-01	3.7115994096e-01	5.6605738401e-01
4.1960949707e+02	2.8571143746e-01	3.8687944412e-01	5.8050650358e-01
4.2002920532e+02	3.0329337716e-01	4.0171492100e-01	5.9143859148e-01
4.2044894409e+02	3.2069864869e-01	4.1839903593e-01	6.0370582342e-01
4.2086865234e+02	3.3788388968e-01	4.3860104680e-01	6.2265235186e-01
4.2128836060e+02	3.5481494665e-01	4.5994743705e-01	6.3515955210e-01
4.2170806885e+02	3.7146148086e-01	4.8296988010e-01	6.5111005306e-01
4.2212777710e+02	3.8779777288e-01	5.0650447607e-01	6.6339260340e-01
4.2254748535e+02	4.0380251408e-01	5.3018951416e-01	6.7419719696e-01
4.2296719360e+02	4.1945829988e-01	5.4897159338e-01	6.8590056896e-01
4.2338690186e+02	4.3475145102e-01	5.7014381886e-01	6.9356560707e-01
4.2380661011e+02	4.4967147708e-01	5.9053242207e-01	7.0492917299e-01
4.2422631836e+02	4.6421083808e-01	6.0778099298e-01	7.1587395668e-01
4.2464602661e+02	4.7836464643e-01	6.2433391809e-01	7.2504538298e-01
4.2506573486e+02	4.9213030934e-01	6.3950890303e-01	7.3013848066e-01
4.2548544312e+02	5.0550717115e-01	6.5436309576e-01	7.3929959536e-01
4.2590515137e+02	5.1849657297e-01	6.6753768921e-01	7.4569934607e-01
4.2632485962e+02	5.3110110760e-01	6.7927765846e-01	7.5059968233e-01
4.2674456787e+02	5.4332482815e-01	6.9035029411e-01	7.5673317909e-01
4.2716427612e+02	5.5517292023e-01	6.9977557659e-01	7.6167488098e-01
4.2758398438e+02	5.6665146351e-01	7.1005558968e-01	7.6678478718e-01
4.2800369263e+02	5.7776731253e-01	7.1812105179e-01	7.7121675014e-01
4.2842340088e+02	5.8852785826e-01	7.2654008865e-01	7.7599322796e-01
4.2884310913e+02	5.9894126654e-01	7.3407036066e-01	7.8015607595e-01
4.2926281738e+02	6.0901576281e-01	7.4054247141e-01	7.8400945663e-01
4.2968252563e+02	6.1876004934e-01	7.4781388044e-01	7.8478223085e-01
4.3010223389e+02	6.2818300724e-01	7.5344282389e-01	7.9139631987e-01
4.3052194214e+02	6.3729375601e-01	7.5822454691e-01	7.9410231113e-01
4.3094165039e+02	6.4610117674e-01	7.6401412487e-01	7.9528921843e-01
4.3136138916e+02	6.5461510420e-01	7.6918309927e-01	7.9781889915e-01
4.3178109741e+02	6.6284334660e-01	7.7311700583e-01	8.0008208752e-01
4.3220080566e+02	6.7079550028e-01	7.7587091923e-01	8.0182576180e-01
4.3262051392e+02	6.7848032713e-01	7.8063988686e-01	8.0137932301e-01
4.3304022217e+02	6.8590670824e-01	7.8277719021e-01	8.0442011356e-01
4.3345993042e+02	6.9308316708e-01	7.8565841913e-01	8.0400276184e-01
4.3387963867e+02	7.0001804829e-01	7.8886997700e-01	8.0452054739e-01
4.3429934692e+02	7.0671951771e-01	7.9121255875e-01	8.0393314362e-01
4.3471905518e+02	7.1319562197e-01	7.9195129871e-01	8.0335491896e-01
4.3513876343e+02	7.1945416927e-01	7.9451346397e-01	8.0178844929e-01
4.3555847168e+02	7.2550261021e-01	7.9658854008e-01	8.0266511440e-01
4.3597817993e+02	7.3134833574e-01	7.9798966646e-01	8.0179607868e-01
4.3639788818e+02	7.3699837923e-01	8.0021429062e-01	8.0379354954e-01
4.3681759644e+02	7.4245965481e-01	8.0181235075e-01	8.0280393362e-01
4.3723730469e+02	7.4773877859e-01	8.0358445644e-01	8.0177938938e-01
4.3765701294e+02	7.5284212828e-01	8.0529683828e-01	8.0317050219e-01
4.3807672119e+02	7.5777596235e-01	8.0707985163e-01	8.0059158802e-01
4.3849642944e+02	7.6254624128e-01	8.0877733231e-01	8.0199319124e-01
4.3891613770e+02	7.6715868711e-01	8.0940437317e-01	7.9822039604e-01
4.3933584595e+02	7.7161878347e-01	8.1037741899e-01	7.9763698578e-01
4.3975555420e+02	7.7593195438e-01	8.1080019474e-01	7.9774987698e-01
4.4017526245e+02	7.8010332584e-01	8.1148308516e-01	7.9544675350e-01
4.4059497070e+02	7.8413778543e-01	8.1154781580e-01	7.9528975487e-01
4.4101467896e+02	7.8804010153e-01	8.1248122454e-01	7.9417926073e-01
4.4143438721e+02	7.9181486368e-01	8.1256538630e-01	7.9432010651e-01
4.4185412598e+02	7.9546666145e-01	8.1266069412e-01	7.9097127914e-01
4.4227383423e+02	7.9899924994e-01	8.1250089407e-01	7.9063338041e-01
4.4269354248e+02	8.0241686106e-01	8.1287205219e-01	7.8821879625e-01
4.4311325073e+02	8.0572348833e-01	8.1291681528e-01	7.8651553392e-01
4.4353295898e+02	8.0892276764e-01	8.1212097406e-01	7.8492689133e-01
4.4395266724e+02	8.1201833487e-01	8.1229597330e-01	7.8391903639e-01
4.4437237549e+02	8.1501358747e-01	8.1125640869e-01	7.8406089544e-01
4.4479208374e+02	8.1791186333e-01	8.1104856730e-01	7.8194570541e-01
4.4521179199e+02	8.2071632147e-01	8.1049257517e-01	7.8079849482e-01
4.4563150024e+02	8.2342994213e-01	8.0986940861e-01	7.8013598919e-01
4.4605120850e+02	8.2605576515e-01	8.0966359377e-01	7.8049254417e-01
4.4647091675e+02	8.2859653234e-01	8.0933886766e-01	7.7874928713e-01
4.4689062500e+02	8.3105486631e-01	8.0883407593e-01	7.8009796143e-01
4.4731033325e+02	8.3343338966e-01	8.0776727200e-01	7.7846866846e-01
4.4773004150e+02	8.3573460579e-01	8.0674344301e-01	7.7474677563e-01
4.4814974976e+02	8.3796083927e-01	8.0654013157e-01	7.7888619900e-01
4.4856945801e+02	8.4011441469e-01	8.0594503880e-01	7.7975636721e-01
4.4898916626e+02	8.4219741821e-01	8.0482429266e-01	7.7797985077e-01
4.4940887451e+02	8.4421199560e-01	8.0422163010e-01	7.7781993151e-01
4.4982858276e+02	8.4616017342e-01	8.0326884985e-01	7.7913993597e-01
4.5024829102e+02	8.4804385900e-01	8.0267971754e-01	7.7633219957e-01
4.5066799927e+02	8.4986484051e-01	8.0180907249e-01	7.7816176414e-01
4.5108770752e+02	8.5162496567e-01	8.0077528954e-01	7.7754920721e-01
4.5150741577e+02	8.5332590342e-01	7.9929900169e-01	7.7628427744e-01
4.5192712402e+02	8.5496920347e-01	8.0089515448e-01	7.7668166161e-01
4.5234683228e+02	8.5655653477e-01	8.0135285854e-01	7.7718049288e-01
4.5276657104e+02	8.5808938742e-01	8.0167371035e-01	7.7628606558e-01
4.5318627930e+02	8.5956907272e-01	8.0181080103e-01	7.7792686224e-01
4.5360598755e+02	8.6099702120e-01	8.0218499899e-01	7.7856630087e-01
4.5402569580e+02	8.6237448454e-01	8.0193114281e-01	7.7811098099e-01
4.5444540405e+02	8.6370277405e-01	8.0143117905e-01	7.7647721767e-01
4.5486511230e+02	8.6498314142e-01	8.0224257708e-01	7.7600300312e-01
4.5528482056e+02	8.6621665955e-01	8.0107957125e-01	7.7603769302e-01
4.5570452881e+02	8.6740440130e-01	8.0133497715e-01	7.7342987061e-01
4.5612423706e+02	8.6854749918e-01	8.0100435019e-01	7.7444624901e-01
4.5654394531e+02	8.6964690685e-01	8.0049169064e-01	7.7452820539e-01
4.5696365356e+02	8.7070357800e-01	8.0034905672e-01	7.7425366640e-01
4.5738336182e+02	8.7171846628e-01	7.9968333244e-01	7.7339982986e-01
4.5780307007e+02	8.7269240618e-01	7.9947680235e-01	7.7424550056e-01
4.5822277832e+02	8.7362623215e-01	7.9927951097e-01	7.7184748650e-01
4.5864248657e+02	8.7452077866e-01	7.9889619350e-01	7.7126783133e-01
4.5906219482e+02	8.7537676096e-01	7.9851418734e-01	7.7176535130e-01
4.5948190308e+02	8.7619495392e-01	7.9831933975e-01	7.7135270834e-01
4.5990161133e+02	8.7697595358e-01	7.9807215929e-01	7.7168643475e-01
4.6032131958e+02	8.7772047520e-01	7.9661434889e-01	7.6956284046e-01
4.6074102783e+02	8.7842905521e-01	7.9571872950e-01	7.7058863640e-01
4.6116073608e+02	8.7910240889e-01	7.9656237364e-01	7.6930743456e-01
4.6158044434e+02	8.7974095345e-01	7.9604637623e-01	7.6859629154e-01
4.6200015259e+02	8.8034534454e-01	7.9502546787e-01	7.6647502184e-01
4.6241986084e+02	8.8091593981e-01	7.9448908567e-01	7.6587826014e-01
4.6283956909e+02	8.8145327568e-01	7.9500257969e-01	7.6632684469e-01
4.6325927734e+02	8.8195776939e-01	7.9416459799e-01	7.6472604275e-01
4.6367901611e+02	8.8242983818e-01	7.9458355904e-01	7.6546299458e-01
4.6409872437e+02	8.8286978006e-01	7.9371702671e-01	7.6264661551e-01
4.6451843262e+02	8.8327807188e-01	7.9356533289e-01	7.6378458738e-01
4.6493814087e+02	8.8365495205e-01	7.9324007034e-01	7.6144152880e-01
4.6535784912e+02	8.8400071859e-01	7.9118287563e-01	7.6037228107e-01
4.6577755737e+02	8.8431572914e-01	7.9071408510e-01	7.5949996710e-01
4.6619726562e+02	8.8460010290e-01	7.9027396441e-01	7.6124411821e-01
4.6661697388e+02	8.8485419750e-01	7.8925174475e-01	7.5904190540e-01
4.6703668213e+02	8.8507807255e-01	7.8929847479e-01	7.6146608591e-01
4.6745639038e+02	8.8527202606e-01	7.8956806660e-01	7.6045519114e-01
4.6787609863e+02	8.8543611765e-01	7.8862965107e-01	7.6126199961e-01
4.6829580688e+02	8.8557058573e-01	7.8768491745e-01	7.5655919313e-01
4.6871551514e+02	8.8567537069e-01	7.8744041920e-01	7.6018768549e-01
4.6913522339e+02	8.8575071096e-01	7.8641003370e-01	7.5963330269e-01
4.6955493164e+02	8.8579660654e-01	7.8657782078e-01	7.6009476185e-01
4.6997463989e+02	8.8581311703e-01	7.8546100855e-01	7.6139456034e-01
4.7039434814e+02	8.8580018282e-01	7.8453856707e-01	7.6271629333e-01
4.7081405640e+02	8.8575786352e-01	7.8442043066e-01	7.6227295399e-01
4.7123376465e+02	8.8568603992e-01	7.8412377834e-01	7.6392948627e-01
4.7165347290e+02	8.8558477163e-01	7.8313231468e-01	7.6390898228e-01
4.7207318115e+02	8.8545393944e-01	7.8261590004e-01	7.6470959187e-01
4.7249288940e+02	8.8529342413e-01	7.8222984076e-01	7.6372772455e-01
4.7291259766e+02	8.8510310650e-01	7.8176897764e-01	7.6552391052e-01
4.7333230591e+02	8.8488280773e-01	7.8091883659e-01	7.6640874147e-01
4.7375201416e+02	8.8463240862e-01	7.8107672930e-01	7.6741129160e-01
4.7417175293e+02	8.8435167074e-01	7.8069722652e-01	7.7047598362e-01
4.7459146118e+02	8.8404041529e-01	7.8040021658e-01	7.7026796341e-01
4.7501116943e+02	8.8369834423e-01	7.7878791094e-01	7.7086800337e-01
4.7543087769e+02	8.8332527876e-01	7.7902972698e-01	7.6984852552e-01
4.7585058594e+02	8.8292080164e-01	7.7906626463e-01	7.7231240273e-01
4.7627029419e+02	8.8248467445e-01	7.7992200851e-01	7.7205646038e-01
4.7669000244e+02	8.8201653957e-01	7.7853459120e-01	7.7275699377e-01
4.7710971069e+02	8.8151597977e-01	7.7892726660e-01	7.7386903763e-01
4.7752941895e+02	8.8098263741e-01	7.7816241980e-01	7.7285802364e-01
4.7794912720e+02	8.8041603565e-01	7.7899211645e-01	7.7326691151e-01
4.7836883545e+02	8.7981581688e-01	7.8004211187e-01	7.7553015947e-01
4.7878854370e+02	8.7918138504e-01	7.7925097942e-01	7.7650743723e-01
4.7920825195e+02	8.7851232290e-01	7.7833569050e-01	7.7501851320e-01
4.7962796021e+02	8.7780797482e-01	7.7713018656e-01	7.7691739798e-01
4.8004766846e+02	8.7706786394e-01	7.7892720699e-01	7.7607673407e-01
4.8046737671e+02	8.7629127502e-01	7.7780729532e-01	7.7727723122e-01
4.8088708496e+02	8.7547767162e-01	7.7760457993e-01	7.7776110172e-01
4.8130679321e+02	8.7462627888e-01	7.7778047323e-01	7.7650928497e-01
4.8172650146e+02	8.7373644114e-01	7.7773976326e-01	7.8029012680e-01
4.8214620972e+02	8.7280738354e-01	7.7840667963e-01	7.7899867296e-01
4.8256591797e+02	8.7183833122e-01	7.7805083990e-01	7.7814364433e-01
4.8298562622e+02	8.7082844973e-01	7.7808982134e-01	7.8123849630e-01
4.8340533447e+02	8.6977684498e-01	7.7798473835e-01	7.8115415573e-01
4.8382504272e+02	8.6868268251e-01	7.7828770876e-01	7.7927064896e-01
4.8424475098e+02	8.6754488945e-01	7.7858120203e-01	7.7971893549e-01
4.8466445923e+02	8.6636257172e-01	7.7804529667e-01	7.8028684855e-01
4.8508419800e+02	8.6513459682e-01	7.7812141180e-01	7.8026628494e-01
4.8550390625e+02	8.6385995150e-01	7.7824544907e-01	7.8052556515e-01
4.8592361450e+02	8.6253750324e-01	7.7800256014e-01	7.7925527096e-01
4.8634332275e+02	8.6116600037e-01	7.7765870094e-01	7.8182131052e-01
4.8676303101e+02	8.5974425077e-01	7.7768021822e-01	7.8006142378e-01
4.8718273926e+02	8.5827088356e-01	7.7751171589e-01	7.8124487400e-01
4.8760244751e+02	8.5674464703e-01	7.7737915516e-01	7.8134626150e-01
4.8802215576e+02	8.5516399145e-01	7.7710288763e-01	7.8020274639e-01
4.8844186401e+02	8.5352748632e-01	7.7603214979e-01	7.8236252069e-01
4.8886157227e+02	8.5183364153e-01	7.7538311481e-01	7.8188681602e-01
4.8928128052e+02	8.5008078814e-01	7.7492755651e-01	7.8202903271e-01
4.8970098877e+02	8.4826719761e-01	7.7374923229e-01	7.8151631355e-01
4.9012069702e+02	8.4639120102e-01	7.7291709185e-01	7.8199219704e-01
4.9054040527e+02	8.4445095062e-01	7.7146458626e-01	7.8001976013e-01
4.9096011353e+02	8.4244447947e-01	7.7097475529e-01	7.8053396940e-01
4.9137982178e+02	8.4036982059e-01	7.6869618893e-01	7.7939516306e-01
4.9179953003e+02	8.3822488785e-01	7.6633298397e-01	7.8004550934e-01
4.9221923828e+02	8.3600759506e-01	7.6496881247e-01	7.7993077040e-01
4.9263894653e+02	8.3371555805e-01	7.6385378838e-01	7.7907145023e-01
4.9305865479e+02	8.3134651184e-01	7.6177716255e-01	7.7729129791e-01
4.9347836304e+02	8.2889789343e-01	7.6056778431e-01	7.7862614393e-01
4.9389807129e+02	8.2636725903e-01	7.5775462389e-01	7.7664542198e-01
4.9431777954e+02	8.2375192642e-01	7.5614178181e-01	7.7519518137e-01
4.9473748779e+02	8.2104897499e-01	7.5298017263e-01	7.7642160654e-01
4.9515719604e+02	8.1825566292e-01	7.5019252300e-01	7.7610063553e-01
4.9557690430e+02	8.1536889076e-01	7.4778831005e-01	7.7126342058e-01
4.9599664307e+02	8.1238532066e-01	7.4442905188e-01	7.7130526304e-01
4.9641635132e+02	8.0930203199e-01	7.4079370499e-01	7.6977688074e-01
4.9683605957e+02	8.0611550808e-01	7.3746585846e-01	7.6917862892e-01
4.9725576782e+02	8.0282205343e-01	7.3285239935e-01	7.6889586449e-01
4.9767547607e+02	7.9941803217e-01	7.2828161716e-01	7.6517951488e-01
4.9809518433e+02	7.9589956999e-01	7.2484779358e-01	7.6401162148e-01
4.9851489258e+02	7.9226261377e-01	7.2215443850e-01	7.6010990143e-01
4.9893460083e+02	7.8850299120e-01	7.1914350986e-01	7.5782889128e-01
4.9935430908e+02	7.8461629152e-01	7.1520096064e-01	7.5393366814e-01
4.9977401733e+02	7.8059804440e-01	7.1076029539e-01	7.5184822083e-01
5.0019372559e+02	7.7644348145e-01	7.0622801781e-01	7.4969166517e-01
5.0061343384e+02	7.7214771509e-01	7.0131152868e-01	7.4670350552e-01
5.0103314209e+02	7.6770561934e-01	6.9600403309e-01	7.4283152819e-01
5.0145285034e+02	7.6311188936e-01	6.9131463766e-01	7.3955667019e-01
5.0187255859e+02	7.5836104155e-01	6.8603360653e-01	7.3575478792e-01
5.0229226685e+02	7.5344729424e-01	6.8055796623e-01	7.3225480318e-01
5.0271197510e+02	7.4836468697e-01	6.7442256212e-01	7.2740519047e-01
5.0313168335e+02	7.4310714006e-01	6.6833746433e-01	7.2322845459e-01
5.0355139160e+02	7.3766821623e-01	6.6095393896e-01	7.1778094769e-01
5.0397109985e+02	7.3204135895e-01	6.5456777811e-01	7.1147382259e-01
5.0439080811e+02	7.2621965408e-01	6.4717495441e-01	7.0662343502e-01
5.0481051636e+02	7.2019612789e-01	6.3945466280e-01	7.0169520378e-01
5.0523022461e+02	7.1396338940e-01	6.3105207682e-01	6.9634568691e-01
5.0564993286e+02	7.0751392841e-01	6.2311536074e-01	6.9064092636e-01
5.0606964111e+02	7.0084011555e-01	6.1509680748e-01	6.8347686529e-01
5.0648937988e+02	6.9393336773e-01	6.0303914547e-01	6.7418932915e-01
5.0690908813e+02	6.8678653240e-01	5.9297645092e-01	6.6677033901e-01
5.0732879639e+02	6.7939084768e-01	5.8395344019e-01	6.6198086739e-01
5.0774850464e+02	6.7173761129e-01	5.7284837961e-01	6.5114045143e-01
5.0816821289e+02	6.6381824017e-01	5.6595438719e-01	6.4439213276e-01
5.0858792114e+02	6.5562385321e-01	5.5306637287e-01	6.3489776850e-01
5.0900762939e+02	6.4714545012e-01	5.4245501757e-01	6.2422168255e-01
5.0942733765e+02	6.3837403059e-01	5.3115862608e-01	6.1370027065e-01
5.0984704590e+02	6.2930041552e-01	5.1954889297e-01	6.0448259115e-01
5.1026675415e+02	6.1991566420e-01	5.0829535723e-01	5.9311538935e-01
5.1068646240e+02	6.1021065712e-01	4.9570801854e-01	5.8487451077e-01
5.1110617065e+02	6.0017651320e-01	4.8303356767e-01	5.6954348087e-01
5.1152587891e+02	5.8980458975e-01	4.6893119812e-01	5.5672532320e-01
5.1194558716e+02	5.7908636332e-01	4.5531415939e-01	5.4567492008e-01
5.1236529541e+02	5.6801390648e-01	4.4093933702e-01	5.3214901686e-01
5.1278503418e+02	5.5657869577e-01	4.2650943995e-01	5.1566892862e-01
5.1320471191e+02	5.4477649927e-01	4.1219234467e-01	5.0475001335e-01
5.1362445068e+02	5.3259754181e-01	3.9897760749e-01	4.8863863945e-01
5.1404412842e+02	5.2004015446e-01	3.8590243459e-01	4.7429087758e-01
5.1446386719e+02	5.0709652901e-01	3.7215575576e-01	4.5612293482e-01
5.1488354492e+02	4.9376749992e-01	3.5998943448e-01	4.3759688735e-01
5.1530328369e+02	4.8004782200e-01	3.4588313103e-01	4.1986063123e-01
5.1572296143e+02	4.6594184637e-01	3.3125501871e-01	4.0427201986e-01
5.1614270020e+02	4.5144778490e-01	3.1696364284e-01	3.8266640902e-01
5.1656237793e+02	4.3657445908e-01	3.0346712470e-01	3.6668014526e-01
5.1698211670e+02	4.2132478952e-01	2.8950050473e-01	3.4894162416e-01
5.1740179443e+02	4.0571328998e-01	2.7496606112e-01	3.2792738080e-01
5.1782153320e+02	3.8974872231e-01	2.6254385710e-01	3.1103596091e-01
5.1824121094e+02	3.7345260382e-01	2.4783165753e-01	2.9009649158e-01
5.1866094971e+02	3.5684108734e-01	2.3369860649e-01	2.7303099632e-01
5.1908062744e+02	3.3994409442e-01	2.2082434595e-01	2.5237953663e-01
5.1950036621e+02	3.2278653979e-01	2.0926080644e-01	2.3515897989e-01
5.1992004395e+02	3.0540817976e-01	1.9714856148e-01	2.1719095111e-01
5.2033978271e+02	2.8784409165e-01	1.8265990913e-01	2.0171944797e-01
5.2075946045e+02	2.7014511824e-01	1.6703072190e-01	1.8594703078e-01
5.2117919922e+02	2.5235769153e-01	1.5491148829e-01	1.7135697603e-01
5.2159887695e+02	2.3454456031e-01	1.4203113317e-01	1.5969823301e-01
5.2201861572e+02	2.1676422656e-01	1.3027715683e-01	1.4701750875e-01
5.2243829346e+02	1.9909164310e-01	1.2714640796e-01	1.3622577488e-01
5.2285803223e+02	1.8159741163e-01	1.2017293274e-01	1.2504619360e-01
5.2327777100e+02	1.6436555982e-01	1.1411272734e-01	1.1707328260e-01
5.2369744873e+02	1.4748522639e-01	1.0672967881e-01	1.0896807164e-01
5.2411718750e+02	1.3104286790e-01	1.0143920034e-01	1.0161123425e-01
5.2453686523e+02	1.1513856053e-01	9.5433361828e-02	9.4433903694e-02
5.2495660400e+02	9.9865980446e-02	8.9503437281e-02	9.1696858406e-02
5.2537628174e+02	8.5329689085e-02	8.3571292460e-02	8.7716847658e-02
5.2579602051e+02	7.1626193821e-02	8.0956593156e-02	8.4922745824e-02
5.2621569824e+02	5.8859348297e-02	7.8763961792e-02	8.3635203540e-02
5.2663543701e+02	4.7122906893e-02	7.8488036990e-02	8.1930801272e-02
5.2705511475e+02	3.6513693631e-02	7.8342571855e-02	8.3079762757e-02
5.2747485352e+02	2.7116307989e-02	7.9188793898e-02	8.1794895232e-02
5.2789453125e+02	1.9013743848e-02	8.0224297941e-02	8.2768298686e-02
5.2831427002e+02	1.2274893932e-02	8.1097997725e-02	8.5311844945e-02
5.2873394775e+02	6.9624357857e-03	8.2346655428e-02	8.7646111846e-02
5.2915368652e+02	3.1237127259e-03	8.3530910313e-02	8.9321218431e-02
5.2957336426e+02	7.9579208978e-04	8.6100973189e-02	9.2289909720e-02
5.2999310303e+02	2.0816142410e-07	8.9131169021e-02	9.6324987710e-02
5.3041278076e+02	7.4514356675e-04	9.3210205436e-02	1.0030871630e-01
5.3083251953e+02	3.0243287329e-03	9.7826488316e-02	1.0438576341e-01
5.3125219727e+02	6.8163340911e-03	1.0194224864e-01	1.0880243778e-01
5.3167193604e+02	1.2087693438e-02	1.0826293379e-01	1.1362007260e-01
5.3209161377e+02	1.8789310008e-02	1.1270190030e-01	1.1719548702e-01
5.3251135254e+02	2.6863625273e-02	1.1836197972e-01	1.2155170739e-01
5.3293103027e+02	3.6238159984e-02	1.2512454391e-01	1.2432854623e-01
5.3335076904e+02	4.6836353838e-02	1.2921305001e-01	1.3032673299e-01
5.3377050781e+02	5.8570083231e-02	1.3588884473e-01	1.3451160491e-01
5.3419018555e+02	7.1344688535e-02	1.4407688379e-01	1.3667647541e-01
5.3460992432e+02	8.5066974163e-02	1.4981953800e-01	1.4150592685e-01
5.3502960205e+02	9.9633514881e-02	1.5788640082e-01	1.4550633729e-01
5.3544934082e+02	1.1494810879e-01	1.6581529379e-01	1.5021856129e-01
5.3586901855e+02	1.3090632856e-01	1.7512439191e-01	1.5446496010e-01
5.3628875732e+02	1.4741456509e-01	1.8434621394e-01	1.5744633973e-01
5.3670843506e+02	1.6437266767e-01	1.9473573565e-01	1.6202135384e-01
5.3712817383e+02	1.8169404566e-01	2.0512866974e-01	1.7064628005e-01
5.3754785156e+02	1.9928672910e-01	2.1554973722e-01	1.7545700073e-01
5.3796759033e+02	2.1707409620e-01	2.2548238933e-01	1.8361516297e-01
5.3838726807e+02	2.3497489095e-01	2.3514664173e-01	1.9056226313e-01
5.3880700684e+02	2.5292414427e-01	2.4466980994e-01	2.0122291148e-01
5.3922668457e+02	2.7085247636e-01	2.5414887071e-01	2.0886427164e-01
5.3964642334e+02	2.8870707750e-01	2.6461362839e-01	2.1922099590e-01
5.4006610107e+02	3.0643072724e-01	2.7571249008e-01	2.2987535596e-01
5.4048583984e+02	3.2398232818e-01	2.8428494930e-01	2.4402455986e-01
5.4090551758e+02	3.4131619334e-01	2.9633769393e-01	2.5627735257e-01
5.4132525635e+02	3.5840213299e-01	3.0610743165e-01	2.6857292652e-01
5.4174493408e+02	3.7520486116e-01	3.1584948301e-01	2.8385928273e-01
5.4216467285e+02	3.9170375466e-01	3.2861641049e-01	2.9633408785e-01
5.4258435059e+02	4.0787267685e-01	3.4052050114e-01	3.1218302250e-01
5.4300408936e+02	4.2369908094e-01	3.5240620375e-01	3.2478854060e-01
5.4342376709e+02	4.3916460872e-01	3.6655965447e-01	3.4004759789e-01
5.4384350586e+02	4.5426335931e-01	3.7643328309e-01	3.5154625773e-01
5.4426324463e+02	4.6898546815e-01	3.8852646947e-01	3.6325794458e-01
5.4468292236e+02	4.8332396150e-01	3.9800381660e-01	3.7626937032e-01
5.4510266113e+02	4.9728038907e-01	4.0929266810e-01	3.8993182778e-01
5.4552233887e+02	5.1085007191e-01	4.1975688934e-01	3.9969521761e-01
5.4594207764e+02	5.2403801680e-01	4.2974865437e-01	4.1131564975e-01
5.4636175537e+02	5.3684318066e-01	4.4021779299e-01	4.2008563876e-01
5.4678149414e+02	5.4927319288e-01	4.4730147719e-01	4.2848870158e-01
5.4720117188e+02	5.6132954359e-01	4.5551314950e-01	4.4208979607e-01
5.4762091064e+02	5.7302170992e-01	4.6467718482e-01	4.4805434346e-01
5.4804058838e+02	5.8435314894e-01	4.7118699551e-01	4.5854601264e-01
5.4846032715e+02	5.9533447027e-01	4.7682252526e-01	4.6562504768e-01
5.4888000488e+02	6.0597050190e-01	4.8385232687e-01	4.7277396917e-01
5.4929974365e+02	6.1627256870e-01	4.9069428444e-01	4.8221749067e-01
5.4971942139e+02	6.2624633312e-01	4.9769905210e-01	4.8669743538e-01
5.5013916016e+02	6.3590347767e-01	5.0237137079e-01	4.9667981267e-01
5.5055883789e+02	6.4525020123e-01	5.0601631403e-01	5.0137752295e-01
5.5097857666e+02	6.5429818630e-01	5.1130157709e-01	5.0872129202e-01
5.5139825439e+02	6.6305387020e-01	5.1755273342e-01	5.1736885309e-01
5.5181799316e+02	6.7152881622e-01	5.2194225788e-01	5.2000749111e-01
5.5223767090e+02	6.7972946167e-01	5.2590256929e-01	5.2623504400e-01
5.5265740967e+02	6.8766707182e-01	5.3066301346e-01	5.3229898214e-01
5.5307708740e+02	6.9534802437e-01	5.3504604101e-01	5.3580647707e-01
5.5349682617e+02	7.0278304815e-01	5.3889954090e-01	5.3994345665e-01
5.5391650391e+02	7.0997834206e-01	5.4413652420e-01	5.4273462296e-01
5.5433624268e+02	7.1694421768e-01	5.4598498344e-01	5.5113375187e-01
5.5475592041e+02	7.2368657589e-01	5.4948610067e-01	5.5327039957e-01
5.5517565918e+02	7.3021519184e-01	5.5201238394e-01	5.5709224939e-01
5.5559539795e+02	7.3653656244e-01	5.5434149504e-01	5.6613379717e-01
5.5601507568e+02	7.4265718460e-01	5.5717396736e-01	5.6851822138e-01
5.5643481445e+02	7.4858582020e-01	5.6073027849e-01	5.7180857658e-01
5.5685449219e+02	7.5432771444e-01	5.6215518713e-01	5.7553595304e-01
5.5727423096e+02	7.5989115238e-01	5.6543576717e-01	5.7987391949e-01
5.5769390869e+02	7.6528096199e-01	5.6725710630e-01	5.8661425114e-01
5.5811364746e+02	7.7050489187e-01	5.7010060549e-01	5.8772277832e-01
5.5853332520e+02	7.7556741238e-01	5.7248592377e-01	5.9195572138e-01
5.5895306396e+02	7.8047579527e-01	5.7446253300e-01	5.9446984529e-01
5.5937274170e+02	7.8523409367e-01	5.7721889019e-01	6.0151267052e-01
5.5979248047e+02	7.8984910250e-01	5.7874357700e-01	6.0500884056e-01
5.6021215820e+02	7.9432469606e-01	5.8126330376e-01	6.0834860802e-01
5.6063189697e+02	7.9866707325e-01	5.8265793324e-01	6.1120724678e-01
5.6105157471e+02	8.0287981033e-01	5.8501237631e-01	6.1734467745e-01
5.6147131348e+02	8.0696868896e-01	5.8648258448e-01	6.2213259935e-01
5.6189099121e+02	8.1093704700e-01	5.8901560307e-01	6.2327563763e-01
5.6231072998e+02	8.1479012966e-01	5.9005516768e-01	6.2528824806e-01
5.6273040771e+02	8.1853109598e-01	5.9192228317e-01	6.2987893820e-01
5.6315014648e+02	8.2216483355e-01	5.9354537725e-01	6.3414311409e-01
5.6356982422e+02	8.2569414377e-01	5.9536302090e-01	6.3773012161e-01
5.6398956299e+02	8.2912361622e-01	5.9904450178e-01	6.3276696205e-01
5.6440924072e+02	8.3245587349e-01	5.9949940443e-01	6.3789248466e-01
5.6482897949e+02	8.3569520712e-01	6.0028052330e-01	6.4080160856e-01
5.6524865723e+02	8.3884382248e-01	6.0121244192e-01	6.4333468676e-01
5.6566839600e+02	8.4190583229e-01	6.0484242439e-01	6.4286422729e-01
5.6608813477e+02	8.4488373995e-01	6.0522651672e-01	6.4660435915e-01
5.6650781250e+02	8.4777998924e-01	6.0626125336e-01	6.4585560560e-01
5.6692755127e+02	8.5059821606e-01	6.0811620951e-01	6.4806300402e-01
5.6734722900e+02	8.5334020853e-01	6.0869258642e-01	6.4691311121e-01
5.6776696777e+02	8.5600930452e-01	6.0974556208e-01	6.5047955513e-01
5.6818664551e+02	8.5860729218e-01	6.1339265108e-01	6.4894944429e-01
5.6860638428e+02	8.6113715172e-01	6.1581158638e-01	6.5220719576e-01
5.6902606201e+02	8.6360043287e-01	6.1962729692e-01	6.5075349808e-01
5.6944580078e+02	8.6600011587e-01	6.2225675583e-01	6.5282297134e-01
5.6986547852e+02	8.6833751202e-01	6.2373906374e-01	6.5151339769e-01
5.7028521729e+02	8.7061542273e-01	6.2564641237e-01	6.5311938524e-01
5.7070489502e+02	8.7283498049e-01	6.2793242931e-01	6.5143978596e-01
5.7112463379e+02	8.7499886751e-01	6.2910109758e-01	6.5321457386e-01
5.7154431152e+02	8.7710809708e-01	6.3124412298e-01	6.5123707056e-01
5.7196405029e+02	8.7916511297e-01	6.3292449713e-01	6.5138542652e-01
5.7238372803e+02	8.8117098808e-01	6.3405042887e-01	6.5300589800e-01
5.7280346680e+02	8.8312780857e-01	6.3632047176e-01	6.5420889854e-01
5.7322314453e+02	8.8503664732e-01	6.3786590099e-01	6.5216237307e-01
5.7364288330e+02	8.8689953089e-01	6.3875144720e-01	6.5544605255e-01
5.7406256104e+02	8.8871735334e-01	6.4042848349e-01	6.5350466967e-01
5.7448229980e+02	8.9049196243e-01	6.4279812574e-01	6.5151262283e-01
5.7490197754e+02	8.9222425222e-01	6.4316505194e-01	6.5627616644e-01
5.7532171631e+02	8.9391601086e-01	6.4587593079e-01	6.5541964769e-01
5.7574139404e+02	8.9556789398e-01	6.4627367258e-01	6.5293544531e-01
5.7616113281e+02	8.9718163013e-01	6.4732575417e-01	6.5528196096e-01
5.7658087158e+02	8.9875811338e-01	6.4954113960e-01	6.5705662966e-01
5.7700054932e+02	9.0029823780e-01	6.5052425861e-01	6.5596961975e-01
5.7742028809e+02	9.0180355310e-01	6.5205001831e-01	6.5765881538e-01
5.7783996582e+02	9.0327459574e-01	6.5409302711e-01	6.5789598227e-01
5.7825970459e+02	9.0471279621e-01	6.5517956018e-01	6.5746736526e-01
5.7867938232e+02	9.0611875057e-01	6.5706908703e-01	6.6029411554e-01
5.7909912109e+02	9.0749371052e-01	6.5898942947e-01	6.5997689962e-01
5.7951879883e+02	9.0883821249e-01	6.6067361832e-01	6.5966278315e-01
5.7993853760e+02	9.1015356779e-01	6.6187983751e-01	6.6299051046e-01
5.8035821533e+02	9.1144013405e-01	6.6425150633e-01	6.5938687325e-01
5.8077795410e+02	9.1269916296e-01	6.6567456722e-01	6.6348218918e-01
5.8119763184e+02	9.1393101215e-01	6.6820144653e-01	6.6374206543e-01
5.8161737061e+02	9.1513681412e-01	6.6982901096e-01	6.6600453854e-01
5.8203704834e+02	9.1631692648e-01	6.7001491785e-01	6.6621363163e-01
5.8245678711e+02	9.1747242212e-01	6.7269098759e-01	6.6997230053e-01
5.8287646484e+02	9.1860365868e-01	6.7378348112e-01	6.7302709818e-01
5.8329620361e+02	9.1971158981e-01	6.7655301094e-01	6.7417937517e-01
5.8371588135e+02	9.2079651356e-01	6.7894130945e-01	6.7583912611e-01
5.8413562012e+02	9.2185944319e-01	6.7911088467e-01	6.7858135700e-01
5.8455529785e+02	9.2290055752e-01	6.7924606800e-01	6.8046426773e-01
5.8497503662e+02	9.2392075062e-01	6.8185698986e-01	6.8147563934e-01
5.8539471436e+02	9.2492038012e-01	6.8413496017e-01	6.8601614237e-01
5.8581445312e+02	9.2590016127e-01	6.8618232012e-01	6.8555021286e-01
5.8623413086e+02	9.2686045170e-01	6.8797236681e-01	6.8579626083e-01
5.8665386963e+02	9.2780190706e-01	6.9063985348e-01	6.9016116858e-01
5.8707354736e+02	9.2872476578e-01	6.9279104471e-01	6.8999934196e-01
5.8749328613e+02	9.2962986231e-01	6.9425815344e-01	6.9169604778e-01
5.8791302490e+02	9.3051743507e-01	6.9797986746e-01	6.9134694338e-01
5.8833270264e+02	9.3138784170e-01	6.9862681627e-01	6.9539368153e-01
5.8875244141e+02	9.3224173784e-01	7.0090270042e-01	6.9700992107e-01
5.8917211914e+02	9.3307930231e-01	6.9990551472e-01	6.9941586256e-01
5.8959185791e+02	9.3390119076e-01	7.0228934288e-01	6.9881969690e-01
5.9001153564e+02	9.3470758200e-01	7.0310974121e-01	6.9749677181e-01
5.9043127441e+02	9.3549901247e-01	7.0454424620e-01	6.9724732637e-01
5.9085095215e+02	9.3627572060e-01	7.0591562986e-01	7.0047324896e-01
5.9127069092e+02	9.3703824282e-01	7.0717418194e-01	7.0389831066e-01
5.9169036865e+02	9.3778663874e-01	7.0694679022e-01	7.0356768370e-01
5.9211010742e+02	9.3852162361e-01	7.0848411322e-01	7.0135384798e-01
5.9252978516e+02	9.3924313784e-01	7.0731931925e-01	7.0604991913e-01
5.9294952393e+02	9.3995183706e-01	7.0913439989e-01	7.0784944296e-01
5.9336920166e+02	9.4064772129e-01	7.1105360985e-01	7.0666563511e-01
5.9378894043e+02	9.4133138657e-01	7.1125137806e-01	7.1014881134e-01
5.9420861816e+02	9.4200289249e-01	7.1134531498e-01	7.1059221029e-01
5.9462835693e+02	9.4266265631e-01	7.1314156055e-01	7.1077215672e-01
5.9504803467e+02	9.4331085682e-01	7.1450108290e-01	7.1529495716e-01
5.9546777344e+02	9.4394785166e-01	7.1461224556e-01	7.1709382534e-01
5.9588745117e+02	9.4457381964e-01	7.1589219570e-01	7.2004264593e-01
5.9630718994e+02	9.4518911839e-01	7.1655756235e-01	7.1961426735e-01
5.9672686768e+02	9.4579380751e-01	7.1594381332e-01	7.2138029337e-01
5.9714660645e+02	9.4638836384e-01	7.1692150831e-01	7.2164779902e-01
5.9756628418e+02	9.4697278738e-01	7.1739882231e-01	7.2428697348e-01
5.9798602295e+02	9.4754749537e-01	7.1850907803e-01	7.2500681877e-01
5.9840576172e+02	9.4811260700e-01	7.1881467104e-01	7.2895812988e-01
5.9882543945e+02	9.4866830111e-01	7.2058308125e-01	7.2979170084e-01
5.9924517822e+02	9.4921487570e-01	7.2187799215e-01	7.2943049669e-01
5.9966485596e+02	9.4975244999e-01	7.2188526392e-01	7.3087280989e-01
6.0008459473e+02	9.5028132200e-01	7.2362053394e-01	7.3155957460e-01
6.0050427246e+02	9.5080149174e-01	7.2228091955e-01	7.3461771011e-01
6.0092401123e+02	9.5131337643e-01	7.2291368246e-01	7.3708200455e-01
6.0134368896e+02	9.5181703568e-01	7.2473579645e-01	7.3555493355e-01
6.0176342773e+02	9.5231264830e-01	7.2387695312e-01	7.3593252897e-01
6.0218310547e+02	9.5280033350e-01	7.2597539425e-01	7.3783028126e-01
6.0260284424e+02	9.5328044891e-01	7.2814047337e-01	7.3729443550e-01
6.0302252197e+02	9.5375287533e-01	7.2841119766e-01	7.4013459682e-01
6.0344226074e+02	9.5421802998e-01	7.2972106934e-01	7.3988676071e-01
6.0386193848e+02	9.5467591286e-01	7.3181062937e-01	7.4086916447e-01
6.0428167725e+02	9.5512676239e-01	7.3251694441e-01	7.4157893658e-01
6.0470135498e+02	9.5557063818e-01	7.3554402590e-01	7.4466037750e-01
6.0512109375e+02	9.5600777864e-01	7.3469072580e-01	7.4369072914e-01
6.0554077148e+02	9.5643818378e-01	7.3311758041e-01	7.4483263493e-01
6.0596051025e+02	9.5686215162e-01	7.3783868551e-01	7.4552273750e-01
6.0638018799e+02	9.5727974176e-01	7.4037629366e-01	7.4644219875e-01
6.0679992676e+02	9.5769107342e-01	7.4072998762e-01	7.4748897552e-01
6.0721960449e+02	9.5809620619e-01	7.4151927233e-01	7.5083929300e-01
6.0763934326e+02	9.5849537849e-01	7.4285537004e-01	7.5096660852e-01
6.0805902100e+02	9.5888864994e-01	7.4371033907e-01	7.5148046017e-01
6.0847875977e+02	9.5927619934e-01	7.4523276091e-01	7.5213509798e-01
6.0889849854e+02	9.5965808630e-01	7.4644297361e-01	7.5411820412e-01
6.0931817627e+02	9.6003437042e-01	7.4692577124e-01	7.5687474012e-01
6.0973791504e+02	9.6040529013e-01	7.4910140038e-01	7.5784915686e-01
6.1015759277e+02	9.6077078581e-01	7.4903488159e-01	7.5646644831e-01
6.1057733154e+02	9.6113115549e-01	7.5023633242e-01	7.5899434090e-01
6.1099700928e+02	9.6148627996e-01	7.5073248148e-01	7.6096189022e-01
6.1141674805e+02	9.6183645725e-01	7.5232154131e-01	7.6180088520e-01
6.1183642578e+02	9.6218162775e-01	7.5342005491e-01	7.6271432638e-01
6.1225616455e+02	9.6252202988e-01	7.5476419926e-01	7.6314109564e-01
6.1267584229e+02	9.6285766363e-01	7.5586050749e-01	7.6366066933e-01
6.1309558105e+02	9.6318858862e-01	7.5622743368e-01	7.6741796732e-01
6.1351525879e+02	9.6351498365e-01	7.5770962238e-01	7.6479822397e-01
6.1393499756e+02	9.6383684874e-01	7.5998872519e-01	7.6906859875e-01
6.1435467529e+02	9.6415430307e-01	7.5999307632e-01	7.6702982187e-01
6.1477441406e+02	9.6446752548e-01	7.6135098934e-01	7.6887077093e-01
6.1519409180e+02	9.6477639675e-01	7.6193779707e-01	7.7178949118e-01
6.1561383057e+02	9.6508115530e-01	7.6379281282e-01	7.7165120840e-01
6.1603350830e+02	9.6538174152e-01	7.6349174976e-01	7.7195131779e-01
6.1645324707e+02	9.6567839384e-01	7.6482200623e-01	7.7244198322e-01
6.1687292480e+02	9.6597105265e-01	7.6601213217e-01	7.7490019798e-01
6.1729266357e+02	9.6625983715e-01	7.6709413528e-01	7.7462399006e-01
6.1771234131e+02	9.6654480696e-01	7.6995319128e-01	7.7558416128e-01
6.1813208008e+02	9.6682608128e-01	7.7006083727e-01	7.7659481764e-01
6.1855175781e+02	9.6710360050e-01	7.7255254984e-01	7.7629107237e-01
6.1897149658e+02	9.6737754345e-01	7.7440375090e-01	7.7740007639e-01
6.1939117432e+02	9.6764796972e-01	7.7549779415e-01	7.7902269363e-01
6.1981091309e+02	9.6791487932e-01	7.7567106485e-01	7.7945095301e-01
6.2023065186e+02	9.6817839146e-01	7.7676695585e-01	7.7954584360e-01
6.2065032959e+02	9.6843850613e-01	7.7833235264e-01	7.7935224771e-01
6.2107006836e+02	9.6869534254e-01	7.7881914377e-01	7.8344577551e-01
6.2148974609e+02	9.6894890070e-01	7.7942460775e-01	7.8309929371e-01
6.2190948486e+02	9.6919929981e-01	7.8007048368e-01	7.8391456604e-01
6.2232916260e+02	9.6944653988e-01	7.8056252003e-01	7.8517580032e-01
6.2274890137e+02	9.6969068050e-01	7.8237813711e-01	7.8560495377e-01
6.2316857910e+02	9.6993178129e-01	7.8412222862e-01	7.8626751900e-01
6.2358831787e+02	9.7016990185e-01	7.8478705883e-01	7.8704869747e-01
6.2400799561e+02	9.7040510178e-01	7.8423386812e-01	7.9121410847e-01
6.2442773438e+02	9.7063738108e-01	7.8622287512e-01	7.9022550583e-01
6.2484741211e+02	9.7086685896e-01	7.8668028116e-01	7.9207164049e-01
6.2526715088e+02	9.7109353542e-01	7.8761494160e-01	7.9193484783e-01
6.2568682861e+02	9.7131747007e-01	7.8875726461e-01	7.9350584745e-01
6.2610656738e+02	9.7153866291e-01	7.9020637274e-01	7.9233878851e-01
6.2652624512e+02	9.7175723314e-01	7.9076319933e-01	7.9537481070e-01
6.2694598389e+02	9.7197318077e-01	7.9133093357e-01	7.9361188412e-01
6.2736566162e+02	9.7218656540e-01	7.9286128283e-01	7.9679089785e-01
6.2778540039e+02	9.7239744663e-01	7.9315352440e-01	7.9473912716e-01
6.2820507812e+02	9.7260576487e-01	7.9381895065e-01	7.9701936245e-01
6.2862481689e+02	9.7281169891e-01	7.9474663734e-01	7.9814040661e-01
6.2904449463e+02	9.7301518917e-01	7.9545241594e-01	7.9845041037e-01
6.2946423340e+02	9.7321635485e-01	7.9620808363e-01	7.9827713966e-01
6.2988391113e+02	9.7341507673e-01	7.9712945223e-01	7.9828447104e-01
6.3030364990e+02	9.7361159325e-01	7.9803073406e-01	7.9928821325e-01
6.3072338867e+02	9.7380584478e-01	7.9892468452e-01	7.9952466488e-01
6.3114306641e+02	9.7399783134e-01	7.9975593090e-01	7.9999303818e-01
6.3156280518e+02	9.7418767214e-01	8.0051773787e-01	8.0122882128e-01
6.3198248291e+02	9.7437530756e-01	8.0106908083e-01	8.0164968967e-01
6.3240222168e+02	9.7456079721e-01	8.0171692371e-01	8.0150276423e-01
6.3282189941e+02	9.7474426031e-01	8.0244225264e-01	8.0254739523e-01
6.3324163818e+02	9.7492563725e-01	8.0363869667e-01	8.0104362965e-01
6.3366131592e+02	9.7510492802e-01	8.0441093445e-01	8.0404418707e-01
6.3408105469e+02	9.7528225183e-01	8.0563837290e-01	8.0351269245e-01
6.3450073242e+02	9.7545760870e-01	8.0665743351e-01	8.0539411306e-01
6.3492047119e+02	9.7563105822e-01	8.0696159601e-01	8.0733865499e-01
6.3534014893e+02	9.7580260038e-01	8.0832695961e-01	8.0613249540e-01
6.3575988770e+02	9.7597223520e-01	8.0891531706e-01	8.0688685179e-01
6.3617956543e+02	9.7613996267e-01	8.1030404568e-01	8.0821126699e-01
6.3659930420e+02	9.7630596161e-01	8.1122899055e-01	8.0706572533e-01
6.3701898193e+02	9.7647011280e-01	8.1228619814e-01	8.1093144417e-01
6.3743872070e+02	9.7663247585e-01	8.1357598305e-01	8.1000906229e-01
6.3785839844e+02	9.7679311037e-01	8.1348037720e-01	8.1260985136e-01
6.3827813721e+02	9.7695201635e-01	8.1245654821e-01	8.1331545115e-01
6.3869781494e+02	9.7710919380e-01	8.1556814909e-01	8.1359022856e-01
6.3911755371e+02	9.7726476192e-01	8.1725102663e-01	8.1516951323e-01
6.3953723145e+02	9.7741866112e-01	8.1869983673e-01	8.1416755915e-01
6.3995697021e+02	9.7757095098e-01	8.1986957788e-01	8.1634944677e-01
6.4037664795e+02	9.7772157192e-01	8.1944793463e-01	8.1832790375e-01
6.4079638672e+02	9.7787070274e-01	8.1748056412e-01	8.1929963827e-01
6.4121612549e+02	9.7801822424e-01	8.2037389278e-01	8.2008594275e-01
6.4163580322e+02	9.7816419601e-01	8.2155442238e-01	8.2088619471e-01
6.4205554199e+02	9.7830867767e-01	8.2429438829e-01	8.2186293602e-01
6.4247521973e+02	9.7845166922e-01	8.2503658533e-01	8.2367622852e-01
6.4289495850e+02	9.7859323025e-01	8.2653623819e-01	8.2500380278e-01
6.4331463623e+02	9.7873330116e-01	8.2785093784e-01	8.2683068514e-01
6.4373437500e+02	9.7887194157e-01	8.2731038332e-01	8.2691127062e-01
6.4415405273e+02	9.7900915146e-01	8.2610988617e-01	8.2883465290e-01
6.4457379150e+02	9.7914499044e-01	8.2620441914e-01	8.2888400555e-01
6.4499346924e+02	9.7927945852e-01	8.2813447714e-01	8.3063685894e-01
6.4541320801e+02	9.7941261530e-01	8.2846081257e-01	8.3274257183e-01
6.4583288574e+02	9.7954434156e-01	8.2859003544e-01	8.3239078522e-01
6.4625262451e+02	9.7967481613e-01	8.2951760292e-01	8.3429652452e-01
6.4667230225e+02	9.7980397940e-01	8.3168369532e-01	8.3501470089e-01
6.4709204102e+02	9.7993189096e-01	8.3221274614e-01	8.3549743891e-01
6.4751171875e+02	9.8005855083e-01	8.3286541700e-01	8.3479577303e-01
6.4793145752e+02	9.8018389940e-01	8.3224678040e-01	8.3602607250e-01
6.4835113525e+02	9.8030805588e-01	8.3488124609e-01	8.3605575562e-01
6.4877087402e+02	9.8043102026e-01	8.3486074209e-01	8.3906435966e-01
6.4919055176e+02	9.8055273294e-01	8.3454436064e-01	8.3737218380e-01
6.4961029053e+02	9.8067331314e-01	8.3500075340e-01	8.3865803480e-01
6.5002996826e+02	9.8079270124e-01	8.3536303043e-01	8.3886784315e-01
6.5044970703e+02	9.8091095686e-01	8.3538842201e-01	8.4046238661e-01
6.5086938477e+02	9.8102802038e-01	8.3527469635e-01	8.4044688940e-01
6.5128912354e+02	9.8114401102e-01	8.3643144369e-01	8.3901810646e-01
6.5170880127e+02	9.8125886917e-01	8.3837121725e-01	8.4032070637e-01
6.5212854004e+02	9.8137271404e-01	8.3829677105e-01	8.4320110083e-01
6.5254827881e+02	9.8148542643e-01	8.3840596676e-01	8.4245455265e-01
6.5296795654e+02	9.8159706593e-01	8.3896088600e-01	8.4204035997e-01
6.5338769531e+02	9.8170763254e-01	8.3893620968e-01	8.4363025427e-01
6.5380737305e+02	9.8181718588e-01	8.3884805441e-01	8.4323060513e-01
6.5422711182e+02	9.8192572594e-01	8.4046286345e-01	8.4324836731e-01
6.5464678955e+02	9.8203325272e-01	8.4136062860e-01	8.4357297421e-01
6.5506652832e+02	9.8213982582e-01	8.4152430296e-01	8.4506952763e-01
6.5548620605e+02	9.8224532604e-01	8.4194511175e-01	8.4474301338e-01
6.5590594482e+02	9.8234993219e-01	8.4236073494e-01	8.4444725513e-01
6.5632562256e+02	9.8245352507e-01	8.4257179499e-01	8.4539502859e-01
6.5674536133e+02	9.8255622387e-01	8.4285187721e-01	8.4567612410e-01
6.5716503906e+02	9.8265790939e-01	8.4376263618e-01	8.4539306164e-01
6.5758477783e+02	9.8275870085e-01	8.4376436472e-01	8.4559160471e-01
6.5800445557e+02	9.8285859823e-01	8.4426510334e-01	8.4649789333e-01
6.5842419434e+02	9.8295760155e-01	8.4477829933e-01	8.4855991602e-01
6.5884387207e+02	9.8305565119e-01	8.4513068199e-01	8.4758132696e-01
6.5926361084e+02	9.8315286636e-01	8.4523022175e-01	8.4888470173e-01
6.5968328857e+02	9.8324924707e-01	8.4601390362e-01	8.4773987532e-01
6.6010302734e+02	9.8334473372e-01	8.4641164541e-01	8.4852325916e-01
6.6052270508e+02	9.8343932629e-01	8.4686368704e-01	8.4965574741e-01
6.6094244385e+02	9.8353314400e-01	8.4788602591e-01	8.4777635336e-01
6.6136212158e+02	9.8362612724e-01	8.4753817320e-01	8.4983515739e-01
6.6178186035e+02	9.8371827602e-01	8.4834975004e-01	8.4962254763e-01
6.6220153809e+02	9.8380959034e-01	8.4899473190e-01	8.5046350956e-01
6.6262127686e+02	9.8390012980e-01	8.4919947386e-01	8.5077160597e-01
6.6304101562e+02	9.8398989439e-01	8.5001635551e-01	8.5061794519e-01
6.6346069336e+02	9.8407888412e-01	8.5069453716e-01	8.5280936956e-01
6.6388043213e+02	9.8416709900e-01	8.5127508640e-01	8.5252726078e-01
6.6430010986e+02	9.8425453901e-01	8.5172170401e-01	8.5369807482e-01
6.6471984863e+02	9.8434120417e-01	8.5245007277e-01	8.5346227884e-01
6.6513952637e+02	9.8442715406e-01	8.5297942162e-01	8.5458171368e-01
6.6555926514e+02	9.8451232910e-01	8.5331499577e-01	8.5438638926e-01
6.6597894287e+02	9.8459684849e-01	8.5401791334e-01	8.5433608294e-01
6.6639868164e+02	9.8468059301e-01	8.5470086336e-01	8.5604035854e-01
6.6681835938e+02	9.8476362228e-01	8.5535234213e-01	8.5666668415e-01
6.6723809814e+02	9.8484599590e-01	8.5538733006e-01	8.5690534115e-01
6.6765777588e+02	9.8492765427e-01	8.5616064072e-01	8.5751503706e-01
6.6807751465e+02	9.8500865698e-01	8.5613554716e-01	8.5819655657e-01
6.6849719238e+02	9.8508894444e-01	8.5702246428e-01	8.5798722506e-01
6.6891693115e+02	9.8516857624e-01	8.5757744312e-01	8.5967200994e-01
6.6933660889e+02	9.8524749279e-01	8.5789471865e-01	8.6039054394e-01
6.6975634766e+02	9.8532581329e-01	8.5821515322e-01	8.6098247766e-01
6.7017602539e+02	9.8540347815e-01	8.5865360498e-01	8.6077332497e-01
6.7059576416e+02	9.8548048735e-01	8.5926967859e-01	8.6155158281e-01
6.7101544189e+02	9.8555690050e-01	8.5950940847e-01	8.6208981276e-01
6.7143518066e+02	9.8563265800e-01	8.5990411043e-01	8.6236834526e-01
6.7185485840e+02	9.8570775986e-01	8.6027538776e-01	8.6421704292e-01
6.7227459717e+02	9.8578232527e-01	8.6084270477e-01	8.6358195543e-01
6.7269427490e+02	9.8585623503e-01	8.6128866673e-01	8.6489230394e-01
6.7311401367e+02	9.8592954874e-01	8.6189627647e-01	8.6550670862e-01
6.7353375244e+02	9.8600226641e-01	8.6256128550e-01	8.6484891176e-01
6.7395343018e+02	9.8607444763e-01	8.6280661821e-01	8.6515563726e-01
6.7437316895e+02	9.8614603281e-01	8.6302125454e-01	8.6648833752e-01
6.7479284668e+02	9.8621702194e-01	8.6349189281e-01	8.6643868685e-01
6.7521258545e+02	9.8628741503e-01	8.6386042833e-01	8.6814874411e-01
6.7563226318e+02	9.8635727167e-01	8.6451566219e-01	8.6886191368e-01
6.7605200195e+02	9.8642659187e-01	8.6510413885e-01	8.6930960417e-01
6.7647167969e+02	9.8649537563e-01	8.6564791203e-01	8.6871075630e-01
6.7689141846e+02	9.8656362295e-01	8.6603903770e-01	8.6932563782e-01
6.7731109619e+02	9.8663127422e-01	8.6659908295e-01	8.7070518732e-01
6.7773083496e+02	9.8669844866e-01	8.6701267958e-01	8.7012082338e-01
6.7815051270e+02	9.8676508665e-01	8.6760526896e-01	8.7106966972e-01
6.7857025146e+02	9.8683118820e-01	8.6827260256e-01	8.7205779552e-01
6.7898992920e+02	9.8689675331e-01	8.6857670546e-01	8.7253898382e-01
6.7940966797e+02	9.8696184158e-01	8.6899185181e-01	8.7231749296e-01
6.7982934570e+02	9.8702645302e-01	8.6958396435e-01	8.7177783251e-01
6.8024908447e+02	9.8709052801e-01	8.6999469995e-01	8.7346041203e-01
6.8066876221e+02	9.8715412617e-01	8.7040477991e-01	8.7300491333e-01
6.8108850098e+02	9.8721724749e-01	8.7104731798e-01	8.7362778187e-01
6.8150817871e+02	9.8727983236e-01	8.7125909328e-01	8.7356799841e-01
6.8192791748e+02	9.8734200001e-01	8.7213695049e-01	8.7444227934e-01
6.8234759521e+02	9.8740363121e-01	8.7258619070e-01	8.7470591068e-01
6.8276733398e+02	9.8746484518e-01	8.7307775021e-01	8.7552660704e-01
6.8318701172e+02	9.8752558231e-01	8.7355846167e-01	8.7610876560e-01
6.8360675049e+02	9.8758590221e-01	8.7404495478e-01	8.7635761499e-01
6.8402642822e+02	9.8764574528e-01	8.7436693907e-01	8.7610536814e-01
6.8444616699e+02	9.8770511150e-01	8.7508231401e-01	8.7659549713e-01
6.8486590576e+02	9.8776406050e-01	8.7531626225e-01	8.7722736597e-01
6.8528558350e+02	9.8782253265e-01	8.7585556507e-01	8.7735027075e-01
6.8570532227e+02	9.8788058758e-01	8.7611514330e-01	8.7774085999e-01
6.8612500000e+02	9.8793822527e-01	8.7677609921e-01	8.7737959623e-01
6.8654473877e+02	9.8799544573e-01	8.7702322006e-01	8.7861585617e-01
6.8696441650e+02	9.8805224895e-01	8.7740409374e-01	8.7819719315e-01
6.8738415527e+02	9.8810863495e-01	8.7787991762e-01	8.7904971838e-01
6.8780383301e+02	9.8816454411e-01	8.7823247910e-01	8.7932765484e-01
6.8822357178e+02	9.8822009563e-01	8.7863880396e-01	8.7931239605e-01
6.8864324951e+02	9.8827522993e-01	8.7909120321e-01	8.7992697954e-01
6.8906298828e+02	9.8833000660e-01	8.7948650122e-01	8.7937945127e-01
6.8948266602e+02	9.8838430643e-01	8.7969446182e-01	8.8116627932e-01
6.8990240479e+02	9.8843824863e-01	8.8013750315e-01	8.8152158260e-01
6.9032208252e+02	9.8849183321e-01	8.8045638800e-01	8.8071161509e-01
6.9074182129e+02	9.8854500055e-01	8.8084447384e-01	8.8193792105e-01
6.9116149902e+02	9.8859781027e-01	8.8099479675e-01	8.8157188892e-01
6.9158123779e+02	9.8865020275e-01	8.8140922785e-01	8.8263165951e-01
6.9200091553e+02	9.8870223761e-01	8.8175517321e-01	8.8269329071e-01
6.9242065430e+02	9.8875391483e-01	8.8206374645e-01	8.8258326054e-01
6.9284033203e+02	9.8880517483e-01	8.8228160143e-01	8.8363337517e-01
6.9326007080e+02	9.8885613680e-01	8.8250899315e-01	8.8288980722e-01
6.9367974854e+02	9.8890668154e-01	8.8277602196e-01	8.8315325975e-01
6.9409948730e+02	9.8895692825e-01	8.8317340612e-01	8.8308638334e-01
6.9451916504e+02	9.8900681734e-01	8.8324213028e-01	8.8317275047e-01
6.9493890381e+02	9.8905628920e-01	8.8376003504e-01	8.8416618109e-01
6.9535864258e+02	9.8910546303e-01	8.8389760256e-01	8.8467210531e-01
6.9577832031e+02	9.8915427923e-01	8.8404315710e-01	8.8449525833e-01
6.9619805908e+02	9.8920279741e-01	8.8451570272e-01	8.8476252556e-01
6.9661773682e+02	9.8925095797e-01	8.8468062878e-01	8.8442474604e-01
6.9703747559e+02	9.8929876089e-01	8.8491982222e-01	8.8511437178e-01
6.9745715332e+02	9.8934626579e-01	8.8521808386e-01	8.8500857353e-01
6.9787689209e+02	9.8939341307e-01	8.8548588753e-01	8.8603049517e-01
6.9829656982e+02	9.8944020271e-01	8.8576656580e-01	8.8668918610e-01
6.9871630859e+02	9.8948675394e-01	8.8591462374e-01	8.8647168875e-01
6.9913598633e+02	9.8953294754e-01	8.8622641563e-01	8.8684666157e-01
6.9955572510e+02	9.8957884312e-01	8.8648909330e-01	8.8590931892e-01
6.9997540283e+02	9.8962438107e-01	8.8667494059e-01	8.8649499416e-01
7.0039514160e+02	9.8966962099e-01	8.8674867153e-01	8.8746738434e-01
7.0081481934e+02	9.8971456289e-01	8.8720202446e-01	8.8774174452e-01
7.0123455811e+02	9.8975926638e-01	8.8730472326e-01	8.8753271103e-01
7.0165423584e+02	9.8980361223e-01	8.8773345947e-01	8.8795512915e-01
7.0207397461e+02	9.8984766006e-01	8.8790607452e-01	8.8827490807e-01
7.0249365234e+02	9.8989140987e-01	8.8813686371e-01	8.8894033432e-01
7.0291339111e+02	9.8993486166e-01	8.8832288980e-01	8.8882952929e-01
7.0333306885e+02	9.8997801542e-01	8.8859963417e-01	8.8891434669e-01
7.0375280762e+02	9.9002087116e-01	8.8868659735e-01	8.8796132803e-01
7.0417248535e+02	9.9006348848e-01	8.8899111748e-01	8.8905543089e-01
7.0459222412e+02	9.9010580778e-01	8.8915598392e-01	8.8961690664e-01
7.0501190186e+02	9.9014782906e-01	8.8943296671e-01	8.8938903809e-01
7.0543164062e+02	9.9018961191e-01	8.8941460848e-01	8.9026242495e-01
7.0585137939e+02	9.9023109674e-01	8.8982433081e-01	8.8978177309e-01
7.0627105713e+02	9.9027228355e-01	8.8996809721e-01	8.8987916708e-01
7.0669079590e+02	9.9031323195e-01	8.9021575451e-01	8.8903719187e-01
7.0711047363e+02	9.9035394192e-01	8.9045369625e-01	8.8999956846e-01
7.0753021240e+02	9.9039435387e-01	8.9050990343e-01	8.9117026329e-01
7.0794989014e+02	9.9043446779e-01	8.9074784517e-01	8.9005422592e-01
7.0836962891e+02	9.9047434330e-01	8.9092254639e-01	8.9056628942e-01
7.0878930664e+02	9.9051398039e-01	8.9116561413e-01	8.9141011238e-01
7.0920904541e+02	9.9055337906e-01	8.9134418964e-01	8.9084744453e-01
7.0962872314e+02	9.9059247971e-01	8.9153414965e-01	8.9160758257e-01
7.1004846191e+02	9.9063134193e-01	8.9172607660e-01	8.9127725363e-01
7.1046813965e+02	9.9066996574e-01	8.9183223248e-01	8.9116418362e-01
7.1088787842e+02	9.9070835114e-01	8.9205873013e-01	8.9186030626e-01
7.1130755615e+02	9.9074649811e-01	8.9223128557e-01	8.9189624786e-01
7.1172729492e+02	9.9078434706e-01	8.9237779379e-01	8.9222258329e-01
7.1214697266e+02	9.9082201719e-01	8.9249294996e-01	8.9191746712e-01
7.1256671143e+02	9.9085938931e-01	8.9271378517e-01	8.9158266783e-01
7.1298638916e+02	9.9089658260e-01	8.9308869839e-01	8.9292287827e-01
7.1340612793e+02	9.9093353748e-01	8.9319884777e-01	8.9187252522e-01
7.1382580566e+02	9.9097019434e-01	8.9335501194e-01	8.9323693514e-01
7.1424554443e+02	9.9100667238e-01	8.9340174198e-01	8.9316213131e-01
7.1466522217e+02	9.9104291201e-01	8.9341264963e-01	8.9313548803e-01
7.1508496094e+02	9.9107897282e-01	8.9339637756e-01	8.9260393381e-01
7.1550463867e+02	9.9111473560e-01	8.9371204376e-01	8.9232575893e-01
7.1592437744e+02	9.9115031958e-01	8.9383733273e-01	8.9278805256e-01
7.1634405518e+02	9.9118566513e-01	8.9398449659e-01	8.9295911789e-01
7.1676379395e+02	9.9122083187e-01	8.9406490326e-01	8.9273637533e-01
7.1718353271e+02	9.9125570059e-01	8.9447474480e-01	8.9371889830e-01
7.1760321045e+02	9.9129045010e-01	8.9449185133e-01	8.9419847727e-01
7.1802294922e+02	9.9132490158e-01	8.9467704296e-01	8.9277434349e-01
7.1844262695e+02	9.9135917425e-01	8.9486801624e-01	8.9434552193e-01
7.1886236572e+02	9.9139326811e-01	8.9501732588e-01	8.9434403181e-01
7.1928204346e+02	9.9142712355e-01	8.9503306150e-01	8.9540326595e-01
7.1970178223e+02	9.9146074057e-01	8.9503669739e-01	8.9396631718e-01
7.2012145996e+02	9.9149417877e-01	8.9528286457e-01	8.9449679852e-01
7.2054119873e+02	9.9152743816e-01	8.9549005032e-01	8.9447408915e-01
7.2096087646e+02	9.9156045914e-01	8.9555937052e-01	8.9470565319e-01
7.2138061523e+02	9.9159336090e-01	8.9578342438e-01	8.9475595951e-01
7.2180029297e+02	9.9162596464e-01	8.9580184221e-01	8.9527398348e-01
7.2222003174e+02	9.9165844917e-01	8.9603233337e-01	8.9457762241e-01
7.2263970947e+02	9.9169069529e-01	8.9604467154e-01	8.9512974024e-01
7.2305944824e+02	9.9172276258e-01	8.9613360167e-01	8.9551961422e-01
7.2347912598e+02	9.9175459146e-01	8.9614778757e-01	8.9509028196e-01
7.2389886475e+02	9.9178630114e-01	8.9634466171e-01	8.9629667997e-01
7.2431854248e+02	9.9181777239e-01	8.9641696215e-01	8.9550352097e-01
7.2473828125e+02	9.9184906483e-01	8.9661759138e-01	8.9493995905e-01
7.2515795898e+02	9.9188017845e-01	8.9663273096e-01	8.9574807882e-01
7.2557769775e+02	9.9191111326e-01	8.9658886194e-01	8.9653903246e-01
7.2599737549e+02	9.9194186926e-01	8.9684092999e-01	8.9632683992e-01
7.2641711426e+02	9.9197244644e-01	8.9690059423e-01	8.9626592398e-01
7.2683679199e+02	9.9200284481e-01	8.9692866802e-01	8.9668160677e-01
7.2725653076e+02	9.9203306437e-01	8.9713972807e-01	8.9707881212e-01
7.2767626953e+02	9.9206310511e-01	8.9727407694e-01	8.9655858278e-01
7.2809594727e+02	9.9209296703e-01	8.9731061459e-01	8.9674699306e-01
7.2851568604e+02	9.9212265015e-01	8.9747625589e-01	8.9732903242e-01
7.2893536377e+02	9.9215215445e-01	8.9771586657e-01	8.9747375250e-01
7.2935510254e+02	9.9218153954e-01	8.9764964581e-01	8.9627528191e-01
7.2977478027e+02	9.9221068621e-01	8.9766234159e-01	8.9754748344e-01
7.3019451904e+02	9.9223971367e-01	8.9783257246e-01	8.9659106731e-01
7.3061419678e+02	9.9226856232e-01	8.9791208506e-01	8.9663761854e-01
7.3103393555e+02	9.9229723215e-01	8.9793771505e-01	8.9731180668e-01
7.3145361328e+02	9.9232572317e-01	8.9812654257e-01	8.9774572849e-01
7.3187335205e+02	9.9235409498e-01	8.9822620153e-01	8.9851444960e-01
7.3229302979e+02	9.9238222837e-01	8.9832913876e-01	8.9801990986e-01
7.3271276855e+02	9.9241030216e-01	8.9847475290e-01	8.9654129744e-01
7.3313244629e+02	9.9243813753e-01	8.9851039648e-01	8.9824938774e-01
7.3355218506e+02	9.9246585369e-01	8.9856141806e-01	8.9721322060e-01
7.3397186279e+02	9.9249339104e-01	8.9875280857e-01	8.9781177044e-01
7.3439160156e+02	9.9252080917e-01	8.9870500565e-01	8.9872437716e-01
7.3481127930e+02	9.9254804850e-01	8.9881199598e-01	8.9753413200e-01
7.3523101807e+02	9.9257510900e-01	8.9885872602e-01	8.9767819643e-01
7.3565069580e+02	9.9260205030e-01	8.9913988113e-01	8.9780396223e-01
7.3607043457e+02	9.9262881279e-01	8.9941161871e-01	8.9894801378e-01
7.3649011230e+02	9.9265545607e-01	8.9925670624e-01	8.9835894108e-01
7.3690985107e+02	9.9268192053e-01	8.9938855171e-01	8.9916414022e-01
7.3732952881e+02	9.9270826578e-01	8.9924132824e-01	8.9876520634e-01
7.3774926758e+02	9.9273449183e-01	8.9932590723e-01	8.9936947823e-01
7.3816900635e+02	9.9276053905e-01	8.9929312468e-01	8.9985388517e-01
7.3858868408e+02	9.9278640747e-01	8.9946854115e-01	8.9882856607e-01
7.3900842285e+02	9.9281215668e-01	8.9949572086e-01	8.9934074879e-01
7.3942810059e+02	9.9283778667e-01	8.9947229624e-01	9.0037524700e-01
7.3984783936e+02	9.9286329746e-01	8.9946579933e-01	9.0017271042e-01
7.4026751709e+02	9.9288862944e-01	8.9949977398e-01	8.9938223362e-01
7.4068725586e+02	9.9291378260e-01	8.9957201481e-01	8.9945560694e-01
7.4110693359e+02	9.9293887615e-01	8.9967870712e-01	8.9977312088e-01
7.4152667236e+02	9.9296379089e-01	8.9961415529e-01	9.0042579174e-01
7.4194635010e+02	9.9298858643e-01	8.9978557825e-01	8.9884215593e-01
7.4236608887e+02	9.9301320314e-01	8.9977240562e-01	9.0013980865e-01
7.4278576660e+02	9.9303770065e-01	8.9987462759e-01	8.9891546965e-01
7.4320550537e+02	9.9306207895e-01	8.9991086721e-01	8.9966744184e-01
7.4362518311e+02	9.9308633804e-01	8.9999860525e-01	8.9980328083e-01
7.4404492188e+02	9.9311047792e-01	8.9999175072e-01	9.0021377802e-01
7.4446459961e+02	9.9313443899e-01	9.0004628897e-01	9.0084224939e-01
7.4488433838e+02	9.9315834045e-01	9.0003877878e-01	9.0054476261e-01
7.4530401611e+02	9.9318206310e-01	9.0008097887e-01	9.0061700344e-01
7.4572375488e+02	9.9320566654e-01	9.0011775494e-01	9.0020179749e-01
7.4614343262e+02	9.9322915077e-01	9.0019041300e-01	9.0055775642e-01
7.4656317139e+02	9.9325251579e-01	9.0021967888e-01	9.0026539564e-01
7.4698284912e+02	9.9327576160e-01	9.0023005009e-01	9.0043884516e-01
7.4740258789e+02	9.9329882860e-01	9.0022796392e-01	9.0016722679e-01
7.4782226562e+02	9.9332183599e-01	9.0034627914e-01	9.0060085058e-01
7.4824200439e+02	9.9334466457e-01	9.0035009384e-01	9.0134316683e-01
7.4866168213e+02	9.9336743355e-01	9.0034168959e-01	9.0104460716e-01
7.4908142090e+02	9.9339008331e-01	9.0041649342e-01	8.9997714758e-01
7.4950115967e+02	9.9341255426e-01	9.0041160583e-01	9.0069466829e-01
7.4992083740e+02	9.9343496561e-01	9.0041315556e-01	9.0106046200e-01
7.5034057617e+02	9.9345719814e-01	9.0043407679e-01	9.0077251196e-01
7.5076025391e+02	9.9347937107e-01	9.0052515268e-01	9.0137648582e-01
7.5117999268e+02	9.9350142479e-01	9.0054440498e-01	9.0127480030e-01
7.5159967041e+02	9.9352329969e-01	9.0054720640e-01	9.0141308308e-01
7.5201940918e+02	9.9354511499e-01	9.0046882629e-01	9.0106600523e-01
7.5243908691e+02	9.9356681108e-01	9.0054643154e-01	9.0132242441e-01
7.5285882568e+02	9.9358838797e-01	9.0055918694e-01	9.0128350258e-01
7.5327850342e+02	9.9360984564e-01	9.0069246292e-01	9.0155917406e-01
7.5369824219e+02	9.9363124371e-01	9.0061402321e-01	9.0161412954e-01
7.5411791992e+02	9.9365246296e-01	9.0065413713e-01	9.0154784918e-01
7.5453765869e+02	9.9367362261e-01	9.0060257912e-01	9.0108686686e-01
7.5495733643e+02	9.9369466305e-01	9.0054142475e-01	9.0132397413e-01
7.5537707520e+02	9.9371558428e-01	9.0061962605e-01	9.0157335997e-01
7.5579675293e+02	9.9373638630e-01	9.0054643154e-01	9.0152168274e-01
7.5621649170e+02	9.9375706911e-01	9.0062099695e-01	9.0238684416e-01
7.5663616943e+02	9.9377769232e-01	9.0055882931e-01	9.0081584454e-01
7.5705590820e+02	9.9379819632e-01	9.0057492256e-01	9.0106290579e-01
7.5747558594e+02	9.9381858110e-01	9.0045237541e-01	9.0164273977e-01
7.5789532471e+02	9.9383890629e-01	9.0058237314e-01	9.0156364441e-01
7.5831500244e+02	9.9385905266e-01	9.0056771040e-01	9.0190106630e-01
7.5873474121e+02	9.9387913942e-01	9.0060514212e-01	9.0162670612e-01
7.5915441895e+02	9.9389916658e-01	9.0055269003e-01	9.0210175514e-01
7.5957415771e+02	9.9391901493e-01	9.0043437481e-01	9.0172201395e-01
7.5999389648e+02	9.9393880367e-01	9.0050023794e-01	9.0193402767e-01
7.6041357422e+02	9.9395847321e-01	9.0047121048e-01	9.0218043327e-01
7.6083331299e+02	9.9397808313e-01	9.0052390099e-01	9.0115076303e-01
7.6125299072e+02	9.9399757385e-01	9.0047168732e-01	9.0102976561e-01
7.6167272949e+02	9.9401694536e-01	9.0037947893e-01	9.0150815248e-01
7.6209240723e+02	9.9403625727e-01	9.0042144060e-01	9.0095710754e-01
7.6251214600e+02	9.9405544996e-01	9.0029108524e-01	9.0121418238e-01
7.6293182373e+02	9.9407458305e-01	9.0028280020e-01	9.0175008774e-01
7.6335156250e+02	9.9409359694e-01	9.0036576986e-01	9.0186160803e-01
7.6377124023e+02	9.9411249161e-01	9.0021389723e-01	9.0139704943e-01
7.6419097900e+02	9.9413132668e-01	9.0031051636e-01	9.0083801746e-01
7.6461065674e+02	9.9415004253e-01	9.0022897720e-01	9.0135431290e-01
7.6503039551e+02	9.9416869879e-01	9.0017551184e-01	9.0131789446e-01
7.6545007324e+02	9.9418723583e-01	9.0009075403e-01	9.0066218376e-01
7.6586981201e+02	9.9420571327e-01	9.0007549524e-01	9.0128004551e-01
7.6628948975e+02	9.9422407150e-01	9.0006482601e-01	9.0092372894e-01
7.6670922852e+02	9.9424231052e-01	9.0001404285e-01	9.0150833130e-01
7.6712890625e+02	9.9426054955e-01	8.9995610714e-01	9.0108448267e-01
7.6754864502e+02	9.9427860975e-01	8.9992147684e-01	9.0163940191e-01
7.6796832275e+02	9.9429661036e-01	8.9990961552e-01	9.0096211433e-01
7.6838806152e+02	9.9431455135e-01	8.9979141951e-01	9.0134227276e-01
7.6880773926e+02	9.9433237314e-01	8.9970844984e-01	9.0158545971e-01
7.6922747803e+02	9.9435013533e-01	8.9969813824e-01	9.0066516399e-01
7.6964715576e+02	9.9436777830e-01	8.9949631691e-01	9.0177309513e-01
7.7006689453e+02	9.9438536167e-01	8.9969772100e-01	9.0163242817e-01
7.7048663330e+02	9.9440288544e-01	8.9946019650e-01	9.0074455738e-01
7.7090631104e+02	9.9442028999e-01	8.9941477776e-01	9.0092593431e-01
7.7132604980e+02	9.9443763494e-01	8.9928609133e-01	9.0172171593e-01
7.7174572754e+02	9.9445486069e-01	8.9937663078e-01	9.0131700039e-01
7.7216546631e+02	9.9447202682e-01	8.9927756786e-01	9.0046697855e-01
7.7258514404e+02	9.9448913336e-01	8.9916896820e-01	8.9988505840e-01
7.7300488281e+02	9.9450612068e-01	8.9921367168e-01	9.0055298805e-01
7.7342456055e+02	9.9452304840e-01	8.9904087782e-01	9.0018481016e-01
7.7384429932e+02	9.9453985691e-01	8.9890897274e-01	9.0102177858e-01
7.7426397705e+02	9.9455660582e-01	8.9898163080e-01	9.0004503727e-01
7.7468371582e+02	9.9457329512e-01	8.9889746904e-01	9.0084391832e-01
7.7510339355e+02	9.9458992481e-01	8.9869701862e-01	9.0108853579e-01
7.7552313232e+02	9.9460643530e-01	8.9867258072e-01	9.0007102489e-01
7.7594281006e+02	9.9462288618e-01	8.9852964878e-01	9.0063333511e-01
7.7636254883e+02	9.9463927746e-01	8.9853996038e-01	9.0073442459e-01
7.7678222656e+02	9.9465554953e-01	8.9839327335e-01	8.9934873581e-01
7.7720196533e+02	9.9467176199e-01	8.9822870493e-01	8.9999967813e-01
7.7762164307e+02	9.9468791485e-01	8.9824879169e-01	8.9955347776e-01
7.7804138184e+02	9.9470394850e-01	8.9800500870e-01	9.0000659227e-01
7.7846105957e+02	9.9471998215e-01	8.9801418781e-01	8.9962315559e-01
7.7888079834e+02	9.9473589659e-01	8.9791756868e-01	9.0003019571e-01
7.7930047607e+02	9.9475169182e-01	8.9781951904e-01	8.9909148216e-01
7.7972021484e+02	9.9476748705e-01	8.9761662483e-01	8.9951008558e-01
7.8013989258e+02	9.9478316307e-01	8.9762395620e-01	8.9937007427e-01
7.8055963135e+02	9.9479883909e-01	8.9749628305e-01	8.9939481020e-01
7.8097930908e+02	9.9481433630e-01	8.9736181498e-01	8.9871549606e-01
7.8139904785e+02	9.9482983351e-01	8.9722216129e-01	8.9969706535e-01
7.8181878662e+02	9.9484527111e-01	8.9699977636e-01	8.9919298887e-01
7.8223846436e+02	9.9486058950e-01	8.9695888758e-01	8.9872860909e-01
7.8265820312e+02	9.9487584829e-01	8.9685797691e-01	8.9949911833e-01
7.8307788086e+02	9.9489104748e-01	8.9672917128e-01	8.9806461334e-01
7.8349761963e+02	9.9490618706e-01	8.9654713869e-01	8.9835280180e-01
7.8391729736e+02	9.9492126703e-01	8.9642608166e-01	8.9859396219e-01
7.8433703613e+02	9.9493622780e-01	8.9628744125e-01	8.9887309074e-01
7.8475671387e+02	9.9495118856e-01	8.9615726471e-01	8.9843553305e-01
7.8517645264e+02	9.9496603012e-01	8.9604485035e-01	8.9898973703e-01
7.8559613037e+02	9.9498081207e-01	8.9591223001e-01	8.9810913801e-01
7.8601586914e+02	9.9499553442e-01	8.9569896460e-01	8.9680314064e-01
7.8643554688e+02	9.9501019716e-01	8.9559006691e-01	8.9747142792e-01
7.8685528564e+02	9.9502480030e-01	8.9542621374e-01	8.9707475901e-01
7.8727496338e+02	9.9503928423e-01	8.9532804489e-01	8.9694893360e-01
7.8769470215e+02	9.9505376816e-01	8.9501339197e-01	8.9668792486e-01
7.8811437988e+02	9.9506819248e-01	8.9499288797e-01	8.9631712437e-01
7.8853411865e+02	9.9508249760e-01	8.9485538006e-01	8.9650011063e-01
7.8895379639e+02	9.9509674311e-01	8.9468389750e-01	8.9609676600e-01
7.8937353516e+02	9.9511098862e-01	8.9451938868e-01	8.9490360022e-01
7.8979321289e+02	9.9512511492e-01	8.9430093765e-01	8.9517080784e-01
7.9021295166e+02	9.9513918161e-01	8.9406347275e-01	8.9585971832e-01
7.9063262939e+02	9.9515318871e-01	8.9391803741e-01	8.9600646496e-01
7.9105236816e+02	9.9516713619e-01	8.9380800724e-01	8.9596974850e-01
7.9147204590e+02	9.9518102407e-01	8.9368957281e-01	8.9467674494e-01
7.9189178467e+02	9.9519485235e-01	8.9353436232e-01	8.9467513561e-01
7.9231152344e+02	9.9520862103e-01	8.9336633682e-01	8.9530551434e-01
7.9273120117e+02	9.9522233009e-01	8.9307898283e-01	8.9556556940e-01
7.9315093994e+02	9.9523597956e-01	8.9291161299e-01	8.9507317543e-01
7.9357061768e+02	9.9524956942e-01	8.9274519682e-01	8.9451396465e-01
7.9399035645e+02	9.9526309967e-01	8.9260882139e-01	8.9416515827e-01
7.9441003418e+02	9.9527657032e-01	8.9238536358e-01	8.9396584034e-01
7.9482977295e+02	9.9528998137e-01	8.9226061106e-01	8.9368897676e-01
7.9524945068e+02	9.9530333281e-01	8.9195597172e-01	8.9458101988e-01
7.9566918945e+02	9.9531662464e-01	8.9172846079e-01	8.9364928007e-01
7.9608886719e+02	9.9532985687e-01	8.9172720909e-01	8.9253407717e-01
7.9650860596e+02	9.9534308910e-01	8.9134669304e-01	8.9329385757e-01
7.9692828369e+02	9.9535620213e-01	8.9116865396e-01	8.9203995466e-01
7.9734802246e+02	9.9536925554e-01	8.9095097780e-01	8.9269816875e-01
7.9776770020e+02	9.9538224936e-01	8.9072304964e-01	8.9304602146e-01
7.9818743896e+02	9.9539524317e-01	8.9055466652e-01	8.9156115055e-01
7.9860711670e+02	9.9540811777e-01	8.9043480158e-01	8.9174050093e-01
7.9902685547e+02	9.9542093277e-01	8.9028483629e-01	8.9259672165e-01
7.9944653320e+02	9.9543374777e-01	8.9002221823e-01	8.9128547907e-01
