wavelength_nm	ideal_target_transmittance	cvae_target_transmittance	tandem_response_transmittance
3.7973712158e+02	9.4904518127e-01	8.7553924322e-01	8.7322247028e-01
3.8015682983e+02	9.4851064682e-01	8.7592470646e-01	8.7213230133e-01
3.8057653809e+02	9.4796729088e-01	8.7607014179e-01	8.7071835995e-01
3.8099624634e+02	9.4741505384e-01	8.7595283985e-01	8.6916422844e-01
3.8141595459e+02	9.4685363770e-01	8.7591773272e-01	8.6736023426e-01
3.8183566284e+02	9.4628286362e-01	8.7568527460e-01	8.6638069153e-01
3.8225537109e+02	9.4570249319e-01	8.7531358004e-01	8.6392641068e-01
3.8267507935e+02	9.4511240721e-01	8.7472325563e-01	8.6246311665e-01
3.8309478760e+02	9.4451224804e-01	8.7432992458e-01	8.6062401533e-01
3.8351449585e+02	9.4390189648e-01	8.7351179123e-01	8.5847049952e-01
3.8393420410e+02	9.4328111410e-01	8.7289017439e-01	8.5653698444e-01
3.8435391235e+02	9.4264960289e-01	8.7192487717e-01	8.5510122776e-01
3.8477362061e+02	9.4200712442e-01	8.7123548985e-01	8.5362058878e-01
3.8519332886e+02	9.4135338068e-01	8.7034374475e-01	8.5126525164e-01
3.8561303711e+02	9.4068825245e-01	8.6932146549e-01	8.4969776869e-01
3.8603274536e+02	9.4001132250e-01	8.6822003126e-01	8.4782141447e-01
3.8645245361e+02	9.3932235241e-01	8.6670815945e-01	8.4417015314e-01
3.8687216187e+02	9.3862110376e-01	8.6549419165e-01	8.4332859516e-01
3.8729187012e+02	9.3790727854e-01	8.6438930035e-01	8.4160655737e-01
3.8771157837e+02	9.3718045950e-01	8.6321973801e-01	8.3808875084e-01
3.8813131714e+02	9.3644040823e-01	8.6189466715e-01	8.3707129955e-01
3.8855102539e+02	9.3568688631e-01	8.6062771082e-01	8.3466243744e-01
3.8897073364e+02	9.3491941690e-01	8.5911750793e-01	8.3311051130e-01
3.8939044189e+02	9.3413776159e-01	8.5789245367e-01	8.2998073101e-01
3.8981015015e+02	9.3334156275e-01	8.5640692711e-01	8.2894724607e-01
3.9022985840e+02	9.3253034353e-01	8.5502111912e-01	8.2680523396e-01
3.9064956665e+02	9.3170386553e-01	8.5336387157e-01	8.2520765066e-01
3.9106927490e+02	9.3086165190e-01	8.5201799870e-01	8.2306075096e-01
3.9148898315e+02	9.3000334501e-01	8.5012066364e-01	8.2133346796e-01
3.9190869141e+02	9.2912852764e-01	8.4839671850e-01	8.2007896900e-01
3.9232839966e+02	9.2823672295e-01	8.4690356255e-01	8.1744080782e-01
3.9274810791e+02	9.2732757330e-01	8.4512573481e-01	8.1591814756e-01
3.9316781616e+02	9.2640060186e-01	8.4327214956e-01	8.1468605995e-01
3.9358752441e+02	9.2545533180e-01	8.4190428257e-01	8.1253850460e-01
3.9400723267e+02	9.2449128628e-01	8.4006887674e-01	8.1118935347e-01
3.9442694092e+02	9.2350792885e-01	8.3782726526e-01	8.0996108055e-01
3.9484664917e+02	9.2250478268e-01	8.3591443300e-01	8.0780225992e-01
3.9526635742e+02	9.2148131132e-01	8.3436131477e-01	8.0677658319e-01
3.9568606567e+02	9.2043697834e-01	8.3190721273e-01	8.0529469252e-01
3.9610577393e+02	9.1937124729e-01	8.2977688313e-01	8.0373179913e-01
3.9652548218e+02	9.1828346252e-01	8.2806009054e-01	8.0279183388e-01
3.9694519043e+02	9.1717302799e-01	8.2591962814e-01	8.0072635412e-01
3.9736489868e+02	9.1603934765e-01	8.2339465618e-01	7.9926568270e-01
3.9778460693e+02	9.1488176584e-01	8.2108378410e-01	7.9766273499e-01
3.9820431519e+02	9.1369962692e-01	8.1893306971e-01	7.9559403658e-01
3.9862402344e+02	9.1249221563e-01	8.1677228212e-01	7.9465597868e-01
3.9904376221e+02	9.1125875711e-01	8.1459015608e-01	7.9294914007e-01
3.9946347046e+02	9.0999865532e-01	8.1187731028e-01	7.9251903296e-01
3.9988317871e+02	9.0871107578e-01	8.0925506353e-01	7.9019355774e-01
4.0030288696e+02	9.0739524364e-01	8.0668014288e-01	7.8782486916e-01
4.0072259521e+02	9.0605032444e-01	8.0459278822e-01	7.8622543812e-01
4.0114230347e+02	9.0467542410e-01	8.0159407854e-01	7.8480637074e-01
4.0156201172e+02	9.0326976776e-01	7.9976713657e-01	7.8405886889e-01
4.0198171997e+02	9.0183228254e-01	7.9733556509e-01	7.8284490108e-01
4.0240142822e+02	9.0036219358e-01	7.9358977079e-01	7.8135383129e-01
4.0282113647e+02	8.9885848761e-01	7.8966897726e-01	7.7860581875e-01
4.0324084473e+02	8.9732003212e-01	7.8928709030e-01	7.7672445774e-01
4.0366055298e+02	8.9574593306e-01	7.8560012579e-01	7.7576935291e-01
4.0408026123e+02	8.9413499832e-01	7.8356724977e-01	7.7378243208e-01
4.0449996948e+02	8.9248615503e-01	7.8078281879e-01	7.7275216579e-01
4.0491967773e+02	8.9079815149e-01	7.7726495266e-01	7.6993978024e-01
4.0533938599e+02	8.8906991482e-01	7.7375423908e-01	7.6683604717e-01
4.0575909424e+02	8.8730007410e-01	7.7109795809e-01	7.6636201143e-01
4.0617880249e+02	8.8548737764e-01	7.6831078529e-01	7.6187682152e-01
4.0659851074e+02	8.8363045454e-01	7.6733070612e-01	7.6026314497e-01
4.0701821899e+02	8.8172787428e-01	7.6370865107e-01	7.5782996416e-01
4.0743792725e+02	8.7977820635e-01	7.6044130325e-01	7.5452375412e-01
4.0785763550e+02	8.7777996063e-01	7.5592476130e-01	7.5223696232e-01
4.0827734375e+02	8.7573146820e-01	7.5387716293e-01	7.5007700920e-01
4.0869705200e+02	8.7363123894e-01	7.5203830004e-01	7.4643731117e-01
4.0911676025e+02	8.7147742510e-01	7.4756586552e-01	7.4315732718e-01
4.0953649902e+02	8.6926823854e-01	7.4272853136e-01	7.3989838362e-01
4.0995620728e+02	8.6700206995e-01	7.4119710922e-01	7.3729372025e-01
4.1037591553e+02	8.6467689276e-01	7.3803418875e-01	7.3398160934e-01
4.1079562378e+02	8.6229074001e-01	7.3526376486e-01	7.3097157478e-01
4.1121533203e+02	8.5984158516e-01	7.2855180502e-01	7.2787123919e-01
4.1163504028e+02	8.5732722282e-01	7.2592502832e-01	7.2253811359e-01
4.1205474854e+02	8.5474544764e-01	7.2351825237e-01	7.2065234184e-01
4.1247445679e+02	8.5209393501e-01	7.2119688988e-01	7.1860289574e-01
4.1289416504e+02	8.4937036037e-01	7.1521967649e-01	7.1495538950e-01
4.1331387329e+02	8.4657222033e-01	7.1225440502e-01	7.1082848310e-01
4.1373358154e+02	8.4369683266e-01	7.0828872919e-01	7.0773524046e-01
4.1415328979e+02	8.4074151516e-01	7.0466655493e-01	7.0438641310e-01
4.1457299805e+02	8.3770352602e-01	7.0012110472e-01	6.9976055622e-01
4.1499270630e+02	8.3457988501e-01	6.9669890404e-01	6.9588923454e-01
4.1541241455e+02	8.3136755228e-01	6.9408595562e-01	6.9299745560e-01
4.1583212280e+02	8.2806336880e-01	6.8388295174e-01	6.8663078547e-01
4.1625183105e+02	8.2466411591e-01	6.7980033159e-01	6.8308246136e-01
4.1667153931e+02	8.2116621733e-01	6.7684370279e-01	6.7875641584e-01
4.1709124756e+02	8.1756627560e-01	6.7290711403e-01	6.7461770773e-01
4.1751095581e+02	8.1386047602e-01	6.6959494352e-01	6.7029625177e-01
4.1793066406e+02	8.1004500389e-01	6.6495847702e-01	6.6397684813e-01
4.1835037231e+02	8.0611586571e-01	6.6186195612e-01	6.5740424395e-01
4.1877008057e+02	8.0206888914e-01	6.5544712543e-01	6.5363872051e-01
4.1918978882e+02	7.9789972305e-01	6.5058237314e-01	6.4891105890e-01
4.1960949707e+02	7.9360383749e-01	6.4640200138e-01	6.4100909233e-01
4.2002920532e+02	7.8917664289e-01	6.4008808136e-01	6.3531982899e-01
4.2044894409e+02	7.8461283445e-01	6.3456249237e-01	6.3046437502e-01
4.2086865234e+02	7.7990812063e-01	6.2803816795e-01	6.2295949459e-01
4.2128836060e+02	7.7505683899e-01	6.2275093794e-01	6.1643904448e-01
4.2170806885e+02	7.7005356550e-01	6.1744838953e-01	6.1061131954e-01
4.2212777710e+02	7.6489269733e-01	6.1188721657e-01	6.0375952721e-01
4.2254748535e+02	7.5956833363e-01	6.0612177849e-01	5.9376162291e-01
4.2296719360e+02	7.5407445431e-01	5.9924811125e-01	5.8652037382e-01
4.2338690186e+02	7.4840468168e-01	5.9178733826e-01	5.7885426283e-01
4.2380661011e+02	7.4255257845e-01	5.8460849524e-01	5.7217824459e-01
4.2422631836e+02	7.3651140928e-01	5.7719349861e-01	5.6520837545e-01
4.2464602661e+02	7.3027420044e-01	5.7026201487e-01	5.5336183310e-01
4.2506573486e+02	7.2383379936e-01	5.6288403273e-01	5.4619532824e-01
4.2548544312e+02	7.1718275547e-01	5.5528014898e-01	5.3855508566e-01
4.2590515137e+02	7.1031349897e-01	5.4774862528e-01	5.3064113855e-01
4.2632485962e+02	7.0321828127e-01	5.3811097145e-01	5.1942944527e-01
4.2674456787e+02	6.9588893652e-01	5.2926796675e-01	5.1059991121e-01
4.2716427612e+02	6.8831729889e-01	5.2016282082e-01	4.9890223145e-01
4.2758398438e+02	6.8049502373e-01	5.1119166613e-01	4.9014517665e-01
4.2800369263e+02	6.7241346836e-01	5.0175410509e-01	4.7953459620e-01
4.2842340088e+02	6.6406393051e-01	4.9247741699e-01	4.6977269650e-01
4.2884310913e+02	6.5543764830e-01	4.8283648491e-01	4.5865744352e-01
4.2926281738e+02	6.4652568102e-01	4.7265669703e-01	4.4802746177e-01
4.2968252563e+02	6.3731908798e-01	4.6170777082e-01	4.3725055456e-01
4.3010223389e+02	6.2780886889e-01	4.5031198859e-01	4.2755129933e-01
4.3052194214e+02	6.1798614264e-01	4.4017672539e-01	4.1689029336e-01
4.3094165039e+02	6.0784214735e-01	4.2899921536e-01	4.0518951416e-01
4.3136138916e+02	5.9736740589e-01	4.1728779674e-01	3.9408487082e-01
4.3178109741e+02	5.8655518293e-01	4.0553647280e-01	3.8448393345e-01
4.3220080566e+02	5.7539665699e-01	3.9418622851e-01	3.7332570553e-01
4.3262051392e+02	5.6388425827e-01	3.8177812099e-01	3.6340656877e-01
4.3304022217e+02	5.5201101303e-01	3.6984109879e-01	3.5374116898e-01
4.3345993042e+02	5.3977072239e-01	3.5844931006e-01	3.4226658940e-01
4.3387963867e+02	5.2715790272e-01	3.4645316005e-01	3.3033224940e-01
4.3429934692e+02	5.1416820288e-01	3.3457270265e-01	3.2006633282e-01
4.3471905518e+02	5.0079840422e-01	3.1895527244e-01	3.0785599351e-01
4.3513876343e+02	4.8704689741e-01	3.0516001582e-01	2.9742395878e-01
4.3555847168e+02	4.7291347384e-01	2.9164424539e-01	2.8457176685e-01
4.3597817993e+02	4.5840001106e-01	2.7726942301e-01	2.7259817719e-01
4.3639788818e+02	4.4351047277e-01	2.6450759172e-01	2.6069766283e-01
4.3681759644e+02	4.2825129628e-01	2.5040647388e-01	2.4818590283e-01
4.3723730469e+02	4.1263172030e-01	2.3610015213e-01	2.3583914340e-01
4.3765701294e+02	3.9666399360e-01	2.2294589877e-01	2.2227934003e-01
4.3807672119e+02	3.8036388159e-01	2.0995217562e-01	2.1113100648e-01
4.3849642944e+02	3.6375093460e-01	1.9666482508e-01	1.9957096875e-01
4.3891613770e+02	3.4684878588e-01	1.8320788443e-01	1.8829429150e-01
4.3933584595e+02	3.2968556881e-01	1.6998223960e-01	1.7613142729e-01
4.3975555420e+02	3.1229433417e-01	1.5769012272e-01	1.6502097249e-01
4.4017526245e+02	2.9471325874e-01	1.4567101002e-01	1.5501271188e-01
4.4059497070e+02	2.7698591352e-01	1.3401968777e-01	1.4349693060e-01
4.4101467896e+02	2.5916168094e-01	1.2266735733e-01	1.3332204521e-01
4.4143438721e+02	2.4129578471e-01	1.1175248027e-01	1.2387314439e-01
4.4185412598e+02	2.2344820201e-01	1.0169594735e-01	1.1371465027e-01
4.4227383423e+02	2.0568878949e-01	9.1998040676e-02	1.0472150147e-01
4.4269354248e+02	1.8808950484e-01	8.2862563431e-02	9.6068583429e-02
4.4311325073e+02	1.7072927952e-01	7.4761666358e-02	8.8516622782e-02
4.4353295898e+02	1.5369242430e-01	6.7070558667e-02	8.0885022879e-02
4.4395266724e+02	1.3706804812e-01	6.0132838786e-02	7.3814161122e-02
4.4437237549e+02	1.2094943970e-01	5.3907349706e-02	6.7905433476e-02
4.4479208374e+02	1.0543309152e-01	4.7891080379e-02	6.1461243778e-02
4.4521179199e+02	9.0617738664e-02	4.2958922684e-02	5.6719020009e-02
4.4563150024e+02	7.6603099704e-02	3.8824040443e-02	5.1694694906e-02
4.4605120850e+02	6.3488498330e-02	3.5758338869e-02	4.7546859831e-02
4.4647091675e+02	5.1371365786e-02	3.2507948577e-02	4.3560534716e-02
4.4689062500e+02	4.0345646441e-02	3.0164325610e-02	4.0354724973e-02
4.4731033325e+02	3.0500123277e-02	2.8244739398e-02	3.8074646145e-02
4.4773004150e+02	2.1916748956e-02	2.6617076248e-02	3.5628940910e-02
4.4814974976e+02	1.4669022523e-02	2.5521453470e-02	3.3539310098e-02
4.4856945801e+02	8.8204536587e-03	2.5051606819e-02	3.3167213202e-02
4.4898916626e+02	4.4231959619e-03	2.5308258832e-02	3.3007241786e-02
4.4940887451e+02	1.5168812824e-03	2.6291530579e-02	3.3503655344e-02
4.4982858276e+02	1.2771417096e-04	2.7715856209e-02	3.4439448267e-02
4.5024829102e+02	2.6786106173e-04	2.9146924615e-02	3.6989405751e-02
4.5066799927e+02	1.9351594383e-03	3.1686563045e-02	4.0447175503e-02
4.5108770752e+02	5.1131611690e-03	3.4419279546e-02	4.5329246670e-02
4.5150741577e+02	9.7715081647e-03	4.0367286652e-02	5.2022054791e-02
4.5192712402e+02	1.5866624191e-02	4.8090614378e-02	6.0007438064e-02
4.5234683228e+02	2.3342689499e-02	5.9156157076e-02	7.1451000869e-02
4.5276657104e+02	3.2133553177e-02	7.1742065251e-02	8.3818070590e-02
4.5318627930e+02	4.2161501944e-02	8.7005518377e-02	9.9632084370e-02
4.5360598755e+02	5.3342659026e-02	1.0477270186e-01	1.1824604124e-01
4.5402569580e+02	6.5586179495e-02	1.2520125508e-01	1.3737815619e-01
4.5444540405e+02	7.8796498477e-02	1.4798021317e-01	1.6103191674e-01
4.5486511230e+02	9.2875026166e-02	1.7327415943e-01	1.8534840643e-01
4.5528482056e+02	1.0772168636e-01	1.9938968122e-01	2.1020434797e-01
4.5570452881e+02	1.2323644012e-01	2.2672253847e-01	2.3788318038e-01
4.5612423706e+02	1.3932059705e-01	2.5545889139e-01	2.6440688968e-01
4.5654394531e+02	1.5587799251e-01	2.8319793940e-01	2.9090681672e-01
4.5696365356e+02	1.7281602323e-01	3.1093689799e-01	3.1687179208e-01
4.5738336182e+02	1.9004647434e-01	3.3794373274e-01	3.4246990085e-01
4.5780307007e+02	2.0748613775e-01	3.6401033401e-01	3.6674052477e-01
4.5822277832e+02	2.2505731881e-01	3.8882678747e-01	3.9034616947e-01
4.5864248657e+02	2.4268816411e-01	4.1290462017e-01	4.1149336100e-01
4.5906219482e+02	2.6031285524e-01	4.3533614278e-01	4.3209803104e-01
4.5948190308e+02	2.7787160873e-01	4.5632708073e-01	4.5261377096e-01
4.5990161133e+02	2.9531076550e-01	4.7585219145e-01	4.7192785144e-01
4.6032131958e+02	3.1258246303e-01	4.9544480443e-01	4.9075391889e-01
4.6074102783e+02	3.2964459062e-01	5.1277893782e-01	5.0755298138e-01
4.6116073608e+02	3.4646040201e-01	5.2765291929e-01	5.2392280102e-01
4.6158044434e+02	3.6299827695e-01	5.4255318642e-01	5.3814280033e-01
4.6200015259e+02	3.7923145294e-01	5.5708044767e-01	5.5277270079e-01
4.6241986084e+02	3.9513742924e-01	5.6996953487e-01	5.6721609831e-01
4.6283956909e+02	4.1069793701e-01	5.8277696371e-01	5.7946246862e-01
4.6325927734e+02	4.2589828372e-01	5.9420496225e-01	5.8997392654e-01
4.6367901611e+02	4.4072827697e-01	6.0604864359e-01	6.0265988111e-01
4.6409872437e+02	4.5517745614e-01	6.1534851789e-01	6.1430233717e-01
4.6451843262e+02	4.6924135089e-01	6.2441331148e-01	6.2738484144e-01
4.6493814087e+02	4.8291671276e-01	6.3474351168e-01	6.3702958822e-01
4.6535784912e+02	4.9620243907e-01	6.4253348112e-01	6.4842557907e-01
4.6577755737e+02	5.0909924507e-01	6.5079092979e-01	6.6040593386e-01
4.6619726562e+02	5.2160948515e-01	6.5823429823e-01	6.6872859001e-01
4.6661697388e+02	5.3373670578e-01	6.6658920050e-01	6.7877244949e-01
4.6703668213e+02	5.4548579454e-01	6.7350029945e-01	6.8837028742e-01
4.6745639038e+02	5.5686253309e-01	6.8156224489e-01	6.9814795256e-01
4.6787609863e+02	5.6787347794e-01	6.8820577860e-01	7.0639562607e-01
4.6829580688e+02	5.7852596045e-01	6.9437617064e-01	7.1385627985e-01
4.6871551514e+02	5.8882772923e-01	7.0034414530e-01	7.2241342068e-01
4.6913522339e+02	5.9878700972e-01	7.0646989346e-01	7.2977453470e-01
4.6955493164e+02	6.0841232538e-01	7.1205389500e-01	7.3629367352e-01
4.6997463989e+02	6.1771243811e-01	7.1756708622e-01	7.4277245998e-01
4.7039434814e+02	6.2669622898e-01	7.2231447697e-01	7.4896544218e-01
4.7081405640e+02	6.3537263870e-01	7.2714132071e-01	7.5434380770e-01
4.7123376465e+02	6.4375066757e-01	7.3191678524e-01	7.6012128592e-01
4.7165347290e+02	6.5183937550e-01	7.3633497953e-01	7.6353603601e-01
4.7207318115e+02	6.5964764357e-01	7.3992961645e-01	7.6900255680e-01
4.7249288940e+02	6.6718423367e-01	7.4381822348e-01	7.7287000418e-01
4.7291259766e+02	6.7445778847e-01	7.4746131897e-01	7.7650082111e-01
4.7333230591e+02	6.8147695065e-01	7.5098043680e-01	7.8125101328e-01
4.7375201416e+02	6.8824988604e-01	7.5424408913e-01	7.8610521555e-01
4.7417175293e+02	6.9478529692e-01	7.5720310211e-01	7.8817230463e-01
4.7459146118e+02	7.0109015703e-01	7.5983989239e-01	7.9160290956e-01
4.7501116943e+02	7.0717263222e-01	7.6211076975e-01	7.9658854008e-01
4.7543087769e+02	7.1304023266e-01	7.6539194584e-01	7.9872518778e-01
4.7585058594e+02	7.1870028973e-01	7.6777774096e-01	8.0366617441e-01
4.7627029419e+02	7.2415971756e-01	7.7034378052e-01	8.0476659536e-01
4.7669000244e+02	7.2942543030e-01	7.7246636152e-01	8.0744421482e-01
4.7710971069e+02	7.3450398445e-01	7.7448815107e-01	8.1061321497e-01
4.7752941895e+02	7.3940163851e-01	7.7544349432e-01	8.1095486879e-01
4.7794912720e+02	7.4412465096e-01	7.7831786871e-01	8.1417369843e-01
4.7836883545e+02	7.4867880344e-01	7.8130042553e-01	8.1529384851e-01
4.7878854370e+02	7.5306981802e-01	7.8156590462e-01	8.1839960814e-01
4.7920825195e+02	7.5730311871e-01	7.8397661448e-01	8.1993883848e-01
4.7962796021e+02	7.6138401031e-01	7.8615760803e-01	8.2094627619e-01
4.8004766846e+02	7.6531755924e-01	7.8666901588e-01	8.2217925787e-01
4.8046737671e+02	7.6910847425e-01	7.8791457415e-01	8.2280921936e-01
4.8088708496e+02	7.7276158333e-01	7.8901064396e-01	8.2354104519e-01
4.8130679321e+02	7.7628117800e-01	7.9085963964e-01	8.2294458151e-01
4.8172650146e+02	7.7967166901e-01	7.9167157412e-01	8.2376092672e-01
4.8214620972e+02	7.8293710947e-01	7.9330253601e-01	8.2394927740e-01
4.8256591797e+02	7.8608137369e-01	7.9443269968e-01	8.2488280535e-01
4.8298562622e+02	7.8910827637e-01	7.9513150454e-01	8.2475495338e-01
4.8340533447e+02	7.9202145338e-01	7.9600906372e-01	8.2515203953e-01
4.8382504272e+02	7.9482430220e-01	7.9697966576e-01	8.2420998812e-01
4.8424475098e+02	7.9752016068e-01	7.9781717062e-01	8.2623296976e-01
4.8466445923e+02	8.0011206865e-01	7.9789614677e-01	8.2595616579e-01
4.8508419800e+02	8.0260336399e-01	7.9794669151e-01	8.2643622160e-01
4.8550390625e+02	8.0499649048e-01	7.9907602072e-01	8.2569175959e-01
4.8592361450e+02	8.0729442835e-01	7.9879999161e-01	8.2703578472e-01
4.8634332275e+02	8.0949968100e-01	7.9913276434e-01	8.2745075226e-01
4.8676303101e+02	8.1161487103e-01	7.9933464527e-01	8.2834756374e-01
4.8718273926e+02	8.1364238262e-01	7.9941934347e-01	8.2995128632e-01
4.8760244751e+02	8.1558442116e-01	7.9906123877e-01	8.3153384924e-01
4.8802215576e+02	8.1744319201e-01	7.9883873463e-01	8.3197462559e-01
4.8844186401e+02	8.1922078133e-01	7.9877156019e-01	8.3164072037e-01
4.8886157227e+02	8.2091909647e-01	7.9859888554e-01	8.3299726248e-01
4.8928128052e+02	8.2253998518e-01	7.9865884781e-01	8.3326673508e-01
4.8970098877e+02	8.2408529520e-01	7.9804766178e-01	8.3406019211e-01
4.9012069702e+02	8.2555663586e-01	7.9786807299e-01	8.3372664452e-01
4.9054040527e+02	8.2695567608e-01	7.9702723026e-01	8.3468925953e-01
4.9096011353e+02	8.2828378677e-01	7.9674756527e-01	8.3488184214e-01
4.9137982178e+02	8.2954245806e-01	7.9688763618e-01	8.3515787125e-01
4.9179953003e+02	8.3073306084e-01	7.9612231255e-01	8.3621770144e-01
4.9221923828e+02	8.3185678720e-01	7.9585140944e-01	8.3655256033e-01
4.9263894653e+02	8.3291488886e-01	7.9572552443e-01	8.3615881205e-01
4.9305865479e+02	8.3390843868e-01	7.9558932781e-01	8.3719855547e-01
4.9347836304e+02	8.3483850956e-01	7.9597586393e-01	8.3698534966e-01
4.9389807129e+02	8.3570599556e-01	7.9461091757e-01	8.3584779501e-01
4.9431777954e+02	8.3651185036e-01	7.9379171133e-01	8.3673399687e-01
4.9473748779e+02	8.3725684881e-01	7.9361581802e-01	8.3719271421e-01
4.9515719604e+02	8.3794188499e-01	7.9254007339e-01	8.3551150560e-01
4.9557690430e+02	8.3856755495e-01	7.9242837429e-01	8.3693516254e-01
4.9599664307e+02	8.3913457394e-01	7.9108840227e-01	8.3687412739e-01
4.9641635132e+02	8.3964341879e-01	7.9033964872e-01	8.3750671148e-01
4.9683605957e+02	8.4009468555e-01	7.9033458233e-01	8.3577895164e-01
4.9725576782e+02	8.4048879147e-01	7.8882420063e-01	8.3576494455e-01
4.9767547607e+02	8.4082615376e-01	7.8848695755e-01	8.3729922771e-01
4.9809518433e+02	8.4110713005e-01	7.8766214848e-01	8.3728921413e-01
4.9851489258e+02	8.4133201838e-01	7.8714913130e-01	8.3563423157e-01
4.9893460083e+02	8.4150099754e-01	7.8721112013e-01	8.3718645573e-01
4.9935430908e+02	8.4161424637e-01	7.8654128313e-01	8.3761125803e-01
4.9977401733e+02	8.4167194366e-01	7.8582030535e-01	8.3686631918e-01
5.0019372559e+02	8.4167408943e-01	7.8445363045e-01	8.3577096462e-01
5.0061343384e+02	8.4162068367e-01	7.8414136171e-01	8.3634400368e-01
5.0103314209e+02	8.4151166677e-01	7.8357136250e-01	8.3535289764e-01
5.0145285034e+02	8.4134697914e-01	7.8284406662e-01	8.3565700054e-01
5.0187255859e+02	8.4112638235e-01	7.8191065788e-01	8.3551645279e-01
5.0229226685e+02	8.4084975719e-01	7.8188031912e-01	8.3510726690e-01
5.0271197510e+02	8.4051674604e-01	7.8081411123e-01	8.3514249325e-01
5.0313168335e+02	8.4012699127e-01	7.8022176027e-01	8.3569329977e-01
5.0355139160e+02	8.3968013525e-01	7.7977395058e-01	8.3495759964e-01
5.0397109985e+02	8.3917570114e-01	7.7958446741e-01	8.3520537615e-01
5.0439080811e+02	8.3861321211e-01	7.7827656269e-01	8.3435958624e-01
5.0481051636e+02	8.3799213171e-01	7.7764296532e-01	8.3417057991e-01
5.0523022461e+02	8.3731168509e-01	7.7692294121e-01	8.3421456814e-01
5.0564993286e+02	8.3657127619e-01	7.7640694380e-01	8.3328628540e-01
5.0606964111e+02	8.3577013016e-01	7.7621835470e-01	8.3451396227e-01
5.0648937988e+02	8.3490735292e-01	7.7463495731e-01	8.3354395628e-01
5.0690908813e+02	8.3398216963e-01	7.7455580235e-01	8.3279752731e-01
5.0732879639e+02	8.3299356699e-01	7.7393949032e-01	8.3325070143e-01
5.0774850464e+02	8.3194047213e-01	7.7259969711e-01	8.3306783438e-01
5.0816821289e+02	8.3082181215e-01	7.7143234015e-01	8.3140832186e-01
5.0858792114e+02	8.2963639498e-01	7.7100574970e-01	8.3226358891e-01
5.0900762939e+02	8.2838296890e-01	7.6971769333e-01	8.3192563057e-01
5.0942733765e+02	8.2706022263e-01	7.6872563362e-01	8.3144003153e-01
5.0984704590e+02	8.2566672564e-01	7.6683223248e-01	8.3200210333e-01
5.1026675415e+02	8.2420098782e-01	7.6578366756e-01	8.3197999001e-01
5.1068646240e+02	8.2266145945e-01	7.6364564896e-01	8.3194369078e-01
5.1110617065e+02	8.2104641199e-01	7.6284676790e-01	8.3124279976e-01
5.1152587891e+02	8.1935411692e-01	7.5959640741e-01	8.2959496975e-01
5.1194558716e+02	8.1758266687e-01	7.5754445791e-01	8.2987457514e-01
5.1236529541e+02	8.1573021412e-01	7.5641310215e-01	8.3042263985e-01
5.1278503418e+02	8.1379449368e-01	7.5389611721e-01	8.2924014330e-01
5.1320471191e+02	8.1177377701e-01	7.5199300051e-01	8.2778489590e-01
5.1362445068e+02	8.0966526270e-01	7.4972909689e-01	8.2580679655e-01
5.1404412842e+02	8.0746716261e-01	7.4658828974e-01	8.2465416193e-01
5.1446386719e+02	8.0517625809e-01	7.4559128284e-01	8.2231926918e-01
5.1488354492e+02	8.0279076099e-01	7.4292790890e-01	8.2039886713e-01
5.1530328369e+02	8.0030709505e-01	7.3950475454e-01	8.2097220421e-01
5.1572296143e+02	7.9772317410e-01	7.3683017492e-01	8.1720906496e-01
5.1614270020e+02	7.9503524303e-01	7.3504364491e-01	8.1611722708e-01
5.1656237793e+02	7.9224097729e-01	7.3251718283e-01	8.1342506409e-01
5.1698211670e+02	7.8933620453e-01	7.2971349955e-01	8.0999076366e-01
5.1740179443e+02	7.8631836176e-01	7.2683781385e-01	8.0630522966e-01
5.1782153320e+02	7.8318297863e-01	7.2316044569e-01	8.0491274595e-01
5.1824121094e+02	7.7992725372e-01	7.2063124180e-01	8.0076909065e-01
5.1866094971e+02	7.7654629946e-01	7.1801984310e-01	7.9618227482e-01
5.1908062744e+02	7.7303701639e-01	7.1412688494e-01	7.9367423058e-01
5.1950036621e+02	7.6939409971e-01	7.1173816919e-01	7.9005366564e-01
5.1992004395e+02	7.6561415195e-01	7.0829033852e-01	7.8533947468e-01
5.2033978271e+02	7.6169151068e-01	7.0446795225e-01	7.7966600657e-01
5.2075946045e+02	7.5762242079e-01	7.0160776377e-01	7.7421349287e-01
5.2117919922e+02	7.5340068340e-01	6.9653046131e-01	7.7108430862e-01
5.2159887695e+02	7.4902230501e-01	6.9174355268e-01	7.6224148273e-01
5.2201861572e+02	7.4448055029e-01	6.8641561270e-01	7.5685966015e-01
5.2243829346e+02	7.3977112770e-01	6.8158680201e-01	7.5025850534e-01
5.2285803223e+02	7.3488670588e-01	6.7585843801e-01	7.4323773384e-01
5.2327777100e+02	7.2982192039e-01	6.7036420107e-01	7.3498660326e-01
5.2369744873e+02	7.2457122803e-01	6.6356003284e-01	7.2863495350e-01
5.2411718750e+02	7.1912646294e-01	6.5829133987e-01	7.1962839365e-01
5.2453686523e+02	7.1348255873e-01	6.5298181772e-01	7.1267998219e-01
5.2495660400e+02	7.0763069391e-01	6.4655631781e-01	7.0515424013e-01
5.2537628174e+02	7.0156538486e-01	6.3891959190e-01	6.9453948736e-01
5.2579602051e+02	6.9527745247e-01	6.3267505169e-01	6.8839013577e-01
5.2621569824e+02	6.8876093626e-01	6.2533718348e-01	6.7745256424e-01
5.2663543701e+02	6.8200612068e-01	6.1752289534e-01	6.6855096817e-01
5.2705511475e+02	6.7500668764e-01	6.0980546474e-01	6.6285389662e-01
5.2747485352e+02	6.6775244474e-01	6.0263699293e-01	6.5087890625e-01
5.2789453125e+02	6.6023695469e-01	5.9551620483e-01	6.4241063595e-01
5.2831427002e+02	6.5244936943e-01	5.8894217014e-01	6.3457190990e-01
5.2873394775e+02	6.4438313246e-01	5.7955855131e-01	6.2282526493e-01
5.2915368652e+02	6.3602697849e-01	5.7383626699e-01	6.1276227236e-01
5.2957336426e+02	6.2737447023e-01	5.6527245045e-01	6.0150492191e-01
5.2999310303e+02	6.1841398478e-01	5.5625551939e-01	5.8810973167e-01
5.3041278076e+02	6.0913920403e-01	5.4693317413e-01	5.7814222574e-01
5.3083251953e+02	5.9953856468e-01	5.3862649202e-01	5.6646990776e-01
5.3125219727e+02	5.8960598707e-01	5.2739322186e-01	5.5514752865e-01
5.3167193604e+02	5.7933008671e-01	5.1810264587e-01	5.4038852453e-01
5.3209161377e+02	5.6870561838e-01	5.0680100918e-01	5.2926772833e-01
5.3251135254e+02	5.5772167444e-01	4.9686244130e-01	5.1346826553e-01
5.3293103027e+02	5.4637414217e-01	4.8552018404e-01	5.0054371357e-01
5.3335076904e+02	5.3465306759e-01	4.7329080105e-01	4.8536467552e-01
5.3377050781e+02	5.2255415916e-01	4.6206659079e-01	4.7102740407e-01
5.3419018555e+02	5.1007443666e-01	4.5026853681e-01	4.5582243800e-01
5.3460992432e+02	4.9720647931e-01	4.3475750089e-01	4.4020193815e-01
5.3502960205e+02	4.8395162821e-01	4.2299941182e-01	4.2594817281e-01
5.3544934082e+02	4.7030517459e-01	4.0778055787e-01	4.0991112590e-01
5.3586901855e+02	4.5627209544e-01	3.9502462745e-01	3.9605498314e-01
5.3628875732e+02	4.4185128808e-01	3.8039621711e-01	3.7917178869e-01
5.3670843506e+02	4.2705237865e-01	3.6637535691e-01	3.6293235421e-01
5.3712817383e+02	4.1187912226e-01	3.5313478112e-01	3.4984782338e-01
5.3754785156e+02	3.9634695649e-01	3.4071657062e-01	3.3255386353e-01
5.3796759033e+02	3.8046577573e-01	3.2836371660e-01	3.1585210562e-01
5.3838726807e+02	3.6425819993e-01	3.1535550952e-01	3.0151659250e-01
5.3880700684e+02	3.4774166346e-01	3.0156657100e-01	2.8734493256e-01
5.3922668457e+02	3.3094736934e-01	2.8944900632e-01	2.7237078547e-01
5.3964642334e+02	3.1390172243e-01	2.7650585771e-01	2.5761336088e-01
5.4006610107e+02	2.9664596915e-01	2.6330563426e-01	2.4322433770e-01
5.4048583984e+02	2.7921682596e-01	2.5109133124e-01	2.3033510149e-01
5.4090551758e+02	2.6166668534e-01	2.3921801150e-01	2.1595393121e-01
5.4132525635e+02	2.4404373765e-01	2.2442865372e-01	2.0218132436e-01
5.4174493408e+02	2.2641238570e-01	2.1292141080e-01	1.9026717544e-01
5.4216467285e+02	2.0883287489e-01	2.0035624504e-01	1.7813801765e-01
5.4258435059e+02	1.9138167799e-01	1.8843451142e-01	1.6530081630e-01
5.4300408936e+02	1.7413100600e-01	1.7681121826e-01	1.5403872728e-01
5.4342376709e+02	1.5716864169e-01	1.6591696441e-01	1.4312143624e-01
5.4384350586e+02	1.4057753980e-01	1.5361319482e-01	1.3322745264e-01
5.4426324463e+02	1.2445249408e-01	1.4374749362e-01	1.2400733680e-01
5.4468292236e+02	1.0889165848e-01	1.3300828636e-01	1.1362290382e-01
5.4510266113e+02	9.3989051878e-02	1.2280662358e-01	1.0519570112e-01
5.4552233887e+02	7.9848989844e-02	1.1320714653e-01	9.6136659384e-02
5.4594207764e+02	6.6567480564e-02	1.0396424681e-01	8.9296765625e-02
5.4636175537e+02	5.4247152060e-02	9.7732253373e-02	8.1657551229e-02
5.4678149414e+02	4.2980276048e-02	8.9797265828e-02	7.4906945229e-02
5.4720117188e+02	3.2861385494e-02	8.3008810878e-02	6.8549871445e-02
5.4762091064e+02	2.3972567171e-02	7.7307380736e-02	6.3284531236e-02
5.4804058838e+02	1.6393505037e-02	7.2374626994e-02	5.8152500540e-02
5.4846032715e+02	1.0189624503e-02	6.5504379570e-02	5.3593691438e-02
5.4888000488e+02	5.4194382392e-03	6.0503933579e-02	4.9313277006e-02
5.4929974365e+02	2.1261190996e-03	5.6305579841e-02	4.5582491904e-02
5.4971942139e+02	3.4202472307e-04	5.3181748837e-02	4.2000122368e-02
5.5013916016e+02	8.4173065261e-05	4.9381218851e-02	3.8773197681e-02
5.5055883789e+02	1.3559054350e-03	4.6948969364e-02	3.6833427846e-02
5.5097857666e+02	4.1465200484e-03	4.3546319008e-02	3.4254018217e-02
5.5139825439e+02	8.4300646558e-03	4.2476516217e-02	3.2355602831e-02
5.5181799316e+02	1.4169153757e-02	4.0611613542e-02	3.0678093433e-02
5.5223767090e+02	2.1310893819e-02	3.9536263794e-02	2.8599450365e-02
5.5265740967e+02	2.9794674367e-02	3.8645122200e-02	2.7988659218e-02
5.5307708740e+02	3.9545249194e-02	3.8212347776e-02	2.6618508622e-02
5.5349682617e+02	5.0484091043e-02	3.8218803704e-02	2.5895833969e-02
5.5391650391e+02	6.2519706786e-02	3.7698861212e-02	2.4870479479e-02
5.5433624268e+02	7.5561977923e-02	3.7487860769e-02	2.5347793475e-02
5.5475592041e+02	8.9509911835e-02	3.7687674165e-02	2.5241192430e-02
5.5517565918e+02	1.0426831245e-01	3.7493608892e-02	2.5762325153e-02
5.5559539795e+02	1.1973544955e-01	3.7713192403e-02	2.6048960164e-02
5.5601507568e+02	1.3581009209e-01	3.8453251123e-02	2.7123147622e-02
5.5643481445e+02	1.5240016580e-01	3.9648253471e-02	2.8781926259e-02
5.5685449219e+02	1.6940732300e-01	4.1071169078e-02	2.9552392662e-02
5.5727423096e+02	1.8674701452e-01	4.3282158673e-02	3.2320879400e-02
5.5769390869e+02	2.0432953537e-01	4.6116854995e-02	3.4556359053e-02
5.5811364746e+02	2.2208060324e-01	4.9363773316e-02	3.7284202874e-02
5.5853332520e+02	2.3992137611e-01	5.2570112050e-02	4.0797397494e-02
5.5895306396e+02	2.5778931379e-01	5.6716617197e-02	4.4754300267e-02
5.5937274170e+02	2.7561748028e-01	6.0675315559e-02	4.9215231091e-02
5.5979248047e+02	2.9335537553e-01	6.5057523549e-02	5.3864210844e-02
5.6021215820e+02	3.1094807386e-01	6.9108575583e-02	5.9462681413e-02
5.6063189697e+02	3.2835659385e-01	7.4835464358e-02	6.4999341965e-02
5.6105157471e+02	3.4553730488e-01	8.0868579447e-02	7.1489825845e-02
5.6147131348e+02	3.6246183515e-01	8.6474955082e-02	7.8686580062e-02
5.6189099121e+02	3.7909671664e-01	9.2907167971e-02	8.7773337960e-02
5.6231072998e+02	3.9542281628e-01	1.0047796369e-01	9.5513492823e-02
5.6273040771e+02	4.1141551733e-01	1.0791523755e-01	1.0368789732e-01
5.6315014648e+02	4.2706349492e-01	1.1641771346e-01	1.1320988834e-01
5.6356982422e+02	4.4234964252e-01	1.2456189841e-01	1.2393613160e-01
5.6398956299e+02	4.5726892352e-01	1.3587704301e-01	1.3534519076e-01
5.6440924072e+02	4.7181043029e-01	1.4533573389e-01	1.4914835989e-01
5.6482897949e+02	4.8597419262e-01	1.5568695962e-01	1.6070589423e-01
5.6524865723e+02	4.9975410104e-01	1.6636759043e-01	1.7242816091e-01
5.6566839600e+02	5.1315414906e-01	1.7946776748e-01	1.8575030565e-01
5.6608813477e+02	5.2617388964e-01	1.9193848968e-01	1.9936038554e-01
5.6650781250e+02	5.3881460428e-01	2.0578612387e-01	2.1380290389e-01
5.6692755127e+02	5.5108428001e-01	2.1599970758e-01	2.2865977883e-01
5.6734722900e+02	5.6298458576e-01	2.3252144456e-01	2.4271050096e-01
5.6776696777e+02	5.7452529669e-01	2.5063046813e-01	2.5862208009e-01
5.6818664551e+02	5.8570998907e-01	2.6754906774e-01	2.7296209335e-01
5.6860638428e+02	5.9654933214e-01	2.8275829554e-01	2.8721573949e-01
5.6902606201e+02	6.0704821348e-01	3.0023387074e-01	3.0108612776e-01
5.6944580078e+02	6.1721801758e-01	3.1638303399e-01	3.1548061967e-01
5.6986547852e+02	6.2706440687e-01	3.3320987225e-01	3.2875353098e-01
5.7028521729e+02	6.3659906387e-01	3.4742647409e-01	3.4323048592e-01
5.7070489502e+02	6.4582800865e-01	3.6379286647e-01	3.5497698188e-01
5.7112463379e+02	6.5476298332e-01	3.7770387530e-01	3.6943909526e-01
5.7154431152e+02	6.6341030598e-01	3.9442771673e-01	3.8077414036e-01
5.7196405029e+02	6.7178136110e-01	4.1007518768e-01	3.9323386550e-01
5.7238372803e+02	6.7988264561e-01	4.2570245266e-01	4.0571397543e-01
5.7280346680e+02	6.8772512674e-01	4.3858149648e-01	4.1778001189e-01
5.7322314453e+02	6.9531518221e-01	4.5379984379e-01	4.2880168557e-01
5.7364288330e+02	7.0266336203e-01	4.6813946962e-01	4.3835642934e-01
5.7406256104e+02	7.0977580547e-01	4.8389241099e-01	4.4745677710e-01
5.7448229980e+02	7.1666264534e-01	4.9403640628e-01	4.5771595836e-01
5.7490197754e+02	7.2332966328e-01	5.0609588623e-01	4.6799713373e-01
5.7532171631e+02	7.2978651524e-01	5.1937007904e-01	4.7277322412e-01
5.7574139404e+02	7.3603862524e-01	5.3047955036e-01	4.8293799162e-01
5.7616113281e+02	7.4209505320e-01	5.4255014658e-01	4.9206694961e-01
5.7658087158e+02	7.4796187878e-01	5.5219292641e-01	4.9895203114e-01
5.7700054932e+02	7.5364500284e-01	5.6391435862e-01	5.0411540270e-01
5.7742028809e+02	7.5915259123e-01	5.7434409857e-01	5.0815910101e-01
5.7783996582e+02	7.6448935270e-01	5.8430743217e-01	5.1878434420e-01
5.7825970459e+02	7.6966297626e-01	5.9323090315e-01	5.2216351032e-01
5.7867938232e+02	7.7467775345e-01	6.0260987282e-01	5.2790600061e-01
5.7909912109e+02	7.7954083681e-01	6.1140590906e-01	5.3235393763e-01
5.7951879883e+02	7.8425633907e-01	6.1985158920e-01	5.3713691235e-01
5.7993853760e+02	7.8883081675e-01	6.2781977654e-01	5.4141932726e-01
5.8035821533e+02	7.9326802492e-01	6.3560825586e-01	5.4457080364e-01
5.8077795410e+02	7.9757410288e-01	6.4307862520e-01	5.4850023985e-01
5.8119763184e+02	8.0175256729e-01	6.5053415298e-01	5.5196899176e-01
5.8161737061e+02	8.0580908060e-01	6.5828812122e-01	5.5587387085e-01
5.8203704834e+02	8.0974686146e-01	6.6404336691e-01	5.5917322636e-01
5.8245678711e+02	8.1357115507e-01	6.6922968626e-01	5.6206810474e-01
5.8287646484e+02	8.1728500128e-01	6.7624348402e-01	5.6246787310e-01
5.8329620361e+02	8.2089322805e-01	6.8247824907e-01	5.6636810303e-01
5.8371588135e+02	8.2439851761e-01	6.8970561028e-01	5.7015734911e-01
5.8413562012e+02	8.2780551910e-01	6.9426286221e-01	5.7268607616e-01
5.8455529785e+02	8.3111667633e-01	7.0016670227e-01	5.7343387604e-01
5.8497503662e+02	8.3433616161e-01	7.0742255449e-01	5.7448256016e-01
5.8539471436e+02	8.3746629953e-01	7.1271437407e-01	5.7832437754e-01
5.8581445312e+02	8.4051102400e-01	7.1749389172e-01	5.8083850145e-01
5.8623413086e+02	8.4347236156e-01	7.2176831961e-01	5.8329224586e-01
5.8665386963e+02	8.4635400772e-01	7.2689610720e-01	5.8568477631e-01
5.8707354736e+02	8.4915781021e-01	7.3121988773e-01	5.8840692043e-01
5.8749328613e+02	8.5188722610e-01	7.3470097780e-01	5.9135115147e-01
5.8791302490e+02	8.5454434156e-01	7.3849761486e-01	5.9223967791e-01
5.8833270264e+02	8.5713118315e-01	7.4189996719e-01	5.9606051445e-01
5.8875244141e+02	8.5965085030e-01	7.4584847689e-01	5.9987968206e-01
5.8917211914e+02	8.6210477352e-01	7.4938642979e-01	6.0313212872e-01
5.8959185791e+02	8.6449587345e-01	7.5140583515e-01	6.0722219944e-01
5.9001153564e+02	8.6682546139e-01	7.5580459833e-01	6.0937279463e-01
5.9043127441e+02	8.6909627914e-01	7.5827211142e-01	6.1426585913e-01
5.9085095215e+02	8.7130951881e-01	7.6024293900e-01	6.1614120007e-01
5.9127069092e+02	8.7346762419e-01	7.6290059090e-01	6.1915308237e-01
5.9169036865e+02	8.7557178736e-01	7.6509356499e-01	6.2104070187e-01
5.9211010742e+02	8.7762427330e-01	7.6697373390e-01	6.2306702137e-01
5.9252978516e+02	8.7962621450e-01	7.6760917902e-01	6.2606841326e-01
5.9294952393e+02	8.8157969713e-01	7.7129667997e-01	6.2826263905e-01
5.9336920166e+02	8.8348573446e-01	7.7338194847e-01	6.3148111105e-01
5.9378894043e+02	8.8534623384e-01	7.7468007803e-01	6.3298803568e-01
5.9420861816e+02	8.8716214895e-01	7.7615135908e-01	6.3418340683e-01
5.9462835693e+02	8.8893538713e-01	7.7873384953e-01	6.3701063395e-01
5.9504803467e+02	8.9066666365e-01	7.8122937679e-01	6.3736122847e-01
5.9546777344e+02	8.9235782623e-01	7.8248339891e-01	6.4085882902e-01
5.9588745117e+02	8.9400953054e-01	7.8387260437e-01	6.4140099287e-01
5.9630718994e+02	8.9562344551e-01	7.8524458408e-01	6.4410829544e-01
5.9672686768e+02	8.9720022678e-01	7.8707438707e-01	6.4593458176e-01
5.9714660645e+02	8.9874148369e-01	7.8811353445e-01	6.4757001400e-01
5.9756628418e+02	9.0024775267e-01	7.8954648972e-01	6.4750939608e-01
5.9798602295e+02	9.0172052383e-01	7.9136681557e-01	6.5000176430e-01
5.9840576172e+02	9.0316051245e-01	7.9282903671e-01	6.5092808008e-01
5.9882543945e+02	9.0456849337e-01	7.9377186298e-01	6.5348774195e-01
5.9924517822e+02	9.0594583750e-01	7.9524236917e-01	6.5638482571e-01
5.9966485596e+02	9.0729290247e-01	7.9621702433e-01	6.5805202723e-01
6.0008459473e+02	9.0861105919e-01	7.9730176926e-01	6.6000592709e-01
6.0050427246e+02	9.0990066528e-01	7.9835110903e-01	6.6326165199e-01
6.0092401123e+02	9.1116297245e-01	8.0054122210e-01	6.6465711594e-01
6.0134368896e+02	9.1239827871e-01	8.0112999678e-01	6.6564196348e-01
6.0176342773e+02	9.1360771656e-01	8.0115592480e-01	6.6729480028e-01
6.0218310547e+02	9.1479170322e-01	8.0287760496e-01	6.6889274120e-01
6.0260284424e+02	9.1595125198e-01	8.0369013548e-01	6.7078620195e-01
6.0302252197e+02	9.1708666086e-01	8.0514085293e-01	6.7194163799e-01
6.0344226074e+02	9.1819888353e-01	8.0750024319e-01	6.7420315742e-01
6.0386193848e+02	9.1928833723e-01	8.0893748999e-01	6.7541664839e-01
6.0428167725e+02	9.2035585642e-01	8.0958360434e-01	6.7733365297e-01
6.0470135498e+02	9.2140173912e-01	8.0920112133e-01	6.8029606342e-01
6.0512109375e+02	9.2242687941e-01	8.1056714058e-01	6.8031293154e-01
6.0554077148e+02	9.2343145609e-01	8.0976885557e-01	6.8215030432e-01
6.0596051025e+02	9.2441636324e-01	8.1274455786e-01	6.8386977911e-01
6.0638018799e+02	9.2538183928e-01	8.1458723545e-01	6.8564277887e-01
6.0679992676e+02	9.2632859945e-01	8.1384128332e-01	6.8661749363e-01
6.0721960449e+02	9.2725694180e-01	8.1477642059e-01	6.8862634897e-01
6.0763934326e+02	9.2816746235e-01	8.1635272503e-01	6.9080668688e-01
6.0805902100e+02	9.2906051874e-01	8.1648862362e-01	6.9189751148e-01
6.0847875977e+02	9.2993670702e-01	8.1777662039e-01	6.9391566515e-01
6.0889849854e+02	9.3079632521e-01	8.1857877970e-01	6.9493031502e-01
6.0931817627e+02	9.3163967133e-01	8.1966346502e-01	6.9739210606e-01
6.0973791504e+02	9.3246746063e-01	8.2065045834e-01	6.9928377867e-01
6.1015759277e+02	9.3327975273e-01	8.2132476568e-01	6.9991821051e-01
6.1057733154e+02	9.3407714367e-01	8.2188147306e-01	7.0217967033e-01
6.1099700928e+02	9.3485987186e-01	8.2249867916e-01	7.0388489962e-01
6.1141674805e+02	9.3562841415e-01	8.2345688343e-01	7.0685040951e-01
6.1183642578e+02	9.3638300896e-01	8.2378619909e-01	7.0686858892e-01
6.1225616455e+02	9.3712407351e-01	8.2495772839e-01	7.0977818966e-01
6.1267584229e+02	9.3785178661e-01	8.2571607828e-01	7.1121037006e-01
6.1309558105e+02	9.3856668472e-01	8.2655817270e-01	7.1295148134e-01
6.1351525879e+02	9.3926888704e-01	8.2822489738e-01	7.1553176641e-01
6.1393499756e+02	9.3995881081e-01	8.2917308807e-01	7.1690720320e-01
6.1435467529e+02	9.4063657522e-01	8.2924503088e-01	7.1849453449e-01
6.1477441406e+02	9.4130271673e-01	8.2935434580e-01	7.2037333250e-01
6.1519409180e+02	9.4195723534e-01	8.2914948463e-01	7.2276395559e-01
6.1561383057e+02	9.4260060787e-01	8.3042120934e-01	7.2348725796e-01
6.1603350830e+02	9.4323289394e-01	8.3112335205e-01	7.2666519880e-01
6.1645324707e+02	9.4385457039e-01	8.3188199997e-01	7.2898530960e-01
6.1687292480e+02	9.4446569681e-01	8.3330714703e-01	7.2918224335e-01
6.1729266357e+02	9.4506663084e-01	8.3384382725e-01	7.3111313581e-01
6.1771234131e+02	9.4565749168e-01	8.3433973789e-01	7.3242032528e-01
6.1813208008e+02	9.4623857737e-01	8.3474773169e-01	7.3305803537e-01
6.1855175781e+02	9.4681006670e-01	8.3607769012e-01	7.3520600796e-01
6.1897149658e+02	9.4737219810e-01	8.3623921871e-01	7.3824125528e-01
6.1939117432e+02	9.4792515039e-01	8.3704811335e-01	7.3942351341e-01
6.1981091309e+02	9.4846922159e-01	8.3736574650e-01	7.4054712057e-01
6.2023065186e+02	9.4900447130e-01	8.3760797977e-01	7.4089813232e-01
6.2065032959e+02	9.4953107834e-01	8.3836156130e-01	7.4269920588e-01
6.2107006836e+02	9.5004934072e-01	8.3824676275e-01	7.4444115162e-01
6.2148974609e+02	9.5055931807e-01	8.3864259720e-01	7.4526274204e-01
6.2190948486e+02	9.5106136799e-01	8.3966302872e-01	7.4668908119e-01
6.2232916260e+02	9.5155543089e-01	8.4049671888e-01	7.4621438980e-01
6.2274890137e+02	9.5204186440e-01	8.4091180563e-01	7.5007420778e-01
6.2316857910e+02	9.5252066851e-01	8.4064698219e-01	7.4972236156e-01
6.2358831787e+02	9.5299214125e-01	8.4082794189e-01	7.5063365698e-01
6.2400799561e+02	9.5345634222e-01	8.4170472622e-01	7.5263875723e-01
6.2442773438e+02	9.5391350985e-01	8.4206157923e-01	7.5312614441e-01
6.2484741211e+02	9.5436364412e-01	8.4270709753e-01	7.5503975153e-01
6.2526715088e+02	9.5480704308e-01	8.4233188629e-01	7.5483077765e-01
6.2568682861e+02	9.5524370670e-01	8.4387874603e-01	7.5675374269e-01
6.2610656738e+02	9.5567393303e-01	8.4374827147e-01	7.5806033611e-01
6.2652624512e+02	9.5609766245e-01	8.4414327145e-01	7.5887840986e-01
6.2694598389e+02	9.5651519299e-01	8.4446179867e-01	7.6016545296e-01
6.2736566162e+02	9.5692652464e-01	8.4462088346e-01	7.6124364138e-01
6.2778540039e+02	9.5733189583e-01	8.4529680014e-01	7.6092869043e-01
6.2820507812e+02	9.5773124695e-01	8.4546768665e-01	7.6182436943e-01
6.2862481689e+02	9.5812493563e-01	8.4619414806e-01	7.6313805580e-01
6.2904449463e+02	9.5851284266e-01	8.4653222561e-01	7.6512759924e-01
6.2946423340e+02	9.5889520645e-01	8.4644442797e-01	7.6489371061e-01
6.2988391113e+02	9.5927208662e-01	8.4726774693e-01	7.6595312357e-01
6.3030364990e+02	9.5964366198e-01	8.4751957655e-01	7.6655614376e-01
6.3072338867e+02	9.6000999212e-01	8.4752827883e-01	7.6736789942e-01
6.3114306641e+02	9.6037113667e-01	8.4783083200e-01	7.6900929213e-01
6.3156280518e+02	9.6072721481e-01	8.4848147631e-01	7.6891607046e-01
6.3198248291e+02	9.6107834578e-01	8.4916406870e-01	7.7014523745e-01
6.3240222168e+02	9.6142458916e-01	8.4951007366e-01	7.7195721865e-01
6.3282189941e+02	9.6176606417e-01	8.4977722168e-01	7.7289748192e-01
6.3324163818e+02	9.6210283041e-01	8.4992158413e-01	7.7339071035e-01
6.3366131592e+02	9.6243500710e-01	8.4941905737e-01	7.7476561069e-01
6.3408105469e+02	9.6276265383e-01	8.4986728430e-01	7.7494633198e-01
6.3450073242e+02	9.6308588982e-01	8.4984385967e-01	7.7624320984e-01
6.3492047119e+02	9.6340477467e-01	8.4970945120e-01	7.7662956715e-01
6.3534014893e+02	9.6371930838e-01	8.4966886044e-01	7.7763855457e-01
6.3575988770e+02	9.6402972937e-01	8.5174262524e-01	7.7928382158e-01
6.3617956543e+02	9.6433597803e-01	8.5352659225e-01	7.7985435724e-01
6.3659930420e+02	9.6463823318e-01	8.5279113054e-01	7.8138989210e-01
6.3701898193e+02	9.6493649483e-01	8.5339212418e-01	7.8234583139e-01
6.3743872070e+02	9.6523082256e-01	8.5286438465e-01	7.8381830454e-01
6.3785839844e+02	9.6552133560e-01	8.5358792543e-01	7.8412091732e-01
6.3827813721e+02	9.6580803394e-01	8.5250687599e-01	7.8666752577e-01
6.3869781494e+02	9.6609103680e-01	8.5217893124e-01	7.8811472654e-01
6.3911755371e+02	9.6637046337e-01	8.5151916742e-01	7.8901553154e-01
6.3953723145e+02	9.6664625406e-01	8.5344326496e-01	7.8839898109e-01
6.3995697021e+02	9.6691858768e-01	8.5459750891e-01	7.9018324614e-01
6.4037664795e+02	9.6718740463e-01	8.5416245461e-01	7.9255414009e-01
6.4079638672e+02	9.6745288372e-01	8.5405236483e-01	7.9357409477e-01
6.4121612549e+02	9.6771502495e-01	8.5215026140e-01	7.9357302189e-01
6.4163580322e+02	9.6797382832e-01	8.5062974691e-01	7.9549568892e-01
6.4205554199e+02	9.6822941303e-01	8.5211664438e-01	7.9717475176e-01
6.4247521973e+02	9.6848183870e-01	8.5123080015e-01	7.9788362980e-01
6.4289495850e+02	9.6873116493e-01	8.5146236420e-01	7.9919713736e-01
6.4331463623e+02	9.6897745132e-01	8.5306632519e-01	8.0085951090e-01
6.4373437500e+02	9.6922069788e-01	8.5406929255e-01	8.0160039663e-01
6.4415405273e+02	9.6946090460e-01	8.5507029295e-01	8.0323427916e-01
6.4457379150e+02	9.6969830990e-01	8.5470265150e-01	8.0376696587e-01
6.4499346924e+02	9.6993279457e-01	8.5446375608e-01	8.0387842655e-01
6.4541320801e+02	9.7016447783e-01	8.5406512022e-01	8.0642801523e-01
6.4583288574e+02	9.7039335966e-01	8.5371190310e-01	8.0734962225e-01
6.4625262451e+02	9.7061949968e-01	8.5370475054e-01	8.0759257078e-01
6.4667230225e+02	9.7084295750e-01	8.5379922390e-01	8.0925291777e-01
6.4709204102e+02	9.7106385231e-01	8.5490947962e-01	8.0991774797e-01
6.4751171875e+02	9.7128206491e-01	8.5444247723e-01	8.1089526415e-01
6.4793145752e+02	9.7149771452e-01	8.5304099321e-01	8.1172353029e-01
6.4835113525e+02	9.7171086073e-01	8.5193735361e-01	8.1245237589e-01
6.4877087402e+02	9.7192156315e-01	8.5254168510e-01	8.1261742115e-01
6.4919055176e+02	9.7212982178e-01	8.5305738449e-01	8.1434828043e-01
6.4961029053e+02	9.7233563662e-01	8.5261458158e-01	8.1491839886e-01
6.5002996826e+02	9.7253912687e-01	8.5356533527e-01	8.1603974104e-01
6.5044970703e+02	9.7274029255e-01	8.5374796391e-01	8.1668692827e-01
6.5086938477e+02	9.7293913364e-01	8.5295736790e-01	8.1724709272e-01
6.5128912354e+02	9.7313570976e-01	8.5316497087e-01	8.1792700291e-01
6.5170880127e+02	9.7333008051e-01	8.5398000479e-01	8.1974762678e-01
6.5212854004e+02	9.7352230549e-01	8.5387367010e-01	8.2029747963e-01
6.5254827881e+02	9.7371232510e-01	8.5469228029e-01	8.2037407160e-01
6.5296795654e+02	9.7390025854e-01	8.5486191511e-01	8.2252383232e-01
6.5338769531e+02	9.7408610582e-01	8.5451471806e-01	8.2226258516e-01
6.5380737305e+02	9.7426980734e-01	8.5375577211e-01	8.2367473841e-01
6.5422711182e+02	9.7445160151e-01	8.5458552837e-01	8.2284456491e-01
6.5464678955e+02	9.7463130951e-01	8.5480785370e-01	8.2427078485e-01
6.5506652832e+02	9.7480911016e-01	8.5426080227e-01	8.2475662231e-01
6.5548620605e+02	9.7498494387e-01	8.5508394241e-01	8.2645750046e-01
6.5590594482e+02	9.7515887022e-01	8.5455775261e-01	8.2624942064e-01
6.5632562256e+02	9.7533094883e-01	8.5487926006e-01	8.2663774490e-01
6.5674536133e+02	9.7550112009e-01	8.5512703657e-01	8.2732534409e-01
6.5716503906e+02	9.7566950321e-01	8.5491663218e-01	8.2859015465e-01
6.5758477783e+02	9.7583609819e-01	8.5532689095e-01	8.2981127501e-01
6.5800445557e+02	9.7600084543e-01	8.5555255413e-01	8.2987868786e-01
6.5842419434e+02	9.7616392374e-01	8.5520398617e-01	8.3129221201e-01
6.5884387207e+02	9.7632527351e-01	8.5488277674e-01	8.3209621906e-01
6.5926361084e+02	9.7648489475e-01	8.5457521677e-01	8.3256149292e-01
6.5968328857e+02	9.7664284706e-01	8.5443121195e-01	8.3281224966e-01
6.6010302734e+02	9.7679919004e-01	8.5436409712e-01	8.3360606432e-01
6.6052270508e+02	9.7695386410e-01	8.5402554274e-01	8.3489394188e-01
6.6094244385e+02	9.7710692883e-01	8.5375696421e-01	8.3564746380e-01
6.6136212158e+02	9.7725838423e-01	8.5338699818e-01	8.3678829670e-01
6.6178186035e+02	9.7740834951e-01	8.5324227810e-01	8.3710992336e-01
6.6220153809e+02	9.7755676508e-01	8.5288965702e-01	8.3737939596e-01
6.6262127686e+02	9.7770363092e-01	8.5258573294e-01	8.3895367384e-01
6.6304101562e+02	9.7784906626e-01	8.5204726458e-01	8.3922320604e-01
6.6346069336e+02	9.7799295187e-01	8.5178631544e-01	8.4125846624e-01
6.6388043213e+02	9.7813540697e-01	8.5154974461e-01	8.3996576071e-01
6.6430010986e+02	9.7827643156e-01	8.5089153051e-01	8.4074467421e-01
6.6471984863e+02	9.7841608524e-01	8.5087698698e-01	8.4082174301e-01
6.6513952637e+02	9.7855430841e-01	8.5049194098e-01	8.4328138828e-01
6.6555926514e+02	9.7869116068e-01	8.5000711679e-01	8.4281241894e-01
6.6597894287e+02	9.7882664204e-01	8.4975045919e-01	8.4415668249e-01
6.6639868164e+02	9.7896075249e-01	8.4928148985e-01	8.4532535076e-01
6.6681835938e+02	9.7909361124e-01	8.4899163246e-01	8.4515297413e-01
6.6723809814e+02	9.7922509909e-01	8.4881877899e-01	8.4509062767e-01
6.6765777588e+02	9.7935533524e-01	8.4830427170e-01	8.4662449360e-01
6.6807751465e+02	9.7948431969e-01	8.4766858816e-01	8.4748619795e-01
6.6849719238e+02	9.7961205244e-01	8.4764444828e-01	8.4669452906e-01
6.6891693115e+02	9.7973853350e-01	8.4709137678e-01	8.4845143557e-01
6.6933660889e+02	9.7986376286e-01	8.4649711847e-01	8.4839195013e-01
6.6975634766e+02	9.7998785973e-01	8.4660184383e-01	8.5028773546e-01
6.7017602539e+02	9.8011070490e-01	8.4627979994e-01	8.4982544184e-01
6.7059576416e+02	9.8023241758e-01	8.4577876329e-01	8.5045713186e-01
6.7101544189e+02	9.8035293818e-01	8.4547734261e-01	8.5158139467e-01
6.7143518066e+02	9.8047238588e-01	8.4501439333e-01	8.5206985474e-01
6.7185485840e+02	9.8059064150e-01	8.4486430883e-01	8.5368901491e-01
6.7227459717e+02	9.8070776463e-01	8.4440398216e-01	8.5375386477e-01
6.7269427490e+02	9.8082381487e-01	8.4417164326e-01	8.5570406914e-01
6.7311401367e+02	9.8093885183e-01	8.4415161610e-01	8.5571539402e-01
6.7353375244e+02	9.8105275631e-01	8.4379446507e-01	8.5661786795e-01
6.7395343018e+02	9.8116558790e-01	8.4345948696e-01	8.5734128952e-01
6.7437316895e+02	9.8127740622e-01	8.4318703413e-01	8.5814219713e-01
6.7479284668e+02	9.8138815165e-01	8.4323590994e-01	8.5871988535e-01
6.7521258545e+02	9.8149794340e-01	8.4294080734e-01	8.5975426435e-01
6.7563226318e+02	9.8160666227e-01	8.4257650375e-01	8.6073338985e-01
6.7605200195e+02	9.8171442747e-01	8.4241259098e-01	8.6193203926e-01
6.7647167969e+02	9.8182117939e-01	8.4217119217e-01	8.6137366295e-01
6.7689141846e+02	9.8192697763e-01	8.4192609787e-01	8.6292368174e-01
6.7731109619e+02	9.8203182220e-01	8.4184676409e-01	8.6420303583e-01
6.7773083496e+02	9.8213577271e-01	8.4159064293e-01	8.6389106512e-01
6.7815051270e+02	9.8223870993e-01	8.4161162376e-01	8.6467647552e-01
6.7857025146e+02	9.8234081268e-01	8.4152019024e-01	8.6581695080e-01
6.7898992920e+02	9.8244190216e-01	8.4120750427e-01	8.6659282446e-01
6.7940966797e+02	9.8254215717e-01	8.4120255709e-01	8.6725616455e-01
6.7982934570e+02	9.8264151812e-01	8.4101700783e-01	8.6697918177e-01
6.8024908447e+02	9.8273998499e-01	8.4075832367e-01	8.6831259727e-01
6.8066876221e+02	9.8283761740e-01	8.4074205160e-01	8.6871767044e-01
6.8108850098e+02	9.8293435574e-01	8.4055697918e-01	8.6956864595e-01
6.8150817871e+02	9.8303025961e-01	8.4040260315e-01	8.7059223652e-01
6.8192791748e+02	9.8312532902e-01	8.4048628807e-01	8.7092566490e-01
6.8234759521e+02	9.8321956396e-01	8.4043037891e-01	8.7109273672e-01
6.8276733398e+02	9.8331302404e-01	8.4042692184e-01	8.7161070108e-01
6.8318701172e+02	9.8340564966e-01	8.4017610550e-01	8.7245738506e-01
6.8360675049e+02	9.8349744081e-01	8.3995997906e-01	8.7358784676e-01
6.8402642822e+02	9.8358845711e-01	8.3997732401e-01	8.7326437235e-01
6.8444616699e+02	9.8367875814e-01	8.3980625868e-01	8.7478435040e-01
6.8486590576e+02	9.8376822472e-01	8.3966094255e-01	8.7522023916e-01
6.8528558350e+02	9.8385691643e-01	8.3960181475e-01	8.7561428547e-01
6.8570532227e+02	9.8394489288e-01	8.3927655220e-01	8.7611842155e-01
6.8612500000e+02	9.8403215408e-01	8.3919590712e-01	8.7671434879e-01
6.8654473877e+02	9.8411864042e-01	8.3909404278e-01	8.7754970789e-01
6.8696441650e+02	9.8420441151e-01	8.3890825510e-01	8.7797969580e-01
6.8738415527e+02	9.8428946733e-01	8.3874899149e-01	8.7831652164e-01
6.8780383301e+02	9.8437374830e-01	8.3846771717e-01	8.7896764278e-01
6.8822357178e+02	9.8445743322e-01	8.3820098639e-01	8.7997812033e-01
6.8864324951e+02	9.8454034328e-01	8.3815306425e-01	8.8070392609e-01
6.8906298828e+02	9.8462259769e-01	8.3786308765e-01	8.8094520569e-01
6.8948266602e+02	9.8470419645e-01	8.3769297600e-01	8.8132357597e-01
6.8990240479e+02	9.8478507996e-01	8.3741706610e-01	8.8172459602e-01
6.9032208252e+02	9.8486530781e-01	8.3717924356e-01	8.8191860914e-01
6.9074182129e+02	9.8494493961e-01	8.3685976267e-01	8.8333106041e-01
6.9116149902e+02	9.8502385616e-01	8.3683174849e-01	8.8333809376e-01
6.9158123779e+02	9.8510211706e-01	8.3641546965e-01	8.8428789377e-01
6.9200091553e+02	9.8517978191e-01	8.3631241322e-01	8.8500326872e-01
6.9242065430e+02	9.8525685072e-01	8.3603018522e-01	8.8502466679e-01
6.9284033203e+02	9.8533326387e-01	8.3559006453e-01	8.8601619005e-01
6.9326007080e+02	9.8540902138e-01	8.3552688360e-01	8.8647592068e-01
6.9367974854e+02	9.8548424244e-01	8.3528214693e-01	8.8612586260e-01
6.9409948730e+02	9.8555880785e-01	8.3498454094e-01	8.8678234816e-01
6.9451916504e+02	9.8563283682e-01	8.3473396301e-01	8.8761633635e-01
6.9493890381e+02	9.8570621014e-01	8.3450967073e-01	8.8843119144e-01
6.9535864258e+02	9.8577904701e-01	8.3422958851e-01	8.8826274872e-01
6.9577832031e+02	9.8585128784e-01	8.3398365974e-01	8.8897073269e-01
6.9619805908e+02	9.8592299223e-01	8.3370494843e-01	8.8944041729e-01
6.9661773682e+02	9.8599410057e-01	8.3336287737e-01	8.8918924332e-01
6.9703747559e+02	9.8606467247e-01	8.3304321766e-01	8.9020848274e-01
6.9745715332e+02	9.8613470793e-01	8.3282637596e-01	8.9104539156e-01
6.9787689209e+02	9.8620414734e-01	8.3252876997e-01	8.9101272821e-01
6.9829656982e+02	9.8627310991e-01	8.3226120472e-01	8.9157402515e-01
6.9871630859e+02	9.8634147644e-01	8.3206582069e-01	8.9195317030e-01
6.9913598633e+02	9.8640936613e-01	8.3184832335e-01	8.9277976751e-01
6.9955572510e+02	9.8647671938e-01	8.3148247004e-01	8.9259541035e-01
6.9997540283e+02	9.8654353619e-01	8.3127391338e-01	8.9415019751e-01
7.0039514160e+02	9.8660987616e-01	8.3109050989e-01	8.9405882359e-01
7.0081481934e+02	9.8667567968e-01	8.3079040051e-01	8.9513939619e-01
7.0123455811e+02	9.8674100637e-01	8.3046281338e-01	8.9543527365e-01
7.0165423584e+02	9.8680579662e-01	8.3010601997e-01	8.9546155930e-01
7.0207397461e+02	9.8687011003e-01	8.2993847132e-01	8.9562898874e-01
7.0249365234e+02	9.8693394661e-01	8.2955092192e-01	8.9611858130e-01
7.0291339111e+02	9.8699730635e-01	8.2940310240e-01	8.9702749252e-01
7.0333306885e+02	9.8706018925e-01	8.2917636633e-01	8.9688593149e-01
7.0375280762e+02	9.8712265491e-01	8.2885354757e-01	8.9733862877e-01
7.0417248535e+02	9.8718458414e-01	8.2854157686e-01	8.9822119474e-01
7.0459222412e+02	9.8724603653e-01	8.2851630449e-01	8.9776784182e-01
7.0501190186e+02	9.8730707169e-01	8.2806915045e-01	8.9869076014e-01
7.0543164062e+02	9.8736768961e-01	8.2785046101e-01	8.9860230684e-01
7.0585137939e+02	9.8742783070e-01	8.2755345106e-01	8.9943927526e-01
7.0627105713e+02	9.8748749495e-01	8.2725346088e-01	8.9976161718e-01
7.0669079590e+02	9.8754674196e-01	8.2717001438e-01	9.0015351772e-01
7.0711047363e+02	9.8760557175e-01	8.2690525055e-01	9.0008050203e-01
7.0753021240e+02	9.8766392469e-01	8.2653576136e-01	9.0038025379e-01
7.0794989014e+02	9.8772192001e-01	8.2621800900e-01	9.0107476711e-01
7.0836962891e+02	9.8777943850e-01	8.2593977451e-01	9.0150493383e-01
7.0878930664e+02	9.8783659935e-01	8.2546627522e-01	9.0169900656e-01
7.0920904541e+02	9.8789328337e-01	8.2540488243e-01	9.0232133865e-01
7.0962872314e+02	9.8794960976e-01	8.2500827312e-01	9.0295684338e-01
7.1004846191e+02	9.8800545931e-01	8.2487463951e-01	9.0288221836e-01
7.1046813965e+02	9.8806095123e-01	8.2469117641e-01	9.0284681320e-01
7.1088787842e+02	9.8811608553e-01	8.2429152727e-01	9.0384256840e-01
7.1130755615e+02	9.8817080259e-01	8.2398480177e-01	9.0342807770e-01
7.1172729492e+02	9.8822510242e-01	8.2384878397e-01	9.0419435501e-01
7.1214697266e+02	9.8827904463e-01	8.2351857424e-01	9.0465253592e-01
7.1256671143e+02	9.8833256960e-01	8.2333654165e-01	9.0475434065e-01
7.1298638916e+02	9.8838573694e-01	8.2319176197e-01	9.0476983786e-01
7.1340612793e+02	9.8843854666e-01	8.2274127007e-01	9.0538299084e-01
7.1382580566e+02	9.8849099874e-01	8.2270008326e-01	9.0546178818e-01
7.1424554443e+02	9.8854303360e-01	8.2234060764e-01	9.0579205751e-01
7.1466522217e+02	9.8859471083e-01	8.2225269079e-01	9.0613162518e-01
7.1508496094e+02	9.8864609003e-01	8.2191491127e-01	9.0648138523e-01
7.1550463867e+02	9.8869705200e-01	8.2173615694e-01	9.0662318468e-01
7.1592437744e+02	9.8874765635e-01	8.2124829292e-01	9.0739077330e-01
7.1634405518e+02	9.8879796267e-01	8.2084190845e-01	9.0687549114e-01
7.1676379395e+02	9.8884785175e-01	8.2066637278e-01	9.0753269196e-01
7.1718353271e+02	9.8889744282e-01	8.2036888599e-01	9.0799152851e-01
7.1760321045e+02	9.8894667625e-01	8.2001698017e-01	9.0821522474e-01
7.1802294922e+02	9.8899561167e-01	8.1955158710e-01	9.0805613995e-01
7.1844262695e+02	9.8904418945e-01	8.1927382946e-01	9.0856492519e-01
7.1886236572e+02	9.8909240961e-01	8.1896007061e-01	9.0893012285e-01
7.1928204346e+02	9.8914033175e-01	8.1876718998e-01	9.0932750702e-01
7.1970178223e+02	9.8918789625e-01	8.1832975149e-01	9.0913373232e-01
7.2012145996e+02	9.8923516273e-01	8.1810230017e-01	9.0968400240e-01
7.2054119873e+02	9.8928213120e-01	8.1789225340e-01	9.0917879343e-01
7.2096087646e+02	9.8932874203e-01	8.1745779514e-01	9.0937983990e-01
7.2138061523e+02	9.8937505484e-01	8.1722432375e-01	9.1047680378e-01
7.2180029297e+02	9.8942106962e-01	8.1698566675e-01	9.1045773029e-01
7.2222003174e+02	9.8946678638e-01	8.1650078297e-01	9.1000390053e-01
7.2263970947e+02	9.8951214552e-01	8.1606978178e-01	9.1114354134e-01
7.2305944824e+02	9.8955726624e-01	8.1567895412e-01	9.1088879108e-01
7.2347912598e+02	9.8960202932e-01	8.1520992517e-01	9.1102617979e-01
7.2389886475e+02	9.8964655399e-01	8.1463140249e-01	9.1141402721e-01
7.2431854248e+02	9.8969072104e-01	8.1415969133e-01	9.1133481264e-01
7.2473828125e+02	9.8973464966e-01	8.1412702799e-01	9.1146695614e-01
7.2515795898e+02	9.8977828026e-01	8.1351304054e-01	9.1170036793e-01
7.2557769775e+02	9.8982161283e-01	8.1320899725e-01	9.1206330061e-01
7.2599737549e+02	9.8986464739e-01	8.1294631958e-01	9.1204941273e-01
7.2641711426e+02	9.8990744352e-01	8.1255847216e-01	9.1214144230e-01
7.2683679199e+02	9.8994994164e-01	8.1236630678e-01	9.1235959530e-01
7.2725653076e+02	9.8999214172e-01	8.1201738119e-01	9.1239011288e-01
7.2767626953e+02	9.9003410339e-01	8.1169593334e-01	9.1245394945e-01
7.2809594727e+02	9.9007576704e-01	8.1138390303e-01	9.1267096996e-01
7.2851568604e+02	9.9011719227e-01	8.1097620726e-01	9.1302192211e-01
7.2893536377e+02	9.9015831947e-01	8.1076210737e-01	9.1292691231e-01
7.2935510254e+02	9.9019920826e-01	8.1036514044e-01	9.1336649656e-01
7.2977478027e+02	9.9023979902e-01	8.1007868052e-01	9.1362214088e-01
7.3019451904e+02	9.9028015137e-01	8.0985629559e-01	9.1330832243e-01
7.3061419678e+02	9.9032026529e-01	8.0954992771e-01	9.1329914331e-01
7.3103393555e+02	9.9036008120e-01	8.0922657251e-01	9.1338497400e-01
7.3145361328e+02	9.9039971828e-01	8.0908769369e-01	9.1361635923e-01
7.3187335205e+02	9.9043905735e-01	8.0876123905e-01	9.1364920139e-01
7.3229302979e+02	9.9047809839e-01	8.0838686228e-01	9.1394871473e-01
7.3271276855e+02	9.9051696062e-01	8.0813115835e-01	9.1348195076e-01
7.3313244629e+02	9.9055558443e-01	8.0766832829e-01	9.1413694620e-01
7.3355218506e+02	9.9059391022e-01	8.0738800764e-01	9.1409683228e-01
7.3397186279e+02	9.9063205719e-01	8.0718219280e-01	9.1455632448e-01
7.3439160156e+02	9.9066990614e-01	8.0679631233e-01	9.1421228647e-01
7.3481127930e+02	9.9070757627e-01	8.0640548468e-01	9.1486245394e-01
7.3523101807e+02	9.9074494839e-01	8.0619454384e-01	9.1512161493e-01
7.3565069580e+02	9.9078214169e-01	8.0596625805e-01	9.1445273161e-01
7.3607043457e+02	9.9081909657e-01	8.0563050508e-01	9.1535890102e-01
7.3649011230e+02	9.9085581303e-01	8.0530709028e-01	9.1451996565e-01
7.3690985107e+02	9.9089229107e-01	8.0508732796e-01	9.1418570280e-01
7.3732952881e+02	9.9092859030e-01	8.0460464954e-01	9.1474294662e-01
7.3774926758e+02	9.9096459150e-01	8.0416154861e-01	9.1487014294e-01
7.3816900635e+02	9.9100047350e-01	8.0383735895e-01	9.1519540548e-01
7.3858868408e+02	9.9103605747e-01	8.0351418257e-01	9.1449630260e-01
7.3900842285e+02	9.9107146263e-01	8.0325728655e-01	9.1504538059e-01
7.3942810059e+02	9.9110662937e-01	8.0292075872e-01	9.1515010595e-01
7.3984783936e+02	9.9114155769e-01	8.0246430635e-01	9.1539466381e-01
7.4026751709e+02	9.9117630720e-01	8.0234432220e-01	9.1480559111e-01
7.4068725586e+02	9.9121087790e-01	8.0200266838e-01	9.1500467062e-01
7.4110693359e+02	9.9124521017e-01	8.0149775743e-01	9.1478544474e-01
7.4152667236e+02	9.9127930403e-01	8.0121982098e-01	9.1529518366e-01
7.4194635010e+02	9.9131321907e-01	8.0105763674e-01	9.1478264332e-01
7.4236608887e+02	9.9134695530e-01	8.0049562454e-01	9.1476935148e-01
7.4278576660e+02	9.9138045311e-01	8.0033278465e-01	9.1526961327e-01
7.4320550537e+02	9.9141377211e-01	7.9992872477e-01	9.1499894857e-01
7.4362518311e+02	9.9144691229e-01	7.9968959093e-01	9.1517835855e-01
7.4404492188e+02	9.9147981405e-01	7.9928469658e-01	9.1471159458e-01
7.4446459961e+02	9.9151253700e-01	7.9898142815e-01	9.1525673866e-01
7.4488433838e+02	9.9154508114e-01	7.9859995842e-01	9.1542053223e-01
7.4530401611e+02	9.9157744646e-01	7.9816728830e-01	9.1502559185e-01
7.4572375488e+02	9.9160957336e-01	7.9775327444e-01	9.1505736113e-01
7.4614343262e+02	9.9164152145e-01	7.9770731926e-01	9.1516995430e-01
7.4656317139e+02	9.9167329073e-01	7.9715365171e-01	9.1467851400e-01
7.4698284912e+02	9.9170488119e-01	7.9687052965e-01	9.1493856907e-01
7.4740258789e+02	9.9173629284e-01	7.9657638073e-01	9.1535508633e-01
7.4782226562e+02	9.9176752567e-01	7.9623687267e-01	9.1508418322e-01
7.4824200439e+02	9.9179857969e-01	7.9599338770e-01	9.1504108906e-01
7.4866168213e+02	9.9182945490e-01	7.9554039240e-01	9.1508626938e-01
7.4908142090e+02	9.9186009169e-01	7.9528629780e-01	9.1448414326e-01
7.4950115967e+02	9.9189060926e-01	7.9477745295e-01	9.1460478306e-01
7.4992083740e+02	9.9192094803e-01	7.9449254274e-01	9.1444206238e-01
7.5034057617e+02	9.9195110798e-01	7.9402023554e-01	9.1445970535e-01
7.5076025391e+02	9.9198108912e-01	7.9378986359e-01	9.1444540024e-01
7.5117999268e+02	9.9201089144e-01	7.9356211424e-01	9.1521340609e-01
7.5159967041e+02	9.9204051495e-01	7.9312193394e-01	9.1450661421e-01
7.5201940918e+02	9.9207001925e-01	7.9269397259e-01	9.1380786896e-01
7.5243908691e+02	9.9209928513e-01	7.9239410162e-01	9.1427236795e-01
7.5285882568e+02	9.9212843180e-01	7.9214298725e-01	9.1389775276e-01
7.5327850342e+02	9.9215739965e-01	7.9170972109e-01	9.1422575712e-01
7.5369824219e+02	9.9218624830e-01	7.9153120518e-01	9.1391259432e-01
7.5411791992e+02	9.9221485853e-01	7.9115670919e-01	9.1406995058e-01
7.5453765869e+02	9.9224334955e-01	7.9075413942e-01	9.1427803040e-01
7.5495733643e+02	9.9227166176e-01	7.9041415453e-01	9.1407567263e-01
7.5537707520e+02	9.9229985476e-01	7.8991109133e-01	9.1429477930e-01
7.5579675293e+02	9.9232780933e-01	7.8950190544e-01	9.1401034594e-01
7.5621649170e+02	9.9235570431e-01	7.8927439451e-01	9.1407567263e-01
7.5663616943e+02	9.9238336086e-01	7.8912347555e-01	9.1384369135e-01
7.5705590820e+02	9.9241089821e-01	7.8865218163e-01	9.1400390863e-01
7.5747558594e+02	9.9243831635e-01	7.8822356462e-01	9.1324287653e-01
7.5789532471e+02	9.9246555567e-01	7.8804409504e-01	9.1379809380e-01
7.5831500244e+02	9.9249261618e-01	7.8750485182e-01	9.1327381134e-01
7.5873474121e+02	9.9251955748e-01	7.8740233183e-01	9.1355067492e-01
7.5915441895e+02	9.9254637957e-01	7.8685700893e-01	9.1349834204e-01
7.5957415771e+02	9.9257302284e-01	7.8665828705e-01	9.1313314438e-01
7.5999389648e+02	9.9259948730e-01	7.8632152081e-01	9.1272735596e-01
7.6041357422e+02	9.9262583256e-01	7.8607344627e-01	9.1292822361e-01
7.6083331299e+02	9.9265205860e-01	7.8615486622e-01	9.1303545237e-01
7.6125299072e+02	9.9267810583e-01	7.8570669889e-01	9.1269546747e-01
7.6167272949e+02	9.9270403385e-01	7.8537261486e-01	9.1243302822e-01
7.6209240723e+02	9.9272978306e-01	7.8498733044e-01	9.1236305237e-01
7.6251214600e+02	9.9275541306e-01	7.8463125229e-01	9.1195243597e-01
7.6293182373e+02	9.9278092384e-01	7.8431844711e-01	9.1232436895e-01
7.6335156250e+02	9.9280631542e-01	7.8407073021e-01	9.1246277094e-01
7.6377124023e+02	9.9283152819e-01	7.8365308046e-01	9.1161197424e-01
7.6419097900e+02	9.9285662174e-01	7.8339087963e-01	9.1188907623e-01
7.6461065674e+02	9.9288159609e-01	7.8292703629e-01	9.1125965118e-01
7.6503039551e+02	9.9290639162e-01	7.8261852264e-01	9.1152364016e-01
7.6545007324e+02	9.9293106794e-01	7.8217858076e-01	9.1167193651e-01
7.6586981201e+02	9.9295562506e-01	7.8189229965e-01	9.1163158417e-01
7.6628948975e+02	9.9298006296e-01	7.8169411421e-01	9.1171604395e-01
7.6670922852e+02	9.9300438166e-01	7.8118687868e-01	9.1134101152e-01
7.6712890625e+02	9.9302852154e-01	7.8103196621e-01	9.1108316183e-01
7.6754864502e+02	9.9305254221e-01	7.8064256907e-01	9.1057813168e-01
7.6796832275e+02	9.9307644367e-01	7.8033053875e-01	9.1109019518e-01
7.6838806152e+02	9.9310028553e-01	7.7996569872e-01	9.1025018692e-01
7.6880773926e+02	9.9312388897e-01	7.7972149849e-01	9.1098731756e-01
7.6922747803e+02	9.9314743280e-01	7.7939337492e-01	9.1043776274e-01
7.6964715576e+02	9.9317085743e-01	7.7883744240e-01	9.1012161970e-01
7.7006689453e+02	9.9319416285e-01	7.7848315239e-01	9.1016793251e-01
7.7048663330e+02	9.9321734905e-01	7.7826201916e-01	9.0980070829e-01
7.7090631104e+02	9.9324035645e-01	7.7799874544e-01	9.0956717730e-01
7.7132604980e+02	9.9326330423e-01	7.7757656574e-01	9.0999847651e-01
7.7174572754e+02	9.9328607321e-01	7.7739214897e-01	9.0968388319e-01
7.7216546631e+02	9.9330878258e-01	7.7708446980e-01	9.0928846598e-01
7.7258514404e+02	9.9333137274e-01	7.7662473917e-01	9.0891897678e-01
7.7300488281e+02	9.9335378408e-01	7.7638107538e-01	9.0887647867e-01
7.7342456055e+02	9.9337613583e-01	7.7604478598e-01	9.0863633156e-01
7.7384429932e+02	9.9339836836e-01	7.7570879459e-01	9.0891247988e-01
7.7426397705e+02	9.9342048168e-01	7.7547532320e-01	9.0888726711e-01
7.7468371582e+02	9.9344247580e-01	7.7513563633e-01	9.0815848112e-01
7.7510339355e+02	9.9346435070e-01	7.7503257990e-01	9.0876835585e-01
7.7552313232e+02	9.9348610640e-01	7.7452003956e-01	9.0858298540e-01
7.7594281006e+02	9.9350780249e-01	7.7426296473e-01	9.0801042318e-01
7.7636254883e+02	9.9352931976e-01	7.7397763729e-01	9.0782117844e-01
7.7678222656e+02	9.9355077744e-01	7.7369874716e-01	9.0801829100e-01
7.7720196533e+02	9.9357211590e-01	7.7322566509e-01	9.0769201517e-01
7.7762164307e+02	9.9359333515e-01	7.7311664820e-01	9.0737164021e-01
7.7804138184e+02	9.9361443520e-01	7.7261775732e-01	9.0670990944e-01
7.7846105957e+02	9.9363547564e-01	7.7243506908e-01	9.0740656853e-01
7.7888079834e+02	9.9365633726e-01	7.7204328775e-01	9.0711355209e-01
7.7930047607e+02	9.9367713928e-01	7.7187252045e-01	9.0710133314e-01
7.7972021484e+02	9.9369782209e-01	7.7142769098e-01	9.0658837557e-01
7.8013989258e+02	9.9371844530e-01	7.7115756273e-01	9.0641403198e-01
7.8055963135e+02	9.9373894930e-01	7.7089542150e-01	9.0568339825e-01
7.8097930908e+02	9.9375927448e-01	7.7057904005e-01	9.0623915195e-01
7.8139904785e+02	9.9377959967e-01	7.7027070522e-01	9.0624767542e-01
7.8181878662e+02	9.9379974604e-01	7.7005285025e-01	9.0590500832e-01
7.8223846436e+02	9.9381983280e-01	7.6974260807e-01	9.0576493740e-01
7.8265820312e+02	9.9383985996e-01	7.6934254169e-01	9.0538054705e-01
7.8307788086e+02	9.9385970831e-01	7.6908129454e-01	9.0509480238e-01
7.8349761963e+02	9.9387949705e-01	7.6886188984e-01	9.0520578623e-01
7.8391729736e+02	9.9389916658e-01	7.6860213280e-01	9.0506941080e-01
7.8433703613e+02	9.9391877651e-01	7.6824116707e-01	9.0491831303e-01
7.8475671387e+02	9.9393826723e-01	7.6788359880e-01	9.0428131819e-01
7.8517645264e+02	9.9395763874e-01	7.6754897833e-01	9.0469783545e-01
7.8559613037e+02	9.9397695065e-01	7.6728135347e-01	9.0408724546e-01
7.8601586914e+02	9.9399620295e-01	7.6690363884e-01	9.0384685993e-01
7.8643554688e+02	9.9401527643e-01	7.6656246185e-01	9.0373885632e-01
7.8685528564e+02	9.9403429031e-01	7.6618880033e-01	9.0293556452e-01
7.8727496338e+02	9.9405324459e-01	7.6578640938e-01	9.0302962065e-01
7.8769470215e+02	9.9407207966e-01	7.6577228308e-01	9.0308398008e-01
7.8811437988e+02	9.9409079552e-01	7.6538294554e-01	9.0291416645e-01
7.8853411865e+02	9.9410945177e-01	7.6506823301e-01	9.0288257599e-01
7.8895379639e+02	9.9412804842e-01	7.6476389170e-01	9.0287053585e-01
7.8937353516e+02	9.9414652586e-01	7.6443177462e-01	9.0260958672e-01
7.8979321289e+02	9.9416488409e-01	7.6400905848e-01	9.0234494209e-01
7.9021295166e+02	9.9418318272e-01	7.6345008612e-01	9.0211015940e-01
7.9063262939e+02	9.9420142174e-01	7.6341938972e-01	9.0196835995e-01
7.9105236816e+02	9.9421954155e-01	7.6296001673e-01	9.0202081203e-01
7.9147204590e+02	9.9423754215e-01	7.6271778345e-01	9.0096545219e-01
7.9189178467e+02	9.9425548315e-01	7.6234072447e-01	9.0135014057e-01
7.9231152344e+02	9.9427336454e-01	7.6181960106e-01	9.0087312460e-01
7.9273120117e+02	9.9429112673e-01	7.6148557663e-01	9.0063422918e-01
7.9315093994e+02	9.9430882931e-01	7.6116269827e-01	9.0092921257e-01
7.9357061768e+02	9.9432647228e-01	7.6091551781e-01	9.0069764853e-01
7.9399035645e+02	9.9434399605e-01	7.6047223806e-01	9.0061026812e-01
7.9441003418e+02	9.9436146021e-01	7.6014089584e-01	9.0023070574e-01
7.9482977295e+02	9.9437880516e-01	7.5981360674e-01	8.9952260256e-01
7.9524945068e+02	9.9439609051e-01	7.5942039490e-01	9.0008658171e-01
7.9566918945e+02	9.9441325665e-01	7.5913286209e-01	8.9873480797e-01
7.9608886719e+02	9.9443036318e-01	7.5876653194e-01	8.9936417341e-01
7.9650860596e+02	9.9444741011e-01	7.5847572088e-01	8.9888280630e-01
7.9692828369e+02	9.9446439743e-01	7.5831919909e-01	8.9898025990e-01
7.9734802246e+02	9.9448126554e-01	7.5775921345e-01	8.9813172817e-01
7.9776770020e+02	9.9449807405e-01	7.5734132528e-01	8.9841222763e-01
7.9818743896e+02	9.9451476336e-01	7.5707507133e-01	8.9796745777e-01
7.9860711670e+02	9.9453145266e-01	7.5681155920e-01	8.9817559719e-01
7.9902685547e+02	9.9454802275e-01	7.5656253099e-01	8.9748400450e-01
7.9944653320e+02	9.9456447363e-01	7.5597941875e-01	8.9721351862e-01
