wavelength_nm	ideal_target_transmittance	cvae_target_transmittance	tandem_response_transmittance
3.7973712158e+02	9.9229833123e-01	8.2450211048e-01	8.2581621408e-01
3.8015682983e+02	9.9226051517e-01	8.2470238209e-01	8.2633787394e-01
3.8057653809e+02	9.9222242064e-01	8.2502311468e-01	8.2657492161e-01
3.8099624634e+02	9.9218404490e-01	8.2490897179e-01	8.2700455189e-01
3.8141595459e+02	9.9214538518e-01	8.2509613037e-01	8.2795268297e-01
3.8183566284e+02	9.9210643869e-01	8.2453984022e-01	8.2666516304e-01
3.8225537109e+02	9.9206720258e-01	8.2434898615e-01	8.2674992085e-01
3.8267507935e+02	9.9202767398e-01	8.2378315926e-01	8.2704895735e-01
3.8309478760e+02	9.9198785000e-01	8.2330197096e-01	8.2520222664e-01
3.8351449585e+02	9.9194772768e-01	8.2239800692e-01	8.2501769066e-01
3.8393420410e+02	9.9190730405e-01	8.2146078348e-01	8.2406026125e-01
3.8435391235e+02	9.9186657609e-01	8.2042825222e-01	8.2309424877e-01
3.8477362061e+02	9.9182554075e-01	8.1880253553e-01	8.2216393948e-01
3.8519332886e+02	9.9178419493e-01	8.1793618202e-01	8.2152551413e-01
3.8561303711e+02	9.9174253551e-01	8.1669980288e-01	8.1964761019e-01
3.8603274536e+02	9.9170055931e-01	8.1541770697e-01	8.1932097673e-01
3.8645245361e+02	9.9165826312e-01	8.1478881836e-01	8.1726330519e-01
3.8687216187e+02	9.9161564369e-01	8.1331461668e-01	8.1526076794e-01
3.8729187012e+02	9.9157269773e-01	8.1183826923e-01	8.1556886435e-01
3.8771157837e+02	9.9152942190e-01	8.1045985222e-01	8.1378954649e-01
3.8813131714e+02	9.9148580965e-01	8.0813759565e-01	8.1159299612e-01
3.8855102539e+02	9.9144186389e-01	8.0732971430e-01	8.1062245369e-01
3.8897073364e+02	9.9139757801e-01	8.0566996336e-01	8.0874770880e-01
3.8939044189e+02	9.9135294848e-01	8.0480092764e-01	8.0774796009e-01
3.8981015015e+02	9.9130797177e-01	8.0323636532e-01	8.0577933788e-01
3.9022985840e+02	9.9126264427e-01	8.0128771067e-01	8.0435585976e-01
3.9064956665e+02	9.9121696232e-01	8.0069780350e-01	8.0232775211e-01
3.9106927490e+02	9.9117092225e-01	7.9908668995e-01	8.0140954256e-01
3.9148898315e+02	9.9112452030e-01	7.9751050472e-01	8.0075436831e-01
3.9190869141e+02	9.9107775269e-01	7.9652011395e-01	7.9867804050e-01
3.9232839966e+02	9.9103061558e-01	7.9499125481e-01	7.9687064886e-01
3.9274810791e+02	9.9098310507e-01	7.9365700483e-01	7.9609102011e-01
3.9316781616e+02	9.9093521722e-01	7.9328888655e-01	7.9465425014e-01
3.9358752441e+02	9.9088694804e-01	7.9160708189e-01	7.9382318258e-01
3.9400723267e+02	9.9083829348e-01	7.9016798735e-01	7.9244685173e-01
3.9442694092e+02	9.9078924945e-01	7.8926837444e-01	7.9117053747e-01
3.9484664917e+02	9.9073981178e-01	7.8881490231e-01	7.9011273384e-01
3.9526635742e+02	9.9068997626e-01	7.8734159470e-01	7.8878539801e-01
3.9568606567e+02	9.9063973864e-01	7.8690791130e-01	7.8809589148e-01
3.9610577393e+02	9.9058909458e-01	7.8583592176e-01	7.8665697575e-01
3.9652548218e+02	9.9053803970e-01	7.8590345383e-01	7.8589040041e-01
3.9694519043e+02	9.9048656957e-01	7.8409874439e-01	7.8495520353e-01
3.9736489868e+02	9.9043467968e-01	7.8341943026e-01	7.8387510777e-01
3.9778460693e+02	9.9038236547e-01	7.8346568346e-01	7.8297811747e-01
3.9820431519e+02	9.9032962231e-01	7.8270459175e-01	7.8173339367e-01
3.9862402344e+02	9.9027644553e-01	7.8225725889e-01	7.8207778931e-01
3.9904376221e+02	9.9022282645e-01	7.8123414516e-01	7.8145551682e-01
3.9946347046e+02	9.9016876805e-01	7.8102689981e-01	7.8040939569e-01
3.9988317871e+02	9.9011426158e-01	7.8088414669e-01	7.7976107597e-01
4.0030288696e+02	9.9005930207e-01	7.8089416027e-01	7.7900004387e-01
4.0072259521e+02	9.9000388453e-01	7.8032243252e-01	7.7827578783e-01
4.0114230347e+02	9.8994800385e-01	7.8026056290e-01	7.7810364962e-01
4.0156201172e+02	9.8989165488e-01	7.7964740992e-01	7.7794903517e-01
4.0198171997e+02	9.8983483239e-01	7.7978128195e-01	7.7733087540e-01
4.0240142822e+02	9.8977753109e-01	7.7937412262e-01	7.7747386694e-01
4.0282113647e+02	9.8971974558e-01	7.7963799238e-01	7.7673864365e-01
4.0324084473e+02	9.8966147044e-01	7.7928733826e-01	7.7679401636e-01
4.0366055298e+02	9.8960270011e-01	7.8011500835e-01	7.7696907520e-01
4.0408026123e+02	9.8954342901e-01	7.7913987637e-01	7.7664697170e-01
4.0449996948e+02	9.8948365144e-01	7.7912408113e-01	7.7601498365e-01
4.0491967773e+02	9.8942336163e-01	7.8547197580e-01	7.7522498369e-01
4.0533938599e+02	9.8936255375e-01	7.7604293823e-01	7.7529990673e-01
4.0575909424e+02	9.8930122186e-01	7.7796280384e-01	7.7605700493e-01
4.0617880249e+02	9.8923935994e-01	7.8033739328e-01	7.7522313595e-01
4.0659851074e+02	9.8917696188e-01	7.8118795156e-01	7.7543818951e-01
4.0701821899e+02	9.8911402151e-01	7.7982389927e-01	7.7581453323e-01
4.0743792725e+02	9.8905053254e-01	7.8408378363e-01	7.7645051479e-01
4.0785763550e+02	9.8898648861e-01	7.8636199236e-01	7.7558082342e-01
4.0827734375e+02	9.8892188324e-01	7.8052586317e-01	7.7528315783e-01
4.0869705200e+02	9.8885670988e-01	7.8110671043e-01	7.7582246065e-01
4.0911676025e+02	9.8879096188e-01	7.8219485283e-01	7.7636325359e-01
4.0953649902e+02	9.8872462765e-01	7.8305828571e-01	7.7579802275e-01
4.0995620728e+02	9.8865770999e-01	7.8381240368e-01	7.7642017603e-01
4.1037591553e+02	9.8859019713e-01	7.8445869684e-01	7.7666407824e-01
4.1079562378e+02	9.8852208204e-01	7.8665298223e-01	7.7766239643e-01
4.1121533203e+02	9.8845335755e-01	7.8404206038e-01	7.7901053429e-01
4.1163504028e+02	9.8838401641e-01	7.8462976217e-01	7.7922898531e-01
4.1205474854e+02	9.8831405124e-01	7.8343182802e-01	7.8028506041e-01
4.1247445679e+02	9.8824345457e-01	7.8571730852e-01	7.8147083521e-01
4.1289416504e+02	9.8817221879e-01	7.8417575359e-01	7.8228813410e-01
4.1331387329e+02	9.8810033621e-01	7.8705805540e-01	7.8205543756e-01
4.1373358154e+02	9.8802779900e-01	7.8618186712e-01	7.8447228670e-01
4.1415328979e+02	9.8795459923e-01	7.8768271208e-01	7.8415429592e-01
4.1457299805e+02	9.8788072883e-01	7.8879731894e-01	7.8563129902e-01
4.1499270630e+02	9.8780617962e-01	7.8990507126e-01	7.8599995375e-01
4.1541241455e+02	9.8773094329e-01	7.8979897499e-01	7.8737390041e-01
4.1583212280e+02	9.8765501141e-01	7.9228997231e-01	7.8831565380e-01
4.1625183105e+02	9.8757837541e-01	7.9079830647e-01	7.8921329975e-01
4.1667153931e+02	9.8750102660e-01	7.9455459118e-01	7.9049766064e-01
4.1709124756e+02	9.8742295616e-01	7.9660779238e-01	7.9158580303e-01
4.1751095581e+02	9.8734415510e-01	7.9570585489e-01	7.9168057442e-01
4.1793066406e+02	9.8726461434e-01	7.9490047693e-01	7.9257547855e-01
4.1835037231e+02	9.8718432462e-01	7.9497510195e-01	7.9323661327e-01
4.1877008057e+02	9.8710327655e-01	8.0055403709e-01	7.9463988543e-01
4.1918978882e+02	9.8702146059e-01	8.0075418949e-01	7.9479551315e-01
4.1960949707e+02	9.8693886707e-01	8.0172055960e-01	7.9619783163e-01
4.2002920532e+02	9.8685548612e-01	8.0336707830e-01	7.9748088121e-01
4.2044894409e+02	9.8677130162e-01	8.0379468203e-01	7.9844897985e-01
4.2086865234e+02	9.8668631565e-01	8.0495870113e-01	8.0024206638e-01
4.2128836060e+02	9.8660051180e-01	8.0577284098e-01	8.0122935772e-01
4.2170806885e+02	9.8651387959e-01	8.0672562122e-01	8.0204296112e-01
4.2212777710e+02	9.8642640838e-01	8.0810105801e-01	8.0352729559e-01
4.2254748535e+02	9.8633808734e-01	8.0645889044e-01	8.0543214083e-01
4.2296719360e+02	9.8624890548e-01	8.1109529734e-01	8.0612337589e-01
4.2338690186e+02	9.8615885164e-01	8.1051599979e-01	8.0682384968e-01
4.2380661011e+02	9.8606791447e-01	8.1092172861e-01	8.0711233616e-01
4.2422631836e+02	9.8597608242e-01	8.1481546164e-01	8.0863809586e-01
4.2464602661e+02	9.8588334378e-01	8.1367558241e-01	8.1003004313e-01
4.2506573486e+02	9.8578968663e-01	8.1434768438e-01	8.1291079521e-01
4.2548544312e+02	9.8569509887e-01	8.1522667408e-01	8.1368094683e-01
4.2590515137e+02	9.8559956818e-01	8.1668710709e-01	8.1485491991e-01
4.2632485962e+02	9.8550308205e-01	8.1852871180e-01	8.1535518169e-01
4.2674456787e+02	9.8540562776e-01	8.2074445486e-01	8.1674569845e-01
4.2716427612e+02	9.8530719238e-01	8.2102274895e-01	8.1863588095e-01
4.2758398438e+02	9.8520776277e-01	8.2224506140e-01	8.1989592314e-01
4.2800369263e+02	9.8510732556e-01	8.2042020559e-01	8.2111501694e-01
4.2842340088e+02	9.8500586716e-01	8.2390755415e-01	8.2330489159e-01
4.2884310913e+02	9.8490337375e-01	8.2547593117e-01	8.2490384579e-01
4.2926281738e+02	9.8479983127e-01	8.2678836584e-01	8.2590949535e-01
4.2968252563e+02	9.8469522545e-01	8.2895356417e-01	8.2713943720e-01
4.3010223389e+02	9.8458954174e-01	8.2930940390e-01	8.2822883129e-01
4.3052194214e+02	9.8448276537e-01	8.3542084694e-01	8.2968056202e-01
4.3094165039e+02	9.8437488131e-01	8.3213430643e-01	8.3063590527e-01
4.3136138916e+02	9.8426586628e-01	8.3742547035e-01	8.3201110363e-01
4.3178109741e+02	9.8415572060e-01	8.3501762152e-01	8.3352041245e-01
4.3220080566e+02	9.8404442054e-01	8.3789128065e-01	8.3488708735e-01
4.3262051392e+02	9.8393195003e-01	8.3800888062e-01	8.3525109291e-01
4.3304022217e+02	9.8381829267e-01	8.4114956856e-01	8.3759605885e-01
4.3345993042e+02	9.8370343180e-01	8.4441417456e-01	8.3785420656e-01
4.3387963867e+02	9.8358735047e-01	8.4447097778e-01	8.3842849731e-01
4.3429934692e+02	9.8347003143e-01	8.4590864182e-01	8.4065860510e-01
4.3471905518e+02	9.8335145711e-01	8.4677201509e-01	8.4066236019e-01
4.3513876343e+02	9.8323160965e-01	8.4923666716e-01	8.4236788750e-01
4.3555847168e+02	9.8311047087e-01	8.5048913956e-01	8.4375166893e-01
4.3597817993e+02	9.8298802226e-01	8.5371500254e-01	8.4516328573e-01
4.3639788818e+02	9.8286424497e-01	8.5314095020e-01	8.4671980143e-01
4.3681759644e+02	9.8273911983e-01	8.5544043779e-01	8.4734749794e-01
4.3723730469e+02	9.8261262732e-01	8.5834717751e-01	8.4861278534e-01
4.3765701294e+02	9.8248474756e-01	8.6421906948e-01	8.5035926104e-01
4.3807672119e+02	9.8235546032e-01	8.6058455706e-01	8.5115063190e-01
4.3849642944e+02	9.8222474499e-01	8.6150872707e-01	8.5263085365e-01
4.3891613770e+02	9.8209258059e-01	8.6454325914e-01	8.5513025522e-01
4.3933584595e+02	9.8195894577e-01	8.6533701420e-01	8.5544532537e-01
4.3975555420e+02	9.8182381875e-01	8.6645400524e-01	8.5735619068e-01
4.4017526245e+02	9.8168717740e-01	8.6439406872e-01	8.5856044292e-01
4.4059497070e+02	9.8154899914e-01	8.6904209852e-01	8.5956436396e-01
4.4101467896e+02	9.8140926098e-01	8.6868184805e-01	8.6044842005e-01
4.4143438721e+02	9.8126793951e-01	8.6927598715e-01	8.6237668991e-01
4.4185412598e+02	9.8112500042e-01	8.6959654093e-01	8.6375862360e-01
4.4227383423e+02	9.8098044020e-01	8.7177842855e-01	8.6445212364e-01
4.4269354248e+02	9.8083422376e-01	8.7135881186e-01	8.6711955070e-01
4.4311325073e+02	9.8068632586e-01	8.7324929237e-01	8.6834412813e-01
4.4353295898e+02	9.8053672081e-01	8.7399142981e-01	8.6948943138e-01
4.4395266724e+02	9.8038538240e-01	8.7534874678e-01	8.7163460255e-01
4.4437237549e+02	9.8023228395e-01	8.7883311510e-01	8.7306547165e-01
4.4479208374e+02	9.8007739823e-01	8.7676328421e-01	8.7430858612e-01
4.4521179199e+02	9.7992069753e-01	8.7771201134e-01	8.7576878071e-01
4.4563150024e+02	9.7976215357e-01	8.7964075804e-01	8.7615877390e-01
4.4605120850e+02	9.7960173753e-01	8.8004928827e-01	8.7822955847e-01
4.4647091675e+02	9.7943942004e-01	8.7375152111e-01	8.8034254313e-01
4.4689062500e+02	9.7927517115e-01	8.7807112932e-01	8.8191020489e-01
4.4731033325e+02	9.7910896031e-01	8.8334405422e-01	8.8295251131e-01
4.4773004150e+02	9.7894075638e-01	8.8349533081e-01	8.8350290060e-01
4.4814974976e+02	9.7877052761e-01	8.8425362110e-01	8.8372355700e-01
4.4856945801e+02	9.7859824161e-01	8.8515222073e-01	8.8396942616e-01
4.4898916626e+02	9.7842386534e-01	8.8694649935e-01	8.8523638248e-01
4.4940887451e+02	9.7824736512e-01	8.8685798645e-01	8.8598901033e-01
4.4982858276e+02	9.7806870658e-01	8.8760530949e-01	8.8624262810e-01
4.5024829102e+02	9.7788785465e-01	8.9076316357e-01	8.8652378321e-01
4.5066799927e+02	9.7770477356e-01	8.8941818476e-01	8.8775986433e-01
4.5108770752e+02	9.7751942682e-01	8.9056569338e-01	8.8829815388e-01
4.5150741577e+02	9.7733177719e-01	8.9255201817e-01	8.8812124729e-01
4.5192712402e+02	9.7714178666e-01	8.9385837317e-01	8.8917022943e-01
4.5234683228e+02	9.7694941645e-01	8.9354389906e-01	8.8863050938e-01
4.5276657104e+02	9.7675461273e-01	8.9368802309e-01	8.8979798555e-01
4.5318627930e+02	9.7655736342e-01	8.9454048872e-01	8.9007979631e-01
4.5360598755e+02	9.7635761320e-01	8.9502429962e-01	8.8961333036e-01
4.5402569580e+02	9.7615531996e-01	8.9624685049e-01	8.9084404707e-01
4.5444540405e+02	9.7595044074e-01	8.9734083414e-01	8.9000052214e-01
4.5486511230e+02	9.7574293163e-01	8.9738923311e-01	8.9117544889e-01
4.5528482056e+02	9.7553274782e-01	8.9984208345e-01	8.9122575521e-01
4.5570452881e+02	9.7531984355e-01	8.9834356308e-01	8.9194697142e-01
4.5612423706e+02	9.7510417208e-01	8.9819860458e-01	8.9127725363e-01
4.5654394531e+02	9.7488568566e-01	9.0002381802e-01	8.9290553331e-01
4.5696365356e+02	9.7466433555e-01	8.9787882566e-01	8.9252775908e-01
4.5738336182e+02	9.7444007191e-01	8.9980292320e-01	8.9196586609e-01
4.5780307007e+02	9.7421284388e-01	9.0108466148e-01	8.9252561331e-01
4.5822277832e+02	9.7398259944e-01	9.0059798956e-01	8.9262694120e-01
4.5864248657e+02	9.7374928546e-01	9.0113353729e-01	8.9347469807e-01
4.5906219482e+02	9.7351284767e-01	9.0089118481e-01	8.9374297857e-01
4.5948190308e+02	9.7327323056e-01	9.0608662367e-01	8.9350068569e-01
4.5990161133e+02	9.7303037742e-01	9.0074920654e-01	8.9231073856e-01
4.6032131958e+02	9.7278423029e-01	9.0032470226e-01	8.9277112484e-01
4.6074102783e+02	9.7253472991e-01	9.0104186535e-01	8.9196538925e-01
4.6116073608e+02	9.7228181568e-01	8.9961022139e-01	8.9205396175e-01
4.6158044434e+02	9.7202542566e-01	8.9897847176e-01	8.9299732447e-01
4.6200015259e+02	9.7176549652e-01	8.9921110868e-01	8.9232909679e-01
4.6241986084e+02	9.7150196346e-01	8.9952725172e-01	8.9148724079e-01
4.6283956909e+02	9.7123476025e-01	8.9909166098e-01	8.9173519611e-01
4.6325927734e+02	9.7096381912e-01	8.9856016636e-01	8.9145153761e-01
4.6367901611e+02	9.7068905063e-01	8.9638465643e-01	8.9097857475e-01
4.6409872437e+02	9.7041042382e-01	8.9575898647e-01	8.9010298252e-01
4.6451843262e+02	9.7012784629e-01	8.9525824785e-01	8.8996553421e-01
4.6493814087e+02	9.6984124382e-01	8.9528733492e-01	8.9044398069e-01
4.6535784912e+02	9.6955054042e-01	8.9344680309e-01	8.8966661692e-01
4.6577755737e+02	9.6925565834e-01	8.9208763838e-01	8.8913214207e-01
4.6619726562e+02	9.6895651801e-01	8.9739221334e-01	8.8963228464e-01
4.6661697388e+02	9.6865303795e-01	8.9126694202e-01	8.8908934593e-01
4.6703668213e+02	9.6834513477e-01	8.8983350992e-01	8.8869780302e-01
4.6745639038e+02	9.6803272308e-01	8.8902235031e-01	8.8860780001e-01
4.6787609863e+02	9.6771571544e-01	8.8727420568e-01	8.8786274195e-01
4.6829580688e+02	9.6739402233e-01	8.8700306416e-01	8.8788390160e-01
4.6871551514e+02	9.6706755204e-01	8.8669073582e-01	8.8646304607e-01
4.6913522339e+02	9.6673621064e-01	8.8667988777e-01	8.8741087914e-01
4.6955493164e+02	9.6639990192e-01	8.8574022055e-01	8.8622689247e-01
4.6997463989e+02	9.6605852730e-01	8.8516181707e-01	8.8603377342e-01
4.7039434814e+02	9.6571198578e-01	8.8448035717e-01	8.8441300392e-01
4.7081405640e+02	9.6536017387e-01	8.8464617729e-01	8.8476347923e-01
4.7123376465e+02	9.6500298549e-01	8.8414686918e-01	8.8339775801e-01
4.7165347290e+02	9.6464031195e-01	8.8374215364e-01	8.8382589817e-01
4.7207318115e+02	9.6427204180e-01	8.8313537836e-01	8.8271284103e-01
4.7249288940e+02	9.6389806079e-01	8.8340812922e-01	8.8254714012e-01
4.7291259766e+02	9.6351825180e-01	8.8188987970e-01	8.8215076923e-01
4.7333230591e+02	9.6313249473e-01	8.8181388378e-01	8.8062125444e-01
4.7375201416e+02	9.6274066639e-01	8.8130795956e-01	8.8026475906e-01
4.7417175293e+02	9.6234261128e-01	8.8183826208e-01	8.8019955158e-01
4.7459146118e+02	9.6193825770e-01	8.8154578209e-01	8.7845778465e-01
4.7501116943e+02	9.6152744398e-01	8.8070213795e-01	8.7867569923e-01
4.7543087769e+02	9.6111003373e-01	8.8010698557e-01	8.7778604031e-01
4.7585058594e+02	9.6068588699e-01	8.8005566597e-01	8.7701296806e-01
4.7627029419e+02	9.6025486010e-01	8.7712693214e-01	8.7650603056e-01
4.7669000244e+02	9.5981680565e-01	8.8136589527e-01	8.7660366297e-01
4.7710971069e+02	9.5937157230e-01	8.7865382433e-01	8.7562662363e-01
4.7752941895e+02	9.5891900468e-01	8.7871038914e-01	8.7466019392e-01
4.7794912720e+02	9.5845894327e-01	8.7678086758e-01	8.7561821938e-01
4.7836883545e+02	9.5799122425e-01	8.7809717655e-01	8.7356990576e-01
4.7878854370e+02	9.5751567938e-01	8.7723278999e-01	8.7273961306e-01
4.7920825195e+02	9.5703213584e-01	8.7655788660e-01	8.7226170301e-01
4.7962796021e+02	9.5654041613e-01	8.7603545189e-01	8.7244284153e-01
4.8004766846e+02	9.5604033783e-01	8.7582939863e-01	8.7038016319e-01
4.8046737671e+02	9.5553171354e-01	8.7525594234e-01	8.7060242891e-01
4.8088708496e+02	9.5501435065e-01	8.7453538179e-01	8.7035953999e-01
4.8130679321e+02	9.5448805119e-01	8.7407809496e-01	8.7062627077e-01
4.8172650146e+02	9.5395261165e-01	8.7336409092e-01	8.7134885788e-01
4.8214620972e+02	9.5340782282e-01	8.7345588207e-01	8.7149894238e-01
4.8256591797e+02	9.5285346957e-01	8.7006074190e-01	8.6953920126e-01
4.8298562622e+02	9.5228933066e-01	8.7206405401e-01	8.6976343393e-01
4.8340533447e+02	9.5171517854e-01	8.6960786581e-01	8.6848294735e-01
4.8382504272e+02	9.5113077915e-01	8.6846053600e-01	8.6770790815e-01
4.8424475098e+02	9.5053589167e-01	8.6929893494e-01	8.6870104074e-01
4.8466445923e+02	9.4993026831e-01	8.6437648535e-01	8.6840820312e-01
4.8508419800e+02	9.4931360883e-01	8.6664086580e-01	8.6677557230e-01
4.8550390625e+02	9.4868574043e-01	8.6583948135e-01	8.6629194021e-01
4.8592361450e+02	9.4804634849e-01	8.6631590128e-01	8.6542564631e-01
4.8634332275e+02	9.4739515487e-01	8.6318075657e-01	8.6479288340e-01
4.8676303101e+02	9.4673187314e-01	8.6400514841e-01	8.6436724663e-01
4.8718273926e+02	9.4605620832e-01	8.6305004358e-01	8.6304914951e-01
4.8760244751e+02	9.4536785658e-01	8.6218869686e-01	8.6242830753e-01
4.8802215576e+02	9.4466650495e-01	8.5955202579e-01	8.6205798388e-01
4.8844186401e+02	9.4395183094e-01	8.5973298550e-01	8.6075097322e-01
4.8886157227e+02	9.4322350225e-01	8.5915392637e-01	8.6063766479e-01
4.8928128052e+02	9.4248117639e-01	8.5761654377e-01	8.5931390524e-01
4.8970098877e+02	9.4172450032e-01	8.5962373018e-01	8.5878443718e-01
4.9012069702e+02	9.4095311010e-01	8.5220217705e-01	8.5675626993e-01
4.9054040527e+02	9.4016663043e-01	8.5579502583e-01	8.5537207127e-01
4.9096011353e+02	9.3936467429e-01	8.5431772470e-01	8.5532450676e-01
4.9137982178e+02	9.3854684250e-01	8.5418641567e-01	8.5467272997e-01
4.9179953003e+02	9.3771272324e-01	8.5311490297e-01	8.5352522135e-01
4.9221923828e+02	9.3686189164e-01	8.5252839327e-01	8.5190498829e-01
4.9263894653e+02	9.3599390921e-01	8.5344862938e-01	8.5109347105e-01
4.9305865479e+02	9.3510832344e-01	8.5468757153e-01	8.5069119930e-01
4.9347836304e+02	9.3420466716e-01	8.4827435017e-01	8.5161101818e-01
4.9389807129e+02	9.3328245810e-01	8.4928655624e-01	8.5087507963e-01
4.9431777954e+02	9.3234119820e-01	8.4807151556e-01	8.4885495901e-01
4.9473748779e+02	9.3138037312e-01	8.4792864323e-01	8.4953618050e-01
4.9515719604e+02	9.3039945153e-01	8.4651702642e-01	8.4913587570e-01
4.9557690430e+02	9.2939788452e-01	8.4695070982e-01	8.4809750319e-01
4.9599664307e+02	9.2837502972e-01	8.4544527531e-01	8.4769350290e-01
4.9641635132e+02	9.2733044965e-01	8.4496855736e-01	8.4710216522e-01
4.9683605957e+02	9.2626346477e-01	8.4387236834e-01	8.4619528055e-01
4.9725576782e+02	9.2517344864e-01	8.4595948458e-01	8.4753942490e-01
4.9767547607e+02	9.2405975354e-01	8.4087455273e-01	8.4698003531e-01
4.9809518433e+02	9.2292170954e-01	8.4141755104e-01	8.4649938345e-01
4.9851489258e+02	9.2175862373e-01	8.4037894011e-01	8.4595978260e-01
4.9893460083e+02	9.2056977924e-01	8.3905631304e-01	8.4522509575e-01
4.9935430908e+02	9.1935443428e-01	8.3760422468e-01	8.4445703030e-01
4.9977401733e+02	9.1811182120e-01	8.3820682764e-01	8.4312170744e-01
5.0019372559e+02	9.1684114537e-01	8.3354431391e-01	8.4100407362e-01
5.0061343384e+02	9.1554158414e-01	8.3483058214e-01	8.4043890238e-01
5.0103314209e+02	9.1421228568e-01	8.3404666185e-01	8.3942806721e-01
5.0145285034e+02	9.1285236780e-01	8.3247768879e-01	8.3663958311e-01
5.0187255859e+02	9.1146091670e-01	8.3122599125e-01	8.3617973328e-01
5.0229226685e+02	9.1003698569e-01	8.2829546928e-01	8.3309638500e-01
5.0271197510e+02	9.0857959380e-01	8.2868021727e-01	8.3248198032e-01
5.0313168335e+02	9.0708772439e-01	8.2976245880e-01	8.3078795671e-01
5.0355139160e+02	9.0556032366e-01	8.2578986883e-01	8.2962739468e-01
5.0397109985e+02	9.0399629907e-01	8.2536619902e-01	8.2818812132e-01
5.0439080811e+02	9.0239451778e-01	8.2407766581e-01	8.2826071978e-01
5.0481051636e+02	9.0075380493e-01	8.2194072008e-01	8.2663017511e-01
5.0523022461e+02	8.9907294184e-01	8.2292944193e-01	8.2578897476e-01
5.0564993286e+02	8.9735066422e-01	8.2066953182e-01	8.2552742958e-01
5.0606964111e+02	8.9558566019e-01	8.2045656443e-01	8.2427704334e-01
5.0648937988e+02	8.9377643512e-01	8.1926959753e-01	8.2344299555e-01
5.0690908813e+02	8.9192183884e-01	8.1749796867e-01	8.2400399446e-01
5.0732879639e+02	8.9002027438e-01	8.1590902805e-01	8.2349574566e-01
5.0774850464e+02	8.8807021845e-01	8.1557869911e-01	8.2088583708e-01
5.0816821289e+02	8.8607008920e-01	8.1598347425e-01	8.1965619326e-01
5.0858792114e+02	8.8401824364e-01	8.0825752020e-01	8.1908780336e-01
5.0900762939e+02	8.8191297503e-01	8.1150746346e-01	8.1853520870e-01
5.0942733765e+02	8.7975251017e-01	8.0932837725e-01	8.1560736895e-01
5.0984704590e+02	8.7753500652e-01	8.0486953259e-01	8.1260561943e-01
5.1026675415e+02	8.7525854923e-01	8.0501151085e-01	8.1371331215e-01
5.1068646240e+02	8.7292114801e-01	8.0313241482e-01	8.1179004908e-01
5.1110617065e+02	8.7052073393e-01	7.9914468527e-01	8.0975526571e-01
5.1152587891e+02	8.6805515599e-01	7.9963260889e-01	8.0667799711e-01
5.1194558716e+02	8.6552217766e-01	7.9687434435e-01	8.0473071337e-01
5.1236529541e+02	8.6291947315e-01	7.9244530201e-01	8.0289751291e-01
5.1278503418e+02	8.6024442650e-01	7.9338085651e-01	8.0044472218e-01
5.1320471191e+02	8.5749511342e-01	7.8952509165e-01	7.9946172237e-01
5.1362445068e+02	8.5466811706e-01	7.8695261478e-01	7.9644811153e-01
5.1404412842e+02	8.5176153754e-01	7.8491818905e-01	7.9361009598e-01
5.1446386719e+02	8.4877169703e-01	7.8162139654e-01	7.9213005304e-01
5.1488354492e+02	8.4569651883e-01	7.8466331959e-01	7.8917467594e-01
5.1530328369e+02	8.4253204250e-01	7.7649432421e-01	7.8645253181e-01
5.1572296143e+02	8.3927599891e-01	7.7400332689e-01	7.8487443924e-01
5.1614270020e+02	8.3592412184e-01	7.6966273785e-01	7.7900123596e-01
5.1656237793e+02	8.3247393326e-01	7.6661545038e-01	7.7847075462e-01
5.1698211670e+02	8.2892083644e-01	7.6257908344e-01	7.7396291494e-01
5.1740179443e+02	8.2526212706e-01	7.5681167841e-01	7.7199876308e-01
5.1782153320e+02	8.2149285177e-01	7.5648933649e-01	7.7012300491e-01
5.1824121094e+02	8.1761006187e-01	7.5203239918e-01	7.6701688766e-01
5.1866094971e+02	8.1360841998e-01	7.4650937319e-01	7.6184576750e-01
5.1908062744e+02	8.0948471448e-01	7.4244433641e-01	7.5550073385e-01
5.1950036621e+02	8.0523319555e-01	7.3415172100e-01	7.4968737364e-01
5.1992004395e+02	8.0085037003e-01	7.3149633408e-01	7.4478733540e-01
5.2033978271e+02	7.9633004656e-01	7.2443908453e-01	7.4178934097e-01
5.2075946045e+02	7.9166843232e-01	7.1309858561e-01	7.3552149534e-01
5.2117919922e+02	7.8685886531e-01	7.1443587542e-01	7.2829079628e-01
5.2159887695e+02	7.8189723608e-01	7.0965290070e-01	7.2180879116e-01
5.2201861572e+02	7.7677638364e-01	7.1001839638e-01	7.1657317877e-01
5.2243829346e+02	7.7149186718e-01	6.9646060467e-01	7.0866525173e-01
5.2285803223e+02	7.6603600032e-01	6.8881177902e-01	7.0274865627e-01
5.2327777100e+02	7.6040316747e-01	6.8181407452e-01	6.9265323877e-01
5.2369744873e+02	7.5458763066e-01	6.6813778877e-01	6.8678075075e-01
5.2411718750e+02	7.4858087394e-01	6.6711336374e-01	6.7784976959e-01
5.2453686523e+02	7.4237759187e-01	6.5871548653e-01	6.7173248529e-01
5.2495660400e+02	7.3596869682e-01	6.4754426479e-01	6.6171610355e-01
5.2537628174e+02	7.2934854228e-01	6.3976454735e-01	6.5449851751e-01
5.2579602051e+02	7.2250746511e-01	6.3344681263e-01	6.4484536648e-01
5.2621569824e+02	7.1543949785e-01	6.2213200331e-01	6.3737541437e-01
5.2663543701e+02	7.0813441210e-01	6.1307185888e-01	6.2874925137e-01
5.2705511475e+02	7.0058595700e-01	6.1015635729e-01	6.1949831247e-01
5.2747485352e+02	6.9278336832e-01	5.9403216839e-01	6.0941469669e-01
5.2789453125e+02	6.8472017280e-01	5.8353465796e-01	5.9809613228e-01
5.2831427002e+02	6.7638512568e-01	5.6935185194e-01	5.8898639679e-01
5.2873394775e+02	6.6777162288e-01	5.4669278860e-01	5.7396215200e-01
5.2915368652e+02	6.5886802874e-01	5.4731994867e-01	5.6251257658e-01
5.2957336426e+02	6.4966773976e-01	5.3171390295e-01	5.4871672392e-01
5.2999310303e+02	6.4015886351e-01	5.1746279001e-01	5.3639453650e-01
5.3041278076e+02	6.3033497939e-01	5.0015652180e-01	5.2377676964e-01
5.3083251953e+02	6.2018412943e-01	4.9066472054e-01	5.1231378317e-01
5.3125219727e+02	6.0970032248e-01	4.7587767243e-01	4.9850898981e-01
5.3167193604e+02	5.9887179837e-01	4.5819947124e-01	4.8341634870e-01
5.3209161377e+02	5.8769332175e-01	4.4341614842e-01	4.7067120671e-01
5.3251135254e+02	5.7615368284e-01	4.2736929655e-01	4.5467776060e-01
5.3293103027e+02	5.6424882593e-01	4.1047683358e-01	4.4047200680e-01
5.3335076904e+02	5.5196855292e-01	3.9393848181e-01	4.2373132706e-01
5.3377050781e+02	5.3930865927e-01	3.7641835213e-01	4.0970939398e-01
5.3419018555e+02	5.2626615517e-01	3.5878869891e-01	3.8900208473e-01
5.3460992432e+02	5.1283351289e-01	3.4299543500e-01	3.7514671683e-01
5.3502960205e+02	4.9901229133e-01	3.2379817963e-01	3.5631310940e-01
5.3544934082e+02	4.8479773507e-01	3.0681741238e-01	3.4107536077e-01
5.3586901855e+02	4.7019510337e-01	3.0768942833e-01	3.2105651498e-01
5.3628875732e+02	4.5520340469e-01	2.8617575765e-01	3.0062377453e-01
5.3670843506e+02	4.3983267481e-01	2.5394022465e-01	2.8385558724e-01
5.3712817383e+02	4.2408685176e-01	2.3452399671e-01	2.6420566440e-01
5.3754785156e+02	4.0798198271e-01	2.2122159600e-01	2.4838449061e-01
5.3796759033e+02	3.9152826000e-01	2.0137681067e-01	2.2872933745e-01
5.3838726807e+02	3.7474910585e-01	1.6737285256e-01	2.0956055820e-01
5.3880700684e+02	3.5766240910e-01	1.7511229217e-01	2.0126487315e-01
5.3922668457e+02	3.4030039709e-01	1.6045074165e-01	1.7036297917e-01
5.3964642334e+02	3.2269013561e-01	1.5662522614e-01	1.5980640054e-01
5.4006610107e+02	3.0487404864e-01	1.4011506736e-01	1.4316645265e-01
5.4048583984e+02	2.8688977091e-01	1.3043153286e-01	1.2866364419e-01
5.4090551758e+02	2.6879111894e-01	1.2058413774e-01	1.1796934903e-01
5.4132525635e+02	2.5062741827e-01	1.0933063179e-01	1.0322646052e-01
5.4174493408e+02	2.3246466597e-01	1.0239024460e-01	9.1776274145e-02
5.4216467285e+02	2.1436449401e-01	9.6378207207e-02	8.0703496933e-02
5.4258435059e+02	1.9640519897e-01	8.9322753251e-02	7.0884346962e-02
5.4300408936e+02	1.7866055201e-01	8.4582440555e-02	6.1596501619e-02
5.4342376709e+02	1.6122031262e-01	7.1651756763e-02	5.4724309593e-02
5.4384350586e+02	1.4416915633e-01	7.2472631931e-02	4.8130840063e-02
5.4426324463e+02	1.2760387721e-01	6.8637736142e-02	4.2237151414e-02
5.4468292236e+02	1.1162462137e-01	6.6685028374e-02	3.7532374263e-02
5.4510266113e+02	9.6327213466e-02	6.0072854161e-02	3.3440362662e-02
5.4552233887e+02	8.1817973001e-02	5.6544180959e-02	2.8861615807e-02
5.4594207764e+02	6.8194627227e-02	5.3132612258e-02	2.6869194582e-02
5.4636175537e+02	5.5561620402e-02	2.9824839905e-02	2.4171102792e-02
5.4678149414e+02	4.4012719510e-02	4.6246688813e-02	2.2305281833e-02
5.4720117188e+02	3.3643959868e-02	4.5252617449e-02	2.0040815696e-02
5.4762091064e+02	2.4538561249e-02	4.3531395495e-02	1.8584031612e-02
5.4804058838e+02	1.6777249376e-02	4.0839381516e-02	1.7762536183e-02
5.4846032715e+02	1.0426117397e-02	3.9086930454e-02	1.6404187307e-02
5.4888000488e+02	5.5441534978e-03	3.8274057209e-02	1.5517388470e-02
5.4929974365e+02	2.1746337835e-03	3.6683086306e-02	1.4727187343e-02
5.4971942139e+02	3.4976365916e-04	3.5719726235e-02	1.4274517074e-02
5.5013916016e+02	8.6061699802e-05	3.5362992436e-02	1.3813502155e-02
5.5055883789e+02	1.3860751867e-03	3.4791536629e-02	1.3978794217e-02
5.5097857666e+02	4.2380173438e-03	3.4560907632e-02	1.3918239623e-02
5.5139825439e+02	8.6145463115e-03	3.6191172898e-02	1.4409533702e-02
5.5181799316e+02	1.4476676855e-02	3.5942703485e-02	1.4954072423e-02
5.5223767090e+02	2.1769630168e-02	3.6092318594e-02	1.6176979989e-02
5.5265740967e+02	3.0430796227e-02	3.7955649197e-02	1.6360979527e-02
5.5307708740e+02	4.0382687734e-02	4.6323973686e-02	1.6917593777e-02
5.5349682617e+02	5.1544522281e-02	2.8821775690e-02	1.8541812897e-02
5.5391650391e+02	6.3822362022e-02	4.2366951704e-02	2.0111748949e-02
5.5433624268e+02	7.7123745407e-02	4.6707272530e-02	2.1786063910e-02
5.5475592041e+02	9.1345167939e-02	4.7771260142e-02	2.3937195539e-02
5.5517565918e+02	1.0638913164e-01	5.2127208561e-02	2.6485044509e-02
5.5559539795e+02	1.2215155124e-01	5.5898800492e-02	2.9355134815e-02
5.5601507568e+02	1.3852890031e-01	5.9416454285e-02	3.2116889954e-02
5.5643481445e+02	1.5542708102e-01	6.3652612269e-02	3.7337794900e-02
5.5685449219e+02	1.7274564768e-01	7.0355661213e-02	4.1478354484e-02
5.5727423096e+02	1.9039829947e-01	6.6639460623e-02	4.5518327504e-02
5.5769390869e+02	2.0829351168e-01	7.9418703914e-02	5.3007315844e-02
5.5811364746e+02	2.2635555648e-01	8.6313210428e-02	5.9061061591e-02
5.5853332520e+02	2.4450411722e-01	9.3336492777e-02	6.5627783537e-02
5.5895306396e+02	2.6267547943e-01	9.8453365266e-02	7.4035897851e-02
5.5937274170e+02	2.8080155980e-01	1.0851206630e-01	8.3780951798e-02
5.5979248047e+02	2.9883098488e-01	1.1485602707e-01	9.3392290175e-02
5.6021215820e+02	3.1670792646e-01	1.2316458672e-01	1.0488355905e-01
5.6063189697e+02	3.3439284825e-01	1.3187375665e-01	1.1654978245e-01
5.6105157471e+02	3.5184148253e-01	1.4168538153e-01	1.2874291837e-01
5.6147131348e+02	3.6902507563e-01	1.5214428306e-01	1.4213071764e-01
5.6189099121e+02	3.8590977676e-01	1.6344721615e-01	1.5653245151e-01
5.6231072998e+02	4.0247625417e-01	1.5015184879e-01	1.7090283334e-01
5.6273040771e+02	4.1869970290e-01	1.8511255085e-01	1.8214514852e-01
5.6315014648e+02	4.3456873727e-01	1.9787247479e-01	1.9594678283e-01
5.6356982422e+02	4.5006616591e-01	2.1016271412e-01	2.0882576704e-01
5.6398956299e+02	4.6518709382e-01	2.2107824683e-01	2.2374525666e-01
5.6440924072e+02	4.7992056299e-01	2.3214089870e-01	2.3978006840e-01
5.6482897949e+02	4.9426682075e-01	2.4987131357e-01	2.4749630690e-01
5.6524865723e+02	5.0821988304e-01	2.5568819046e-01	2.6365149021e-01
5.6566839600e+02	5.2178394542e-01	2.6695373654e-01	2.7434229851e-01
5.6608813477e+02	5.3495878145e-01	2.7666687965e-01	2.9228153825e-01
5.6650781250e+02	5.4774585093e-01	2.8765401244e-01	3.0076465011e-01
5.6692755127e+02	5.6015341159e-01	2.9847595096e-01	3.0489328504e-01
5.6734722900e+02	5.7218344690e-01	3.1067550182e-01	3.1913599372e-01
5.6776696777e+02	5.8384593023e-01	3.2088813186e-01	3.2785570621e-01
5.6818664551e+02	5.9514466885e-01	3.3154422045e-01	3.3695852757e-01
5.6860638428e+02	6.0609073767e-01	3.3176791668e-01	3.4654310346e-01
5.6902606201e+02	6.1668920592e-01	3.6115831137e-01	3.6118325591e-01
5.6944580078e+02	6.2695176847e-01	3.6007788777e-01	3.6398091912e-01
5.6986547852e+02	6.3688431442e-01	3.6692443490e-01	3.7484079599e-01
5.7028521729e+02	6.4649878906e-01	3.7736067176e-01	3.8366609812e-01
5.7070489502e+02	6.5580155989e-01	3.8898733258e-01	3.9076709747e-01
5.7112463379e+02	6.6480454554e-01	3.9747437835e-01	3.9928460121e-01
5.7154431152e+02	6.7351433304e-01	4.0793925524e-01	4.0471446514e-01
5.7196405029e+02	6.8194261209e-01	4.1465917230e-01	4.1253626347e-01
5.7238372803e+02	6.9009599714e-01	4.3101131916e-01	4.1848310828e-01
5.7280346680e+02	6.9798580612e-01	4.3177965283e-01	4.2719984055e-01
5.7322314453e+02	7.0561854172e-01	4.3946304917e-01	4.3573707342e-01
5.7364288330e+02	7.1300505383e-01	4.4394120574e-01	4.4117131829e-01
5.7406256104e+02	7.2015163577e-01	4.7024255991e-01	4.4803732634e-01
5.7448229980e+02	7.2706860891e-01	4.5499914885e-01	4.5516020060e-01
5.7490197754e+02	7.3376199163e-01	4.6698185802e-01	4.6291556954e-01
5.7532171631e+02	7.4024154347e-01	4.7338661551e-01	4.7066670656e-01
5.7574139404e+02	7.4651296682e-01	4.7926560044e-01	4.7602015734e-01
5.7616113281e+02	7.5258544636e-01	4.8698750138e-01	4.8381808400e-01
5.7658087158e+02	7.5846518708e-01	4.9176996946e-01	4.9032330513e-01
5.7700054932e+02	7.6415827659e-01	4.9855524302e-01	4.9777820706e-01
5.7742028809e+02	7.6967304393e-01	5.0607442856e-01	5.0318670273e-01
5.7783996582e+02	7.7501433088e-01	5.0959712267e-01	5.1028406620e-01
5.7825970459e+02	7.8018991471e-01	5.1886022091e-01	5.1694589853e-01
5.7867938232e+02	7.8520429330e-01	5.2297204733e-01	5.2150636911e-01
5.7909912109e+02	7.9006471434e-01	5.2890682220e-01	5.2720719576e-01
5.7951879883e+02	7.9477534218e-01	5.3460651636e-01	5.3265732527e-01
5.7993853760e+02	7.9934292092e-01	5.4139173031e-01	5.4131668806e-01
5.8035821533e+02	8.0377129560e-01	5.4242330790e-01	5.4747951031e-01
5.8077795410e+02	8.0806673483e-01	5.5072462559e-01	5.5120050907e-01
5.8119763184e+02	8.1223278099e-01	5.6053811312e-01	5.5687022209e-01
5.8161737061e+02	8.1627525626e-01	5.6191068888e-01	5.6443452835e-01
5.8203704834e+02	8.2019741839e-01	5.6343734264e-01	5.6974703074e-01
5.8245678711e+02	8.2400467223e-01	5.7071477175e-01	5.7500165701e-01
5.8287646484e+02	8.2770000947e-01	5.7485431433e-01	5.8078247309e-01
5.8329620361e+02	8.3128844621e-01	5.7784521580e-01	5.8641982079e-01
5.8371588135e+02	8.3477272664e-01	5.8288037777e-01	5.9065687656e-01
5.8413562012e+02	8.3815750572e-01	5.8839893341e-01	5.9550487995e-01
5.8455529785e+02	8.4144529836e-01	5.9224694967e-01	6.0082507133e-01
5.8497503662e+02	8.4464042470e-01	5.9523737431e-01	6.0540544987e-01
5.8539471436e+02	8.4774518787e-01	6.0170513391e-01	6.0879975557e-01
5.8581445312e+02	8.5076359816e-01	6.0372126102e-01	6.1479580402e-01
5.8623413086e+02	8.5369776358e-01	6.0648995638e-01	6.1848753691e-01
5.8665386963e+02	8.5655140801e-01	6.0704410076e-01	6.2284922600e-01
5.8707354736e+02	8.5932646008e-01	6.1274242401e-01	6.2663084269e-01
5.8749328613e+02	8.6202637914e-01	6.1848819256e-01	6.3143956661e-01
5.8791302490e+02	8.6465330597e-01	6.2184602022e-01	6.3540017605e-01
5.8833270264e+02	8.6720932541e-01	6.2257999182e-01	6.3830208778e-01
5.8875244141e+02	8.6969753784e-01	6.2848132849e-01	6.4357155561e-01
5.8917211914e+02	8.7211948558e-01	6.3271653652e-01	6.4768111706e-01
5.8959185791e+02	8.7447805274e-01	6.3112145662e-01	6.5108215809e-01
5.9001153564e+02	8.7677464937e-01	6.3900488615e-01	6.5461510420e-01
5.9043127441e+02	8.7901196009e-01	6.4134871960e-01	6.5978050232e-01
5.9085095215e+02	8.8119127396e-01	6.4575910568e-01	6.6310465336e-01
5.9127069092e+02	8.8331509161e-01	6.4789044857e-01	6.6610169411e-01
5.9169036865e+02	8.8538459145e-01	6.4708882570e-01	6.7032718658e-01
5.9211010742e+02	8.8740210441e-01	6.5596449375e-01	6.7488688231e-01
5.9252978516e+02	8.8936870775e-01	6.5959519148e-01	6.7630958557e-01
5.9294952393e+02	8.9128657583e-01	6.6013807058e-01	6.8058431149e-01
5.9336920166e+02	8.9315669346e-01	6.6183125973e-01	6.8272775412e-01
5.9378894043e+02	8.9498109049e-01	6.6579216719e-01	6.8574631214e-01
5.9420861816e+02	8.9676066726e-01	6.6882103682e-01	6.8729293346e-01
5.9462835693e+02	8.9849732016e-01	6.7229551077e-01	6.8987280130e-01
5.9504803467e+02	9.0019187236e-01	6.7552238703e-01	6.9280225039e-01
5.9546777344e+02	9.0184609699e-01	6.7696672678e-01	6.9527059793e-01
5.9588745117e+02	9.0346074666e-01	6.8062579632e-01	6.9655883312e-01
5.9630718994e+02	9.0503748058e-01	6.8405169249e-01	6.9848215580e-01
5.9672686768e+02	9.0657698688e-01	6.8791252375e-01	7.0036256313e-01
5.9714660645e+02	9.0808081940e-01	6.8935263157e-01	7.0163667202e-01
5.9756628418e+02	9.0954960736e-01	6.9104754925e-01	7.0490872860e-01
5.9798602295e+02	9.1098480707e-01	6.9334363937e-01	7.0416468382e-01
5.9840576172e+02	9.1238719546e-01	6.9611144066e-01	7.1057522297e-01
5.9882543945e+02	9.1375753381e-01	6.9730061293e-01	7.0991194248e-01
5.9924517822e+02	9.1509714552e-01	6.9906258583e-01	7.0940405130e-01
5.9966485596e+02	9.1640653362e-01	7.0316749811e-01	7.1197181940e-01
6.0008459473e+02	9.1768694096e-01	7.0470297337e-01	7.1393996477e-01
6.0050427246e+02	9.1893882745e-01	7.0704483986e-01	7.1542513371e-01
6.0092401123e+02	9.2016336123e-01	7.1003508568e-01	7.1850341558e-01
6.0134368896e+02	9.2136096273e-01	7.1008557081e-01	7.1832734346e-01
6.0176342773e+02	9.2253273076e-01	7.1318602562e-01	7.2155785561e-01
6.0218310547e+02	9.2367904962e-01	7.1433103085e-01	7.2352993488e-01
6.0260284424e+02	9.2480095369e-01	7.1804350615e-01	7.2669941187e-01
6.0302252197e+02	9.2589879418e-01	7.2004818916e-01	7.2945350409e-01
6.0344226074e+02	9.2697354561e-01	7.2103691101e-01	7.3041152954e-01
6.0386193848e+02	9.2802552886e-01	7.1918678284e-01	7.3283511400e-01
6.0428167725e+02	9.2905566274e-01	7.2661024332e-01	7.3432964087e-01
6.0470135498e+02	9.3006424037e-01	7.2812467813e-01	7.3736554384e-01
6.0512109375e+02	9.3105212868e-01	7.2984731197e-01	7.3868739605e-01
6.0554077148e+02	9.3201959534e-01	7.3358941078e-01	7.4186301231e-01
6.0596051025e+02	9.3296745896e-01	7.3519986868e-01	7.4294859171e-01
6.0638018799e+02	9.3389596383e-01	7.3721241951e-01	7.4599343538e-01
6.0679992676e+02	9.3480588356e-01	7.3926788568e-01	7.4724179506e-01
6.0721960449e+02	9.3569744098e-01	7.4002856016e-01	7.4914741516e-01
6.0763934326e+02	9.3657136768e-01	7.4324434996e-01	7.5101113319e-01
6.0805902100e+02	9.3742786683e-01	7.4480044842e-01	7.5521725416e-01
6.0847875977e+02	9.3826763076e-01	7.4724119902e-01	7.5738984346e-01
6.0889849854e+02	9.3909096316e-01	7.4753105640e-01	7.5760209560e-01
6.0931817627e+02	9.3989816403e-01	7.5060290098e-01	7.6076596975e-01
6.0973791504e+02	9.4068987158e-01	7.5155025721e-01	7.6238423586e-01
6.1015759277e+02	9.4146624661e-01	7.5517541170e-01	7.6628935337e-01
6.1057733154e+02	9.4222789417e-01	7.5598895550e-01	7.6699870825e-01
6.1099700928e+02	9.4297496044e-01	7.5738197565e-01	7.7075701952e-01
6.1141674805e+02	9.4370801942e-01	7.6009535789e-01	7.7144646645e-01
6.1183642578e+02	9.4442720389e-01	7.6211845875e-01	7.7275806665e-01
6.1225616455e+02	9.4513305876e-01	7.6341378689e-01	7.7540045977e-01
6.1267584229e+02	9.4582570447e-01	7.6474881172e-01	7.7738732100e-01
6.1309558105e+02	9.4650565867e-01	7.6601016521e-01	7.7771210670e-01
6.1351525879e+02	9.4717303045e-01	7.6857471466e-01	7.7985870838e-01
6.1393499756e+02	9.4782831189e-01	7.6948815584e-01	7.8169471025e-01
6.1435467529e+02	9.4847160166e-01	7.7211445570e-01	7.8343451023e-01
6.1477441406e+02	9.4910336780e-01	7.7160763741e-01	7.8493261337e-01
6.1519409180e+02	9.4972369939e-01	7.7407664061e-01	7.8680312634e-01
6.1561383057e+02	9.5033304192e-01	7.7653068304e-01	7.8821593523e-01
6.1603350830e+02	9.5093147563e-01	7.7880918980e-01	7.9141908884e-01
6.1645324707e+02	9.5151942482e-01	7.7897089720e-01	7.9184740782e-01
6.1687292480e+02	9.5209696159e-01	7.8096485138e-01	7.9457032681e-01
6.1729266357e+02	9.5266449029e-01	7.8268504143e-01	7.9551231861e-01
6.1771234131e+02	9.5322207555e-01	7.8342723846e-01	7.9608619213e-01
6.1813208008e+02	9.5377010292e-01	7.8659969568e-01	7.9748767614e-01
6.1855175781e+02	9.5430863017e-01	7.8855687380e-01	7.9999423027e-01
6.1897149658e+02	9.5483802514e-01	7.8900390863e-01	8.0064260960e-01
6.1939117432e+02	9.5535833926e-01	7.9118740559e-01	8.0292600393e-01
6.1981091309e+02	9.5586992371e-01	7.9382061958e-01	8.0396163464e-01
6.2023065186e+02	9.5637289661e-01	7.9466325045e-01	8.0589747429e-01
6.2065032959e+02	9.5686737582e-01	7.9680609703e-01	8.0713337660e-01
6.2107006836e+02	9.5735368927e-01	7.9727995396e-01	8.0762392282e-01
6.2148974609e+02	9.5783187465e-01	7.9954624176e-01	8.0967986584e-01
6.2190948486e+02	9.5830224544e-01	8.0031508207e-01	8.1057661772e-01
6.2232916260e+02	9.5876483461e-01	8.0294531584e-01	8.1247961521e-01
6.2274890137e+02	9.5921994201e-01	8.0083137751e-01	8.1440240145e-01
6.2316857910e+02	9.5966759623e-01	8.0641251802e-01	8.1456106901e-01
6.2358831787e+02	9.6010808424e-01	8.0749768019e-01	8.1731218100e-01
6.2400799561e+02	9.6054143059e-01	8.0948072672e-01	8.1763768196e-01
6.2442773438e+02	9.6096791009e-01	8.0955874920e-01	8.2032042742e-01
6.2484741211e+02	9.6138754359e-01	8.1432199478e-01	8.2233369350e-01
6.2526715088e+02	9.6180059436e-01	8.1465756893e-01	8.2209098339e-01
6.2568682861e+02	9.6220707983e-01	8.1544315815e-01	8.2437223196e-01
6.2610656738e+02	9.6260725236e-01	8.1750959158e-01	8.2465749979e-01
6.2652624512e+02	9.6300112626e-01	8.1904953718e-01	8.2618921995e-01
6.2694598389e+02	9.6338894352e-01	8.2202023268e-01	8.2906419039e-01
6.2736566162e+02	9.6377071557e-01	8.2209676504e-01	8.3000308275e-01
6.2778540039e+02	9.6414667460e-01	8.2240110636e-01	8.2993263006e-01
6.2820507812e+02	9.6451682938e-01	8.2515382767e-01	8.3184516430e-01
6.2862481689e+02	9.6488140280e-01	8.2719534636e-01	8.3389264345e-01
6.2904449463e+02	9.6524040118e-01	8.2879900932e-01	8.3391106129e-01
6.2946423340e+02	9.6559403859e-01	8.2925575972e-01	8.3613324165e-01
6.2988391113e+02	9.6594231912e-01	8.3118331432e-01	8.3731776476e-01
6.3030364990e+02	9.6628544843e-01	8.3350616693e-01	8.3798825741e-01
6.3072338867e+02	9.6662347734e-01	8.3367246389e-01	8.4020614624e-01
6.3114306641e+02	9.6695645719e-01	8.3510059118e-01	8.4033674002e-01
6.3156280518e+02	9.6728458186e-01	8.3666056395e-01	8.4197312593e-01
6.3198248291e+02	9.6760785058e-01	8.3909124136e-01	8.4382069111e-01
6.3240222168e+02	9.6792644985e-01	8.4039628506e-01	8.4412986040e-01
6.3282189941e+02	9.6824037725e-01	8.4153145552e-01	8.4552019835e-01
6.3324163818e+02	9.6854981225e-01	8.4242296219e-01	8.4677785635e-01
6.3366131592e+02	9.6885475091e-01	8.4307718277e-01	8.4805893898e-01
6.3408105469e+02	9.6915536600e-01	8.4517300129e-01	8.4937876463e-01
6.3450073242e+02	9.6945165219e-01	8.4609645605e-01	8.5048633814e-01
6.3492047119e+02	9.6974377588e-01	8.4855854511e-01	8.5111922026e-01
6.3534014893e+02	9.7003173048e-01	8.4871035814e-01	8.5173529387e-01
6.3575988770e+02	9.7031567631e-01	8.5046184063e-01	8.5320997238e-01
6.3617956543e+02	9.7059560560e-01	8.5123616457e-01	8.5523557663e-01
6.3659930420e+02	9.7087167291e-01	8.5254579782e-01	8.5594224930e-01
6.3701898193e+02	9.7114386939e-01	8.5350096226e-01	8.5661804676e-01
6.3743872070e+02	9.7141234409e-01	8.5438621044e-01	8.5874867439e-01
6.3785839844e+02	9.7167708719e-01	8.5503470898e-01	8.5809475183e-01
6.3827813721e+02	9.7193824246e-01	8.5746276379e-01	8.6099427938e-01
6.3869781494e+02	9.7219579922e-01	8.5791403055e-01	8.6094629765e-01
6.3911755371e+02	9.7244989621e-01	8.5945117474e-01	8.6300009489e-01
6.3953723145e+02	9.7270052194e-01	8.5979783535e-01	8.6492514610e-01
6.3995697021e+02	9.7294781034e-01	8.6166119576e-01	8.6542415619e-01
6.4037664795e+02	9.7319174921e-01	8.6289894581e-01	8.6589974165e-01
6.4079638672e+02	9.7343246791e-01	8.6346077919e-01	8.6694288254e-01
6.4121612549e+02	9.7366998785e-01	8.6337977648e-01	8.6856305599e-01
6.4163580322e+02	9.7390433110e-01	8.6546021700e-01	8.6969792843e-01
6.4205554199e+02	9.7413562052e-01	8.6611914635e-01	8.7122642994e-01
6.4247521973e+02	9.7436384235e-01	8.6800086498e-01	8.7250727415e-01
6.4289495850e+02	9.7458911535e-01	8.6822772026e-01	8.7334281206e-01
6.4331463623e+02	9.7481142527e-01	8.6981797218e-01	8.7326651812e-01
6.4373437500e+02	9.7503088695e-01	8.7123745680e-01	8.7477630377e-01
6.4415405273e+02	9.7524748567e-01	8.7280058861e-01	8.7676614523e-01
6.4457379150e+02	9.7546133251e-01	8.7297427654e-01	8.7610268593e-01
6.4499346924e+02	9.7567241235e-01	8.7431102991e-01	8.7857758999e-01
6.4541320801e+02	9.7588083269e-01	8.7464708090e-01	8.7964498997e-01
6.4583288574e+02	9.7608657804e-01	8.7610453367e-01	8.7999927998e-01
6.4625262451e+02	9.7628975244e-01	8.7742561102e-01	8.7977463007e-01
6.4667230225e+02	9.7649034009e-01	8.7746495008e-01	8.8172286749e-01
6.4709204102e+02	9.7668844173e-01	8.7903112173e-01	8.8281583786e-01
6.4751171875e+02	9.7688404128e-01	8.8040471077e-01	8.8379442692e-01
6.4793145752e+02	9.7707723632e-01	8.8108348846e-01	8.8463926315e-01
6.4835113525e+02	9.7726801051e-01	8.8280272484e-01	8.8537812233e-01
6.4877087402e+02	9.7745645840e-01	8.8243603706e-01	8.8636249304e-01
6.4919055176e+02	9.7764256344e-01	8.8342964649e-01	8.8626956940e-01
6.4961029053e+02	9.7782641726e-01	8.8514184952e-01	8.8762348890e-01
6.5002996826e+02	9.7800800314e-01	8.8589811325e-01	8.8790410757e-01
6.5044970703e+02	9.7818740991e-01	8.8726425171e-01	8.8986092806e-01
6.5086938477e+02	9.7836462068e-01	8.8867092133e-01	8.9053469896e-01
6.5128912354e+02	9.7853972162e-01	8.8932955265e-01	8.9159661531e-01
6.5170880127e+02	9.7871269570e-01	8.9098721743e-01	8.9244633913e-01
6.5212854004e+02	9.7888362649e-01	8.9335787296e-01	8.9367163181e-01
6.5254827881e+02	9.7905252131e-01	8.9237940311e-01	8.9372962713e-01
6.5296795654e+02	9.7921938799e-01	8.9370650053e-01	8.9489406347e-01
6.5338769531e+02	9.7938430643e-01	8.9450931549e-01	8.9585930109e-01
6.5380737305e+02	9.7954725940e-01	8.9536619186e-01	8.9645653963e-01
6.5422711182e+02	9.7970832446e-01	8.9642804861e-01	8.9723616838e-01
6.5464678955e+02	9.7986748432e-01	8.9726030827e-01	8.9885169268e-01
6.5506652832e+02	9.8002481428e-01	8.9768272638e-01	9.0047353506e-01
6.5548620605e+02	9.8018029705e-01	8.9814645052e-01	8.9980274439e-01
6.5590594482e+02	9.8033400576e-01	9.0021890402e-01	9.0096443892e-01
6.5632562256e+02	9.8048592309e-01	9.0058189631e-01	9.0149766207e-01
6.5674536133e+02	9.8063612009e-01	9.0134334564e-01	9.0323257446e-01
6.5716503906e+02	9.8078457945e-01	9.0240687132e-01	9.0383183956e-01
6.5758477783e+02	9.8093137022e-01	9.0290850401e-01	9.0356463194e-01
6.5800445557e+02	9.8107647510e-01	9.0429472923e-01	9.0494847298e-01
6.5842419434e+02	9.8121996120e-01	9.0535497665e-01	9.0583282709e-01
6.5884387207e+02	9.8136181125e-01	9.0556412935e-01	9.0578472614e-01
6.5926361084e+02	9.8150209052e-01	9.0678095818e-01	9.0699458122e-01
6.5968328857e+02	9.8164078176e-01	9.0721786022e-01	9.0767902136e-01
6.6010302734e+02	9.8177794846e-01	9.0829211473e-01	9.0878468752e-01
6.6052270508e+02	9.8191357341e-01	9.0946346521e-01	9.1014665365e-01
6.6094244385e+02	9.8204771838e-01	9.1039609909e-01	9.1023099422e-01
6.6136212158e+02	9.8218036623e-01	9.1062349081e-01	9.1118162870e-01
6.6178186035e+02	9.8231157705e-01	9.1190773249e-01	9.1188818216e-01
6.6220153809e+02	9.8244133377e-01	9.1267603636e-01	9.1224139929e-01
6.6262127686e+02	9.8256969488e-01	9.1331595182e-01	9.1440659761e-01
6.6304101562e+02	9.8269666176e-01	9.1376203299e-01	9.1514271498e-01
6.6346069336e+02	9.8282223625e-01	9.1520649195e-01	9.1467201710e-01
6.6388043213e+02	9.8294647451e-01	9.1579842567e-01	9.1622000933e-01
6.6430010986e+02	9.8306935971e-01	9.1664743423e-01	9.1646271944e-01
6.6471984863e+02	9.8319094654e-01	9.1715079546e-01	9.1707360744e-01
6.6513952637e+02	9.8331121826e-01	9.1799360514e-01	9.1889387369e-01
6.6555926514e+02	9.8343022815e-01	9.1907119751e-01	9.1907006502e-01
6.6597894287e+02	9.8354795957e-01	9.1958332062e-01	9.1948491335e-01
6.6639868164e+02	9.8366446443e-01	9.1978496313e-01	9.1985738277e-01
6.6681835938e+02	9.8377972619e-01	9.2151373625e-01	9.2092466354e-01
6.6723809814e+02	9.8389379544e-01	9.2162835598e-01	9.2193478346e-01
6.6765777588e+02	9.8400665576e-01	9.2249971628e-01	9.2230182886e-01
6.6807751465e+02	9.8411835646e-01	9.2338812351e-01	9.2361456156e-01
6.6849719238e+02	9.8422888124e-01	9.2416471243e-01	9.2368644476e-01
6.6891693115e+02	9.8433827817e-01	9.2462390661e-01	9.2489182949e-01
6.6933660889e+02	9.8444653107e-01	9.2570495605e-01	9.2554414272e-01
6.6975634766e+02	9.8455368682e-01	9.2570948601e-01	9.2612165213e-01
6.7017602539e+02	9.8465972936e-01	9.2709249258e-01	9.2743575573e-01
6.7059576416e+02	9.8476470440e-01	9.2771852016e-01	9.2764872313e-01
6.7101544189e+02	9.8486859604e-01	9.2826282978e-01	9.2896419764e-01
6.7143518066e+02	9.8497144886e-01	9.2887479067e-01	9.2987561226e-01
6.7185485840e+02	9.8507324708e-01	9.2936468124e-01	9.3046838045e-01
6.7227459717e+02	9.8517403422e-01	9.3008923531e-01	9.3067723513e-01
6.7269427490e+02	9.8527379461e-01	9.3086767197e-01	9.3127930164e-01
6.7311401367e+02	9.8537257073e-01	9.3198132515e-01	9.3194568157e-01
6.7353375244e+02	9.8547036121e-01	9.3262434006e-01	9.3249338865e-01
6.7395343018e+02	9.8556716505e-01	9.3319535255e-01	9.3361955881e-01
6.7437316895e+02	9.8566302320e-01	9.3374073505e-01	9.3410766125e-01
6.7479284668e+02	9.8575792036e-01	9.3463486433e-01	9.3431532383e-01
6.7521258545e+02	9.8585189651e-01	9.3482583761e-01	9.3543899059e-01
6.7563226318e+02	9.8594493649e-01	9.3562793732e-01	9.3584609032e-01
6.7605200195e+02	9.8603707936e-01	9.3644481897e-01	9.3696767092e-01
6.7647167969e+02	9.8612831009e-01	9.3697041273e-01	9.3768805265e-01
6.7689141846e+02	9.8621866683e-01	9.3745225668e-01	9.3822252750e-01
6.7731109619e+02	9.8630813470e-01	9.3843501806e-01	9.3850487471e-01
6.7773083496e+02	9.8639675096e-01	9.3866300583e-01	9.3891161680e-01
6.7815051270e+02	9.8648450089e-01	9.3952006102e-01	9.3984150887e-01
6.7857025146e+02	9.8657142089e-01	9.4000369310e-01	9.4093018770e-01
6.7898992920e+02	9.8665749638e-01	9.4081968069e-01	9.4145458937e-01
6.7940966797e+02	9.8674276294e-01	9.4137632847e-01	9.4194751978e-01
6.7982934570e+02	9.8682720614e-01	9.4213002920e-01	9.4239228964e-01
6.8024908447e+02	9.8691086076e-01	9.4234287739e-01	9.4250154495e-01
6.8066876221e+02	9.8699371250e-01	9.4305807352e-01	9.4406789541e-01
6.8108850098e+02	9.8707579536e-01	9.4359123707e-01	9.4428950548e-01
6.8150817871e+02	9.8715709520e-01	9.4437921047e-01	9.4515150785e-01
6.8192791748e+02	9.8723764527e-01	9.4476085901e-01	9.4575870037e-01
6.8234759521e+02	9.8731743158e-01	9.4559758902e-01	9.4638127089e-01
6.8276733398e+02	9.8739648663e-01	9.4624131918e-01	9.4641894102e-01
6.8318701172e+02	9.8747479657e-01	9.4691443443e-01	9.4720578194e-01
6.8360675049e+02	9.8755239321e-01	9.4713819027e-01	9.4851064682e-01
6.8402642822e+02	9.8762926284e-01	9.4797176123e-01	9.4803690910e-01
6.8444616699e+02	9.8770543657e-01	9.4843995571e-01	9.4913530350e-01
6.8486590576e+02	9.8778091177e-01	9.4896632433e-01	9.4997090101e-01
6.8528558350e+02	9.8785568611e-01	9.4929635525e-01	9.4972342253e-01
6.8570532227e+02	9.8792978967e-01	9.5035427809e-01	9.5060789585e-01
6.8612500000e+02	9.8800320914e-01	9.5044785738e-01	9.5129913092e-01
6.8654473877e+02	9.8807597397e-01	9.5122277737e-01	9.5152938366e-01
6.8696441650e+02	9.8814807098e-01	9.5164114237e-01	9.5243519545e-01
6.8738415527e+02	9.8821952900e-01	9.5246154070e-01	9.5266109705e-01
6.8780383301e+02	9.8829033499e-01	9.5250558853e-01	9.5359981060e-01
6.8822357178e+02	9.8836051718e-01	9.5335936546e-01	9.5392644405e-01
6.8864324951e+02	9.8843006268e-01	9.5368117094e-01	9.5472854376e-01
6.8906298828e+02	9.8849899911e-01	9.5446252823e-01	9.5503902435e-01
6.8948266602e+02	9.8856731374e-01	9.5488929749e-01	9.5518547297e-01
6.8990240479e+02	9.8863503363e-01	9.5538425446e-01	9.5584017038e-01
6.9032208252e+02	9.8870214616e-01	9.5587426424e-01	9.5634579659e-01
6.9074182129e+02	9.8876867783e-01	9.5644247532e-01	9.5667481422e-01
6.9116149902e+02	9.8883461619e-01	9.5660173893e-01	9.5739853382e-01
6.9158123779e+02	9.8889998720e-01	9.5717597008e-01	9.5806431770e-01
6.9200091553e+02	9.8896477852e-01	9.5761013031e-01	9.5838654041e-01
6.9242065430e+02	9.8902901560e-01	9.5805895329e-01	9.5892566442e-01
6.9284033203e+02	9.8909268623e-01	9.5873588324e-01	9.5962697268e-01
6.9326007080e+02	9.8915581535e-01	9.5912420750e-01	9.6008121967e-01
6.9367974854e+02	9.8921839091e-01	9.5952719450e-01	9.6065109968e-01
6.9409948730e+02	9.8928043732e-01	9.6022176743e-01	9.6060258150e-01
6.9451916504e+02	9.8934194268e-01	9.6034675837e-01	9.6129453182e-01
6.9493890381e+02	9.8940293091e-01	9.6081656218e-01	9.6204906702e-01
6.9535864258e+02	9.8946339900e-01	9.6144282818e-01	9.6214604378e-01
6.9577832031e+02	9.8952334413e-01	9.6162378788e-01	9.6250295639e-01
6.9619805908e+02	9.8958278955e-01	9.6224009991e-01	9.6305304766e-01
6.9661773682e+02	9.8964172368e-01	9.6291333437e-01	9.6315777302e-01
6.9703747559e+02	9.8970016929e-01	9.6298980713e-01	9.6356320381e-01
6.9745715332e+02	9.8975811493e-01	9.6357697248e-01	9.6415561438e-01
6.9787689209e+02	9.8981558294e-01	9.6361291409e-01	9.6466952562e-01
6.9829656982e+02	9.8987256200e-01	9.6407085657e-01	9.6491664648e-01
6.9871630859e+02	9.8992907402e-01	9.6463412046e-01	9.6516233683e-01
6.9913598633e+02	9.8998510782e-01	9.6500754356e-01	9.6574026346e-01
6.9955572510e+02	9.9004068487e-01	9.6542102098e-01	9.6620744467e-01
6.9997540283e+02	9.9009579412e-01	9.6590059996e-01	9.6621155739e-01
7.0039514160e+02	9.9015045664e-01	9.6621286869e-01	9.6675306559e-01
7.0081481934e+02	9.9020466151e-01	9.6659106016e-01	9.6709519625e-01
7.0123455811e+02	9.9025842939e-01	9.6682012081e-01	9.6745938063e-01
7.0165423584e+02	9.9031174949e-01	9.6725702286e-01	9.6791249514e-01
7.0207397461e+02	9.9036464209e-01	9.6769231558e-01	9.6843689680e-01
7.0249365234e+02	9.9041709652e-01	9.6794027090e-01	9.6901679039e-01
7.0291339111e+02	9.9046913266e-01	9.6838891506e-01	9.6916997433e-01
7.0333306885e+02	9.9052073999e-01	9.6858674288e-01	9.6929693222e-01
7.0375280762e+02	9.9057193802e-01	9.6911442280e-01	9.7013902664e-01
7.0417248535e+02	9.9062271633e-01	9.6933692694e-01	9.7025775909e-01
7.0459222412e+02	9.9067309410e-01	9.6955811977e-01	9.7029727697e-01
7.0501190186e+02	9.9072306100e-01	9.7003483772e-01	9.7084885836e-01
7.0543164062e+02	9.9077263587e-01	9.7031688690e-01	9.7123712301e-01
7.0585137939e+02	9.9082181563e-01	9.7066599131e-01	9.7165572643e-01
7.0627105713e+02	9.9087059740e-01	9.7092360258e-01	9.7183471918e-01
7.0669079590e+02	9.9091899948e-01	9.7118890285e-01	9.7220200300e-01
7.0711047363e+02	9.9096701186e-01	9.7154992819e-01	9.7221606970e-01
7.0753021240e+02	9.9101465252e-01	9.7184878588e-01	9.7257286310e-01
7.0794989014e+02	9.9106191156e-01	9.7212582827e-01	9.7291463614e-01
7.0836962891e+02	9.9110880664e-01	9.7234046459e-01	9.7346109152e-01
7.0878930664e+02	9.9115532797e-01	9.7284227610e-01	9.7343182564e-01
7.0920904541e+02	9.9120149290e-01	9.7291439772e-01	9.7372239828e-01
7.0962872314e+02	9.9124729175e-01	9.7333741188e-01	9.7405415773e-01
7.1004846191e+02	9.9129274157e-01	9.7359538078e-01	9.7477889061e-01
7.1046813965e+02	9.9133783278e-01	9.7384834290e-01	9.7497558594e-01
7.1088787842e+02	9.9138258213e-01	9.7395318747e-01	9.7491949797e-01
7.1130755615e+02	9.9142698017e-01	9.7430521250e-01	9.7494858503e-01
7.1172729492e+02	9.9147104333e-01	9.7463065386e-01	9.7557449341e-01
7.1214697266e+02	9.9151476229e-01	9.7476279736e-01	9.7569274902e-01
7.1256671143e+02	9.9155815319e-01	9.7503417730e-01	9.7594529390e-01
7.1298638916e+02	9.9160120680e-01	9.7508776188e-01	9.7628039122e-01
7.1340612793e+02	9.9164393900e-01	9.7545593977e-01	9.7648787498e-01
7.1382580566e+02	9.9168634066e-01	9.7576683760e-01	9.7669911385e-01
7.1424554443e+02	9.9172842739e-01	9.7593033314e-01	9.7709661722e-01
7.1466522217e+02	9.9177019017e-01	9.7623831034e-01	9.7707170248e-01
7.1508496094e+02	9.9181164433e-01	9.7640126944e-01	9.7759807110e-01
7.1550463867e+02	9.9185278096e-01	9.7666364908e-01	9.7789722681e-01
7.1592437744e+02	9.9189361513e-01	9.7685188055e-01	9.7784483433e-01
7.1634405518e+02	9.9193413803e-01	9.7684550285e-01	9.7820240259e-01
7.1676379395e+02	9.9197436447e-01	9.7721499205e-01	9.7834455967e-01
7.1718353271e+02	9.9201429154e-01	9.7761350870e-01	9.7872555256e-01
7.1760321045e+02	9.9205391645e-01	9.7766751051e-01	9.7877001762e-01
7.1802294922e+02	9.9209325363e-01	9.7778838873e-01	9.7895777225e-01
7.1844262695e+02	9.9213229454e-01	9.7809487581e-01	9.7925651073e-01
7.1886236572e+02	9.9217105338e-01	9.7818630934e-01	9.7957360744e-01
7.1928204346e+02	9.9220952169e-01	9.7840344906e-01	9.7952431440e-01
7.1970178223e+02	9.9224771343e-01	9.7839719057e-01	9.8002475500e-01
7.2012145996e+02	9.9228562025e-01	9.7863376141e-01	9.7982543707e-01
7.2054119873e+02	9.9232325588e-01	9.7885876894e-01	9.8020637035e-01
7.2096087646e+02	9.9236061205e-01	9.7909766436e-01	9.8040878773e-01
7.2138061523e+02	9.9239770229e-01	9.7929662466e-01	9.8060202599e-01
7.2180029297e+02	9.9243451840e-01	9.7944664955e-01	9.8071300983e-01
7.2222003174e+02	9.9247107370e-01	9.7947704792e-01	9.8083204031e-01
7.2263970947e+02	9.9250736009e-01	9.7970426083e-01	9.8093235493e-01
7.2305944824e+02	9.9254339066e-01	9.7978341579e-01	9.8115128279e-01
7.2347912598e+02	9.9257915742e-01	9.7986078262e-01	9.8131573200e-01
7.2389886475e+02	9.9261467324e-01	9.8002254963e-01	9.8165082932e-01
7.2431854248e+02	9.9264993022e-01	9.7999107838e-01	9.8170965910e-01
7.2473828125e+02	9.9268494101e-01	9.8016309738e-01	9.8190009594e-01
7.2515795898e+02	9.9271969782e-01	9.8051226139e-01	9.8198950291e-01
7.2557769775e+02	9.9275421311e-01	9.8058390617e-01	9.8207998276e-01
7.2599737549e+02	9.9278847915e-01	9.8061323166e-01	9.8241031170e-01
7.2641711426e+02	9.9282250820e-01	9.8083680868e-01	9.8241466284e-01
7.2683679199e+02	9.9285629264e-01	9.8080724478e-01	9.8252522945e-01
7.2725653076e+02	9.9288984454e-01	9.8093855381e-01	9.8258268833e-01
7.2767626953e+02	9.9292316117e-01	9.8096394539e-01	9.8249316216e-01
7.2809594727e+02	9.9295623994e-01	9.8109519482e-01	9.8298680782e-01
7.2851568604e+02	9.9298909262e-01	9.8137474060e-01	9.8301571608e-01
7.2893536377e+02	9.9302171181e-01	9.8139005899e-01	9.8311299086e-01
7.2935510254e+02	9.9305410910e-01	9.8145884275e-01	9.8309510946e-01
7.2977478027e+02	9.9308627716e-01	9.8149925470e-01	9.8320102692e-01
7.3019451904e+02	9.9311822741e-01	9.8146110773e-01	9.8348051310e-01
7.3061419678e+02	9.9314995261e-01	9.8178905249e-01	9.8342865705e-01
7.3103393555e+02	9.9318146399e-01	9.8183286190e-01	9.8363727331e-01
7.3145361328e+02	9.9321275440e-01	9.8175251484e-01	9.8381453753e-01
7.3187335205e+02	9.9324383490e-01	9.8187971115e-01	9.8384839296e-01
7.3229302979e+02	9.9327469841e-01	9.8206454515e-01	9.8391056061e-01
7.3271276855e+02	9.9330535583e-01	9.8200798035e-01	9.8394554853e-01
7.3313244629e+02	9.9333580015e-01	9.8210179806e-01	9.8386567831e-01
7.3355218506e+02	9.9336604211e-01	9.8211872578e-01	9.8397684097e-01
7.3397186279e+02	9.9339607479e-01	9.8221117258e-01	9.8425644636e-01
7.3439160156e+02	9.9342590876e-01	9.8232930899e-01	9.8424237967e-01
7.3481127930e+02	9.9345553716e-01	9.8217082024e-01	9.8411011696e-01
7.3523101807e+02	9.9348497042e-01	9.8232448101e-01	9.8434084654e-01
7.3565069580e+02	9.9351420175e-01	9.8238509893e-01	9.8434847593e-01
7.3607043457e+02	9.9354324143e-01	9.8238694668e-01	9.8420345783e-01
7.3649011230e+02	9.9357208275e-01	9.8222106695e-01	9.8449003696e-01
7.3690985107e+02	9.9360073582e-01	9.8235702515e-01	9.8454976082e-01
7.3732952881e+02	9.9362919401e-01	9.8260098696e-01	9.8436731100e-01
7.3774926758e+02	9.9365746729e-01	9.8251283169e-01	9.8453748226e-01
7.3816900635e+02	9.9368555317e-01	9.8249626160e-01	9.8430705070e-01
7.3858868408e+02	9.9371344925e-01	9.8246759176e-01	9.8462951183e-01
7.3900842285e+02	9.9374116529e-01	9.8237967491e-01	9.8445004225e-01
7.3942810059e+02	9.9376869483e-01	9.8258614540e-01	9.8458522558e-01
7.3984783936e+02	9.9379604748e-01	9.8249006271e-01	9.8442441225e-01
7.4026751709e+02	9.9382321685e-01	9.8261362314e-01	9.8437970877e-01
7.4068725586e+02	9.9385021242e-01	9.8239052296e-01	9.8432564735e-01
7.4110693359e+02	9.9387702787e-01	9.8257505894e-01	9.8460453749e-01
7.4152667236e+02	9.9390367254e-01	9.8247426748e-01	9.8444265127e-01
7.4194635010e+02	9.9393014017e-01	9.8244410753e-01	9.8450827599e-01
7.4236608887e+02	9.9395643998e-01	9.8242700100e-01	9.8444670439e-01
7.4278576660e+02	9.9398256578e-01	9.8244905472e-01	9.8456627131e-01
7.4320550537e+02	9.9400852663e-01	9.8220485449e-01	9.8440766335e-01
7.4362518311e+02	9.9403431645e-01	9.8242557049e-01	9.8433649540e-01
7.4404492188e+02	9.9405994415e-01	9.8245400190e-01	9.8442405462e-01
7.4446459961e+02	9.9408540370e-01	9.8234009743e-01	9.8431271315e-01
7.4488433838e+02	9.9411070390e-01	9.8226797581e-01	9.8432976007e-01
7.4530401611e+02	9.9413583879e-01	9.8222059011e-01	9.8424917459e-01
7.4572375488e+02	9.9416081705e-01	9.8211342096e-01	9.8426580429e-01
7.4614343262e+02	9.9418563277e-01	9.8211276531e-01	9.8402011395e-01
7.4656317139e+02	9.9421029451e-01	9.8206907511e-01	9.8411381245e-01
7.4698284912e+02	9.9423479642e-01	9.8198688030e-01	9.8395037651e-01
7.4740258789e+02	9.9425914696e-01	9.8188263178e-01	9.8386996984e-01
7.4782226562e+02	9.9428334033e-01	9.8184078932e-01	9.8394125700e-01
7.4824200439e+02	9.9430738487e-01	9.8179525137e-01	9.8374617100e-01
7.4866168213e+02	9.9433127485e-01	9.8169714212e-01	9.8367863894e-01
7.4908142090e+02	9.9435501848e-01	9.8164933920e-01	9.8362374306e-01
7.4950115967e+02	9.9437861353e-01	9.8159444332e-01	9.8355638981e-01
7.4992083740e+02	9.9440205783e-01	9.8149383068e-01	9.8342555761e-01
7.5034057617e+02	9.9442535942e-01	9.8134994507e-01	9.8323893547e-01
7.5076025391e+02	9.9444851273e-01	9.8130637407e-01	9.8315942287e-01
7.5117999268e+02	9.9447152570e-01	9.8119145632e-01	9.8308980465e-01
7.5159967041e+02	9.9449439282e-01	9.8103719950e-01	9.8287773132e-01
7.5201940918e+02	9.9451712191e-01	9.8093235493e-01	9.8274338245e-01
7.5243908691e+02	9.9453970753e-01	9.8086559772e-01	9.8277056217e-01
7.5285882568e+02	9.9456215738e-01	9.8076444864e-01	9.8266303539e-01
7.5327850342e+02	9.9458446608e-01	9.8052591085e-01	9.8220026493e-01
7.5369824219e+02	9.9460664124e-01	9.8061037064e-01	9.8224616051e-01
7.5411791992e+02	9.9462867752e-01	9.8049247265e-01	9.8208689690e-01
7.5453765869e+02	9.9465058244e-01	9.8017656803e-01	9.8212617636e-01
7.5495733643e+02	9.9467235072e-01	9.8018354177e-01	9.8186063766e-01
7.5537707520e+02	9.9469398978e-01	9.7992992401e-01	9.8163890839e-01
7.5579675293e+02	9.9471549437e-01	9.7990638018e-01	9.8154979944e-01
7.5621649170e+02	9.9473687183e-01	9.7971808910e-01	9.8140704632e-01
7.5663616943e+02	9.9475811698e-01	9.7956901789e-01	9.8138797283e-01
7.5705590820e+02	9.9477923704e-01	9.7953093052e-01	9.8108047247e-01
7.5747558594e+02	9.9480022688e-01	9.7940093279e-01	9.8084461689e-01
7.5789532471e+02	9.9482109365e-01	9.7920632362e-01	9.8068773746e-01
7.5831500244e+02	9.9484183226e-01	9.7918218374e-01	9.8071300983e-01
7.5873474121e+02	9.9486244976e-01	9.7898852825e-01	9.8027682304e-01
7.5915441895e+02	9.9488294113e-01	9.7860056162e-01	9.8018813133e-01
7.5957415771e+02	9.9490331331e-01	9.7857683897e-01	9.8024255037e-01
7.5999389648e+02	9.9492356428e-01	9.7834205627e-01	9.7979110479e-01
7.6041357422e+02	9.9494369208e-01	9.7769314051e-01	9.7956043482e-01
7.6083331299e+02	9.9496370351e-01	9.7776353359e-01	9.7947698832e-01
7.6125299072e+02	9.9498359369e-01	9.7780537605e-01	9.7923535109e-01
7.6167272949e+02	9.9500336933e-01	9.7761368752e-01	9.7885715961e-01
7.6209240723e+02	9.9502302561e-01	9.7742527723e-01	9.7872430086e-01
7.6251214600e+02	9.9504256915e-01	9.7732758522e-01	9.7864872217e-01
7.6293182373e+02	9.9506199518e-01	9.7698158026e-01	9.7826695442e-01
7.6335156250e+02	9.9508131023e-01	9.7672778368e-01	9.7811710835e-01
7.6377124023e+02	9.9510050958e-01	9.7662746906e-01	9.7789919376e-01
7.6419097900e+02	9.9511959969e-01	9.7645252943e-01	9.7746461630e-01
7.6461065674e+02	9.9513857587e-01	9.7627705336e-01	9.7736424208e-01
7.6503039551e+02	9.9515744450e-01	9.7598379850e-01	9.7726792097e-01
7.6545007324e+02	9.9517620095e-01	9.7556596994e-01	9.7685152292e-01
7.6586981201e+02	9.9519485152e-01	9.7570723295e-01	9.7683233023e-01
7.6628948975e+02	9.9521339162e-01	9.7525906563e-01	9.7638374567e-01
7.6670922852e+02	9.9523182746e-01	9.7522991896e-01	9.7631341219e-01
7.6712890625e+02	9.9525015451e-01	9.7450667620e-01	9.7581839561e-01
7.6754864502e+02	9.9526837891e-01	9.7462135553e-01	9.7560411692e-01
7.6796832275e+02	9.9528649616e-01	9.7446221113e-01	9.7531145811e-01
7.6838806152e+02	9.9530451233e-01	9.7407507896e-01	9.7503101826e-01
7.6880773926e+02	9.9532242297e-01	9.7384697199e-01	9.7475725412e-01
7.6922747803e+02	9.9534023407e-01	9.7381365299e-01	9.7458821535e-01
7.6964715576e+02	9.9535794121e-01	9.7355312109e-01	9.7426038980e-01
7.7006689453e+02	9.9537555033e-01	9.7319996357e-01	9.7377949953e-01
7.7048663330e+02	9.9539305960e-01	9.7299325466e-01	9.7358411551e-01
7.7090631104e+02	9.9541046723e-01	9.7274649143e-01	9.7328859568e-01
7.7132604980e+02	9.9542777906e-01	9.7250711918e-01	9.7295129299e-01
7.7174572754e+02	9.9544499076e-01	9.7221910954e-01	9.7282403708e-01
7.7216546631e+02	9.9546210810e-01	9.7203415632e-01	9.7254079580e-01
7.7258514404e+02	9.9547912680e-01	9.7168540955e-01	9.7187972069e-01
7.7300488281e+02	9.9549605254e-01	9.7144979239e-01	9.7167372704e-01
7.7342456055e+02	9.9551288111e-01	9.7112476826e-01	9.7166424990e-01
7.7384429932e+02	9.9552961810e-01	9.7076368332e-01	9.7137367725e-01
7.7426397705e+02	9.9554625935e-01	9.7049820423e-01	9.7072654963e-01
7.7468371582e+02	9.9556281039e-01	9.7026628256e-01	9.7071820498e-01
7.7510339355e+02	9.9557926708e-01	9.7000050545e-01	9.7039681673e-01
7.7552313232e+02	9.9559563490e-01	9.6973574162e-01	9.6970087290e-01
7.7594281006e+02	9.9561190977e-01	9.6937841177e-01	9.6972364187e-01
7.7636254883e+02	9.9562809706e-01	9.6920299530e-01	9.6949100494e-01
7.7678222656e+02	9.9564419275e-01	9.6867787838e-01	9.6881079674e-01
7.7720196533e+02	9.9566020217e-01	9.6859490871e-01	9.6851247549e-01
7.7762164307e+02	9.9567612130e-01	9.6822685003e-01	9.6827268600e-01
7.7804138184e+02	9.9569195542e-01	9.6795624495e-01	9.6780604124e-01
7.7846105957e+02	9.9570770057e-01	9.6757823229e-01	9.6762990952e-01
7.7888079834e+02	9.9572336195e-01	9.6724897623e-01	9.6761739254e-01
7.7930047607e+02	9.9573893563e-01	9.6702688932e-01	9.6687608957e-01
7.7972021484e+02	9.9575442677e-01	9.6672594547e-01	9.6641176939e-01
7.8013989258e+02	9.9576983147e-01	9.6620565653e-01	9.6626251936e-01
7.8055963135e+02	9.9578515481e-01	9.6590512991e-01	9.6572476625e-01
7.8097930908e+02	9.9580039296e-01	9.6563428640e-01	9.6552389860e-01
7.8139904785e+02	9.9581555092e-01	9.6529328823e-01	9.6519589424e-01
7.8181878662e+02	9.9583062709e-01	9.6497094631e-01	9.6472990513e-01
7.8223846436e+02	9.9584561986e-01	9.6421313286e-01	9.6435070038e-01
7.8265820312e+02	9.9586053418e-01	9.6424573660e-01	9.6419996023e-01
7.8307788086e+02	9.9587536630e-01	9.6399760246e-01	9.6326535940e-01
7.8349761963e+02	9.9589012108e-01	9.6363669634e-01	9.6290779114e-01
7.8391729736e+02	9.9590479482e-01	9.6328759193e-01	9.6289032698e-01
7.8433703613e+02	9.9591939233e-01	9.6296203136e-01	9.6216756105e-01
7.8475671387e+02	9.9593390993e-01	9.6263474226e-01	9.6195107698e-01
7.8517645264e+02	9.9594835240e-01	9.6233433485e-01	9.6147823334e-01
7.8559613037e+02	9.9596271607e-01	9.6195209026e-01	9.6132349968e-01
7.8601586914e+02	9.9597700567e-01	9.6138828993e-01	9.6078926325e-01
7.8643554688e+02	9.9599121758e-01	9.6128594875e-01	9.6071106195e-01
7.8685528564e+02	9.9600535647e-01	9.6064031124e-01	9.6003836393e-01
7.8727496338e+02	9.9601941874e-01	9.6049290895e-01	9.5963364840e-01
7.8769470215e+02	9.9603340902e-01	9.5998585224e-01	9.5911997557e-01
7.8811437988e+02	9.9604732375e-01	9.5938771963e-01	9.5911526680e-01
7.8853411865e+02	9.9606116750e-01	9.5907169580e-01	9.5855695009e-01
7.8895379639e+02	9.9607493674e-01	9.5873957872e-01	9.5825034380e-01
7.8937353516e+02	9.9608863598e-01	9.5839452744e-01	9.5742017031e-01
7.8979321289e+02	9.9610226175e-01	9.5796221495e-01	9.5720690489e-01
7.9021295166e+02	9.9611581850e-01	9.5736724138e-01	9.5699024200e-01
7.9063262939e+02	9.9612930278e-01	9.5715785027e-01	9.5622575283e-01
7.9105236816e+02	9.9614271900e-01	9.5679330826e-01	9.5622217655e-01
7.9147204590e+02	9.9615606374e-01	9.5617973804e-01	9.5569139719e-01
7.9189178467e+02	9.9616934136e-01	9.5595514774e-01	9.5529133081e-01
7.9231152344e+02	9.9618255040e-01	9.5566099882e-01	9.5488047600e-01
7.9273120117e+02	9.9619568941e-01	9.5523029566e-01	9.5468914509e-01
7.9315093994e+02	9.9620876269e-01	9.5476889610e-01	9.5409917831e-01
7.9357061768e+02	9.9622176689e-01	9.5423352718e-01	9.5387506485e-01
7.9399035645e+02	9.9623470626e-01	9.5379883051e-01	9.5356810093e-01
7.9441003418e+02	9.9624757749e-01	9.5331776142e-01	9.5313566923e-01
7.9482977295e+02	9.9626038477e-01	9.5274996758e-01	9.5241475105e-01
7.9524945068e+02	9.9627312483e-01	9.5267063379e-01	9.5256721973e-01
7.9566918945e+02	9.9628580182e-01	9.5206546783e-01	9.5178848505e-01
7.9608886719e+02	9.9629841248e-01	9.5175385475e-01	9.5124572515e-01
7.9650860596e+02	9.9631096093e-01	9.5110046864e-01	9.5104235411e-01
7.9692828369e+02	9.9632344394e-01	9.5079934597e-01	9.5056587458e-01
7.9734802246e+02	9.9633586558e-01	9.5032727718e-01	9.5043075085e-01
7.9776770020e+02	9.9634822266e-01	9.4985723495e-01	9.4978040457e-01
7.9818743896e+02	9.9636051920e-01	9.4949740171e-01	9.4947737455e-01
7.9860711670e+02	9.9637275202e-01	9.4896781445e-01	9.4917482138e-01
7.9902685547e+02	9.9638492512e-01	9.4859397411e-01	9.4901400805e-01
7.9944653320e+02	9.9639703536e-01	9.4811093807e-01	9.4825458527e-01
