# lambda  Re(R_ZmaxTE(0,0),ZmaxTE(0,0))    Im(R_ZmaxTE(0,0),ZmaxTE(0,0)), 
3.797371134666668127e+02	1.869315918067179783e-01	0.000000000000000000e+00
3.801568229078667969e+02	1.854433744815306984e-01	0.000000000000000000e+00
3.805765323490668379e+02	1.838526440734672696e-01	0.000000000000000000e+00
3.809962417902668221e+02	1.821549725009918019e-01	0.000000000000000000e+00
3.814159512314668063e+02	1.803455501911714054e-01	0.000000000000000000e+00
3.818356606726667906e+02	1.784191539089365341e-01	0.000000000000000000e+00
3.822553701138668316e+02	1.763701177616349425e-01	0.000000000000000000e+00
3.826750795550668158e+02	1.741923097992752745e-01	0.000000000000000000e+00
3.830947889962668000e+02	1.718791172539382295e-01	0.000000000000000000e+00
3.835144984374667843e+02	1.694234441283988812e-01	0.000000000000000000e+00
3.839342078786668253e+02	1.668177255145710802e-01	0.000000000000000000e+00
3.843539173198668095e+02	1.640539636373594956e-01	0.000000000000000000e+00
3.847736267610667937e+02	1.611237910932273865e-01	0.000000000000000000e+00
3.851933362022668348e+02	1.580185669836941531e-01	0.000000000000000000e+00
3.856130456434668190e+02	1.547283766040888353e-01	0.000000000000000000e+00
3.860327550846668032e+02	1.512447895630603112e-01	0.000000000000000000e+00
3.864524645258667874e+02	1.475602148698267335e-01	0.000000000000000000e+00
3.868721739670668285e+02	1.436667617038084321e-01	0.000000000000000000e+00
3.872918834082668127e+02	1.395574064849876839e-01	0.000000000000000000e+00
3.877115928494667969e+02	1.352263570006555227e-01	0.000000000000000000e+00
3.881313022906667811e+02	1.306694524628027321e-01	0.000000000000000000e+00
3.885510117318668222e+02	1.258845890665413747e-01	0.000000000000000000e+00
3.889707211730668064e+02	1.208721581852203880e-01	0.000000000000000000e+00
3.893904306142667906e+02	1.156354831586981075e-01	0.000000000000000000e+00
3.898101400554668317e+02	1.101812412251019363e-01	0.000000000000000000e+00
3.902298494966668159e+02	1.045198598631849191e-01	0.000000000000000000e+00
3.906495589378668001e+02	9.866588171988242839e-02	0.000000000000000000e+00
3.910692683790667843e+02	9.263829910273847779e-02	0.000000000000000000e+00
3.914889778202668253e+02	8.646086705034516928e-02	0.000000000000000000e+00
3.919086872614668096e+02	8.016241227124350222e-02	0.000000000000000000e+00
3.923283967026667938e+02	7.377716258836855556e-02	0.000000000000000000e+00
3.927481061438668348e+02	6.734512673466372390e-02	0.000000000000000000e+00
3.931678155850668190e+02	6.091255631621514399e-02	0.000000000000000000e+00
3.935875250262668033e+02	5.453251957754121776e-02	0.000000000000000000e+00
3.940072344674667875e+02	4.826625596427736031e-02	0.000000000000000000e+00
3.944269439086668285e+02	4.218496148706937093e-02	0.000000000000000000e+00
3.948466533498668127e+02	3.636682760487919275e-02	0.000000000000000000e+00
3.952663627910667969e+02	3.090149838062679691e-02	0.000000000000000000e+00
3.956860722322667812e+02	2.589035411506465309e-02	0.000000000000000000e+00
3.961057816734668222e+02	2.144753529454015636e-02	0.000000000000000000e+00
3.965254911146668064e+02	1.770067338895944115e-02	0.000000000000000000e+00
3.969452005558667906e+02	1.479106720367111792e-02	0.000000000000000000e+00
3.973649099970668317e+02	1.287296145981625499e-02	0.000000000000000000e+00
3.977846194382668159e+02	1.211150332993465688e-02	0.000000000000000000e+00
3.982043288794668001e+02	1.267889102728693949e-02	0.000000000000000000e+00
3.986240383206667843e+02	1.474821554536464262e-02	0.000000000000000000e+00
3.990437477618668254e+02	1.848457271753210784e-02	0.000000000000000000e+00
3.994634572030668096e+02	2.403323471386744140e-02	0.000000000000000000e+00
3.998831666442667938e+02	3.152630372276007259e-02	0.000000000000000000e+00
4.003028760854667780e+02	4.103811600500071460e-02	0.000000000000000000e+00
4.007225855266668191e+02	5.251951079244059767e-02	0.000000000000000000e+00
4.011422949678668033e+02	6.586806159688689266e-02	0.000000000000000000e+00
4.015620044090667875e+02	8.088610377104293869e-02	0.000000000000000000e+00
4.019817138502668286e+02	9.727988223226824438e-02	0.000000000000000000e+00
4.024014232914668128e+02	1.146692188065683571e-01	0.000000000000000000e+00
4.028211327326667970e+02	1.326080319071739622e-01	0.000000000000000000e+00
4.032408421738667812e+02	1.506139192272404337e-01	0.000000000000000000e+00
4.036605516150668223e+02	1.681733085531671446e-01	0.000000000000000000e+00
4.040802610562668065e+02	1.848288844644324913e-01	0.000000000000000000e+00
4.044999704974667907e+02	2.002084933013416057e-01	0.000000000000000000e+00
4.049196799386668317e+02	2.140254839396727171e-01	0.000000000000000000e+00
4.053393893798668159e+02	2.260892023297428333e-01	0.000000000000000000e+00
4.057590988210668002e+02	2.363023569144478975e-01	0.000000000000000000e+00
4.061788082622667844e+02	2.446491032297966328e-01	0.000000000000000000e+00
4.065985177034668254e+02	2.511033694954338813e-01	0.000000000000000000e+00
4.070182271446668096e+02	2.558610488217877843e-01	0.000000000000000000e+00
4.074379365858667938e+02	2.590609406120878422e-01	0.000000000000000000e+00
4.078576460270667781e+02	2.608565684029401366e-01	0.000000000000000000e+00
4.082773554682668191e+02	2.614048524174989452e-01	0.000000000000000000e+00
4.086970649094668033e+02	2.608491607195650985e-01	0.000000000000000000e+00
4.091167743506667875e+02	2.593042939448310102e-01	0.000000000000000000e+00
4.095364837918668286e+02	2.569462103088327454e-01	0.000000000000000000e+00
4.099561932330668128e+02	2.538850730763937968e-01	0.000000000000000000e+00
4.103759026742667970e+02	2.502159943519858265e-01	0.000000000000000000e+00
4.107956121154667812e+02	2.460200401333577924e-01	0.000000000000000000e+00
4.112153215566668223e+02	2.413420942858089668e-01	0.000000000000000000e+00
4.116350309978668065e+02	2.362678370502710457e-01	0.000000000000000000e+00
4.120547404390667907e+02	2.308456746676706972e-01	0.000000000000000000e+00
4.124744498802667749e+02	2.251154506609598926e-01	0.000000000000000000e+00
4.128941593214668160e+02	2.191084081030428565e-01	0.000000000000000000e+00
4.133138687626668002e+02	2.128462949691001527e-01	0.000000000000000000e+00
4.137335782038667844e+02	2.063713024146826003e-01	0.000000000000000000e+00
4.141532876450668255e+02	1.997082103245700346e-01	0.000000000000000000e+00
4.145729970862668097e+02	1.928805944636550751e-01	0.000000000000000000e+00
4.149927065274667939e+02	1.859045267717509831e-01	0.000000000000000000e+00
4.154124159686667781e+02	1.788107440764611922e-01	0.000000000000000000e+00
4.158321254098668192e+02	1.716242721187895559e-01	0.000000000000000000e+00
4.162518348510668034e+02	1.643676467800664343e-01	0.000000000000000000e+00
4.166715442922667876e+02	1.570623294699026729e-01	0.000000000000000000e+00
4.170912537334668286e+02	1.497349303045765190e-01	0.000000000000000000e+00
4.175109631746668128e+02	1.424092812415579945e-01	0.000000000000000000e+00
4.179306726158667971e+02	1.351074542813051060e-01	0.000000000000000000e+00
4.183503820570667813e+02	1.278557852242525050e-01	0.000000000000000000e+00
4.187700914982668223e+02	1.206763135308888402e-01	0.000000000000000000e+00
4.191898009394668065e+02	1.135880520837012492e-01	0.000000000000000000e+00
4.196095103806667908e+02	1.066104383232055475e-01	0.000000000000000000e+00
4.200292198218668318e+02	9.977599481104400259e-02	0.000000000000000000e+00
4.204489292630668160e+02	9.309155525430720668e-02	0.000000000000000000e+00
4.208686387042668002e+02	8.657283172332889964e-02	0.000000000000000000e+00
4.212883481454667844e+02	8.024373443381521698e-02	0.000000000000000000e+00
4.217080575866667687e+02	7.412141882369710499e-02	0.000000000000000000e+00
4.221277670278668097e+02	6.820792974217583515e-02	0.000000000000000000e+00
4.225474764690667939e+02	6.251532377381126271e-02	0.000000000000000000e+00
4.229671859102667781e+02	5.707583328214860946e-02	0.000000000000000000e+00
4.233868953514668192e+02	5.187551256909670588e-02	0.000000000000000000e+00
4.238066047926668034e+02	4.692094220623620887e-02	0.000000000000000000e+00
4.242263142338667876e+02	4.224065432724315866e-02	0.000000000000000000e+00
4.246460236750667718e+02	3.782389163919851194e-02	0.000000000000000000e+00
4.250657331162668129e+02	3.366770905151658666e-02	0.000000000000000000e+00
4.254854425574667971e+02	2.979389150466102767e-02	0.000000000000000000e+00
4.259051519986667813e+02	2.619701172353322213e-02	0.000000000000000000e+00
4.263248614398668224e+02	2.286549498398153871e-02	0.000000000000000000e+00
4.267445708810668066e+02	1.981704384460518387e-02	0.000000000000000000e+00
4.271642803222667908e+02	1.704714233988259900e-02	0.000000000000000000e+00
4.275839897634667750e+02	1.453909706298753789e-02	0.000000000000000000e+00
4.280036992046668161e+02	1.230948567760237200e-02	0.000000000000000000e+00
4.284234086458668003e+02	1.034963480150478780e-02	0.000000000000000000e+00
4.288431180870667845e+02	8.641565039240902552e-03	0.000000000000000000e+00
4.292628275282668255e+02	7.203462847328773871e-03	0.000000000000000000e+00
4.296825369694668098e+02	6.017739010799768445e-03	0.000000000000000000e+00
4.301022464106667940e+02	5.068731056326247417e-03	0.000000000000000000e+00
4.305219558518667782e+02	4.378385334745226593e-03	0.000000000000000000e+00
4.309416652930668192e+02	3.916461091588799466e-03	0.000000000000000000e+00
4.313613747342668034e+02	3.676163369924437957e-03	0.000000000000000000e+00
4.317810841754667877e+02	3.673831580779613869e-03	0.000000000000000000e+00
4.322007936166667719e+02	3.875043199377042977e-03	0.000000000000000000e+00
4.326205030578668129e+02	4.285553819193542099e-03	0.000000000000000000e+00
4.330402124990667971e+02	4.901074278604140681e-03	0.000000000000000000e+00
4.334599219402667813e+02	5.697953803651566694e-03	0.000000000000000000e+00
4.338796313814667656e+02	6.690249255131595213e-03	0.000000000000000000e+00
4.342993408226668066e+02	7.853115783363498123e-03	0.000000000000000000e+00
4.347190502638667908e+02	9.180053655890535111e-03	0.000000000000000000e+00
4.351387597050667750e+02	1.067558196607937791e-02	0.000000000000000000e+00
4.355584691462668161e+02	1.231328559823402675e-02	0.000000000000000000e+00
4.359781785874668003e+02	1.410149344765246684e-02	0.000000000000000000e+00
4.363978880286667845e+02	1.602221878350511622e-02	0.000000000000000000e+00
4.368175974698667687e+02	1.806707312355985973e-02	0.000000000000000000e+00
4.372373069110668098e+02	2.023782978946938801e-02	0.000000000000000000e+00
4.376570163522667940e+02	2.251253485631862436e-02	0.000000000000000000e+00
4.380767257934667782e+02	2.489783814790205371e-02	0.000000000000000000e+00
4.384964352346668193e+02	2.737525888953303010e-02	0.000000000000000000e+00
4.389161446758668035e+02	2.994160882752955680e-02	0.000000000000000000e+00
4.393358541170667877e+02	3.259113210584906051e-02	0.000000000000000000e+00
4.397555635582667719e+02	3.531061775976726547e-02	0.000000000000000000e+00
4.401752729994668130e+02	3.810296545340675217e-02	0.000000000000000000e+00
4.405949824406667972e+02	4.095101374590922466e-02	0.000000000000000000e+00
4.410146918818667814e+02	4.385623302263547824e-02	0.000000000000000000e+00
4.414344013230668224e+02	4.680685759533865370e-02	0.000000000000000000e+00
4.418541107642668067e+02	4.979934207250470701e-02	0.000000000000000000e+00
4.422738202054667909e+02	5.282726395863234642e-02	0.000000000000000000e+00
4.426935296466667751e+02	5.588383528412537576e-02	0.000000000000000000e+00
4.431132390878668161e+02	5.896552050863131111e-02	0.000000000000000000e+00
4.435329485290668003e+02	6.206453085618029997e-02	0.000000000000000000e+00
4.439526579702667846e+02	6.517823285176625736e-02	0.000000000000000000e+00
4.443723674114668256e+02	6.829969644133743190e-02	0.000000000000000000e+00
4.447920768526668098e+02	7.142538088634628468e-02	0.000000000000000000e+00
4.452117862938667940e+02	7.455039489719816892e-02	0.000000000000000000e+00
4.456314957350667783e+02	7.767032860590789012e-02	0.000000000000000000e+00
4.460512051762667625e+02	8.078161051652614499e-02	0.000000000000000000e+00
4.464709146174668035e+02	8.387979347254991003e-02	0.000000000000000000e+00
4.468906240586667877e+02	8.696179657279243247e-02	0.000000000000000000e+00
4.473103334998667719e+02	9.002378134474757487e-02	0.000000000000000000e+00
4.477300429410668130e+02	9.306264110573896076e-02	0.000000000000000000e+00
4.481497523822667972e+02	9.607549269836167249e-02	0.000000000000000000e+00
4.485694618234667814e+02	9.905896073297414117e-02	0.000000000000000000e+00
4.489891712646667656e+02	1.020112055471771167e-01	0.000000000000000000e+00
4.494088807058668067e+02	1.049285739575439580e-01	0.000000000000000000e+00
4.498285901470667909e+02	1.078101400704896129e-01	0.000000000000000000e+00
4.502482995882667751e+02	1.106521587165243264e-01	0.000000000000000000e+00
4.506680090294668162e+02	1.134543095098605042e-01	0.000000000000000000e+00
4.510877184706668004e+02	1.162130984564394287e-01	0.000000000000000000e+00
4.515074279118667846e+02	1.189283614239377701e-01	0.000000000000000000e+00
4.519271373530667688e+02	1.215973205438178745e-01	0.000000000000000000e+00
4.523468467942668099e+02	1.242194129059552427e-01	0.000000000000000000e+00
4.527665562354667941e+02	1.267931303388503683e-01	0.000000000000000000e+00
4.531862656766667783e+02	1.293168828875155829e-01	0.000000000000000000e+00
4.536059751178668193e+02	1.317910437896983311e-01	0.000000000000000000e+00
4.540256845590668036e+02	1.342123241864228711e-01	0.000000000000000000e+00
4.544453940002667878e+02	1.365836209548247360e-01	0.000000000000000000e+00
4.548651034414667720e+02	1.388992575147675601e-01	0.000000000000000000e+00
4.552848128826667562e+02	1.411653024385115529e-01	0.000000000000000000e+00
4.557045223238667973e+02	1.433730092530370870e-01	0.000000000000000000e+00
4.561242317650667815e+02	1.455320064406036284e-01	0.000000000000000000e+00
4.565439412062668225e+02	1.476305544211813925e-01	0.000000000000000000e+00
4.569636506474668067e+02	1.496797003092183442e-01	0.000000000000000000e+00
4.573833600886667909e+02	1.516703659410050531e-01	0.000000000000000000e+00
4.578030695298667752e+02	1.536092424012839852e-01	0.000000000000000000e+00
4.582227789710667594e+02	1.554922709868769293e-01	0.000000000000000000e+00
4.586424884122668004e+02	1.573211069405637819e-01	0.000000000000000000e+00
4.590621978534667846e+02	1.590973149632889938e-01	0.000000000000000000e+00
4.594819072946667688e+02	1.608169236923405188e-01	0.000000000000000000e+00
4.599016167358668099e+02	1.624876334269088063e-01	0.000000000000000000e+00
4.603213261770667941e+02	1.640993533822213690e-01	0.000000000000000000e+00
4.607410356182667783e+02	1.656632910010122917e-01	0.000000000000000000e+00
4.611607450594667625e+02	1.671719712519573464e-01	0.000000000000000000e+00
4.615804545006668036e+02	1.686307534363432892e-01	0.000000000000000000e+00
4.620001639418667878e+02	1.700391586643220376e-01	0.000000000000000000e+00
4.624198733830667720e+02	1.713951871365180513e-01	0.000000000000000000e+00
4.628395828242668131e+02	1.727059647517394103e-01	0.000000000000000000e+00
4.632592922654667973e+02	1.739620274352837725e-01	0.000000000000000000e+00
4.636790017066667815e+02	1.751741198679820921e-01	0.000000000000000000e+00
4.640987111478667657e+02	1.763372784403778315e-01	0.000000000000000000e+00
4.645184205890668068e+02	1.774538695651952935e-01	0.000000000000000000e+00
4.649381300302667910e+02	1.785274304627360309e-01	0.000000000000000000e+00
4.653578394714667752e+02	1.795519508429112288e-01	0.000000000000000000e+00
4.657775489126668162e+02	1.805362281808444713e-01	0.000000000000000000e+00
4.661972583538668005e+02	1.814754745747751696e-01	0.000000000000000000e+00
4.666169677950667847e+02	1.823730147649769984e-01	0.000000000000000000e+00
4.670366772362667689e+02	1.832318585826178403e-01	0.000000000000000000e+00
4.674563866774667531e+02	1.840465541740723687e-01	0.000000000000000000e+00
4.678760961186667942e+02	1.848252295275715495e-01	0.000000000000000000e+00
4.682958055598667784e+02	1.855646418845051382e-01	0.000000000000000000e+00
4.687155150010668194e+02	1.862663504680402704e-01	0.000000000000000000e+00
4.691352244422668036e+02	1.869346862340785509e-01	0.000000000000000000e+00
4.695549338834667878e+02	1.875641497700517024e-01	0.000000000000000000e+00
4.699746433246667721e+02	1.881616058010955328e-01	0.000000000000000000e+00
4.703943527658667563e+02	1.887267639945663378e-01	0.000000000000000000e+00
4.708140622070667973e+02	1.892576085807843311e-01	0.000000000000000000e+00
4.712337716482667815e+02	1.897597636019237866e-01	0.000000000000000000e+00
4.716534810894667658e+02	1.902309089057091507e-01	0.000000000000000000e+00
4.720731905306668068e+02	1.906727208012414521e-01	0.000000000000000000e+00
4.724928999718667910e+02	1.910886438960554823e-01	0.000000000000000000e+00
4.729126094130667752e+02	1.914754926592588946e-01	0.000000000000000000e+00
4.733323188542667594e+02	1.918373628660929031e-01	0.000000000000000000e+00
4.737520282954668005e+02	1.921761497032161981e-01	0.000000000000000000e+00
4.741717377366667847e+02	1.924883234202253712e-01	0.000000000000000000e+00
4.745914471778667689e+02	1.927793109167385832e-01	0.000000000000000000e+00
4.750111566190668100e+02	1.930495159030956587e-01	0.000000000000000000e+00
4.754308660602667942e+02	1.932969379693277312e-01	0.000000000000000000e+00
4.758505755014667784e+02	1.935259908063050316e-01	0.000000000000000000e+00
4.762702849426667626e+02	1.937368125449455136e-01	0.000000000000000000e+00
4.766899943838667468e+02	1.939283671354308791e-01	0.000000000000000000e+00
4.771097038250667879e+02	1.941042493185532458e-01	0.000000000000000000e+00
4.775294132662667721e+02	1.942646419486044607e-01	0.000000000000000000e+00
4.779491227074668132e+02	1.944089207577484602e-01	0.000000000000000000e+00
4.783688321486667974e+02	1.945401442632661571e-01	0.000000000000000000e+00
4.787885415898667816e+02	1.946586913952660092e-01	0.000000000000000000e+00
4.792082510310667658e+02	1.947639903216551172e-01	0.000000000000000000e+00
4.796279604722667500e+02	1.948587518075145519e-01	0.000000000000000000e+00
4.800476699134667911e+02	1.949436089810882289e-01	0.000000000000000000e+00
4.804673793546667753e+02	1.950178680864154412e-01	0.000000000000000000e+00
4.808870887958667595e+02	1.950839900699972429e-01	0.000000000000000000e+00
4.813067982370668005e+02	1.951426704596458672e-01	0.000000000000000000e+00
4.817265076782667848e+02	1.951935821496677825e-01	0.000000000000000000e+00
4.821462171194667690e+02	1.952384586174063519e-01	0.000000000000000000e+00
4.825659265606667532e+02	1.952781165395284513e-01	0.000000000000000000e+00
4.829856360018667942e+02	1.953127474468465685e-01	0.000000000000000000e+00
4.834053454430667784e+02	1.953432940326915446e-01	0.000000000000000000e+00
4.838250548842667627e+02	1.953706900985831829e-01	0.000000000000000000e+00
4.842447643254668037e+02	1.953954331413517709e-01	0.000000000000000000e+00
4.846644737666667879e+02	1.954180421532498435e-01	0.000000000000000000e+00
4.850841832078667721e+02	1.954393997041462550e-01	0.000000000000000000e+00
4.855038926490667563e+02	1.954600442114206860e-01	0.000000000000000000e+00
4.859236020902667974e+02	1.954805478845214051e-01	0.000000000000000000e+00
4.863433115314667816e+02	1.955015148526235702e-01	0.000000000000000000e+00
4.867630209726667658e+02	1.955234302441660466e-01	0.000000000000000000e+00
4.871827304138668069e+02	1.955468636684169204e-01	0.000000000000000000e+00
4.876024398550667911e+02	1.955724802924554973e-01	0.000000000000000000e+00
4.880221492962667753e+02	1.956005118729301218e-01	0.000000000000000000e+00
4.884418587374667595e+02	1.956313633921588080e-01	0.000000000000000000e+00
4.888615681786667437e+02	1.956658505948379034e-01	0.000000000000000000e+00
4.892812776198667848e+02	1.957042019933610821e-01	0.000000000000000000e+00
4.897009870610667690e+02	1.957465744707569399e-01	0.000000000000000000e+00
4.901206965022668101e+02	1.957932919497406554e-01	0.000000000000000000e+00
4.905404059434667943e+02	1.958454620995185302e-01	0.000000000000000000e+00
4.909601153846667785e+02	1.959026900339983224e-01	0.000000000000000000e+00
4.913798248258667627e+02	1.959651892598726353e-01	0.000000000000000000e+00
4.917995342670667469e+02	1.960332872731533893e-01	0.000000000000000000e+00
4.922192437082667880e+02	1.961080338484715857e-01	0.000000000000000000e+00
4.926389531494667722e+02	1.961887640117030429e-01	0.000000000000000000e+00
4.930586625906667564e+02	1.962756529674321848e-01	0.000000000000000000e+00
4.934783720318667974e+02	1.963689708613069185e-01	0.000000000000000000e+00
4.938980814730667817e+02	1.964697102566536902e-01	0.000000000000000000e+00
4.943177909142667659e+02	1.965770421047764172e-01	0.000000000000000000e+00
4.947375003554667501e+02	1.966910576548825396e-01	0.000000000000000000e+00
4.951572097966667911e+02	1.968118291861858105e-01	0.000000000000000000e+00
4.955769192378667753e+02	1.969404928807496069e-01	0.000000000000000000e+00
4.959966286790667596e+02	1.970760191076404710e-01	0.000000000000000000e+00
4.964163381202668006e+02	1.972183985081085167e-01	0.000000000000000000e+00
4.968360475614667848e+02	1.973676220042765717e-01	0.000000000000000000e+00
4.972557570026667690e+02	1.975244095882575102e-01	0.000000000000000000e+00
4.976754664438667533e+02	1.976882649037906003e-01	0.000000000000000000e+00
4.980951758850667943e+02	1.978588014404031037e-01	0.000000000000000000e+00
4.985148853262667785e+02	1.980359326628664263e-01	0.000000000000000000e+00
4.989345947674667627e+02	1.982197990451630698e-01	0.000000000000000000e+00
4.993543042086668038e+02	1.984107366655798177e-01	0.000000000000000000e+00
4.997740136498667880e+02	1.986078625296058831e-01	0.000000000000000000e+00
5.001937230910667722e+02	1.988110179623775453e-01	0.000000000000000000e+00
5.006134325322667564e+02	1.990200285143481351e-01	0.000000000000000000e+00
5.010331419734667406e+02	1.992351929591176518e-01	0.000000000000000000e+00
5.014528514146667817e+02	1.994560862408962520e-01	0.000000000000000000e+00
5.018725608558667659e+02	1.996821555049908548e-01	0.000000000000000000e+00
5.022922702970668070e+02	1.999131622976431655e-01	0.000000000000000000e+00
5.027119797382667912e+02	2.001488543752751870e-01	0.000000000000000000e+00
5.031316891794667754e+02	2.003894049696051394e-01	0.000000000000000000e+00
5.035513986206667596e+02	2.006341821006037696e-01	0.000000000000000000e+00
5.039711080618667438e+02	2.008827299792581011e-01	0.000000000000000000e+00
5.043908175030667849e+02	2.011347418689095057e-01	0.000000000000000000e+00
5.048105269442667691e+02	2.013898994937577125e-01	0.000000000000000000e+00
5.052302363854667533e+02	2.016480875098950742e-01	0.000000000000000000e+00
5.056499458266667943e+02	2.019088060087821657e-01	0.000000000000000000e+00
5.060696552678667786e+02	2.021715617559549094e-01	0.000000000000000000e+00
5.064893647090667628e+02	2.024359923166388631e-01	0.000000000000000000e+00
5.069090741502667470e+02	2.027017261038612239e-01	0.000000000000000000e+00
5.073287835914667880e+02	2.029683982154008026e-01	0.000000000000000000e+00
5.077484930326667723e+02	2.032355980805757856e-01	0.000000000000000000e+00
5.081682024738668133e+02	2.035028419677620548e-01	0.000000000000000000e+00
5.085879119150667975e+02	2.037697247057059791e-01	0.000000000000000000e+00
5.090076213562667817e+02	2.040358343622202530e-01	0.000000000000000000e+00
5.094273307974667659e+02	2.043007526749363034e-01	0.000000000000000000e+00
5.098470402386667502e+02	2.045639255936320955e-01	0.000000000000000000e+00
5.102667496798667344e+02	2.048248512072358973e-01	0.000000000000000000e+00
5.106864591210667754e+02	2.050832012242474744e-01	0.000000000000000000e+00
5.111061685622667596e+02	2.053385358954848416e-01	0.000000000000000000e+00
5.115258780034668007e+02	2.055904113818492196e-01	0.000000000000000000e+00
5.119455874446667849e+02	2.058383801449530093e-01	0.000000000000000000e+00
5.123652968858667691e+02	2.060817825332302289e-01	0.000000000000000000e+00
5.127850063270667533e+02	2.063199412624595053e-01	0.000000000000000000e+00
5.132047157682667375e+02	2.065527396317261288e-01	0.000000000000000000e+00
5.136244252094668354e+02	2.067797194806800243e-01	0.000000000000000000e+00
5.140441346506668197e+02	2.070004208979355498e-01	0.000000000000000000e+00
5.144638440918668039e+02	2.072143825488210744e-01	0.000000000000000000e+00
5.148835535330667881e+02	2.074211419920033439e-01	0.000000000000000000e+00
5.153032629742667723e+02	2.076195695719965650e-01	0.000000000000000000e+00
5.157229724154667565e+02	2.078095498049003231e-01	0.000000000000000000e+00
5.161426818566667407e+02	2.079908520862450427e-01	0.000000000000000000e+00
5.165623912978667249e+02	2.081630136254205565e-01	0.000000000000000000e+00
5.169821007390667091e+02	2.083255720181031723e-01	0.000000000000000000e+00
5.174018101802668070e+02	2.084780654843178538e-01	0.000000000000000000e+00
5.178215196214667912e+02	2.086200330937869329e-01	0.000000000000000000e+00
5.182412290626667755e+02	2.087504435664551128e-01	0.000000000000000000e+00
5.186609385038667597e+02	2.088687369030612917e-01	0.000000000000000000e+00
5.190806479450667439e+02	2.089750551283854063e-01	0.000000000000000000e+00
5.195003573862667281e+02	2.090689442746601068e-01	0.000000000000000000e+00
5.199200668274668260e+02	2.091499522058435367e-01	0.000000000000000000e+00
5.203397762686668102e+02	2.092176287607617480e-01	0.000000000000000000e+00
5.207594857098667944e+02	2.092715258837818393e-01	0.000000000000000000e+00
5.211791951510667786e+02	2.093111977431718895e-01	0.000000000000000000e+00
5.215989045922667628e+02	2.093356193232160933e-01	0.000000000000000000e+00
5.220186140334667471e+02	2.093440432565567277e-01	0.000000000000000000e+00
5.224383234746667313e+02	2.093368597195675307e-01	0.000000000000000000e+00
5.228580329158667155e+02	2.093136344935266624e-01	0.000000000000000000e+00
5.232777423570666997e+02	2.092739360107054580e-01	0.000000000000000000e+00
5.236974517982667976e+02	2.092173354000640695e-01	0.000000000000000000e+00
5.241171612394667818e+02	2.091434065228203742e-01	0.000000000000000000e+00
5.245368706806667660e+02	2.090517259983075693e-01	0.000000000000000000e+00
5.249565801218667502e+02	2.089418732205695350e-01	0.000000000000000000e+00
5.253762895630667344e+02	2.088131505087144346e-01	0.000000000000000000e+00
5.257959990042668323e+02	2.086640914978681316e-01	0.000000000000000000e+00
5.262157084454668166e+02	2.084955729442603267e-01	0.000000000000000000e+00
5.266354178866668008e+02	2.083071871088105764e-01	0.000000000000000000e+00
5.270551273278667850e+02	2.080985289795612980e-01	0.000000000000000000e+00
5.274748367690667692e+02	2.078691962426589268e-01	0.000000000000000000e+00
5.278945462102667534e+02	2.076187892485306941e-01	0.000000000000000000e+00
5.283142556514667376e+02	2.073469109740247451e-01	0.000000000000000000e+00
5.287339650926667218e+02	2.070531669813359676e-01	0.000000000000000000e+00
5.291536745338667060e+02	2.067371653745905258e-01	0.000000000000000000e+00
5.295733839750668039e+02	2.063985167550236310e-01	0.000000000000000000e+00
5.299930934162667882e+02	2.060366212156243548e-01	0.000000000000000000e+00
5.304128028574667724e+02	2.056498755991927885e-01	0.000000000000000000e+00
5.308325122986667566e+02	2.052393069516544877e-01	0.000000000000000000e+00
5.312522217398667408e+02	2.048045370849475300e-01	0.000000000000000000e+00
5.316719311810667250e+02	2.043451900931056164e-01	0.000000000000000000e+00
5.320916406222668229e+02	2.038608923246201243e-01	0.000000000000000000e+00
5.325113500634668071e+02	2.033512723624282814e-01	0.000000000000000000e+00
5.329310595046667913e+02	2.028159610131655133e-01	0.000000000000000000e+00
5.333507689458667755e+02	2.022545913074451363e-01	0.000000000000000000e+00
5.337704783870667598e+02	2.016667985130670970e-01	0.000000000000000000e+00
5.341901878282667440e+02	2.010522201632140016e-01	0.000000000000000000e+00
5.346098972694667282e+02	2.004104961018522146e-01	0.000000000000000000e+00
5.350296067106667124e+02	1.997412685487482409e-01	0.000000000000000000e+00
5.354493161518666966e+02	1.990441821867035832e-01	0.000000000000000000e+00
5.358690255930667945e+02	1.983188842738415891e-01	0.000000000000000000e+00
5.362887350342667787e+02	1.975641990190794284e-01	0.000000000000000000e+00
5.367084444754667629e+02	1.967799760126646980e-01	0.000000000000000000e+00
5.371281539166667471e+02	1.959665041075344949e-01	0.000000000000000000e+00
5.375478633578667313e+02	1.951234444260316059e-01	0.000000000000000000e+00
5.379675727990668292e+02	1.942504617686305335e-01	0.000000000000000000e+00
5.383872822402668135e+02	1.933472249586365432e-01	0.000000000000000000e+00
5.388069916814667977e+02	1.924134072405614126e-01	0.000000000000000000e+00
5.392267011226667819e+02	1.914486867377844792e-01	0.000000000000000000e+00
5.396464105638667661e+02	1.904527469756187863e-01	0.000000000000000000e+00
5.400661200050667503e+02	1.894252774764633995e-01	0.000000000000000000e+00
5.404858294462667345e+02	1.883659744343472164e-01	0.000000000000000000e+00
5.409055388874667187e+02	1.872745414768433037e-01	0.000000000000000000e+00
5.413252483286667029e+02	1.861506905230738695e-01	0.000000000000000000e+00
5.417449577698668008e+02	1.849941427473428823e-01	0.000000000000000000e+00
5.421646672110667851e+02	1.838046296588233264e-01	0.000000000000000000e+00
5.425843766522667693e+02	1.825818943086910395e-01	0.000000000000000000e+00
5.430040860934667535e+02	1.813256926371757116e-01	0.000000000000000000e+00
5.434237955346667377e+02	1.800357949741460406e-01	0.000000000000000000e+00
5.438435049758667219e+02	1.787119877081212727e-01	0.000000000000000000e+00
5.442632144170668198e+02	1.773540751399756699e-01	0.000000000000000000e+00
5.446829238582668040e+02	1.759618815391082169e-01	0.000000000000000000e+00
5.451026332994667882e+02	1.745352534214678064e-01	0.000000000000000000e+00
5.455223427406667724e+02	1.730740620706010535e-01	0.000000000000000000e+00
5.459420521818667567e+02	1.715782063247845712e-01	0.000000000000000000e+00
5.463617616230667409e+02	1.700476156553708817e-01	0.000000000000000000e+00
5.467814710642667251e+02	1.684822535636762708e-01	0.000000000000000000e+00
5.472011805054667093e+02	1.668821213261110215e-01	0.000000000000000000e+00
5.476208899466666935e+02	1.652472621197889902e-01	0.000000000000000000e+00
5.480405993878667914e+02	1.635777655634952921e-01	0.000000000000000000e+00
5.484603088290667756e+02	1.618737727117853520e-01	0.000000000000000000e+00
5.488800182702667598e+02	1.601354815428708833e-01	0.000000000000000000e+00
5.492997277114667440e+02	1.583631529841094954e-01	0.000000000000000000e+00
5.497194371526667283e+02	1.565571175220473732e-01	0.000000000000000000e+00
5.501391465938668262e+02	1.547177824472064089e-01	0.000000000000000000e+00
5.505588560350668104e+02	1.528456397870601446e-01	0.000000000000000000e+00
5.509785654762667946e+02	1.509412749838234535e-01	0.000000000000000000e+00
5.513982749174667788e+02	1.490053763767588690e-01	0.000000000000000000e+00
5.518179843586667630e+02	1.470387455515287378e-01	0.000000000000000000e+00
5.522376937998667472e+02	1.450423086216385271e-01	0.000000000000000000e+00
5.526574032410667314e+02	1.430171285090432731e-01	0.000000000000000000e+00
5.530771126822667156e+02	1.409644182923574240e-01	0.000000000000000000e+00
5.534968221234666998e+02	1.388855556917260314e-01	0.000000000000000000e+00
5.539165315646667977e+02	1.367820987588611592e-01	0.000000000000000000e+00
5.543362410058667820e+02	1.346558028390737183e-01	0.000000000000000000e+00
5.547559504470667662e+02	1.325086388687384542e-01	0.000000000000000000e+00
5.551756598882667504e+02	1.303428130665690854e-01	0.000000000000000000e+00
5.555953693294667346e+02	1.281607880697682722e-01	0.000000000000000000e+00
5.560150787706667188e+02	1.259653055563936808e-01	0.000000000000000000e+00
5.564347882118668167e+02	1.237594103828706660e-01	0.000000000000000000e+00
5.568544976530668009e+02	1.215464762499993967e-01	0.000000000000000000e+00
5.572742070942667851e+02	1.193302328920757133e-01	0.000000000000000000e+00
5.576939165354667693e+02	1.171147947612789092e-01	0.000000000000000000e+00
5.581136259766667536e+02	1.149046911535003962e-01	0.000000000000000000e+00
5.585333354178667378e+02	1.127048976917659484e-01	0.000000000000000000e+00
5.589530448590667220e+02	1.105208690495925183e-01	0.000000000000000000e+00
5.593727543002667062e+02	1.083585727588268072e-01	0.000000000000000000e+00
5.597924637414666904e+02	1.062245239048322520e-01	0.000000000000000000e+00
5.602121731826667883e+02	1.041258204663129266e-01	0.000000000000000000e+00
5.606318826238667725e+02	1.020701790076477683e-01	0.000000000000000000e+00
5.610515920650667567e+02	1.000659703781860144e-01	0.000000000000000000e+00
5.614713015062667409e+02	9.812225501544769024e-02	0.000000000000000000e+00
5.618910109474667252e+02	9.624881738703956746e-02	0.000000000000000000e+00
5.623107203886668231e+02	9.445619903887306212e-02	0.000000000000000000e+00
5.627304298298668073e+02	9.275572964406567089e-02	0.000000000000000000e+00
5.631501392710667915e+02	9.115955536674301418e-02	0.000000000000000000e+00
5.635698487122667757e+02	8.968066376679387219e-02	0.000000000000000000e+00
5.639895581534667599e+02	8.833290437438796883e-02	0.000000000000000000e+00
5.644092675946667441e+02	8.713100395610301474e-02	0.000000000000000000e+00
5.648289770358667283e+02	8.609057537757396072e-02	0.000000000000000000e+00
5.652486864770667125e+02	8.522811884144135264e-02	0.000000000000000000e+00
5.656683959182666968e+02	8.456101414580149966e-02	0.000000000000000000e+00
5.660881053594667947e+02	8.410750247075041153e-02	0.000000000000000000e+00
5.665078148006667789e+02	8.389330696544752830e-02	0.000000000000000000e+00
5.669275242418667631e+02	8.394264839756841734e-02	0.000000000000000000e+00
5.673472336830667473e+02	8.426854738115219234e-02	0.000000000000000000e+00
5.677669431242667315e+02	8.489250158907683808e-02	0.000000000000000000e+00
5.681866525654667157e+02	8.583652731615638853e-02	0.000000000000000000e+00
5.686063620066668136e+02	8.712302461679194421e-02	0.000000000000000000e+00
5.690260714478667978e+02	8.877461602127927065e-02	0.000000000000000000e+00
5.694457808890667820e+02	9.081395705174995225e-02	0.000000000000000000e+00
5.698654903302667663e+02	9.326351716900854738e-02	0.000000000000000000e+00
5.702851997714667505e+02	9.614533033815009233e-02	0.000000000000000000e+00
5.707049092126667347e+02	9.948071510814927854e-02	0.000000000000000000e+00
5.711246186538667189e+02	1.032899649548023324e-01	0.000000000000000000e+00
5.715443280950667031e+02	1.075920106241237961e-01	0.000000000000000000e+00
5.719640375362666873e+02	1.124040573112264768e-01	0.000000000000000000e+00
5.723837469774667852e+02	1.177412006848452680e-01	0.000000000000000000e+00
5.728034564186667694e+02	1.236160269787787425e-01	0.000000000000000000e+00
5.732231658598667536e+02	1.300811609375308875e-01	0.000000000000000000e+00
5.736428753010667378e+02	1.371078204425793812e-01	0.000000000000000000e+00
5.740625847422667221e+02	1.446908762272224314e-01	0.000000000000000000e+00
5.744822941834668200e+02	1.528271097698853387e-01	0.000000000000000000e+00
5.749020036246668042e+02	1.615085714208232548e-01	0.000000000000000000e+00
5.753217130658667884e+02	1.707222908417432017e-01	0.000000000000000000e+00
5.757414225070667726e+02	1.804500516669582111e-01	0.000000000000000000e+00
5.761611319482667568e+02	1.906682404595454461e-01	0.000000000000000000e+00
5.765808413894667410e+02	2.013477781971758918e-01	0.000000000000000000e+00
5.770005508306667252e+02	2.124541402648598976e-01	0.000000000000000000e+00
5.774202602718667094e+02	2.239474683733956306e-01	0.000000000000000000e+00
5.778399697130666937e+02	2.357827750928992994e-01	0.000000000000000000e+00
5.782596791542667916e+02	2.479309702638717305e-01	0.000000000000000000e+00
5.786793885954667758e+02	2.603079893467873940e-01	0.000000000000000000e+00
5.790990980366667600e+02	2.728479660097431481e-01	0.000000000000000000e+00
5.795188074778667442e+02	2.854875438721851122e-01	0.000000000000000000e+00
5.799385169190667284e+02	2.981608951259372420e-01	0.000000000000000000e+00
5.803582263602667126e+02	3.108003782865672027e-01	0.000000000000000000e+00
5.807779358014668105e+02	3.233371944727339575e-01	0.000000000000000000e+00
5.811976452426667947e+02	3.357020249926461197e-01	0.000000000000000000e+00
5.816173546838667789e+02	3.478256348301418943e-01	0.000000000000000000e+00
5.820370641250667632e+02	3.596394287891598873e-01	0.000000000000000000e+00
5.824567735662667474e+02	3.710398263976039668e-01	0.000000000000000000e+00
5.828764830074667316e+02	3.819556288238120656e-01	0.000000000000000000e+00
5.832961924486667158e+02	3.923439991010572170e-01	0.000000000000000000e+00
5.837159018898667000e+02	4.021439371086930059e-01	0.000000000000000000e+00
5.841356113310666842e+02	4.112969496157720117e-01	0.000000000000000000e+00
5.845553207722667821e+02	4.197471064749444536e-01	0.000000000000000000e+00
5.849750302134667663e+02	4.274410482687254209e-01	0.000000000000000000e+00
5.853947396546667505e+02	4.343279598796300212e-01	0.000000000000000000e+00
5.858144490958667348e+02	4.403595246044175737e-01	0.000000000000000000e+00
5.862341585370667190e+02	4.454144358051951857e-01	0.000000000000000000e+00
5.866538679782668169e+02	4.494417940970026337e-01	0.000000000000000000e+00
5.870735774194668011e+02	4.524673431787261113e-01	0.000000000000000000e+00
5.874932868606667853e+02	4.544541787780078668e-01	0.000000000000000000e+00
5.879129963018667695e+02	4.553686386634214767e-01	0.000000000000000000e+00
5.883327057430667537e+02	4.551808291643404947e-01	0.000000000000000000e+00
5.887524151842667379e+02	4.538653051536460925e-01	0.000000000000000000e+00
5.891721246254667221e+02	4.514019023095166006e-01	0.000000000000000000e+00
5.895918340666667063e+02	4.477236961529172943e-01	0.000000000000000000e+00
5.900115435078666906e+02	4.427325764429346222e-01	0.000000000000000000e+00
5.904312529490666748e+02	4.365833011682448417e-01	0.000000000000000000e+00
5.908509623902667727e+02	4.293006803287371387e-01	0.000000000000000000e+00
5.912706718314667569e+02	4.209243801307155919e-01	0.000000000000000000e+00
5.916903812726667411e+02	4.115104422053164623e-01	0.000000000000000000e+00
5.921100907138667253e+02	4.011325358465154256e-01	0.000000000000000000e+00
5.925298001550667095e+02	3.898829005466071806e-01	0.000000000000000000e+00
5.929495095962668074e+02	3.778049407458429765e-01	0.000000000000000000e+00
5.933692190374667916e+02	3.651196377092210676e-01	0.000000000000000000e+00
5.937889284786667758e+02	3.520418378105502066e-01	0.000000000000000000e+00
5.942086379198667601e+02	3.387492758727851383e-01	0.000000000000000000e+00
5.946283473610667443e+02	3.254281215232229796e-01	0.000000000000000000e+00
5.950480568022667285e+02	3.122684499168381089e-01	0.000000000000000000e+00
5.954677662434667127e+02	2.994595180918254163e-01	0.000000000000000000e+00
5.958874756846666969e+02	2.872627888043491895e-01	0.000000000000000000e+00
5.963071851258666811e+02	2.759053977722392692e-01	0.000000000000000000e+00
5.967268945670667790e+02	2.654645522707797523e-01	0.000000000000000000e+00
5.971466040082667632e+02	2.560471289150028640e-01	0.000000000000000000e+00
5.975663134494667474e+02	2.477326807308995182e-01	0.000000000000000000e+00
5.979860228906667317e+02	2.405733147103581437e-01	0.000000000000000000e+00
5.984057323318667159e+02	2.345941916253792003e-01	0.000000000000000000e+00
5.988254417730668138e+02	2.299853519361293175e-01	0.000000000000000000e+00
5.992451512142667980e+02	2.265624527777221620e-01	0.000000000000000000e+00
5.996648606554667822e+02	2.242033227497744752e-01	0.000000000000000000e+00
6.000845700966667664e+02	2.228344467991554834e-01	0.000000000000000000e+00
6.005042795378667506e+02	2.223740484919762284e-01	0.000000000000000000e+00
6.009239889790667348e+02	2.227348056532025833e-01	0.000000000000000000e+00
6.013436984202667190e+02	2.238789109225036711e-01	0.000000000000000000e+00
6.017634078614667033e+02	2.257179194269190725e-01	0.000000000000000000e+00
6.021831173026666875e+02	2.280596810068568903e-01	0.000000000000000000e+00
6.026028267438666717e+02	2.308242963770237022e-01	0.000000000000000000e+00
6.030225361850667696e+02	2.339375836250078278e-01	0.000000000000000000e+00
6.034422456262667538e+02	2.373312918241841651e-01	0.000000000000000000e+00
6.038619550674667380e+02	2.409525256179083363e-01	0.000000000000000000e+00
6.042816645086667222e+02	2.447442279193903780e-01	0.000000000000000000e+00
6.047013739498667064e+02	2.486239680366450489e-01	0.000000000000000000e+00
6.051210833910668043e+02	2.525542302261543082e-01	0.000000000000000000e+00
6.055407928322667885e+02	2.565022804453976901e-01	0.000000000000000000e+00
6.059605022734667727e+02	2.604398060914143720e-01	0.000000000000000000e+00
6.063802117146667570e+02	2.643359863051011338e-01	0.000000000000000000e+00
6.067999211558667412e+02	2.681593962419374644e-01	0.000000000000000000e+00
6.072196305970667254e+02	2.719029579048581891e-01	0.000000000000000000e+00
6.076393400382667096e+02	2.755558219697163969e-01	0.000000000000000000e+00
6.080590494794666938e+02	2.791091851721084760e-01	0.000000000000000000e+00
6.084787589206666780e+02	2.825560901919242918e-01	0.000000000000000000e+00
6.088984683618667759e+02	2.858664386313869432e-01	0.000000000000000000e+00
6.093181778030667601e+02	2.890515407029090045e-01	0.000000000000000000e+00
6.097378872442667443e+02	2.921183426372090941e-01	0.000000000000000000e+00
6.101575966854667286e+02	2.950665222668187315e-01	0.000000000000000000e+00
6.105773061266667128e+02	2.978964068204530968e-01	0.000000000000000000e+00
6.109970155678666970e+02	3.005987363115681932e-01	0.000000000000000000e+00
6.114167250090667949e+02	3.031618255631907677e-01	0.000000000000000000e+00
6.118364344502667791e+02	3.056125297854180856e-01	0.000000000000000000e+00
6.122561438914667633e+02	3.079534333147719294e-01	0.000000000000000000e+00
6.126758533326667475e+02	3.101872684914843137e-01	0.000000000000000000e+00
6.130955627738667317e+02	3.123163647692404066e-01	0.000000000000000000e+00
6.135152722150667159e+02	3.143146513740962544e-01	0.000000000000000000e+00
6.139349816562667002e+02	3.162171452963747353e-01	0.000000000000000000e+00
6.143546910974666844e+02	3.180269984740637379e-01	0.000000000000000000e+00
6.147744005386666686e+02	3.197473343891983899e-01	0.000000000000000000e+00
6.151941099798667665e+02	3.213812455776515753e-01	0.000000000000000000e+00
6.156138194210667507e+02	3.229088203477242791e-01	0.000000000000000000e+00
6.160335288622667349e+02	3.243555837263844555e-01	0.000000000000000000e+00
6.164532383034667191e+02	3.257272957044686224e-01	0.000000000000000000e+00
6.168729477446667033e+02	3.270267617039518404e-01	0.000000000000000000e+00
6.172926571858668012e+02	3.282567144205486009e-01	0.000000000000000000e+00
6.177123666270667854e+02	3.294002963470928358e-01	0.000000000000000000e+00
6.181320760682667697e+02	3.304797648293075762e-01	0.000000000000000000e+00
6.185517855094667539e+02	3.314995240692094614e-01	0.000000000000000000e+00
6.189714949506667381e+02	3.324618838955005207e-01	0.000000000000000000e+00
6.193912043918667223e+02	3.333680247098425586e-01	0.000000000000000000e+00
6.198109138330667065e+02	3.342046294778975857e-01	0.000000000000000000e+00
6.202306232742666907e+02	3.349921706548739109e-01	0.000000000000000000e+00
6.206503327154666749e+02	3.357325427046537469e-01	0.000000000000000000e+00
6.210700421566667728e+02	3.364275769732800181e-01	0.000000000000000000e+00
6.214897515978667570e+02	3.370741450234903680e-01	0.000000000000000000e+00
6.219094610390667413e+02	3.376695636449330573e-01	0.000000000000000000e+00
6.223291704802667255e+02	3.382262872812258903e-01	0.000000000000000000e+00
6.227488799214667097e+02	3.387457930455279320e-01	0.000000000000000000e+00
6.231685893626666939e+02	3.392295090001795632e-01	0.000000000000000000e+00
6.235882988038667918e+02	3.396701605409561120e-01	0.000000000000000000e+00
6.240080082450667760e+02	3.400750433020560126e-01	0.000000000000000000e+00
6.244277176862667602e+02	3.404493562531195061e-01	0.000000000000000000e+00
6.248474271274667444e+02	3.407942430540168433e-01	0.000000000000000000e+00
6.252671365686667286e+02	3.411089969742310268e-01	0.000000000000000000e+00
6.256868460098667128e+02	3.413882326454036331e-01	0.000000000000000000e+00
6.261065554510666971e+02	3.416423142912574651e-01	0.000000000000000000e+00
6.265262648922666813e+02	3.418721544077167329e-01	0.000000000000000000e+00
6.269459743334666655e+02	3.420786375334724516e-01	0.000000000000000000e+00
6.273656837746667634e+02	3.422561516231414913e-01	0.000000000000000000e+00
6.277853932158667476e+02	3.424104751782726663e-01	0.000000000000000000e+00
6.282051026570667318e+02	3.425447734799899058e-01	0.000000000000000000e+00
6.286248120982667160e+02	3.426597527631699558e-01	0.000000000000000000e+00
6.290445215394667002e+02	3.427531258120245505e-01	0.000000000000000000e+00
6.294642309806667981e+02	3.428244615857318212e-01	0.000000000000000000e+00
6.298839404218667823e+02	3.428791998351375381e-01	0.000000000000000000e+00
6.303036498630667666e+02	3.429179045931008973e-01	0.000000000000000000e+00
6.307233593042667508e+02	3.429402785877864179e-01	0.000000000000000000e+00
6.311430687454667350e+02	3.429423628293549187e-01	0.000000000000000000e+00
6.315627781866667192e+02	3.429306380741487525e-01	0.000000000000000000e+00
6.319824876278667034e+02	3.429055553281017965e-01	0.000000000000000000e+00
6.324021970690666876e+02	3.428675544659023355e-01	0.000000000000000000e+00
6.328219065102666718e+02	3.428119728453698500e-01	0.000000000000000000e+00
6.332416159514667697e+02	3.427445271621012424e-01	0.000000000000000000e+00
6.336613253926667539e+02	3.426659052671778283e-01	0.000000000000000000e+00
6.340810348338667382e+02	3.425764604310939654e-01	0.000000000000000000e+00
6.345007442750667224e+02	3.424726482270675221e-01	0.000000000000000000e+00
6.349204537162667066e+02	3.423583034285080928e-01	0.000000000000000000e+00
6.353401631574666908e+02	3.422345647385058864e-01	0.000000000000000000e+00
6.357598725986667887e+02	3.421017165706579655e-01	0.000000000000000000e+00
6.361795820398667729e+02	3.419568364742970878e-01	0.000000000000000000e+00
6.365992914810667571e+02	3.418028486270341393e-01	0.000000000000000000e+00
6.370190009222667413e+02	3.416409258449941144e-01	0.000000000000000000e+00
6.374387103634667255e+02	3.414712977615148581e-01	0.000000000000000000e+00
6.378584198046667098e+02	3.412913265897777881e-01	0.000000000000000000e+00
6.382781292458666940e+02	3.411036742407040911e-01	0.000000000000000000e+00
6.386978386870666782e+02	3.409092838770584888e-01	0.000000000000000000e+00
6.391175481282666624e+02	3.407083415051408992e-01	0.000000000000000000e+00
6.395372575694666466e+02	3.404982699869092966e-01	0.000000000000000000e+00
6.399569670106667445e+02	3.402818882329809447e-01	0.000000000000000000e+00
6.403766764518667287e+02	3.400597527626316730e-01	0.000000000000000000e+00
6.407963858930667129e+02	3.398319759306245302e-01	0.000000000000000000e+00
6.412160953342668108e+02	3.395960133108284484e-01	0.000000000000000000e+00
6.416358047754667950e+02	3.393549839175192262e-01	0.000000000000000000e+00
6.420555142166667792e+02	3.391090123276480628e-01	0.000000000000000000e+00
6.424752236578667635e+02	3.388576989686581387e-01	0.000000000000000000e+00
6.428949330990667477e+02	3.385997781045560484e-01	0.000000000000000000e+00
6.433146425402667319e+02	3.383374840738783695e-01	0.000000000000000000e+00
6.437343519814667161e+02	3.380709187552067285e-01	0.000000000000000000e+00
6.441540614226667003e+02	3.377991659683646231e-01	0.000000000000000000e+00
6.445737708638666845e+02	3.375222161033299972e-01	0.000000000000000000e+00
6.449934803050666687e+02	3.372414675202744516e-01	0.000000000000000000e+00
6.454131897462666529e+02	3.369570039559003916e-01	0.000000000000000000e+00
6.458328991874667508e+02	3.366674055237475760e-01	0.000000000000000000e+00
6.462526086286667351e+02	3.363738636114989577e-01	0.000000000000000000e+00
6.466723180698667193e+02	3.360770002799887135e-01	0.000000000000000000e+00
6.470920275110667035e+02	3.357767356957242488e-01	0.000000000000000000e+00
6.475117369522668014e+02	3.354716152190277412e-01	0.000000000000000000e+00
6.479314463934667856e+02	3.351635139532845309e-01	0.000000000000000000e+00
6.483511558346667698e+02	3.348524892525289176e-01	0.000000000000000000e+00
6.487708652758667540e+02	3.345378055140706408e-01	0.000000000000000000e+00
6.491905747170667382e+02	3.342194835167320299e-01	0.000000000000000000e+00
6.496102841582667224e+02	3.338985233249883722e-01	0.000000000000000000e+00
6.500299935994667067e+02	3.335749728433654027e-01	0.000000000000000000e+00
6.504497030406666909e+02	3.332474958412748323e-01	0.000000000000000000e+00
6.508694124818666751e+02	3.329174543825808019e-01	0.000000000000000000e+00
6.512891219230666593e+02	3.325850624048478088e-01	0.000000000000000000e+00
6.517088313642666435e+02	3.322498310890260043e-01	0.000000000000000000e+00
6.521285408054667414e+02	3.319114589210972466e-01	0.000000000000000000e+00
6.525482502466667256e+02	3.315709452052883477e-01	0.000000000000000000e+00
6.529679596878667098e+02	3.312283236839782541e-01	0.000000000000000000e+00
6.533876691290668077e+02	3.308824598111297366e-01	0.000000000000000000e+00
6.538073785702667919e+02	3.305344585424884740e-01	0.000000000000000000e+00
6.542270880114667762e+02	3.301845265295560994e-01	0.000000000000000000e+00
6.546467974526667604e+02	3.298321589677901677e-01	0.000000000000000000e+00
6.550665068938667446e+02	3.294772301508628876e-01	0.000000000000000000e+00
6.554862163350667288e+02	3.291205258826629954e-01	0.000000000000000000e+00
6.559059257762667130e+02	3.287620659711091298e-01	0.000000000000000000e+00
6.563256352174666972e+02	3.284007053656978758e-01	0.000000000000000000e+00
6.567453446586666814e+02	3.280377059328257738e-01	0.000000000000000000e+00
6.571650540998666656e+02	3.276730882850759641e-01	0.000000000000000000e+00
6.575847635410666499e+02	3.273061709343516590e-01	0.000000000000000000e+00
6.580044729822667477e+02	3.269373005269219368e-01	0.000000000000000000e+00
6.584241824234667320e+02	3.265669294598077532e-01	0.000000000000000000e+00
6.588438918646667162e+02	3.261947758913041895e-01	0.000000000000000000e+00
6.592636013058667004e+02	3.258204129923180647e-01	0.000000000000000000e+00
6.596833107470667983e+02	3.254446538412850143e-01	0.000000000000000000e+00
6.601030201882667825e+02	3.250675139203305641e-01	0.000000000000000000e+00
6.605227296294667667e+02	3.246880335187604105e-01	0.000000000000000000e+00
6.609424390706667509e+02	3.243072140930833847e-01	0.000000000000000000e+00
6.613621485118667351e+02	3.239251049511774339e-01	0.000000000000000000e+00
6.617818579530667193e+02	3.235410543969858832e-01	0.000000000000000000e+00
6.622015673942667036e+02	3.231554701865581025e-01	0.000000000000000000e+00
6.626212768354666878e+02	3.227686780748276751e-01	0.000000000000000000e+00
6.630409862766666720e+02	3.223802833739273788e-01	0.000000000000000000e+00
6.634606957178666562e+02	3.219902020862600023e-01	0.000000000000000000e+00
6.638804051590666404e+02	3.215989868268864238e-01	0.000000000000000000e+00
6.643001146002667383e+02	3.212064553515250331e-01	0.000000000000000000e+00
6.647198240414667225e+02	3.208121208616666054e-01	0.000000000000000000e+00
6.651395334826667067e+02	3.204167196077440383e-01	0.000000000000000000e+00
6.655592429238668046e+02	3.200202426276516632e-01	0.000000000000000000e+00
6.659789523650667888e+02	3.196218784132535129e-01	0.000000000000000000e+00
6.663986618062667731e+02	3.192225089183666209e-01	0.000000000000000000e+00
6.668183712474667573e+02	3.188221423275094946e-01	0.000000000000000000e+00
6.672380806886667415e+02	3.184200759777170986e-01	0.000000000000000000e+00
6.676577901298667257e+02	3.180169394351692325e-01	0.000000000000000000e+00
6.680774995710667099e+02	3.176128615119898080e-01	0.000000000000000000e+00
6.684972090122666941e+02	3.172072715570066759e-01	0.000000000000000000e+00
6.689169184534666783e+02	3.168005550611976973e-01	0.000000000000000000e+00
6.693366278946666625e+02	3.163929488831074832e-01	0.000000000000000000e+00
6.697563373358666468e+02	3.159839863982809027e-01	0.000000000000000000e+00
6.701760467770667447e+02	3.155738650742779261e-01	0.000000000000000000e+00
6.705957562182667289e+02	3.151629023417005793e-01	0.000000000000000000e+00
6.710154656594667131e+02	3.147507106366678187e-01	0.000000000000000000e+00
6.714351751006666973e+02	3.143373494783823219e-01	0.000000000000000000e+00
6.718548845418667952e+02	3.139231922620266957e-01	0.000000000000000000e+00
6.722745939830667794e+02	3.135079081993711880e-01	0.000000000000000000e+00
6.726943034242667636e+02	3.130914636518604688e-01	0.000000000000000000e+00
6.731140128654667478e+02	3.126742658959685839e-01	0.000000000000000000e+00
6.735337223066667320e+02	3.122560210580433426e-01	0.000000000000000000e+00
6.739534317478667163e+02	3.118366423751869898e-01	0.000000000000000000e+00
6.743731411890667005e+02	3.114165511865225611e-01	0.000000000000000000e+00
6.747928506302666847e+02	3.109954729061669698e-01	0.000000000000000000e+00
6.752125600714666689e+02	3.105733033112202945e-01	0.000000000000000000e+00
6.756322695126666531e+02	3.101504600600117345e-01	0.000000000000000000e+00
6.760519789538666373e+02	3.097266723292484980e-01	0.000000000000000000e+00
6.764716883950667352e+02	3.093018500025130901e-01	0.000000000000000000e+00
6.768913978362667194e+02	3.088763912584610583e-01	0.000000000000000000e+00
6.773111072774667036e+02	3.084500155277972167e-01	0.000000000000000000e+00
6.777308167186668015e+02	3.080226744427710939e-01	0.000000000000000000e+00
6.781505261598667857e+02	3.075947327664976805e-01	0.000000000000000000e+00
6.785702356010667700e+02	3.071658886461566818e-01	0.000000000000000000e+00
6.789899450422667542e+02	3.067361592730107334e-01	0.000000000000000000e+00
6.794096544834667384e+02	3.063058638809339485e-01	0.000000000000000000e+00
6.798293639246667226e+02	3.058746697541867010e-01	0.000000000000000000e+00
6.802490733658667068e+02	3.054426796471889638e-01	0.000000000000000000e+00
6.806687828070666910e+02	3.050101569656872291e-01	0.000000000000000000e+00
6.810884922482666752e+02	3.045767305234167166e-01	0.000000000000000000e+00
6.815082016894666594e+02	3.041426048069798549e-01	0.000000000000000000e+00
6.819279111306666437e+02	3.037079789298581245e-01	0.000000000000000000e+00
6.823476205718667416e+02	3.032724376345685702e-01	0.000000000000000000e+00
6.827673300130667258e+02	3.028362994008643727e-01	0.000000000000000000e+00
6.831870394542667100e+02	3.023996924624820504e-01	0.000000000000000000e+00
6.836067488954666942e+02	3.019621539491324502e-01	0.000000000000000000e+00
6.840264583366667921e+02	3.015241245787004809e-01	0.000000000000000000e+00
6.844461677778667763e+02	3.010856317188854714e-01	0.000000000000000000e+00
6.848658772190667605e+02	3.006462394739713995e-01	0.000000000000000000e+00
6.852855866602667447e+02	3.002064388894026825e-01	0.000000000000000000e+00
6.857052961014667289e+02	2.997661263264739806e-01	0.000000000000000000e+00
6.861250055426667132e+02	2.993250521446337853e-01	0.000000000000000000e+00
6.865447149838666974e+02	2.988835990062163606e-01	0.000000000000000000e+00
6.869644244250666816e+02	2.984415862033883982e-01	0.000000000000000000e+00
6.873841338662666658e+02	2.979989484501157637e-01	0.000000000000000000e+00
6.878038433074666500e+02	2.975559603012848942e-01	0.000000000000000000e+00
6.882235527486666342e+02	2.971123678895506992e-01	0.000000000000000000e+00
6.886432621898667321e+02	2.966682839192180676e-01	0.000000000000000000e+00
6.890629716310667163e+02	2.962238772887135219e-01	0.000000000000000000e+00
6.894826810722667005e+02	2.957788272563937615e-01	0.000000000000000000e+00
6.899023905134667984e+02	2.953334134863294658e-01	0.000000000000000000e+00
6.903220999546667827e+02	2.948876808568656194e-01	0.000000000000000000e+00
6.907418093958667669e+02	2.944413198013463018e-01	0.000000000000000000e+00
6.911615188370667511e+02	2.939946917524053349e-01	0.000000000000000000e+00
6.915812282782667353e+02	2.935476873614823456e-01	0.000000000000000000e+00
6.920009377194667195e+02	2.931002008465332653e-01	0.000000000000000000e+00
6.924206471606667037e+02	2.926524731550857461e-01	0.000000000000000000e+00
6.928403566018666879e+02	2.922043229988338098e-01	0.000000000000000000e+00
6.932600660430666721e+02	2.917558256546019524e-01	0.000000000000000000e+00
6.936797754842666563e+02	2.913071120602647723e-01	0.000000000000000000e+00
6.940994849254666406e+02	2.908579439102264019e-01	0.000000000000000000e+00
6.945191943666667385e+02	2.904085494730724859e-01	0.000000000000000000e+00
6.949389038078667227e+02	2.899589208129667584e-01	0.000000000000000000e+00
6.953586132490667069e+02	2.895089062516797429e-01	0.000000000000000000e+00
6.957783226902666911e+02	2.890587275172564752e-01	0.000000000000000000e+00
6.961980321314667890e+02	2.886082759807926945e-01	0.000000000000000000e+00
6.966177415726667732e+02	2.881575661393122600e-01	0.000000000000000000e+00
6.970374510138667574e+02	2.877067149005968494e-01	0.000000000000000000e+00
6.974571604550667416e+02	2.872555729275152459e-01	0.000000000000000000e+00
6.978768698962667258e+02	2.868042795472619533e-01	0.000000000000000000e+00
6.982965793374667101e+02	2.863528426174032360e-01	0.000000000000000000e+00
6.987162887786666943e+02	2.859011684600448744e-01	0.000000000000000000e+00
6.991359982198666785e+02	2.854494021653309899e-01	0.000000000000000000e+00
6.995557076610666627e+02	2.849974770398722157e-01	0.000000000000000000e+00
6.999754171022666469e+02	2.845454190167327480e-01	0.000000000000000000e+00
7.003951265434666311e+02	2.840932892226799011e-01	0.000000000000000000e+00
7.008148359846667290e+02	2.836410131115857935e-01	0.000000000000000000e+00
7.012345454258667132e+02	2.831886804692896886e-01	0.000000000000000000e+00
7.016542548670666974e+02	2.827362809091373275e-01	0.000000000000000000e+00
7.020739643082667953e+02	2.822838072808536158e-01	0.000000000000000000e+00
7.024936737494667796e+02	2.818313078995380860e-01	0.000000000000000000e+00
7.029133831906667638e+02	2.813787666925539055e-01	0.000000000000000000e+00
7.033330926318667480e+02	2.809262150704657235e-01	0.000000000000000000e+00
7.037528020730667322e+02	2.804736561239745685e-01	0.000000000000000000e+00
7.041725115142667164e+02	2.800211143594998897e-01	0.000000000000000000e+00
7.045922209554667006e+02	2.795685908195885694e-01	0.000000000000000000e+00
7.050119303966666848e+02	2.791161036856373290e-01	0.000000000000000000e+00
7.054316398378666690e+02	2.786636784482705020e-01	0.000000000000000000e+00
7.058513492790666533e+02	2.782112874112507850e-01	0.000000000000000000e+00
7.062710587202666375e+02	2.777590166039201058e-01	0.000000000000000000e+00
7.066907681614667354e+02	2.773068118718596820e-01	0.000000000000000000e+00
7.071104776026667196e+02	2.768547039532159304e-01	0.000000000000000000e+00
7.075301870438667038e+02	2.764027477179006875e-01	0.000000000000000000e+00
7.079498964850666880e+02	2.759508656254620607e-01	0.000000000000000000e+00
7.083696059262667859e+02	2.754991939628816389e-01	0.000000000000000000e+00
7.087893153674667701e+02	2.750476477650994900e-01	0.000000000000000000e+00
7.092090248086667543e+02	2.745962498671173369e-01	0.000000000000000000e+00
7.096287342498667385e+02	2.741451017014718272e-01	0.000000000000000000e+00
7.100484436910667227e+02	2.736940650760184002e-01	0.000000000000000000e+00
7.104681531322667070e+02	2.732433269357359973e-01	0.000000000000000000e+00
7.108878625734666912e+02	2.727927749340911534e-01	0.000000000000000000e+00
7.113075720146666754e+02	2.723424231530492956e-01	0.000000000000000000e+00
7.117272814558666596e+02	2.718924177322040725e-01	0.000000000000000000e+00
7.121469908970666438e+02	2.714425585116488349e-01	0.000000000000000000e+00
7.125667003382666280e+02	2.709930932826116190e-01	0.000000000000000000e+00
7.129864097794667259e+02	2.705438662193564991e-01	0.000000000000000000e+00
7.134061192206667101e+02	2.700949015142659615e-01	0.000000000000000000e+00
7.138258286618666943e+02	2.696463682528718042e-01	0.000000000000000000e+00
7.142455381030666786e+02	2.691980129286283829e-01	0.000000000000000000e+00
7.146652475442667765e+02	2.687501645480555035e-01	0.000000000000000000e+00
7.150849569854667607e+02	2.683025873737321376e-01	0.000000000000000000e+00
7.155046664266667449e+02	2.678553550863040367e-01	0.000000000000000000e+00
7.159243758678667291e+02	2.674086172578069576e-01	0.000000000000000000e+00
7.163440853090667133e+02	2.669620860031412524e-01	0.000000000000000000e+00
7.167637947502666975e+02	2.665162024435608346e-01	0.000000000000000000e+00
7.171835041914666817e+02	2.660705934391420224e-01	0.000000000000000000e+00
7.176032136326666659e+02	2.656254427647107841e-01	0.000000000000000000e+00
7.180229230738666502e+02	2.651808166185037896e-01	0.000000000000000000e+00
7.184426325150666344e+02	2.647364379979610383e-01	0.000000000000000000e+00
7.188623419562667323e+02	2.642928551260783077e-01	0.000000000000000000e+00
7.192820513974667165e+02	2.638495250291602590e-01	0.000000000000000000e+00
7.197017608386667007e+02	2.634068084402236831e-01	0.000000000000000000e+00
7.201214702798666849e+02	2.629646023259850085e-01	0.000000000000000000e+00
7.205411797210667828e+02	2.625227759036702913e-01	0.000000000000000000e+00
7.209608891622667670e+02	2.620817534035047580e-01	0.000000000000000000e+00
7.213805986034667512e+02	2.616410045473561707e-01	0.000000000000000000e+00
7.218003080446667354e+02	2.612010771704699197e-01	0.000000000000000000e+00
7.222200174858667197e+02	2.607615906781738935e-01	0.000000000000000000e+00
7.226397269270667039e+02	2.603226723188164504e-01	0.000000000000000000e+00
7.230594363682666881e+02	2.598845068938804292e-01	0.000000000000000000e+00
7.234791458094666723e+02	2.594466372931258924e-01	0.000000000000000000e+00
7.238988552506666565e+02	2.590098513136409042e-01	0.000000000000000000e+00
7.243185646918666407e+02	2.585733744372892273e-01	0.000000000000000000e+00
7.247382741330666249e+02	2.581377217562961235e-01	0.000000000000000000e+00
7.251579835742667228e+02	2.577027001623714009e-01	0.000000000000000000e+00
7.255776930154667070e+02	2.572682157089024590e-01	0.000000000000000000e+00
7.259974024566666913e+02	2.568347066474523932e-01	0.000000000000000000e+00
7.264171118978666755e+02	2.564015189804494943e-01	0.000000000000000000e+00
7.268368213390667734e+02	2.559694906112348067e-01	0.000000000000000000e+00
7.272565307802667576e+02	2.555378888587462871e-01	0.000000000000000000e+00
7.276762402214667418e+02	2.551071483541860196e-01	0.000000000000000000e+00
7.280959496626667260e+02	2.546771884957763077e-01	0.000000000000000000e+00
7.285156591038667102e+02	2.542477757258954640e-01	0.000000000000000000e+00
7.289353685450666944e+02	2.538195132790430075e-01	0.000000000000000000e+00
7.293550779862666786e+02	2.533915958777253064e-01	0.000000000000000000e+00
7.297747874274666628e+02	2.529649580895729222e-01	0.000000000000000000e+00
7.301944968686666471e+02	2.525388078853416096e-01	0.000000000000000000e+00
7.306142063098666313e+02	2.521136172685248256e-01	0.000000000000000000e+00
7.310339157510667292e+02	2.516892883107985091e-01	0.000000000000000000e+00
7.314536251922667134e+02	2.512655845834959045e-01	0.000000000000000000e+00
7.318733346334666976e+02	2.508431303798078771e-01	0.000000000000000000e+00
7.322930440746666818e+02	2.504210377556620459e-01	0.000000000000000000e+00
7.327127535158667797e+02	2.500004266877662307e-01	0.000000000000000000e+00
7.331324629570667639e+02	2.495802746294808472e-01	0.000000000000000000e+00
7.335521723982667481e+02	2.491612691654245537e-01	0.000000000000000000e+00
7.339718818394667323e+02	2.487431095188678554e-01	0.000000000000000000e+00
7.343915912806667166e+02	2.483257490442947191e-01	0.000000000000000000e+00
7.348113007218667008e+02	2.479096330342189514e-01	0.000000000000000000e+00
7.352310101630666850e+02	2.474939568218058328e-01	0.000000000000000000e+00
7.356507196042666692e+02	2.470799350291274787e-01	0.000000000000000000e+00
7.360704290454666534e+02	2.466662949492612888e-01	0.000000000000000000e+00
7.364901384866666376e+02	2.462541045652885396e-01	0.000000000000000000e+00
7.369098479278666218e+02	2.458426189835098141e-01	0.000000000000000000e+00
7.373295573690667197e+02	2.454322298771907662e-01	0.000000000000000000e+00
7.377492668102667039e+02	2.450229474702836086e-01	0.000000000000000000e+00
7.381689762514666882e+02	2.446143983366063090e-01	0.000000000000000000e+00
7.385886856926666724e+02	2.442073670599058943e-01	0.000000000000000000e+00
7.390083951338667703e+02	2.438007173066125133e-01	0.000000000000000000e+00
7.394281045750667545e+02	2.433959634818702034e-01	0.000000000000000000e+00
7.398478140162667387e+02	2.429916203919879614e-01	0.000000000000000000e+00
7.402675234574667229e+02	2.425888215090355182e-01	0.000000000000000000e+00
7.406872328986667071e+02	2.421868309572949296e-01	0.000000000000000000e+00
7.411069423398666913e+02	2.417860249216763624e-01	0.000000000000000000e+00
7.415266517810666755e+02	2.413864319862316365e-01	0.000000000000000000e+00
7.419463612222666598e+02	2.409876564714154012e-01	0.000000000000000000e+00
7.423660706634666440e+02	2.405905054119884257e-01	0.000000000000000000e+00
7.427857801046666282e+02	2.401937978450464084e-01	0.000000000000000000e+00
7.432054895458666124e+02	2.397991320811962146e-01	0.000000000000000000e+00
7.436251989870667103e+02	2.394048521662488493e-01	0.000000000000000000e+00
7.440449084282666945e+02	2.390123917178099966e-01	0.000000000000000000e+00
7.444646178694666787e+02	2.386206447310594836e-01	0.000000000000000000e+00
7.448843273106667766e+02	2.382303628869411050e-01	0.000000000000000000e+00
7.453040367518667608e+02	2.378411899044240718e-01	0.000000000000000000e+00
7.457237461930667450e+02	2.374531229586600012e-01	0.000000000000000000e+00
7.461434556342667292e+02	2.370665641463434448e-01	0.000000000000000000e+00
7.465631650754667135e+02	2.366807480717892376e-01	0.000000000000000000e+00
7.469828745166666977e+02	2.362968426649596498e-01	0.000000000000000000e+00
7.474025839578666819e+02	2.359133130977107140e-01	0.000000000000000000e+00
7.478222933990666661e+02	2.355320993806029606e-01	0.000000000000000000e+00
7.482420028402666503e+02	2.351512579604164987e-01	0.000000000000000000e+00
7.486617122814666345e+02	2.347724068898925931e-01	0.000000000000000000e+00
7.490814217226666187e+02	2.343942962642737160e-01	0.000000000000000000e+00
7.495011311638667166e+02	2.340178364299150826e-01	0.000000000000000000e+00
7.499208406050667008e+02	2.336424923115067998e-01	0.000000000000000000e+00
7.503405500462666851e+02	2.332684578425079092e-01	0.000000000000000000e+00
7.507602594874666693e+02	2.328959149307875121e-01	0.000000000000000000e+00
7.511799689286667672e+02	2.325243395386669409e-01	0.000000000000000000e+00
7.515996783698667514e+02	2.321546315012686656e-01	0.000000000000000000e+00
7.520193878110667356e+02	2.317855484631073659e-01	0.000000000000000000e+00
7.524390972522667198e+02	2.314187079175083206e-01	0.000000000000000000e+00
7.528588066934667040e+02	2.310522088762639870e-01	0.000000000000000000e+00
7.532785161346666882e+02	2.306882085545911010e-01	0.000000000000000000e+00
7.536982255758666724e+02	2.303246071469563783e-01	0.000000000000000000e+00
7.541179350170666567e+02	2.299631962334762747e-01	0.000000000000000000e+00
7.545376444582666409e+02	2.296025223238270796e-01	0.000000000000000000e+00
7.549573538994666251e+02	2.292437321865976041e-01	0.000000000000000000e+00
7.553770633406666093e+02	2.288860145376113708e-01	0.000000000000000000e+00
7.557967727818667072e+02	2.285298760237420568e-01	0.000000000000000000e+00
7.562164822230666914e+02	2.281751422803949270e-01	0.000000000000000000e+00
7.566361916642666756e+02	2.278216856982369920e-01	0.000000000000000000e+00
7.570559011054667735e+02	2.274699623722941655e-01	0.000000000000000000e+00
7.574756105466667577e+02	2.271192174734705249e-01	0.000000000000000000e+00
7.578953199878667419e+02	2.267705299284934195e-01	0.000000000000000000e+00
7.583150294290667262e+02	2.264225258897776261e-01	0.000000000000000000e+00
7.587347388702667104e+02	2.260768983266698839e-01	0.000000000000000000e+00
7.591544483114666946e+02	2.257316637317170471e-01	0.000000000000000000e+00
7.595741577526666788e+02	2.253891191748342293e-01	0.000000000000000000e+00
7.599938671938666630e+02	2.250468547007388742e-01	0.000000000000000000e+00
7.604135766350666472e+02	2.247072422796163871e-01	0.000000000000000000e+00
7.608332860762666314e+02	2.243680765849034586e-01	0.000000000000000000e+00
7.612529955174666156e+02	2.240313156150256502e-01	0.000000000000000000e+00
7.616727049586667135e+02	2.236952687845899235e-01	0.000000000000000000e+00
7.620924143998666977e+02	2.233613852917168963e-01	0.000000000000000000e+00
7.625121238410666820e+02	2.230284762033549195e-01	0.000000000000000000e+00
7.629318332822666662e+02	2.226974955267914946e-01	0.000000000000000000e+00
7.633515427234667641e+02	2.223677418405853867e-01	0.000000000000000000e+00
7.637712521646667483e+02	2.220396886141638437e-01	0.000000000000000000e+00
7.641909616058667325e+02	2.217131067625644492e-01	0.000000000000000000e+00
7.646106710470667167e+02	2.213880048955268187e-01	0.000000000000000000e+00
7.650303804882667009e+02	2.210646100741550935e-01	0.000000000000000000e+00
7.654500899294666851e+02	2.207424827319437732e-01	0.000000000000000000e+00
7.658697993706666693e+02	2.204222888911367417e-01	0.000000000000000000e+00
7.662895088118666536e+02	2.201031584761020399e-01	0.000000000000000000e+00
7.667092182530666378e+02	2.197861783132251112e-01	0.000000000000000000e+00
7.671289276942666220e+02	2.194700664452590710e-01	0.000000000000000000e+00
7.675486371354666062e+02	2.191563113978082233e-01	0.000000000000000000e+00
7.679683465766667041e+02	2.188432388949124452e-01	0.000000000000000000e+00
7.683880560178666883e+02	2.185327191344287323e-01	0.000000000000000000e+00
7.688077654590666725e+02	2.182227059932274615e-01	0.000000000000000000e+00
7.692274749002667704e+02	2.179154304200476011e-01	0.000000000000000000e+00
7.696471843414667546e+02	2.176084957962548250e-01	0.000000000000000000e+00
7.700668937826667388e+02	2.173044720351207382e-01	0.000000000000000000e+00
7.704866032238667231e+02	2.170006342239731711e-01	0.000000000000000000e+00
7.709063126650667073e+02	2.166998686205201252e-01	0.000000000000000000e+00
7.713260221062666915e+02	2.163992354953648278e-01	0.000000000000000000e+00
7.717457315474666757e+02	2.161016426553360181e-01	0.000000000000000000e+00
7.721654409886666599e+02	2.158042609360966979e-01	0.000000000000000000e+00
7.725851504298666441e+02	2.155098144355910017e-01	0.000000000000000000e+00
7.730048598710666283e+02	2.152156875575360895e-01	0.000000000000000000e+00
7.734245693122666125e+02	2.149244020539000655e-01	0.000000000000000000e+00
7.738442787534667104e+02	2.146335321879691838e-01	0.000000000000000000e+00
7.742639881946666947e+02	2.143454213801124220e-01	0.000000000000000000e+00
7.746836976358666789e+02	2.140578094341009374e-01	0.000000000000000000e+00
7.751034070770666631e+02	2.137728860429675415e-01	0.000000000000000000e+00
7.755231165182667610e+02	2.134885316637060992e-01	0.000000000000000000e+00
7.759428259594667452e+02	2.132068074127991264e-01	0.000000000000000000e+00
7.763625354006667294e+02	2.129257089893493160e-01	0.000000000000000000e+00
7.767822448418667136e+02	2.126471945853240508e-01	0.000000000000000000e+00
7.772019542830666978e+02	2.123693492532081339e-01	0.000000000000000000e+00
7.776216637242666820e+02	2.120940543665487954e-01	0.000000000000000000e+00
7.780413731654666663e+02	2.118194580130328963e-01	0.000000000000000000e+00
7.784610826066666505e+02	2.115473912588294314e-01	0.000000000000000000e+00
7.788807920478666347e+02	2.112760385292767606e-01	0.000000000000000000e+00
7.793005014890666189e+02	2.110072074481190996e-01	0.000000000000000000e+00
7.797202109302666031e+02	2.107390917534310570e-01	0.000000000000000000e+00
7.801399203714667010e+02	2.104735027924378721e-01	0.000000000000000000e+00
7.805596298126666852e+02	2.102086163175988787e-01	0.000000000000000000e+00
7.809793392538666694e+02	2.099462748116014132e-01	0.000000000000000000e+00
7.813990486950667673e+02	2.096846085253435410e-01	0.000000000000000000e+00
7.818187581362667515e+02	2.094255186782408573e-01	0.000000000000000000e+00
7.822384675774667357e+02	2.091670623438414423e-01	0.000000000000000000e+00
7.826581770186667200e+02	2.089112272101506518e-01	0.000000000000000000e+00
7.830778864598667042e+02	2.086559693973770446e-01	0.000000000000000000e+00
7.834975959010666884e+02	2.084033908639979227e-01	0.000000000000000000e+00
7.839173053422666726e+02	2.081513189622117010e-01	0.000000000000000000e+00
7.843370147834666568e+02	2.079019977304275291e-01	0.000000000000000000e+00
7.847567242246666410e+02	2.076530979628581908e-01	0.000000000000000000e+00
7.851764336658666252e+02	2.074070335305978063e-01	0.000000000000000000e+00
7.855961431070666094e+02	2.071612909697969074e-01	0.000000000000000000e+00
7.860158525482667073e+02	2.069184816141792504e-01	0.000000000000000000e+00
7.864355619894666916e+02	2.066758801986611216e-01	0.000000000000000000e+00
7.868552714306666758e+02	2.064363229588503379e-01	0.000000000000000000e+00
7.872749808718666600e+02	2.061968455109280673e-01	0.000000000000000000e+00
7.876946903130667579e+02	2.059605361713220117e-01	0.000000000000000000e+00
7.881143997542667421e+02	2.057242268317160672e-01	0.000000000000000000e+00
7.885341091954667263e+02	2.054910974899237519e-01	0.000000000000000000e+00
7.889538186366667105e+02	2.052580305637059510e-01	0.000000000000000000e+00
7.893735280778666947e+02	2.050279807887804562e-01	0.000000000000000000e+00
7.897932375190666789e+02	2.047981495018607878e-01	0.000000000000000000e+00
7.902129469602666632e+02	2.045711575836124674e-01	0.000000000000000000e+00
7.906326564014666474e+02	2.043445538589885313e-01	0.000000000000000000e+00
7.910523658426666316e+02	2.041205970391859748e-01	0.000000000000000000e+00
7.914720752838666158e+02	2.038972114817531045e-01	0.000000000000000000e+00
7.918917847250666000e+02	2.036762659784417673e-01	0.000000000000000000e+00
7.923114941662666979e+02	2.034560878602839351e-01	0.000000000000000000e+00
7.927312036074666821e+02	2.032381288933291508e-01	0.000000000000000000e+00
7.931509130486666663e+02	2.030211461395237393e-01	0.000000000000000000e+00
7.935706224898667642e+02	2.028061479573702586e-01	0.000000000000000000e+00
7.939903319310667484e+02	2.025923471323389791e-01	0.000000000000000000e+00
7.944100413722667327e+02	2.023802830399768771e-01	0.000000000000000000e+00
7.948297508134667169e+02	2.021696493344184165e-01	0.000000000000000000e+00
7.952494602546667011e+02	2.019604917225415186e-01	0.000000000000000000e+00
7.956691696958666853e+02	2.017530089409815541e-01	0.000000000000000000e+00
7.960888791370666695e+02	2.015467293163228923e-01	0.000000000000000000e+00
7.965085885782666537e+02	2.013423798653175556e-01	0.000000000000000000e+00
7.969282980194666379e+02	2.011389488821412330e-01	0.000000000000000000e+00
7.973480074606666221e+02	2.009377137591729645e-01	0.000000000000000000e+00
7.977677169018666063e+02	2.007371012518998632e-01	0.000000000000000000e+00
7.981874263430667042e+02	2.005389600350032664e-01	0.000000000000000000e+00
7.986071357842666885e+02	2.003411350519429812e-01	0.000000000000000000e+00
7.990268452254666727e+02	2.001460658901025036e-01	0.000000000000000000e+00
7.994465546666666569e+02	1.999509967282619982e-01	0.000000000000000000e+00
