# lambda  Re(T_ZminTE(0,0),ZmaxTE(0,0))    Im(T_ZminTE(0,0),ZmaxTE(0,0)), 
3.797371134666668127e+02	9.219049986560180487e-01	0.000000000000000000e+00
3.801568229078667969e+02	9.221217079384743665e-01	0.000000000000000000e+00
3.805765323490668379e+02	9.222846246793328095e-01	0.000000000000000000e+00
3.809962417902668221e+02	9.223989761195144910e-01	0.000000000000000000e+00
3.814159512314668063e+02	9.224696208642604311e-01	0.000000000000000000e+00
3.818356606726667906e+02	9.225010511704017091e-01	0.000000000000000000e+00
3.822553701138668316e+02	9.224973972680393652e-01	0.000000000000000000e+00
3.826750795550668158e+02	9.224624335019430132e-01	0.000000000000000000e+00
3.830947889962668000e+02	9.223995860860561002e-01	0.000000000000000000e+00
3.835144984374667843e+02	9.223119422739367579e-01	0.000000000000000000e+00
3.839342078786668253e+02	9.222022607584542397e-01	0.000000000000000000e+00
3.843539173198668095e+02	9.220729831251845976e-01	0.000000000000000000e+00
3.847736267610667937e+02	9.219262461954526033e-01	0.000000000000000000e+00
3.851933362022668348e+02	9.217638951065941777e-01	0.000000000000000000e+00
3.856130456434668190e+02	9.215874219666303491e-01	0.000000000000000000e+00
3.860327550846668032e+02	9.213981749590336445e-01	0.000000000000000000e+00
3.864524645258667874e+02	9.211972629511231414e-01	0.000000000000000000e+00
3.868721739670668285e+02	9.209854975492512974e-01	0.000000000000000000e+00
3.872918834082668127e+02	9.207634722515787296e-01	0.000000000000000000e+00
3.877115928494667969e+02	9.205315772590231260e-01	0.000000000000000000e+00
3.881313022906667811e+02	9.202900142481731383e-01	0.000000000000000000e+00
3.885510117318668222e+02	9.200388110335100400e-01	0.000000000000000000e+00
3.889707211730668064e+02	9.197778360529659247e-01	0.000000000000000000e+00
3.893904306142667906e+02	9.195068126168903788e-01	0.000000000000000000e+00
3.898101400554668317e+02	9.192253328658616107e-01	0.000000000000000000e+00
3.902298494966668159e+02	9.189328713875440924e-01	0.000000000000000000e+00
3.906495589378668001e+02	9.186287984469686529e-01	0.000000000000000000e+00
3.910692683790667843e+02	9.183123927882638204e-01	0.000000000000000000e+00
3.914889778202668253e+02	9.179828539690414457e-01	0.000000000000000000e+00
3.919086872614668096e+02	9.176393141913580243e-01	0.000000000000000000e+00
3.923283967026667938e+02	9.172808495955021568e-01	0.000000000000000000e+00
3.927481061438668348e+02	9.169064909848487765e-01	0.000000000000000000e+00
3.931678155850668190e+02	9.165152339516658975e-01	0.000000000000000000e+00
3.935875250262668033e+02	9.161060483751246597e-01	0.000000000000000000e+00
3.940072344674667875e+02	9.156778164311377699e-01	0.000000000000000000e+00
3.944269439086668285e+02	9.152293611400287299e-01	0.000000000000000000e+00
3.948466533498668127e+02	9.147597642960144659e-01	0.000000000000000000e+00
3.952663627910667969e+02	9.142679705984815275e-01	0.000000000000000000e+00
3.956860722322667812e+02	9.137529364906336049e-01	0.000000000000000000e+00
3.961057816734668222e+02	9.132136353373968563e-01	0.000000000000000000e+00
3.965254911146668064e+02	9.126490617705577124e-01	0.000000000000000000e+00
3.969452005558667906e+02	9.120582351709908275e-01	0.000000000000000000e+00
3.973649099970668317e+02	9.114402022559612293e-01	0.000000000000000000e+00
3.977846194382668159e+02	9.107940387370166979e-01	0.000000000000000000e+00
3.982043288794668001e+02	9.101188500107058044e-01	0.000000000000000000e+00
3.986240383206667843e+02	9.094137708402556530e-01	0.000000000000000000e+00
3.990437477618668254e+02	9.086779639811893849e-01	0.000000000000000000e+00
3.994634572030668096e+02	9.079106176975190179e-01	0.000000000000000000e+00
3.998831666442667938e+02	9.071105878320560034e-01	0.000000000000000000e+00
4.003028760854667780e+02	9.062768162301260144e-01	0.000000000000000000e+00
4.007225855266668191e+02	9.054090846248800117e-01	0.000000000000000000e+00
4.011422949678668033e+02	9.045066286604924732e-01	0.000000000000000000e+00
4.015620044090667875e+02	9.035686759212289143e-01	0.000000000000000000e+00
4.019817138502668286e+02	9.025944344467718983e-01	0.000000000000000000e+00
4.024014232914668128e+02	9.015830793159738121e-01	0.000000000000000000e+00
4.028211327326667970e+02	9.005337371151148629e-01	0.000000000000000000e+00
4.032408421738667812e+02	8.994454680878087860e-01	0.000000000000000000e+00
4.036605516150668223e+02	8.983159074495905561e-01	0.000000000000000000e+00
4.040802610562668065e+02	8.971448168799317502e-01	0.000000000000000000e+00
4.044999704974667907e+02	8.959311556397497878e-01	0.000000000000000000e+00
4.049196799386668317e+02	8.946734419998993992e-01	0.000000000000000000e+00
4.053393893798668159e+02	8.933699836312360976e-01	0.000000000000000000e+00
4.057590988210668002e+02	8.920188392197565541e-01	0.000000000000000000e+00
4.061788082622667844e+02	8.906177368624879076e-01	0.000000000000000000e+00
4.065985177034668254e+02	8.891614771783066251e-01	0.000000000000000000e+00
4.070182271446668096e+02	8.876493120988375729e-01	0.000000000000000000e+00
4.074379365858667938e+02	8.860777615935272467e-01	0.000000000000000000e+00
4.078576460270667781e+02	8.844428737768843529e-01	0.000000000000000000e+00
4.082773554682668191e+02	8.827402111885287450e-01	0.000000000000000000e+00
4.086970649094668033e+02	8.809641468490043703e-01	0.000000000000000000e+00
4.091167743506667875e+02	8.791059505769621696e-01	0.000000000000000000e+00
4.095364837918668286e+02	8.771633561467052642e-01	0.000000000000000000e+00
4.099561932330668128e+02	8.751309440119129368e-01	0.000000000000000000e+00
4.103759026742667970e+02	8.730040088597177395e-01	0.000000000000000000e+00
4.107956121154667812e+02	8.707793596495722044e-01	0.000000000000000000e+00
4.112153215566668223e+02	8.684507910758819671e-01	0.000000000000000000e+00
4.116350309978668065e+02	8.660286763827260703e-01	0.000000000000000000e+00
4.120547404390667907e+02	8.635249650266544341e-01	0.000000000000000000e+00
4.124744498802667749e+02	8.609596021996145376e-01	0.000000000000000000e+00
4.128941593214668160e+02	8.583620518510464148e-01	0.000000000000000000e+00
4.133138687626668002e+02	8.557758503237362646e-01	0.000000000000000000e+00
4.137335782038667844e+02	8.532490561753141023e-01	0.000000000000000000e+00
4.141532876450668255e+02	8.508264333994617346e-01	0.000000000000000000e+00
4.145729970862668097e+02	8.485438598968123580e-01	0.000000000000000000e+00
4.149927065274667939e+02	8.464305072441854483e-01	0.000000000000000000e+00
4.154124159686667781e+02	8.444745420407433478e-01	0.000000000000000000e+00
4.158321254098668192e+02	8.426459441685437701e-01	0.000000000000000000e+00
4.162518348510668034e+02	8.409037339571047154e-01	0.000000000000000000e+00
4.166715442922667876e+02	8.391990542740058734e-01	0.000000000000000000e+00
4.170912537334668286e+02	8.374776332640661014e-01	0.000000000000000000e+00
4.175109631746668128e+02	8.356978105881844865e-01	0.000000000000000000e+00
4.179306726158667971e+02	8.338268226697631569e-01	0.000000000000000000e+00
4.183503820570667813e+02	8.318304981264199593e-01	0.000000000000000000e+00
4.187700914982668223e+02	8.296937801749171282e-01	0.000000000000000000e+00
4.191898009394668065e+02	8.274077129681871590e-01	0.000000000000000000e+00
4.196095103806667908e+02	8.249634302358317406e-01	0.000000000000000000e+00
4.200292198218668318e+02	8.223383636522609841e-01	0.000000000000000000e+00
4.204489292630668160e+02	8.195419422620412453e-01	0.000000000000000000e+00
4.208686387042668002e+02	8.165692558529730194e-01	0.000000000000000000e+00
4.212883481454667844e+02	8.134063179173198765e-01	0.000000000000000000e+00
4.217080575866667687e+02	8.100450315849584415e-01	0.000000000000000000e+00
4.221277670278668097e+02	8.064888084662034107e-01	0.000000000000000000e+00
4.225474764690667939e+02	8.027292865024976409e-01	0.000000000000000000e+00
4.229671859102667781e+02	7.987376506837308154e-01	0.000000000000000000e+00
4.233868953514668192e+02	7.945250521775860664e-01	0.000000000000000000e+00
4.238066047926668034e+02	7.900820815870834846e-01	0.000000000000000000e+00
4.242263142338667876e+02	7.853758644098420838e-01	0.000000000000000000e+00
4.246460236750667718e+02	7.804086041015926289e-01	0.000000000000000000e+00
4.250657331162668129e+02	7.751744162327479648e-01	0.000000000000000000e+00
4.254854425574667971e+02	7.696392076312430497e-01	0.000000000000000000e+00
4.259051519986667813e+02	7.637945669627422829e-01	0.000000000000000000e+00
4.263248614398668224e+02	7.576395007956968630e-01	0.000000000000000000e+00
4.267445708810668066e+02	7.511364333761937351e-01	0.000000000000000000e+00
4.271642803222667908e+02	7.442710987418461599e-01	0.000000000000000000e+00
4.275839897634667750e+02	7.370466534792798896e-01	0.000000000000000000e+00
4.280036992046668161e+02	7.294185704303500772e-01	0.000000000000000000e+00
4.284234086458668003e+02	7.213747340734595337e-01	0.000000000000000000e+00
4.288431180870667845e+02	7.129205479061389017e-01	0.000000000000000000e+00
4.292628275282668255e+02	7.039997420116536064e-01	0.000000000000000000e+00
4.296825369694668098e+02	6.946144961100815252e-01	0.000000000000000000e+00
4.301022464106667940e+02	6.847690259915598654e-01	0.000000000000000000e+00
4.305219558518667782e+02	6.743895793479229850e-01	0.000000000000000000e+00
4.309416652930668192e+02	6.635090402208274618e-01	0.000000000000000000e+00
4.313613747342668034e+02	6.521166097989886667e-01	0.000000000000000000e+00
4.317810841754667877e+02	6.401418280505477565e-01	0.000000000000000000e+00
4.322007936166667719e+02	6.276412601686409687e-01	0.000000000000000000e+00
4.326205030578668129e+02	6.145739064661971396e-01	0.000000000000000000e+00
4.330402124990667971e+02	6.009228110348799889e-01	0.000000000000000000e+00
4.334599219402667813e+02	5.867332183292915948e-01	0.000000000000000000e+00
4.338796313814667656e+02	5.719398973606470982e-01	0.000000000000000000e+00
4.342993408226668066e+02	5.566002318906013713e-01	0.000000000000000000e+00
4.347190502638667908e+02	5.407212016419435940e-01	0.000000000000000000e+00
4.351387597050667750e+02	5.242755918782400215e-01	0.000000000000000000e+00
4.355584691462668161e+02	5.073465257357288039e-01	0.000000000000000000e+00
4.359781785874668003e+02	4.899051759751250068e-01	0.000000000000000000e+00
4.363978880286667845e+02	4.720188529223126594e-01	0.000000000000000000e+00
4.368175974698667687e+02	4.537272804298818074e-01	0.000000000000000000e+00
4.372373069110668098e+02	4.350472534737436781e-01	0.000000000000000000e+00
4.376570163522667940e+02	4.160726078509158210e-01	0.000000000000000000e+00
4.380767257934667782e+02	3.968238338564848977e-01	0.000000000000000000e+00
4.384964352346668193e+02	3.773934531074368270e-01	0.000000000000000000e+00
4.389161446758668035e+02	3.578401189414179839e-01	0.000000000000000000e+00
4.393358541170667877e+02	3.382426079732641644e-01	0.000000000000000000e+00
4.397555635582667719e+02	3.186749631691533358e-01	0.000000000000000000e+00
4.401752729994668130e+02	2.992352160034369435e-01	0.000000000000000000e+00
4.405949824406667972e+02	2.799833090411587011e-01	0.000000000000000000e+00
4.410146918818667814e+02	2.610349814895187581e-01	0.000000000000000000e+00
4.414344013230668224e+02	2.424471249332867118e-01	0.000000000000000000e+00
4.418541107642668067e+02	2.243171847351947967e-01	0.000000000000000000e+00
4.422738202054667909e+02	2.067285604364374474e-01	0.000000000000000000e+00
4.426935296466667751e+02	1.897259071304022715e-01	0.000000000000000000e+00
4.431132390878668161e+02	1.734373676571119849e-01	0.000000000000000000e+00
4.435329485290668003e+02	1.578302650621743464e-01	0.000000000000000000e+00
4.439526579702667846e+02	1.430873475584418242e-01	0.000000000000000000e+00
4.443723674114668256e+02	1.291048459870454135e-01	0.000000000000000000e+00
4.447920768526668098e+02	1.160621492548422479e-01	0.000000000000000000e+00
4.452117862938667940e+02	1.038503618451362825e-01	0.000000000000000000e+00
4.456314957350667783e+02	9.259365294216816145e-02	0.000000000000000000e+00
4.460512051762667625e+02	8.220858152786857109e-02	0.000000000000000000e+00
4.464709146174668035e+02	7.275619551169350274e-02	0.000000000000000000e+00
4.468906240586667877e+02	6.417682908526071983e-02	0.000000000000000000e+00
4.473103334998667719e+02	5.647770568481267489e-02	0.000000000000000000e+00
4.477300429410668130e+02	4.961836051032368633e-02	0.000000000000000000e+00
4.481497523822667972e+02	4.356687214613154391e-02	0.000000000000000000e+00
4.485694618234667814e+02	3.829693361053359418e-02	0.000000000000000000e+00
4.489891712646667656e+02	3.375480523779072345e-02	0.000000000000000000e+00
4.494088807058668067e+02	2.992542428114804143e-02	0.000000000000000000e+00
4.498285901470667909e+02	2.675131547023771109e-02	0.000000000000000000e+00
4.502482995882667751e+02	2.423047070736232891e-02	0.000000000000000000e+00
4.506680090294668162e+02	2.232017278541584965e-02	0.000000000000000000e+00
4.510877184706668004e+02	2.104005397492850551e-02	0.000000000000000000e+00
4.515074279118667846e+02	2.038256636811219477e-02	0.000000000000000000e+00
4.519271373530667688e+02	2.040405420903609532e-02	0.000000000000000000e+00
4.523468467942668099e+02	2.115738095235477137e-02	0.000000000000000000e+00
4.527665562354667941e+02	2.275030641079330007e-02	0.000000000000000000e+00
4.531862656766667783e+02	2.532813906592382147e-02	0.000000000000000000e+00
4.536059751178668193e+02	2.904431350046480023e-02	0.000000000000000000e+00
4.540256845590668036e+02	3.416972178801048338e-02	0.000000000000000000e+00
4.544453940002667878e+02	4.084135664931962811e-02	0.000000000000000000e+00
4.548651034414667720e+02	4.946528449198286242e-02	0.000000000000000000e+00
4.552848128826667562e+02	6.001455868925862497e-02	0.000000000000000000e+00
4.557045223238667973e+02	7.297040398344105394e-02	0.000000000000000000e+00
4.561242317650667815e+02	8.796647915752901781e-02	0.000000000000000000e+00
4.565439412062668225e+02	1.053702390826701113e-01	0.000000000000000000e+00
4.569636506474668067e+02	1.245098969105450093e-01	0.000000000000000000e+00
4.573833600886667909e+02	1.452779583244812323e-01	0.000000000000000000e+00
4.578030695298667752e+02	1.670225499790161938e-01	0.000000000000000000e+00
4.582227789710667594e+02	1.892609188624809757e-01	0.000000000000000000e+00
4.586424884122668004e+02	2.114620586996663887e-01	0.000000000000000000e+00
4.590621978534667846e+02	2.331731834651243895e-01	0.000000000000000000e+00
4.594819072946667688e+02	2.539783226121798410e-01	0.000000000000000000e+00
4.599016167358668099e+02	2.737638777731278283e-01	0.000000000000000000e+00
4.603213261770667941e+02	2.921475274393259269e-01	0.000000000000000000e+00
4.607410356182667783e+02	3.093313880440652919e-01	0.000000000000000000e+00
4.611607450594667625e+02	3.251281413428185330e-01	0.000000000000000000e+00
4.615804545006668036e+02	3.397132141458072963e-01	0.000000000000000000e+00
4.620001639418667878e+02	3.531440669456738513e-01	0.000000000000000000e+00
4.624198733830667720e+02	3.654613301631967071e-01	0.000000000000000000e+00
4.628395828242668131e+02	3.768947601472978359e-01	0.000000000000000000e+00
4.632592922654667973e+02	3.873570424222806396e-01	0.000000000000000000e+00
4.636790017066667815e+02	3.971130838085052961e-01	0.000000000000000000e+00
4.640987111478667657e+02	4.061543498516888007e-01	0.000000000000000000e+00
4.645184205890668068e+02	4.145775164063664753e-01	0.000000000000000000e+00
4.649381300302667910e+02	4.224793015025288256e-01	0.000000000000000000e+00
4.653578394714667752e+02	4.298374592091405710e-01	0.000000000000000000e+00
4.657775489126668162e+02	4.367854401923975116e-01	0.000000000000000000e+00
4.661972583538668005e+02	4.433072285109286859e-01	0.000000000000000000e+00
4.666169677950667847e+02	4.494605248324763935e-01	0.000000000000000000e+00
4.670366772362667689e+02	4.552917169136417308e-01	0.000000000000000000e+00
4.674563866774667531e+02	4.607749864788636129e-01	0.000000000000000000e+00
4.678760961186667942e+02	4.659876169741699048e-01	0.000000000000000000e+00
4.682958055598667784e+02	4.709162223082359877e-01	0.000000000000000000e+00
4.687155150010668194e+02	4.755807952801530680e-01	0.000000000000000000e+00
4.691352244422668036e+02	4.800174799127318037e-01	0.000000000000000000e+00
4.695549338834667878e+02	4.841939691857628514e-01	0.000000000000000000e+00
4.699746433246667721e+02	4.881592340410639830e-01	0.000000000000000000e+00
4.703943527658667563e+02	4.919130194118685462e-01	0.000000000000000000e+00
4.708140622070667973e+02	4.954428720200775849e-01	0.000000000000000000e+00
4.712337716482667815e+02	4.987852472504399892e-01	0.000000000000000000e+00
4.716534810894667658e+02	5.019237972958792149e-01	0.000000000000000000e+00
4.720731905306668068e+02	5.048675965363372820e-01	0.000000000000000000e+00
4.724928999718667910e+02	5.076372116056654393e-01	0.000000000000000000e+00
4.729126094130667752e+02	5.102076835789127740e-01	0.000000000000000000e+00
4.733323188542667594e+02	5.126033424735106925e-01	0.000000000000000000e+00
4.737520282954668005e+02	5.148337421728084173e-01	0.000000000000000000e+00
4.741717377366667847e+02	5.168680226734689853e-01	0.000000000000000000e+00
4.745914471778667689e+02	5.187410307486427508e-01	0.000000000000000000e+00
4.750111566190668100e+02	5.204507557864233025e-01	0.000000000000000000e+00
4.754308660602667942e+02	5.219743959505768194e-01	0.000000000000000000e+00
4.758505755014667784e+02	5.233415130176928276e-01	0.000000000000000000e+00
4.762702849426667626e+02	5.245467044999548856e-01	0.000000000000000000e+00
4.766899943838667468e+02	5.255721387942193790e-01	0.000000000000000000e+00
4.771097038250667879e+02	5.264434169601328595e-01	0.000000000000000000e+00
4.775294132662667721e+02	5.271542075860753407e-01	0.000000000000000000e+00
4.779491227074668132e+02	5.276875466390408276e-01	0.000000000000000000e+00
4.783688321486667974e+02	5.280674382977658121e-01	0.000000000000000000e+00
4.787885415898667816e+02	5.282885767419711609e-01	0.000000000000000000e+00
4.792082510310667658e+02	5.283308538137749810e-01	0.000000000000000000e+00
4.796279604722667500e+02	5.282189434985786747e-01	0.000000000000000000e+00
4.800476699134667911e+02	5.279506221444492109e-01	0.000000000000000000e+00
4.804673793546667753e+02	5.274985435922784349e-01	0.000000000000000000e+00
4.808870887958667595e+02	5.268903901212175223e-01	0.000000000000000000e+00
4.813067982370668005e+02	5.261254190346448256e-01	0.000000000000000000e+00
4.817265076782667848e+02	5.251764883999465727e-01	0.000000000000000000e+00
4.821462171194667690e+02	5.240651384990260286e-01	0.000000000000000000e+00
4.825659265606667532e+02	5.227945368845478002e-01	0.000000000000000000e+00
4.829856360018667942e+02	5.213456673849092837e-01	0.000000000000000000e+00
4.834053454430667784e+02	5.197245291143619550e-01	0.000000000000000000e+00
4.838250548842667627e+02	5.179427144799828575e-01	0.000000000000000000e+00
4.842447643254668037e+02	5.159924196684297915e-01	0.000000000000000000e+00
4.846644737666667879e+02	5.138601253574006655e-01	0.000000000000000000e+00
4.850841832078667721e+02	5.115687239502486605e-01	0.000000000000000000e+00
4.855038926490667563e+02	5.091195904936388628e-01	0.000000000000000000e+00
4.859236020902667974e+02	5.064913756613081963e-01	0.000000000000000000e+00
4.863433115314667816e+02	5.037059222306310424e-01	0.000000000000000000e+00
4.867630209726667658e+02	5.007711452916112638e-01	0.000000000000000000e+00
4.871827304138668069e+02	4.976828462150963417e-01	0.000000000000000000e+00
4.876024398550667911e+02	4.944358241571476520e-01	0.000000000000000000e+00
4.880221492962667753e+02	4.910519895534993795e-01	0.000000000000000000e+00
4.884418587374667595e+02	4.875348254949965487e-01	0.000000000000000000e+00
4.888615681786667437e+02	4.838716383039899371e-01	0.000000000000000000e+00
4.892812776198667848e+02	4.800719925800872034e-01	0.000000000000000000e+00
4.897009870610667690e+02	4.761421037961345859e-01	0.000000000000000000e+00
4.901206965022668101e+02	4.720783569116338008e-01	0.000000000000000000e+00
4.905404059434667943e+02	4.678498719840390452e-01	0.000000000000000000e+00
4.909601153846667785e+02	4.634663427022570614e-01	0.000000000000000000e+00
4.913798248258667627e+02	4.589151227835704394e-01	0.000000000000000000e+00
4.917995342670667469e+02	4.541761673519391640e-01	0.000000000000000000e+00
4.922192437082667880e+02	4.491982869625068542e-01	0.000000000000000000e+00
4.926389531494667722e+02	4.439894371397763995e-01	0.000000000000000000e+00
4.930586625906667564e+02	4.385280153001262504e-01	0.000000000000000000e+00
4.934783720318667974e+02	4.327878160206877212e-01	0.000000000000000000e+00
4.938980814730667817e+02	4.267084506530046673e-01	0.000000000000000000e+00
4.943177909142667659e+02	4.203150646865198570e-01	0.000000000000000000e+00
4.947375003554667501e+02	4.135946395066481540e-01	0.000000000000000000e+00
4.951572097966667911e+02	4.065375684421368985e-01	0.000000000000000000e+00
4.955769192378667753e+02	3.990831717625187847e-01	0.000000000000000000e+00
4.959966286790667596e+02	3.912830562163129855e-01	0.000000000000000000e+00
4.964163381202668006e+02	3.831401553420787920e-01	0.000000000000000000e+00
4.968360475614667848e+02	3.746594981090298204e-01	0.000000000000000000e+00
4.972557570026667690e+02	3.658136342665421759e-01	0.000000000000000000e+00
4.976754664438667533e+02	3.566363284558508595e-01	0.000000000000000000e+00
4.980951758850667943e+02	3.471561058688522050e-01	0.000000000000000000e+00
4.985148853262667785e+02	3.373881270442802283e-01	0.000000000000000000e+00
4.989345947674667627e+02	3.273397267784363684e-01	0.000000000000000000e+00
4.993543042086668038e+02	3.170140132975334812e-01	0.000000000000000000e+00
4.997740136498667880e+02	3.064622665802356760e-01	0.000000000000000000e+00
5.001937230910667722e+02	2.957067685950212077e-01	0.000000000000000000e+00
5.006134325322667564e+02	2.847713429832385845e-01	0.000000000000000000e+00
5.010331419734667406e+02	2.736700413382572861e-01	0.000000000000000000e+00
5.014528514146667817e+02	2.624397344337860982e-01	0.000000000000000000e+00
5.018725608558667659e+02	2.511181486066131341e-01	0.000000000000000000e+00
5.022922702970668070e+02	2.397358026041226109e-01	0.000000000000000000e+00
5.027119797382667912e+02	2.283247137653391934e-01	0.000000000000000000e+00
5.031316891794667754e+02	2.169226331306430555e-01	0.000000000000000000e+00
5.035513986206667596e+02	2.055692787595081450e-01	0.000000000000000000e+00
5.039711080618667438e+02	1.943004454253293711e-01	0.000000000000000000e+00
5.043908175030667849e+02	1.831531447272052027e-01	0.000000000000000000e+00
5.048105269442667691e+02	1.721649614525673777e-01	0.000000000000000000e+00
5.052302363854667533e+02	1.613942860228392284e-01	0.000000000000000000e+00
5.056499458266667943e+02	1.508774303819164220e-01	0.000000000000000000e+00
5.060696552678667786e+02	1.406408734261955229e-01	0.000000000000000000e+00
5.064893647090667628e+02	1.307202760191195356e-01	0.000000000000000000e+00
5.069090741502667470e+02	1.211496744605860543e-01	0.000000000000000000e+00
5.073287835914667880e+02	1.119737622144813816e-01	0.000000000000000000e+00
5.077484930326667723e+02	1.032546327088325611e-01	0.000000000000000000e+00
5.081682024738668133e+02	9.497805168496334383e-02	0.000000000000000000e+00
5.085879119150667975e+02	8.716572674084843708e-02	0.000000000000000000e+00
5.090076213562667817e+02	7.983551340345662606e-02	0.000000000000000000e+00
5.094273307974667659e+02	7.300118634914420923e-02	0.000000000000000000e+00
5.098470402386667502e+02	6.670438416539839488e-02	0.000000000000000000e+00
5.102667496798667344e+02	6.095050769094152721e-02	0.000000000000000000e+00
5.106864591210667754e+02	5.570744576215581195e-02	0.000000000000000000e+00
5.111061685622667596e+02	5.097147182269720633e-02	0.000000000000000000e+00
5.115258780034668007e+02	4.673554013113925126e-02	0.000000000000000000e+00
5.119455874446667849e+02	4.298985561785734211e-02	0.000000000000000000e+00
5.123652968858667691e+02	3.974261020098414365e-02	0.000000000000000000e+00
5.127850063270667533e+02	3.699395808293656079e-02	0.000000000000000000e+00
5.132047157682667375e+02	3.469444180036895808e-02	0.000000000000000000e+00
5.136244252094668354e+02	3.283230202299590450e-02	0.000000000000000000e+00
5.140441346506668197e+02	3.139827075547470953e-02	0.000000000000000000e+00
5.144638440918668039e+02	3.038686751121603621e-02	0.000000000000000000e+00
5.148835535330667881e+02	2.979774598983446487e-02	0.000000000000000000e+00
5.153032629742667723e+02	2.967330581958465413e-02	0.000000000000000000e+00
5.157229724154667565e+02	3.000826970613298256e-02	0.000000000000000000e+00
5.161426818566667407e+02	3.081554810245332177e-02	0.000000000000000000e+00
5.165623912978667249e+02	3.213147442775268064e-02	0.000000000000000000e+00
5.169821007390667091e+02	3.400367825216032286e-02	0.000000000000000000e+00
5.174018101802668070e+02	3.649151317428137725e-02	0.000000000000000000e+00
5.178215196214667912e+02	3.966600908970290690e-02	0.000000000000000000e+00
5.182412290626667755e+02	4.365232719760343133e-02	0.000000000000000000e+00
5.186609385038667597e+02	4.855882323485252033e-02	0.000000000000000000e+00
5.190806479450667439e+02	5.444338625362789286e-02	0.000000000000000000e+00
5.195003573862667281e+02	6.140916552020959929e-02	0.000000000000000000e+00
5.199200668274668260e+02	6.955795842189169131e-02	0.000000000000000000e+00
5.203397762686668102e+02	7.898499630587732523e-02	0.000000000000000000e+00
5.207594857098667944e+02	8.977310350448924892e-02	0.000000000000000000e+00
5.211791951510667786e+02	1.019865498866625586e-01	0.000000000000000000e+00
5.215989045922667628e+02	1.157217117053909589e-01	0.000000000000000000e+00
5.220186140334667471e+02	1.310098738140322849e-01	0.000000000000000000e+00
5.224383234746667313e+02	1.477355508047889232e-01	0.000000000000000000e+00
5.228580329158667155e+02	1.658290672183251879e-01	0.000000000000000000e+00
5.232777423570666997e+02	1.851843869510663709e-01	0.000000000000000000e+00
5.236974517982667976e+02	2.056617304498111198e-01	0.000000000000000000e+00
5.241171612394667818e+02	2.270923317321637269e-01	0.000000000000000000e+00
5.245368706806667660e+02	2.492849689218515352e-01	0.000000000000000000e+00
5.249565801218667502e+02	2.720337117911942881e-01	0.000000000000000000e+00
5.253762895630667344e+02	2.951279783300790327e-01	0.000000000000000000e+00
5.257959990042668323e+02	3.183454929910876086e-01	0.000000000000000000e+00
5.262157084454668166e+02	3.414666656511373133e-01	0.000000000000000000e+00
5.266354178866668008e+02	3.643100511769490346e-01	0.000000000000000000e+00
5.270551273278667850e+02	3.867148001883450315e-01	0.000000000000000000e+00
5.274748367690667692e+02	4.085431453244168787e-01	0.000000000000000000e+00
5.278945462102667534e+02	4.296813905982724835e-01	0.000000000000000000e+00
5.283142556514667376e+02	4.500396222462502704e-01	0.000000000000000000e+00
5.287339650926667218e+02	4.695504210072776741e-01	0.000000000000000000e+00
5.291536745338667060e+02	4.881668761065082185e-01	0.000000000000000000e+00
5.295733839750668039e+02	5.058601899602778174e-01	0.000000000000000000e+00
5.299930934162667882e+02	5.226086231700618479e-01	0.000000000000000000e+00
5.304128028574667724e+02	5.383652767278955809e-01	0.000000000000000000e+00
5.308325122986667566e+02	5.531996901235940456e-01	0.000000000000000000e+00
5.312522217398667408e+02	5.671327865499394827e-01	0.000000000000000000e+00
5.316719311810667250e+02	5.801927695667347118e-01	0.000000000000000000e+00
5.320916406222668229e+02	5.924143439549343082e-01	0.000000000000000000e+00
5.325113500634668071e+02	6.038384272434752509e-01	0.000000000000000000e+00
5.329310595046667913e+02	6.145122698520273374e-01	0.000000000000000000e+00
5.333507689458667755e+02	6.244898111156790277e-01	0.000000000000000000e+00
5.337704783870667598e+02	6.338319896529874820e-01	0.000000000000000000e+00
5.341901878282667440e+02	6.426066229186520040e-01	0.000000000000000000e+00
5.346098972694667282e+02	6.508874198546514833e-01	0.000000000000000000e+00
5.350296067106667124e+02	6.587517573740520049e-01	0.000000000000000000e+00
5.354493161518666966e+02	6.662770899576410111e-01	0.000000000000000000e+00
5.358690255930667945e+02	6.735362660932614487e-01	0.000000000000000000e+00
5.362887350342667787e+02	6.805881263619991683e-01	0.000000000000000000e+00
5.367084444754667629e+02	6.874854584001558466e-01	0.000000000000000000e+00
5.371281539166667471e+02	6.942629120096450723e-01	0.000000000000000000e+00
5.375478633578667313e+02	7.009343689080441697e-01	0.000000000000000000e+00
5.379675727990668292e+02	7.074997639347523348e-01	0.000000000000000000e+00
5.383872822402668135e+02	7.139489463012423931e-01	0.000000000000000000e+00
5.388069916814667977e+02	7.202659938065857359e-01	0.000000000000000000e+00
5.392267011226667819e+02	7.264331271892150443e-01	0.000000000000000000e+00
5.396464105638667661e+02	7.324336974753437035e-01	0.000000000000000000e+00
5.400661200050667503e+02	7.382540778284645278e-01	0.000000000000000000e+00
5.404858294462667345e+02	7.438845608807498344e-01	0.000000000000000000e+00
5.409055388874667187e+02	7.493195020960747854e-01	0.000000000000000000e+00
5.413252483286667029e+02	7.545569790307685709e-01	0.000000000000000000e+00
5.417449577698668008e+02	7.595981990198318323e-01	0.000000000000000000e+00
5.421646672110667851e+02	7.644468244252979883e-01	0.000000000000000000e+00
5.425843766522667693e+02	7.691083216222879271e-01	0.000000000000000000e+00
5.430040860934667535e+02	7.735893897519072748e-01	0.000000000000000000e+00
5.434237955346667377e+02	7.778974907575914033e-01	0.000000000000000000e+00
5.438435049758667219e+02	7.820404813156527357e-01	0.000000000000000000e+00
5.442632144170668198e+02	7.860263363582452589e-01	0.000000000000000000e+00
5.446829238582668040e+02	7.898629494797304584e-01	0.000000000000000000e+00
5.451026332994667882e+02	7.935579949055782123e-01	0.000000000000000000e+00
5.455223427406667724e+02	7.971188370330823947e-01	0.000000000000000000e+00
5.459420521818667567e+02	8.005524756772319783e-01	0.000000000000000000e+00
5.463617616230667409e+02	8.038655174258593217e-01	0.000000000000000000e+00
5.467814710642667251e+02	8.070641656019327259e-01	0.000000000000000000e+00
5.472011805054667093e+02	8.101542231158960217e-01	0.000000000000000000e+00
5.476208899466666935e+02	8.131411039406224450e-01	0.000000000000000000e+00
5.480405993878667914e+02	8.160298500805884814e-01	0.000000000000000000e+00
5.484603088290667756e+02	8.188251517807115798e-01	0.000000000000000000e+00
5.488800182702667598e+02	8.215313693785150084e-01	0.000000000000000000e+00
5.492997277114667440e+02	8.241525556916703410e-01	0.000000000000000000e+00
5.497194371526667283e+02	8.266924781909915643e-01	0.000000000000000000e+00
5.501391465938668262e+02	8.291546404680170124e-01	0.000000000000000000e+00
5.505588560350668104e+02	8.315423026918196125e-01	0.000000000000000000e+00
5.509785654762667946e+02	8.338585008807730681e-01	0.000000000000000000e+00
5.513982749174667788e+02	8.361060649061022865e-01	0.000000000000000000e+00
5.518179843586667630e+02	8.382876352064253522e-01	0.000000000000000000e+00
5.522376937998667472e+02	8.404056782339164311e-01	0.000000000000000000e+00
5.526574032410667314e+02	8.424625006793715620e-01	0.000000000000000000e+00
5.530771126822667156e+02	8.444602625395517537e-01	0.000000000000000000e+00
5.534968221234666998e+02	8.464009890989943052e-01	0.000000000000000000e+00
5.539165315646667977e+02	8.482865819021722098e-01	0.000000000000000000e+00
5.543362410058667820e+02	8.501188287922974984e-01	0.000000000000000000e+00
5.547559504470667662e+02	8.518994130910630957e-01	0.000000000000000000e+00
5.551756598882667504e+02	8.536299219904115443e-01	0.000000000000000000e+00
5.555953693294667346e+02	8.553118542232321930e-01	0.000000000000000000e+00
5.560150787706667188e+02	8.569466270754039217e-01	0.000000000000000000e+00
5.564347882118668167e+02	8.585355827968846887e-01	0.000000000000000000e+00
5.568544976530668009e+02	8.600799944649527573e-01	0.000000000000000000e+00
5.572742070942667851e+02	8.615810713482164873e-01	0.000000000000000000e+00
5.576939165354667693e+02	8.630399638157628672e-01	0.000000000000000000e+00
5.581136259766667536e+02	8.644577678318754455e-01	0.000000000000000000e+00
5.585333354178667378e+02	8.658355290730629372e-01	0.000000000000000000e+00
5.589530448590667220e+02	8.671742467007540478e-01	0.000000000000000000e+00
5.593727543002667062e+02	8.684748768199461733e-01	0.000000000000000000e+00
5.597924637414666904e+02	8.697383356512511376e-01	0.000000000000000000e+00
5.602121731826667883e+02	8.709655024412420454e-01	0.000000000000000000e+00
5.606318826238667725e+02	8.721572221336797437e-01	0.000000000000000000e+00
5.610515920650667567e+02	8.733143078221025091e-01	0.000000000000000000e+00
5.614713015062667409e+02	8.744375430023650919e-01	0.000000000000000000e+00
5.618910109474667252e+02	8.755276836420078368e-01	0.000000000000000000e+00
5.623107203886668231e+02	8.765854600817901687e-01	0.000000000000000000e+00
5.627304298298668073e+02	8.776115787833334014e-01	0.000000000000000000e+00
5.631501392710667915e+02	8.786067239355648262e-01	0.000000000000000000e+00
5.635698487122667757e+02	8.795715589315142857e-01	0.000000000000000000e+00
5.639895581534667599e+02	8.805067277260072434e-01	0.000000000000000000e+00
5.644092675946667441e+02	8.814128560838651039e-01	0.000000000000000000e+00
5.648289770358667283e+02	8.822905527273893211e-01	0.000000000000000000e+00
5.652486864770667125e+02	8.831404103911660863e-01	0.000000000000000000e+00
5.656683959182666968e+02	8.839630067915320577e-01	0.000000000000000000e+00
5.660881053594667947e+02	8.847589055174327477e-01	0.000000000000000000e+00
5.665078148006667789e+02	8.855279887890004087e-01	0.000000000000000000e+00
5.669275242418667631e+02	8.862706006950440418e-01	0.000000000000000000e+00
5.673472336830667473e+02	8.869881472239286024e-01	0.000000000000000000e+00
5.677669431242667315e+02	8.876811438200463700e-01	0.000000000000000000e+00
5.681866525654667157e+02	8.883500953228709029e-01	0.000000000000000000e+00
5.686063620066668136e+02	8.889954964933802772e-01	0.000000000000000000e+00
5.690260714478667978e+02	8.896178324960050121e-01	0.000000000000000000e+00
5.694457808890667820e+02	8.902175793395733505e-01	0.000000000000000000e+00
5.698654903302667663e+02	8.907952042804497816e-01	0.000000000000000000e+00
5.702851997714667505e+02	8.913511661908245509e-01	0.000000000000000000e+00
5.707049092126667347e+02	8.918859158948929666e-01	0.000000000000000000e+00
5.711246186538667189e+02	8.923998964754573660e-01	0.000000000000000000e+00
5.715443280950667031e+02	8.928935435533003062e-01	0.000000000000000000e+00
5.719640375362666873e+02	8.933672855415107916e-01	0.000000000000000000e+00
5.723837469774667852e+02	8.938215438767811438e-01	0.000000000000000000e+00
5.728034564186667694e+02	8.942567332295507931e-01	0.000000000000000000e+00
5.732231658598667536e+02	8.946718513334079859e-01	0.000000000000000000e+00
5.736428753010667378e+02	8.950685336253818569e-01	0.000000000000000000e+00
5.740625847422667221e+02	8.954473905774935627e-01	0.000000000000000000e+00
5.744822941834668200e+02	8.958088123568490602e-01	0.000000000000000000e+00
5.749020036246668042e+02	8.961531831390850966e-01	0.000000000000000000e+00
5.753217130658667884e+02	8.964808812184329456e-01	0.000000000000000000e+00
5.757414225070667726e+02	8.967922791067709509e-01	0.000000000000000000e+00
5.761611319482667568e+02	8.970877436226959434e-01	0.000000000000000000e+00
5.765808413894667410e+02	8.973676359715860862e-01	0.000000000000000000e+00
5.770005508306667252e+02	8.976323118175566496e-01	0.000000000000000000e+00
5.774202602718667094e+02	8.978821213481442687e-01	0.000000000000000000e+00
5.778399697130666937e+02	8.981174093325025032e-01	0.000000000000000000e+00
5.782596791542667916e+02	8.983372399251363660e-01	0.000000000000000000e+00
5.786793885954667758e+02	8.985429948581734605e-01	0.000000000000000000e+00
5.790990980366667600e+02	8.987352811433215738e-01	0.000000000000000000e+00
5.795188074778667442e+02	8.989144227551806310e-01	0.000000000000000000e+00
5.799385169190667284e+02	8.990807384084632536e-01	0.000000000000000000e+00
5.803582263602667126e+02	8.992345415867979419e-01	0.000000000000000000e+00
5.807779358014668105e+02	8.993761405693582178e-01	0.000000000000000000e+00
5.811976452426667947e+02	8.995058384557312881e-01	0.000000000000000000e+00
5.816173546838667789e+02	8.996239331894065883e-01	0.000000000000000000e+00
5.820370641250667632e+02	8.997307175802241597e-01	0.000000000000000000e+00
5.824567735662667474e+02	8.998256390342921351e-01	0.000000000000000000e+00
5.828764830074667316e+02	8.999092878507685134e-01	0.000000000000000000e+00
5.832961924486667158e+02	8.999825312276285016e-01	0.000000000000000000e+00
5.837159018898667000e+02	9.000456414756869972e-01	0.000000000000000000e+00
5.841356113310666842e+02	9.000988857969214330e-01	0.000000000000000000e+00
5.845553207722667821e+02	9.001425263044733338e-01	0.000000000000000000e+00
5.849750302134667663e+02	9.001768200435542600e-01	0.000000000000000000e+00
5.853947396546667505e+02	9.002020190134013555e-01	0.000000000000000000e+00
5.858144490958667348e+02	9.002183701904105106e-01	0.000000000000000000e+00
5.862341585370667190e+02	9.002254599373015198e-01	0.000000000000000000e+00
5.866538679782668169e+02	9.002236193312449508e-01	0.000000000000000000e+00
5.870735774194668011e+02	9.002137009507227283e-01	0.000000000000000000e+00
5.874932868606667853e+02	9.001959311265088637e-01	0.000000000000000000e+00
5.879129963018667695e+02	9.001705312115196866e-01	0.000000000000000000e+00
5.883327057430667537e+02	9.001377176125598956e-01	0.000000000000000000e+00
5.887524151842667379e+02	9.000977018239330052e-01	0.000000000000000000e+00
5.891721246254667221e+02	9.000506904629209659e-01	0.000000000000000000e+00
5.895918340666667063e+02	8.999965875382772706e-01	0.000000000000000000e+00
5.900115435078666906e+02	8.999351112611575498e-01	0.000000000000000000e+00
5.904312529490666748e+02	8.998672878715086032e-01	0.000000000000000000e+00
5.908509623902667727e+02	8.997933034685774434e-01	0.000000000000000000e+00
5.912706718314667569e+02	8.997133393890019981e-01	0.000000000000000000e+00
5.916903812726667411e+02	8.996275722544120335e-01	0.000000000000000000e+00
5.921100907138667253e+02	8.995361740208901447e-01	0.000000000000000000e+00
5.925298001550667095e+02	8.994393120302253131e-01	0.000000000000000000e+00
5.929495095962668074e+02	8.993365393738707025e-01	0.000000000000000000e+00
5.933692190374667916e+02	8.992283232342761501e-01	0.000000000000000000e+00
5.937889284786667758e+02	8.991151704142221757e-01	0.000000000000000000e+00
5.942086379198667601e+02	8.989972283659525276e-01	0.000000000000000000e+00
5.946283473610667443e+02	8.988746401272660336e-01	0.000000000000000000e+00
5.950480568022667285e+02	8.987475443845186485e-01	0.000000000000000000e+00
5.954677662434667127e+02	8.986160755369938524e-01	0.000000000000000000e+00
5.958874756846666969e+02	8.984799464612124309e-01	0.000000000000000000e+00
5.963071851258666811e+02	8.983393217107370488e-01	0.000000000000000000e+00
5.967268945670667790e+02	8.981947476091646232e-01	0.000000000000000000e+00
5.971466040082667632e+02	8.980463396533875375e-01	0.000000000000000000e+00
5.975663134494667474e+02	8.978942093255469770e-01	0.000000000000000000e+00
5.979860228906667317e+02	8.977384641669076126e-01	0.000000000000000000e+00
5.984057323318667159e+02	8.975792078524367223e-01	0.000000000000000000e+00
5.988254417730668138e+02	8.974159855027844523e-01	0.000000000000000000e+00
5.992451512142667980e+02	8.972493138018834413e-01	0.000000000000000000e+00
5.996648606554667822e+02	8.970794560543610130e-01	0.000000000000000000e+00
6.000845700966667664e+02	8.969064984369491400e-01	0.000000000000000000e+00
6.005042795378667506e+02	8.967305235931423146e-01	0.000000000000000000e+00
6.009239889790667348e+02	8.965516107138742363e-01	0.000000000000000000e+00
6.013436984202667190e+02	8.963695950008634394e-01	0.000000000000000000e+00
6.017634078614667033e+02	8.961843978833811120e-01	0.000000000000000000e+00
6.021831173026666875e+02	8.959965087230120639e-01	0.000000000000000000e+00
6.026028267438666717e+02	8.958059906806186135e-01	0.000000000000000000e+00
6.030225361850667696e+02	8.956129038380200580e-01	0.000000000000000000e+00
6.034422456262667538e+02	8.954173052814230482e-01	0.000000000000000000e+00
6.038619550674667380e+02	8.952190946404129379e-01	0.000000000000000000e+00
6.042816645086667222e+02	8.950180437533887812e-01	0.000000000000000000e+00
6.047013739498667064e+02	8.948146541123226383e-01	0.000000000000000000e+00
6.051210833910668043e+02	8.946089684627110961e-01	0.000000000000000000e+00
6.055407928322667885e+02	8.944010269541187164e-01	0.000000000000000000e+00
6.059605022734667727e+02	8.941908672227826260e-01	0.000000000000000000e+00
6.063802117146667570e+02	8.939782989961803095e-01	0.000000000000000000e+00
6.067999211558667412e+02	8.937632409876474782e-01	0.000000000000000000e+00
6.072196305970667254e+02	8.935460718166804428e-01	0.000000000000000000e+00
6.076393400382667096e+02	8.933268166303469648e-01	0.000000000000000000e+00
6.080590494794666938e+02	8.931054984727879731e-01	0.000000000000000000e+00
6.084787589206666780e+02	8.928821383633998021e-01	0.000000000000000000e+00
6.088984683618667759e+02	8.926563300750548491e-01	0.000000000000000000e+00
6.093181778030667601e+02	8.924283735268100370e-01	0.000000000000000000e+00
6.097378872442667443e+02	8.921984241437964647e-01	0.000000000000000000e+00
6.101575966854667286e+02	8.919664924055586974e-01	0.000000000000000000e+00
6.105773061266667128e+02	8.917325871722940889e-01	0.000000000000000000e+00
6.109970155678666970e+02	8.914965422148563023e-01	0.000000000000000000e+00
6.114167250090667949e+02	8.912581196213239521e-01	0.000000000000000000e+00
6.118364344502667791e+02	8.910177305706065143e-01	0.000000000000000000e+00
6.122561438914667633e+02	8.907753750410873916e-01	0.000000000000000000e+00
6.126758533326667475e+02	8.905310517848837870e-01	0.000000000000000000e+00
6.130955627738667317e+02	8.902847478890438815e-01	0.000000000000000000e+00
6.135152722150667159e+02	8.900358528079113096e-01	0.000000000000000000e+00
6.139349816562667002e+02	8.897849610071905113e-01	0.000000000000000000e+00
6.143546910974666844e+02	8.895320640168113968e-01	0.000000000000000000e+00
6.147744005386666686e+02	8.892771525113443154e-01	0.000000000000000000e+00
6.151941099798667665e+02	8.890202163626569343e-01	0.000000000000000000e+00
6.156138194210667507e+02	8.887606350229177998e-01	0.000000000000000000e+00
6.160335288622667349e+02	8.884989086850448858e-01	0.000000000000000000e+00
6.164532383034667191e+02	8.882350940585034271e-01	0.000000000000000000e+00
6.168729477446667033e+02	8.879691757055734325e-01	0.000000000000000000e+00
6.172926571858668012e+02	8.877011377139942816e-01	0.000000000000000000e+00
6.177123666270667854e+02	8.874302780824544490e-01	0.000000000000000000e+00
6.181320760682667697e+02	8.871571662424448945e-01	0.000000000000000000e+00
6.185517855094667539e+02	8.868818486672946921e-01	0.000000000000000000e+00
6.189714949506667381e+02	8.866043056649720588e-01	0.000000000000000000e+00
6.193912043918667223e+02	8.863244708974042929e-01	0.000000000000000000e+00
6.198109138330667065e+02	8.860415781965291782e-01	0.000000000000000000e+00
6.202306232742666907e+02	8.857563599248193809e-01	0.000000000000000000e+00
6.206503327154666749e+02	8.854687938102562272e-01	0.000000000000000000e+00
6.210700421566667728e+02	8.851788576189821844e-01	0.000000000000000000e+00
6.214897515978667570e+02	8.848862357489961639e-01	0.000000000000000000e+00
6.219094610390667413e+02	8.845905501281942085e-01	0.000000000000000000e+00
6.223291704802667255e+02	8.842923825273316663e-01	0.000000000000000000e+00
6.227488799214667097e+02	8.839917094642347761e-01	0.000000000000000000e+00
6.231685893626666939e+02	8.836885076968541419e-01	0.000000000000000000e+00
6.235882988038667918e+02	8.833820459206426223e-01	0.000000000000000000e+00
6.240080082450667760e+02	8.830726568887405925e-01	0.000000000000000000e+00
6.244277176862667602e+02	8.827606210222767036e-01	0.000000000000000000e+00
6.248474271274667444e+02	8.824459150117291983e-01	0.000000000000000000e+00
6.252671365686667286e+02	8.821283286833807580e-01	0.000000000000000000e+00
6.256868460098667128e+02	8.818070747807218446e-01	0.000000000000000000e+00
6.261065554510666971e+02	8.814830310555451520e-01	0.000000000000000000e+00
6.265262648922666813e+02	8.811561750291126982e-01	0.000000000000000000e+00
6.269459743334666655e+02	8.808264847219667848e-01	0.000000000000000000e+00
6.273656837746667634e+02	8.804930328846783949e-01	0.000000000000000000e+00
6.277853932158667476e+02	8.801563340879293706e-01	0.000000000000000000e+00
6.282051026570667318e+02	8.798166840799667154e-01	0.000000000000000000e+00
6.286248120982667160e+02	8.794740625842714099e-01	0.000000000000000000e+00
6.290445215394667002e+02	8.791279298836042200e-01	0.000000000000000000e+00
6.294642309806667981e+02	8.787779425950087431e-01	0.000000000000000000e+00
6.298839404218667823e+02	8.784248720480365424e-01	0.000000000000000000e+00
6.303036498630667666e+02	8.780687003154893366e-01	0.000000000000000000e+00
6.307233593042667508e+02	8.777092262964838465e-01	0.000000000000000000e+00
6.311430687454667350e+02	8.773453456739238598e-01	0.000000000000000000e+00
6.315627781866667192e+02	8.769782598429884946e-01	0.000000000000000000e+00
6.319824876278667034e+02	8.766079537542714739e-01	0.000000000000000000e+00
6.324021970690666876e+02	8.762344129362402700e-01	0.000000000000000000e+00
6.328219065102666718e+02	8.758561636624324631e-01	0.000000000000000000e+00
6.332416159514667697e+02	8.754745126984310177e-01	0.000000000000000000e+00
6.336613253926667539e+02	8.750895357364582017e-01	0.000000000000000000e+00
6.340810348338667382e+02	8.747012215575107330e-01	0.000000000000000000e+00
6.345007442750667224e+02	8.743081982352387538e-01	0.000000000000000000e+00
6.349204537162667066e+02	8.739114888431513961e-01	0.000000000000000000e+00
6.353401631574666908e+02	8.735113633240462194e-01	0.000000000000000000e+00
6.357598725986667887e+02	8.731078139661632154e-01	0.000000000000000000e+00
6.361795820398667729e+02	8.726994775713081687e-01	0.000000000000000000e+00
6.365992914810667571e+02	8.722872831610734012e-01	0.000000000000000000e+00
6.370190009222667413e+02	8.718715999476046585e-01	0.000000000000000000e+00
6.374387103634667255e+02	8.714524238632768149e-01	0.000000000000000000e+00
6.378584198046667098e+02	8.710282962571327392e-01	0.000000000000000000e+00
6.382781292458666940e+02	8.706002655280865588e-01	0.000000000000000000e+00
6.386978386870666782e+02	8.701686921736824232e-01	0.000000000000000000e+00
6.391175481282666624e+02	8.697335757937150191e-01	0.000000000000000000e+00
6.395372575694666466e+02	8.692932496676946119e-01	0.000000000000000000e+00
6.399569670106667445e+02	8.688491135914706565e-01	0.000000000000000000e+00
6.403766764518667287e+02	8.684014008868756740e-01	0.000000000000000000e+00
6.407963858930667129e+02	8.679500885619763073e-01	0.000000000000000000e+00
6.412160953342668108e+02	8.674932626468917496e-01	0.000000000000000000e+00
6.416358047754667950e+02	8.670328398380257040e-01	0.000000000000000000e+00
6.420555142166667792e+02	8.665688267569447989e-01	0.000000000000000000e+00
6.424752236578667635e+02	8.661008185538936477e-01	0.000000000000000000e+00
6.428949330990667477e+02	8.656276123915196408e-01	0.000000000000000000e+00
6.433146425402667319e+02	8.651508128793867769e-01	0.000000000000000000e+00
6.437343519814667161e+02	8.646704299435417074e-01	0.000000000000000000e+00
6.441540614226667003e+02	8.641855488642513627e-01	0.000000000000000000e+00
6.445737708638666845e+02	8.636959455261763452e-01	0.000000000000000000e+00
6.449934803050666687e+02	8.632027729656596149e-01	0.000000000000000000e+00
6.454131897462666529e+02	8.627060440729815705e-01	0.000000000000000000e+00
6.458328991874667508e+02	8.622042120140342991e-01	0.000000000000000000e+00
6.462526086286667351e+02	8.616982894383327096e-01	0.000000000000000000e+00
6.466723180698667193e+02	8.611888418192206185e-01	0.000000000000000000e+00
6.470920275110667035e+02	8.606757168787771972e-01	0.000000000000000000e+00
6.475117369522668014e+02	8.601571274110539900e-01	0.000000000000000000e+00
6.479314463934667856e+02	8.596350580221232551e-01	0.000000000000000000e+00
6.483511558346667698e+02	8.591095269584010374e-01	0.000000000000000000e+00
6.487708652758667540e+02	8.585795538239734404e-01	0.000000000000000000e+00
6.491905747170667382e+02	8.580450030847192044e-01	0.000000000000000000e+00
6.496102841582667224e+02	8.575070520545216013e-01	0.000000000000000000e+00
6.500299935994667067e+02	8.569657207537356713e-01	0.000000000000000000e+00
6.504497030406666909e+02	8.564191064841749634e-01	0.000000000000000000e+00
6.508694124818666751e+02	8.558689322325956361e-01	0.000000000000000000e+00
6.512891219230666593e+02	8.553154544964806094e-01	0.000000000000000000e+00
6.517088313642666435e+02	8.547579161898637423e-01	0.000000000000000000e+00
6.521285408054667414e+02	8.541957576703631538e-01	0.000000000000000000e+00
6.525482502466667256e+02	8.536303849182231840e-01	0.000000000000000000e+00
6.529679596878667098e+02	8.530618210733572626e-01	0.000000000000000000e+00
6.533876691290668077e+02	8.524882348121757270e-01	0.000000000000000000e+00
6.538073785702667919e+02	8.519112592106280468e-01	0.000000000000000000e+00
6.542270880114667762e+02	8.513311953160446199e-01	0.000000000000000000e+00
6.546467974526667604e+02	8.507471841246737609e-01	0.000000000000000000e+00
6.550665068938667446e+02	8.501589373279209161e-01	0.000000000000000000e+00
6.554862163350667288e+02	8.495677160613622769e-01	0.000000000000000000e+00
6.559059257762667130e+02	8.489735372088206278e-01	0.000000000000000000e+00
6.563256352174666972e+02	8.483743888689682100e-01	0.000000000000000000e+00
6.567453446586666814e+02	8.477723902016219837e-01	0.000000000000000000e+00
6.571650540998666656e+02	8.471675667338269822e-01	0.000000000000000000e+00
6.575847635410666499e+02	8.465586893688633596e-01	0.000000000000000000e+00
6.580044729822667477e+02	8.459463288011919158e-01	0.000000000000000000e+00
6.584241824234667320e+02	8.453312777234279762e-01	0.000000000000000000e+00
6.588438918646667162e+02	8.447130160399468624e-01	0.000000000000000000e+00
6.592636013058667004e+02	8.440907426513708511e-01	0.000000000000000000e+00
6.596833107470667983e+02	8.434659214592076237e-01	0.000000000000000000e+00
6.601030201882667825e+02	8.428385770482689221e-01	0.000000000000000000e+00
6.605227296294667667e+02	8.422069373361134037e-01	0.000000000000000000e+00
6.609424390706667509e+02	8.415728341191029971e-01	0.000000000000000000e+00
6.613621485118667351e+02	8.409363578084552149e-01	0.000000000000000000e+00
6.617818579530667193e+02	8.402963078531647811e-01	0.000000000000000000e+00
6.622015673942667036e+02	8.396534389970051748e-01	0.000000000000000000e+00
6.626212768354666878e+02	8.390083535109537083e-01	0.000000000000000000e+00
6.630409862766666720e+02	8.383603328366600049e-01	0.000000000000000000e+00
6.634606957178666562e+02	8.377092406065453911e-01	0.000000000000000000e+00
6.638804051590666404e+02	8.370560936282041009e-01	0.000000000000000000e+00
6.643001146002667383e+02	8.364005684280211295e-01	0.000000000000000000e+00
6.647198240414667225e+02	8.357418184532342531e-01	0.000000000000000000e+00
6.651395334826667067e+02	8.350811800955048048e-01	0.000000000000000000e+00
6.655592429238668046e+02	8.344186418425764140e-01	0.000000000000000000e+00
6.659789523650667888e+02	8.337528205223001532e-01	0.000000000000000000e+00
6.663986618062667731e+02	8.330852807280054728e-01	0.000000000000000000e+00
6.668183712474667573e+02	8.324160412557383149e-01	0.000000000000000000e+00
6.672380806886667415e+02	8.317439565294096893e-01	0.000000000000000000e+00
6.676577901298667257e+02	8.310701224200340853e-01	0.000000000000000000e+00
6.680774995710667099e+02	8.303947595375831270e-01	0.000000000000000000e+00
6.684972090122666941e+02	8.297169909810536703e-01	0.000000000000000000e+00
6.689169184534666783e+02	8.290374841730693278e-01	0.000000000000000000e+00
6.693366278946666625e+02	8.283566209365577082e-01	0.000000000000000000e+00
6.697563373358666468e+02	8.276737360905689345e-01	0.000000000000000000e+00
6.701760467770667447e+02	8.269891899977073191e-01	0.000000000000000000e+00
6.705957562182667289e+02	8.263034603682519741e-01	0.000000000000000000e+00
6.710154656594667131e+02	8.256160445945965876e-01	0.000000000000000000e+00
6.714351751006666973e+02	8.249271017337439504e-01	0.000000000000000000e+00
6.718548845418667952e+02	8.242371479084162900e-01	0.000000000000000000e+00
6.722745939830667794e+02	8.235458025134365645e-01	0.000000000000000000e+00
6.726943034242667636e+02	8.228531118309212466e-01	0.000000000000000000e+00
6.731140128654667478e+02	8.221595816000438761e-01	0.000000000000000000e+00
6.735337223066667320e+02	8.214649218969016786e-01	0.000000000000000000e+00
6.739534317478667163e+02	8.207691361311243439e-01	0.000000000000000000e+00
6.743731411890667005e+02	8.200726802773772306e-01	0.000000000000000000e+00
6.747928506302666847e+02	8.193753335955317185e-01	0.000000000000000000e+00
6.752125600714666689e+02	8.186771066907813088e-01	0.000000000000000000e+00
6.756322695126666531e+02	8.179783764444881200e-01	0.000000000000000000e+00
6.760519789538666373e+02	8.172789800947065642e-01	0.000000000000000000e+00
6.764716883950667352e+02	8.165789646800292179e-01	0.000000000000000000e+00
6.768913978362667194e+02	8.158786092439856974e-01	0.000000000000000000e+00
6.773111072774667036e+02	8.151778084470253649e-01	0.000000000000000000e+00
6.777308167186668015e+02	8.144766533929083119e-01	0.000000000000000000e+00
6.781505261598667857e+02	8.137753175490008983e-01	0.000000000000000000e+00
6.785702356010667700e+02	8.130737633358448013e-01	0.000000000000000000e+00
6.789899450422667542e+02	8.123721114002837584e-01	0.000000000000000000e+00
6.794096544834667384e+02	8.116704332089915708e-01	0.000000000000000000e+00
6.798293639246667226e+02	8.109687803003203799e-01	0.000000000000000000e+00
6.802490733658667068e+02	8.102672658748065748e-01	0.000000000000000000e+00
6.806687828070666910e+02	8.095658744776226268e-01	0.000000000000000000e+00
6.810884922482666752e+02	8.088647791498686512e-01	0.000000000000000000e+00
6.815082016894666594e+02	8.081640261145619508e-01	0.000000000000000000e+00
6.819279111306666437e+02	8.074635396481023575e-01	0.000000000000000000e+00
6.823476205718667416e+02	8.067636575930715592e-01	0.000000000000000000e+00
6.827673300130667258e+02	8.060642772894932584e-01	0.000000000000000000e+00
6.831870394542667100e+02	8.053653009191928946e-01	0.000000000000000000e+00
6.836067488954666942e+02	8.046672851039002872e-01	0.000000000000000000e+00
6.840264583366667921e+02	8.039698744321216450e-01	0.000000000000000000e+00
6.844461677778667763e+02	8.032730351641268474e-01	0.000000000000000000e+00
6.848658772190667605e+02	8.025774970451163837e-01	0.000000000000000000e+00
6.852855866602667447e+02	8.018826366916367299e-01	0.000000000000000000e+00
6.857052961014667289e+02	8.011886333408814176e-01	0.000000000000000000e+00
6.861250055426667132e+02	8.004960890665526740e-01	0.000000000000000000e+00
6.865447149838666974e+02	7.998043418678054683e-01	0.000000000000000000e+00
6.869644244250666816e+02	7.991138112834030860e-01	0.000000000000000000e+00
6.873841338662666658e+02	7.984248117934973354e-01	0.000000000000000000e+00
6.878038433074666500e+02	7.977367212391270890e-01	0.000000000000000000e+00
6.882235527486666342e+02	7.970502901439188159e-01	0.000000000000000000e+00
6.886432621898667321e+02	7.963653658179368211e-01	0.000000000000000000e+00
6.890629716310667163e+02	7.956814546969369628e-01	0.000000000000000000e+00
6.894826810722667005e+02	7.949997376205409916e-01	0.000000000000000000e+00
6.899023905134667984e+02	7.943193970035101747e-01	0.000000000000000000e+00
6.903220999546667827e+02	7.936402630168435390e-01	0.000000000000000000e+00
6.907418093958667669e+02	7.929637634374112620e-01	0.000000000000000000e+00
6.911615188370667511e+02	7.922884921127743008e-01	0.000000000000000000e+00
6.915812282782667353e+02	7.916149666303942123e-01	0.000000000000000000e+00
6.920009377194667195e+02	7.909439151529168432e-01	0.000000000000000000e+00
6.924206471606667037e+02	7.902741747635418923e-01	0.000000000000000000e+00
6.928403566018666879e+02	7.896068329960986842e-01	0.000000000000000000e+00
6.932600660430666721e+02	7.889416743015222888e-01	0.000000000000000000e+00
6.936797754842666563e+02	7.882779017192995674e-01	0.000000000000000000e+00
6.940994849254666406e+02	7.876172997127668385e-01	0.000000000000000000e+00
6.945191943666667385e+02	7.869584528734174800e-01	0.000000000000000000e+00
6.949389038078667227e+02	7.863014227545568335e-01	0.000000000000000000e+00
6.953586132490667069e+02	7.856477322517135820e-01	0.000000000000000000e+00
6.957783226902666911e+02	7.849955901343459441e-01	0.000000000000000000e+00
6.961980321314667890e+02	7.843460937656274723e-01	0.000000000000000000e+00
6.966177415726667732e+02	7.836994209703629366e-01	0.000000000000000000e+00
6.970374510138667574e+02	7.830543497867880065e-01	0.000000000000000000e+00
6.974571604550667416e+02	7.824128870878100939e-01	0.000000000000000000e+00
6.978768698962667258e+02	7.817735784689148204e-01	0.000000000000000000e+00
6.982965793374667101e+02	7.811363121399761411e-01	0.000000000000000000e+00
6.987162887786666943e+02	7.805029627538555559e-01	0.000000000000000000e+00
6.991359982198666785e+02	7.798713372887614570e-01	0.000000000000000000e+00
6.995557076610666627e+02	7.792428059509304283e-01	0.000000000000000000e+00
6.999754171022666469e+02	7.786173988517792743e-01	0.000000000000000000e+00
7.003951265434666311e+02	7.779937479512861742e-01	0.000000000000000000e+00
7.008148359846667290e+02	7.773743842834218709e-01	0.000000000000000000e+00
7.012345454258667132e+02	7.767571897606585507e-01	0.000000000000000000e+00
7.016542548670666974e+02	7.761425629267894033e-01	0.000000000000000000e+00
7.020739643082667953e+02	7.755319841970185202e-01	0.000000000000000000e+00
7.024936737494667796e+02	7.749232447232704546e-01	0.000000000000000000e+00
7.029133831906667638e+02	7.743183781730007542e-01	0.000000000000000000e+00
7.033330926318667480e+02	7.737164562359584163e-01	0.000000000000000000e+00
7.037528020730667322e+02	7.731166050928285349e-01	0.000000000000000000e+00
7.041725115142667164e+02	7.725216356745280288e-01	0.000000000000000000e+00
7.045922209554667006e+02	7.719285635301296189e-01	0.000000000000000000e+00
7.050119303966666848e+02	7.713389929259656386e-01	0.000000000000000000e+00
7.054316398378666690e+02	7.707530377931923748e-01	0.000000000000000000e+00
7.058513492790666533e+02	7.701689812226576448e-01	0.000000000000000000e+00
7.062710587202666375e+02	7.695899953323379616e-01	0.000000000000000000e+00
7.066907681614667354e+02	7.690131980284511393e-01	0.000000000000000000e+00
7.071104776026667196e+02	7.684396074390974496e-01	0.000000000000000000e+00
7.075301870438667038e+02	7.678701634602008719e-01	0.000000000000000000e+00
7.079498964850666880e+02	7.673026409577629048e-01	0.000000000000000000e+00
7.083696059262667859e+02	7.667400238884634067e-01	0.000000000000000000e+00
7.087893153674667701e+02	7.661799589660359677e-01	0.000000000000000000e+00
7.092090248086667543e+02	7.656229106895243719e-01	0.000000000000000000e+00
7.096287342498667385e+02	7.650703712823337943e-01	0.000000000000000000e+00
7.100484436910667227e+02	7.645197544565912606e-01	0.000000000000000000e+00
7.104681531322667070e+02	7.639739836980178334e-01	0.000000000000000000e+00
7.108878625734666912e+02	7.634309585115230945e-01	0.000000000000000000e+00
7.113075720146666754e+02	7.628908866081537399e-01	0.000000000000000000e+00
7.117272814558666596e+02	7.623554945542092565e-01	0.000000000000000000e+00
7.121469908970666438e+02	7.618220060815309447e-01	0.000000000000000000e+00
7.125667003382666280e+02	7.612934268948908789e-01	0.000000000000000000e+00
7.129864097794667259e+02	7.607675997325905604e-01	0.000000000000000000e+00
7.134061192206667101e+02	7.602448041395089007e-01	0.000000000000000000e+00
7.138258286618666943e+02	7.597266532110180659e-01	0.000000000000000000e+00
7.142455381030666786e+02	7.592103687610496365e-01	0.000000000000000000e+00
7.146652475442667765e+02	7.586991887046249383e-01	0.000000000000000000e+00
7.150849569854667607e+02	7.581905712153643728e-01	0.000000000000000000e+00
7.155046664266667449e+02	7.576852124852023751e-01	0.000000000000000000e+00
7.159243758678667291e+02	7.571842503727692630e-01	0.000000000000000000e+00
7.163440853090667133e+02	7.566851018126201645e-01	0.000000000000000000e+00
7.167637947502666975e+02	7.561913859230996460e-01	0.000000000000000000e+00
7.171835041914666817e+02	7.556998468149467296e-01	0.000000000000000000e+00
7.176032136326666659e+02	7.552119415273025327e-01	0.000000000000000000e+00
7.180229230738666502e+02	7.547279740326378050e-01	0.000000000000000000e+00
7.184426325150666344e+02	7.542458647884507927e-01	0.000000000000000000e+00
7.188623419562667323e+02	7.537694205534700709e-01	0.000000000000000000e+00
7.192820513974667165e+02	7.532946905238918633e-01	0.000000000000000000e+00
7.197017608386667007e+02	7.528241074250516807e-01	0.000000000000000000e+00
7.201214702798666849e+02	7.523568038768234656e-01	0.000000000000000000e+00
7.205411797210667828e+02	7.518919396637607777e-01	0.000000000000000000e+00
7.209608891622667670e+02	7.514319885886052708e-01	0.000000000000000000e+00
7.213805986034667512e+02	7.509736664380358695e-01	0.000000000000000000e+00
7.218003080446667354e+02	7.505201233715588227e-01	0.000000000000000000e+00
7.222200174858667197e+02	7.500690232140704294e-01	0.000000000000000000e+00
7.226397269270667039e+02	7.496210710392809951e-01	0.000000000000000000e+00
7.230594363682666881e+02	7.491770939155739661e-01	0.000000000000000000e+00
7.234791458094666723e+02	7.487346785696250562e-01	0.000000000000000000e+00
7.238988552506666565e+02	7.482977154845751322e-01	0.000000000000000000e+00
7.243185646918666407e+02	7.478622359785038753e-01	0.000000000000000000e+00
7.247382741330666249e+02	7.474307092057768109e-01	0.000000000000000000e+00
7.251579835742667228e+02	7.470020673015831392e-01	0.000000000000000000e+00
7.255776930154667070e+02	7.465758808107167965e-01	0.000000000000000000e+00
7.259974024566666913e+02	7.461539437854944889e-01	0.000000000000000000e+00
7.264171118978666755e+02	7.457333887464800970e-01	0.000000000000000000e+00
7.268368213390667734e+02	7.453176461557567967e-01	0.000000000000000000e+00
7.272565307802667576e+02	7.449035903942994308e-01	0.000000000000000000e+00
7.276762402214667418e+02	7.444929399803629222e-01	0.000000000000000000e+00
7.280959496626667260e+02	7.440852281904302146e-01	0.000000000000000000e+00
7.285156591038667102e+02	7.436795758322666261e-01	0.000000000000000000e+00
7.289353685450666944e+02	7.432780435716120904e-01	0.000000000000000000e+00
7.293550779862666786e+02	7.428777246330919848e-01	0.000000000000000000e+00
7.297747874274666628e+02	7.424817633281216578e-01	0.000000000000000000e+00
7.301944968686666471e+02	7.420873793971656252e-01	0.000000000000000000e+00
7.306142063098666313e+02	7.416960998102753999e-01	0.000000000000000000e+00
7.310339157510667292e+02	7.413074656895349834e-01	0.000000000000000000e+00
7.314536251922667134e+02	7.409207511515386591e-01	0.000000000000000000e+00
7.318733346334666976e+02	7.405376732141895069e-01	0.000000000000000000e+00
7.322930440746666818e+02	7.401556344991975234e-01	0.000000000000000000e+00
7.327127535158667797e+02	7.397776779081554066e-01	0.000000000000000000e+00
7.331324629570667639e+02	7.394009168516306740e-01	0.000000000000000000e+00
7.335521723982667481e+02	7.390271422096542642e-01	0.000000000000000000e+00
7.339718818394667323e+02	7.386554465918355739e-01	0.000000000000000000e+00
7.343915912806667166e+02	7.382857153432348385e-01	0.000000000000000000e+00
7.348113007218667008e+02	7.379188653587629432e-01	0.000000000000000000e+00
7.352310101630666850e+02	7.375530336220852412e-01	0.000000000000000000e+00
7.356507196042666692e+02	7.371908021291418978e-01	0.000000000000000000e+00
7.360704290454666534e+02	7.368293588508826319e-01	0.000000000000000000e+00
7.364901384866666376e+02	7.364708735479268409e-01	0.000000000000000000e+00
7.369098479278666218e+02	7.361137329326241652e-01	0.000000000000000000e+00
7.373295573690667197e+02	7.357586842759238355e-01	0.000000000000000000e+00
7.377492668102667039e+02	7.354056037848410998e-01	0.000000000000000000e+00
7.381689762514666882e+02	7.350538273544127144e-01	0.000000000000000000e+00
7.385886856926666724e+02	7.347045581229457722e-01	0.000000000000000000e+00
7.390083951338667703e+02	7.343559165047732762e-01	0.000000000000000000e+00
7.394281045750667545e+02	7.340101717212083043e-01	0.000000000000000000e+00
7.398478140162667387e+02	7.336650046958381743e-01	0.000000000000000000e+00
7.402675234574667229e+02	7.333220098216415295e-01	0.000000000000000000e+00
7.406872328986667071e+02	7.329800559534714877e-01	0.000000000000000000e+00
7.411069423398666913e+02	7.326396275595176144e-01	0.000000000000000000e+00
7.415266517810666755e+02	7.323006202120955210e-01	0.000000000000000000e+00
7.419463612222666598e+02	7.319625704053399629e-01	0.000000000000000000e+00
7.423660706634666440e+02	7.316262380706883839e-01	0.000000000000000000e+00
7.427857801046666282e+02	7.312903746230103863e-01	0.000000000000000000e+00
7.432054895458666124e+02	7.309564412600801919e-01	0.000000000000000000e+00
7.436251989870667103e+02	7.306228371947248723e-01	0.000000000000000000e+00
7.440449084282666945e+02	7.302907531258736595e-01	0.000000000000000000e+00
7.444646178694666787e+02	7.299591881399795090e-01	0.000000000000000000e+00
7.448843273106667766e+02	7.296286891266279273e-01	0.000000000000000000e+00
7.453040367518667608e+02	7.292988794476461534e-01	0.000000000000000000e+00
7.457237461930667450e+02	7.289697573469401393e-01	0.000000000000000000e+00
7.461434556342667292e+02	7.286414159438242555e-01	0.000000000000000000e+00
7.465631650754667135e+02	7.283134590249742413e-01	0.000000000000000000e+00
7.469828745166666977e+02	7.279862959796722377e-01	0.000000000000000000e+00
7.474025839578666819e+02	7.276592890939669322e-01	0.000000000000000000e+00
7.478222933990666661e+02	7.273330119795454740e-01	0.000000000000000000e+00
7.482420028402666503e+02	7.270068160484830511e-01	0.000000000000000000e+00
7.486617122814666345e+02	7.266810510020494940e-01	0.000000000000000000e+00
7.490814217226666187e+02	7.263553744785783417e-01	0.000000000000000000e+00
7.495011311638667166e+02	7.260298953133869082e-01	0.000000000000000000e+00
7.499208406050667008e+02	7.257044432415220570e-01	0.000000000000000000e+00
7.503405500462666851e+02	7.253790229723389160e-01	0.000000000000000000e+00
7.507602594874666693e+02	7.250534992518314903e-01	0.000000000000000000e+00
7.511799689286667672e+02	7.247279084261679660e-01	0.000000000000000000e+00
7.515996783698667514e+02	7.244020162089349624e-01	0.000000000000000000e+00
7.520193878110667356e+02	7.240760231166520899e-01	0.000000000000000000e+00
7.524390972522667198e+02	7.237494652063500844e-01	0.000000000000000000e+00
7.528588066934667040e+02	7.234228160509619254e-01	0.000000000000000000e+00
7.532785161346666882e+02	7.230953153495053298e-01	0.000000000000000000e+00
7.536982255758666724e+02	7.227676438376327006e-01	0.000000000000000000e+00
7.541179350170666567e+02	7.224390343812860937e-01	0.000000000000000000e+00
7.545376444582666409e+02	7.221100460489474626e-01	0.000000000000000000e+00
7.549573538994666251e+02	7.217800893143914154e-01	0.000000000000000000e+00
7.553770633406666093e+02	7.214494907258638401e-01	0.000000000000000000e+00
7.557967727818667072e+02	7.211179470694969451e-01	0.000000000000000000e+00
7.562164822230666914e+02	7.207854462163543197e-01	0.000000000000000000e+00
7.566361916642666756e+02	7.204520751181764382e-01	0.000000000000000000e+00
7.570559011054667735e+02	7.201173818171561214e-01	0.000000000000000000e+00
7.574756105466667577e+02	7.197819421295910125e-01	0.000000000000000000e+00
7.578953199878667419e+02	7.194447684184350766e-01	0.000000000000000000e+00
7.583150294290667262e+02	7.191070186197076053e-01	0.000000000000000000e+00
7.587347388702667104e+02	7.187670791501430401e-01	0.000000000000000000e+00
7.591544483114666946e+02	7.184267776020004659e-01	0.000000000000000000e+00
7.595741577526666788e+02	7.180837900290256703e-01	0.000000000000000000e+00
7.599938671938666630e+02	7.177405097205853401e-01	0.000000000000000000e+00
7.604135766350666472e+02	7.173943806050153693e-01	0.000000000000000000e+00
7.608332860762666314e+02	7.170477384497554452e-01	0.000000000000000000e+00
7.612529955174666156e+02	7.166983346057808069e-01	0.000000000000000000e+00
7.616727049586667135e+02	7.163480586035044784e-01	0.000000000000000000e+00
7.620924143998666977e+02	7.159951405782525313e-01	0.000000000000000000e+00
7.625121238410666820e+02	7.156409629607415335e-01	0.000000000000000000e+00
7.629318332822666662e+02	7.152842925257753004e-01	0.000000000000000000e+00
7.633515427234667641e+02	7.149259501123595983e-01	0.000000000000000000e+00
7.637712521646667483e+02	7.145652905396470134e-01	0.000000000000000000e+00
7.641909616058667325e+02	7.142025250843080375e-01	0.000000000000000000e+00
7.646106710470667167e+02	7.138376414237849188e-01	0.000000000000000000e+00
7.650303804882667009e+02	7.134701999528658689e-01	0.000000000000000000e+00
7.654500899294666851e+02	7.131008593110940152e-01	0.000000000000000000e+00
7.658697993706666693e+02	7.127284944508293085e-01	0.000000000000000000e+00
7.662895088118666536e+02	7.123544662703935604e-01	0.000000000000000000e+00
7.667092182530666378e+02	7.119769365634356362e-01	0.000000000000000000e+00
7.671289276942666220e+02	7.115979929024686124e-01	0.000000000000000000e+00
7.675486371354666062e+02	7.112150631125713218e-01	0.000000000000000000e+00
7.679683465766667041e+02	7.108309789239488641e-01	0.000000000000000000e+00
7.683880560178666883e+02	7.104424203281106687e-01	0.000000000000000000e+00
7.688077654590666725e+02	7.100529737378699080e-01	0.000000000000000000e+00
7.692274749002667704e+02	7.096585644050968922e-01	0.000000000000000000e+00
7.696471843414667546e+02	7.092635369894083608e-01	0.000000000000000000e+00
7.700668937826667388e+02	7.088630620454652309e-01	0.000000000000000000e+00
7.704866032238667231e+02	7.084622391057818769e-01	0.000000000000000000e+00
7.709063126650667073e+02	7.080554909831974220e-01	0.000000000000000000e+00
7.713260221062666915e+02	7.076484823134137070e-01	0.000000000000000000e+00
7.717457315474666757e+02	7.072354404916255666e-01	0.000000000000000000e+00
7.721654409886666599e+02	7.068219682502155932e-01	0.000000000000000000e+00
7.725851504298666441e+02	7.064025118717596197e-01	0.000000000000000000e+00
7.730048598710666283e+02	7.059823869589649803e-01	0.000000000000000000e+00
7.734245693122666125e+02	7.055563189205759089e-01	0.000000000000000000e+00
7.738442787534667104e+02	7.051293601264780886e-01	0.000000000000000000e+00
7.742639881946666947e+02	7.046964883781431377e-01	0.000000000000000000e+00
7.746836976358666789e+02	7.042625225554167701e-01	0.000000000000000000e+00
7.751034070770666631e+02	7.038226603526207548e-01	0.000000000000000000e+00
7.755231165182667610e+02	7.033815225720019271e-01	0.000000000000000000e+00
7.759428259594667452e+02	7.029344887221360416e-01	0.000000000000000000e+00
7.763625354006667294e+02	7.024860224101282524e-01	0.000000000000000000e+00
7.767822448418667136e+02	7.020316415126265364e-01	0.000000000000000000e+00
7.772019542830666978e+02	7.015756985712495730e-01	0.000000000000000000e+00
7.776216637242666820e+02	7.011138012509057216e-01	0.000000000000000000e+00
7.780413731654666663e+02	7.006502421592269991e-01	0.000000000000000000e+00
7.784610826066666505e+02	7.001806652920641305e-01	0.000000000000000000e+00
7.788807920478666347e+02	6.997093591892803444e-01	0.000000000000000000e+00
7.793005014890666189e+02	6.992319461205495079e-01	0.000000000000000000e+00
7.797202109302666031e+02	6.987527708705890683e-01	0.000000000000000000e+00
7.801399203714667010e+02	6.982673716243987805e-01	0.000000000000000000e+00
7.805596298126666852e+02	6.977802138619739747e-01	0.000000000000000000e+00
7.809793392538666694e+02	6.972866853419219524e-01	0.000000000000000000e+00
7.813990486950667673e+02	6.967914404999812072e-01	0.000000000000000000e+00
7.818187581362667515e+02	6.962896466804902040e-01	0.000000000000000000e+00
7.822384675774667357e+02	6.957862189992590762e-01	0.000000000000000000e+00
7.826581770186667200e+02	6.952760311070187438e-01	0.000000000000000000e+00
7.830778864598667042e+02	6.947643336246770440e-01	0.000000000000000000e+00
7.834975959010666884e+02	6.942456303098206716e-01	0.000000000000000000e+00
7.839173053422666726e+02	6.937255848350727394e-01	0.000000000000000000e+00
7.843370147834666568e+02	6.931982523316371214e-01	0.000000000000000000e+00
7.847567242246666410e+02	6.926697893984282706e-01	0.000000000000000000e+00
7.851764336658666252e+02	6.921337216737872833e-01	0.000000000000000000e+00
7.855961431070666094e+02	6.915967804785467798e-01	0.000000000000000000e+00
7.860158525482667073e+02	6.910518793713152919e-01	0.000000000000000000e+00
7.864355619894666916e+02	6.905064076930224060e-01	0.000000000000000000e+00
7.868552714306666758e+02	6.899525830391896042e-01	0.000000000000000000e+00
7.872749808718666600e+02	6.893985371427944209e-01	0.000000000000000000e+00
7.876946903130667579e+02	6.888357068898099955e-01	0.000000000000000000e+00
7.881143997542667421e+02	6.882728766368256812e-01	0.000000000000000000e+00
7.885341091954667263e+02	6.877011417219173195e-01	0.000000000000000000e+00
7.889538186366667105e+02	6.871292320302884171e-01	0.000000000000000000e+00
7.893735280778666947e+02	6.865487948812944996e-01	0.000000000000000000e+00
7.897932375190666789e+02	6.859677402136634683e-01	0.000000000000000000e+00
7.902129469602666632e+02	6.853785901936901848e-01	0.000000000000000000e+00
7.906326564014666474e+02	6.847883333910022019e-01	0.000000000000000000e+00
7.910523658426666316e+02	6.841904678703435438e-01	0.000000000000000000e+00
7.914720752838666158e+02	6.835909602149835562e-01	0.000000000000000000e+00
7.918917847250666000e+02	6.829843843867636766e-01	0.000000000000000000e+00
7.923114941662666979e+02	6.823755856525565155e-01	0.000000000000000000e+00
7.927312036074666821e+02	6.817603123353959127e-01	0.000000000000000000e+00
7.931509130486666663e+02	6.811421908242916157e-01	0.000000000000000000e+00
7.935706224898667642e+02	6.805182402528497931e-01	0.000000000000000000e+00
7.939903319310667484e+02	6.798907728182587151e-01	0.000000000000000000e+00
7.944100413722667327e+02	6.792581724225018602e-01	0.000000000000000000e+00
7.948297508134667169e+02	6.786213444792098537e-01	0.000000000000000000e+00
7.952494602546667011e+02	6.779801286533061466e-01	0.000000000000000000e+00
7.956691696958666853e+02	6.773339341740034492e-01	0.000000000000000000e+00
7.960888791370666695e+02	6.766841440357580506e-01	0.000000000000000000e+00
7.965085885782666537e+02	6.760285855341762185e-01	0.000000000000000000e+00
7.969282980194666379e+02	6.753702686759398555e-01	0.000000000000000000e+00
7.973480074606666221e+02	6.747053571766871150e-01	0.000000000000000000e+00
7.977677169018666063e+02	6.740385674087008283e-01	0.000000000000000000e+00
7.981874263430667042e+02	6.733643224039093100e-01	0.000000000000000000e+00
7.986071357842666885e+02	6.726891194910507021e-01	0.000000000000000000e+00
7.990268452254666727e+02	6.720055688839364771e-01	0.000000000000000000e+00
7.994465546666666569e+02	6.713220182768222521e-01	0.000000000000000000e+00
