# lambda  Re(R_ZmaxTE(0,0),ZmaxTE(0,0))    Im(R_ZmaxTE(0,0),ZmaxTE(0,0)), 
3.797371134666668127e+02	4.768158613500516479e-02	0.000000000000000000e+00
3.801568229078667969e+02	4.734847017161377541e-02	0.000000000000000000e+00
3.805765323490668379e+02	4.701941945620872337e-02	0.000000000000000000e+00
3.809962417902668221e+02	4.669432068529776048e-02	0.000000000000000000e+00
3.814159512314668063e+02	4.637305904696221309e-02	0.000000000000000000e+00
3.818356606726667906e+02	4.605551852238111421e-02	0.000000000000000000e+00
3.822553701138668316e+02	4.574158216770735780e-02	0.000000000000000000e+00
3.826750795550668158e+02	4.543113237806006149e-02	0.000000000000000000e+00
3.830947889962668000e+02	4.512405113531239853e-02	0.000000000000000000e+00
3.835144984374667843e+02	4.482022024127473719e-02	0.000000000000000000e+00
3.839342078786668253e+02	4.451952153779401705e-02	0.000000000000000000e+00
3.843539173198668095e+02	4.422183711521864014e-02	0.000000000000000000e+00
3.847736267610667937e+02	4.392704951060540791e-02	0.000000000000000000e+00
3.851933362022668348e+02	4.363504189697956642e-02	0.000000000000000000e+00
3.856130456434668190e+02	4.334571328728748646e-02	0.000000000000000000e+00
3.860327550846668032e+02	4.305894113921957672e-02	0.000000000000000000e+00
3.864524645258667874e+02	4.277459969654066191e-02	0.000000000000000000e+00
3.868721739670668285e+02	4.249257677322504367e-02	0.000000000000000000e+00
3.872918834082668127e+02	4.221276167420563719e-02	0.000000000000000000e+00
3.877115928494667969e+02	4.193504535342543887e-02	0.000000000000000000e+00
3.881313022906667811e+02	4.165932057043035541e-02	0.000000000000000000e+00
3.885510117318668222e+02	4.138548204632716554e-02	0.000000000000000000e+00
3.889707211730668064e+02	4.111342661987000408e-02	0.000000000000000000e+00
3.893904306142667906e+02	4.084305340437605764e-02	0.000000000000000000e+00
3.898101400554668317e+02	4.057426394610644249e-02	0.000000000000000000e+00
3.902298494966668159e+02	4.030696238466964509e-02	0.000000000000000000e+00
3.906495589378668001e+02	4.004105561592564977e-02	0.000000000000000000e+00
3.910692683790667843e+02	3.977645345777126168e-02	0.000000000000000000e+00
3.914889778202668253e+02	3.951306881908089180e-02	0.000000000000000000e+00
3.919086872614668096e+02	3.925081787194677901e-02	0.000000000000000000e+00
3.923283967026667938e+02	3.898962022721644272e-02	0.000000000000000000e+00
3.927481061438668348e+02	3.872939911314700334e-02	0.000000000000000000e+00
3.931678155850668190e+02	3.847008155678747349e-02	0.000000000000000000e+00
3.935875250262668033e+02	3.821159856744975325e-02	0.000000000000000000e+00
3.940072344674667875e+02	3.795388782189461352e-02	0.000000000000000000e+00
3.944269439086668285e+02	3.769689162028645041e-02	0.000000000000000000e+00
3.948466533498668127e+02	3.744054820688502705e-02	0.000000000000000000e+00
3.952663627910667969e+02	3.718480637929268140e-02	0.000000000000000000e+00
3.956860722322667812e+02	3.692961986635764915e-02	0.000000000000000000e+00
3.961057816734668222e+02	3.667494749165364776e-02	0.000000000000000000e+00
3.965254911146668064e+02	3.642075332127214099e-02	0.000000000000000000e+00
3.969452005558667906e+02	3.616700679011410763e-02	0.000000000000000000e+00
3.973649099970668317e+02	3.591368279955872711e-02	0.000000000000000000e+00
3.977846194382668159e+02	3.566076177783209650e-02	0.000000000000000000e+00
3.982043288794668001e+02	3.540822969258564101e-02	0.000000000000000000e+00
3.986240383206667843e+02	3.515607800308095249e-02	0.000000000000000000e+00
3.990437477618668254e+02	3.490430353694393140e-02	0.000000000000000000e+00
3.994634572030668096e+02	3.465290827368475851e-02	0.000000000000000000e+00
3.998831666442667938e+02	3.440190326501380708e-02	0.000000000000000000e+00
4.003028760854667780e+02	3.415130334411979607e-02	0.000000000000000000e+00
4.007225855266668191e+02	3.390111721153030860e-02	0.000000000000000000e+00
4.011422949678668033e+02	3.365136285516349968e-02	0.000000000000000000e+00
4.015620044090667875e+02	3.340205986484835049e-02	0.000000000000000000e+00
4.019817138502668286e+02	3.315322798362225348e-02	0.000000000000000000e+00
4.024014232914668128e+02	3.290488531473265837e-02	0.000000000000000000e+00
4.028211327326667970e+02	3.265704613765730430e-02	0.000000000000000000e+00
4.032408421738667812e+02	3.240971828911201613e-02	0.000000000000000000e+00
4.036605516150668223e+02	3.216291605679316712e-02	0.000000000000000000e+00
4.040802610562668065e+02	3.191660977258067161e-02	0.000000000000000000e+00
4.044999704974667907e+02	3.167076045889481717e-02	0.000000000000000000e+00
4.049196799386668317e+02	3.142530932887387801e-02	0.000000000000000000e+00
4.053393893798668159e+02	3.118016930362756470e-02	0.000000000000000000e+00
4.057590988210668002e+02	3.093521984070810027e-02	0.000000000000000000e+00
4.061788082622667844e+02	3.069030192145566147e-02	0.000000000000000000e+00
4.065985177034668254e+02	3.044519200964948200e-02	0.000000000000000000e+00
4.070182271446668096e+02	3.019963232687838256e-02	0.000000000000000000e+00
4.074379365858667938e+02	2.995332289678763124e-02	0.000000000000000000e+00
4.078576460270667781e+02	2.970592587560836814e-02	0.000000000000000000e+00
4.082773554682668191e+02	2.945707842598402001e-02	0.000000000000000000e+00
4.086970649094668033e+02	2.920639373067368885e-02	0.000000000000000000e+00
4.091167743506667875e+02	2.895342993854569183e-02	0.000000000000000000e+00
4.095364837918668286e+02	2.869802638256188296e-02	0.000000000000000000e+00
4.099561932330668128e+02	2.844008895192927031e-02	0.000000000000000000e+00
4.103759026742667970e+02	2.817974292037960654e-02	0.000000000000000000e+00
4.107956121154667812e+02	2.791740705794195851e-02	0.000000000000000000e+00
4.112153215566668223e+02	2.765388551605631531e-02	0.000000000000000000e+00
4.116350309978668065e+02	2.739063815588534817e-02	0.000000000000000000e+00
4.120547404390667907e+02	2.712947808571574554e-02	0.000000000000000000e+00
4.124744498802667749e+02	2.687267123219013246e-02	0.000000000000000000e+00
4.128941593214668160e+02	2.662301823748105395e-02	0.000000000000000000e+00
4.133138687626668002e+02	2.638428587193532293e-02	0.000000000000000000e+00
4.137335782038667844e+02	2.615929835244837701e-02	0.000000000000000000e+00
4.141532876450668255e+02	2.595126786507734318e-02	0.000000000000000000e+00
4.145729970862668097e+02	2.576328790571452351e-02	0.000000000000000000e+00
4.149927065274667939e+02	2.559979662464771308e-02	0.000000000000000000e+00
4.154124159686667781e+02	2.546272981855785683e-02	0.000000000000000000e+00
4.158321254098668192e+02	2.535393277586102390e-02	0.000000000000000000e+00
4.162518348510668034e+02	2.527540038442848552e-02	0.000000000000000000e+00
4.166715442922667876e+02	2.523073040288667176e-02	0.000000000000000000e+00
4.170912537334668286e+02	2.522111774683797117e-02	0.000000000000000000e+00
4.175109631746668128e+02	2.524717509614939417e-02	0.000000000000000000e+00
4.179306726158667971e+02	2.531050174639297434e-02	0.000000000000000000e+00
4.183503820570667813e+02	2.541547421328962941e-02	0.000000000000000000e+00
4.187700914982668223e+02	2.556264228150350801e-02	0.000000000000000000e+00
4.191898009394668065e+02	2.575309450383974144e-02	0.000000000000000000e+00
4.196095103806667908e+02	2.598912372902578011e-02	0.000000000000000000e+00
4.200292198218668318e+02	2.627798961826502411e-02	0.000000000000000000e+00
4.204489292630668160e+02	2.661828141199632652e-02	0.000000000000000000e+00
4.208686387042668002e+02	2.701301122364526547e-02	0.000000000000000000e+00
4.212883481454667844e+02	2.746839204331930420e-02	0.000000000000000000e+00
4.217080575866667687e+02	2.798917037358547577e-02	0.000000000000000000e+00
4.221277670278668097e+02	2.857618129184925221e-02	0.000000000000000000e+00
4.225474764690667939e+02	2.923411294687015480e-02	0.000000000000000000e+00
4.229671859102667781e+02	2.997525980465222395e-02	0.000000000000000000e+00
4.233868953514668192e+02	3.079759817279449641e-02	0.000000000000000000e+00
4.238066047926668034e+02	3.170629215237077275e-02	0.000000000000000000e+00
4.242263142338667876e+02	3.271569616936076397e-02	0.000000000000000000e+00
4.246460236750667718e+02	3.382693440198281803e-02	0.000000000000000000e+00
4.250657331162668129e+02	3.504401686465870996e-02	0.000000000000000000e+00
4.254854425574667971e+02	3.638243607256781698e-02	0.000000000000000000e+00
4.259051519986667813e+02	3.784769412266884847e-02	0.000000000000000000e+00
4.263248614398668224e+02	3.944209924129091216e-02	0.000000000000000000e+00
4.267445708810668066e+02	4.118346910875370775e-02	0.000000000000000000e+00
4.271642803222667908e+02	4.308032079031263312e-02	0.000000000000000000e+00
4.275839897634667750e+02	4.513360246172757467e-02	0.000000000000000000e+00
4.280036992046668161e+02	4.736543169869358860e-02	0.000000000000000000e+00
4.284234086458668003e+02	4.978432918992672235e-02	0.000000000000000000e+00
4.288431180870667845e+02	5.239081534649036448e-02	0.000000000000000000e+00
4.292628275282668255e+02	5.521430425204505027e-02	0.000000000000000000e+00
4.296825369694668098e+02	5.825794554056760305e-02	0.000000000000000000e+00
4.301022464106667940e+02	6.152361362925108657e-02	0.000000000000000000e+00
4.305219558518667782e+02	6.505218894746475633e-02	0.000000000000000000e+00
4.309416652930668192e+02	6.883301390874900505e-02	0.000000000000000000e+00
4.313613747342668034e+02	7.287681682655598736e-02	0.000000000000000000e+00
4.317810841754667877e+02	7.722735591846664749e-02	0.000000000000000000e+00
4.322007936166667719e+02	8.186211362477596731e-02	0.000000000000000000e+00
4.326205030578668129e+02	8.681113252199963715e-02	0.000000000000000000e+00
4.330402124990667971e+02	9.209395872015530005e-02	0.000000000000000000e+00
4.334599219402667813e+02	9.769413958863237823e-02	0.000000000000000000e+00
4.338796313814667656e+02	1.036625147706796424e-01	0.000000000000000000e+00
4.342993408226668066e+02	1.099774433057220391e-01	0.000000000000000000e+00
4.347190502638667908e+02	1.166476557931617752e-01	0.000000000000000000e+00
4.351387597050667750e+02	1.237093713863640226e-01	0.000000000000000000e+00
4.355584691462668161e+02	1.311224150216429296e-01	0.000000000000000000e+00
4.359781785874668003e+02	1.389293169356266844e-01	0.000000000000000000e+00
4.363978880286667845e+02	1.471032254492142533e-01	0.000000000000000000e+00
4.368175974698667687e+02	1.556365277569386751e-01	0.000000000000000000e+00
4.372373069110668098e+02	1.645503980016843892e-01	0.000000000000000000e+00
4.376570163522667940e+02	1.737885997821000394e-01	0.000000000000000000e+00
4.380767257934667782e+02	1.833794215703166142e-01	0.000000000000000000e+00
4.384964352346668193e+02	1.932665465570627961e-01	0.000000000000000000e+00
4.389161446758668035e+02	2.034374032181998637e-01	0.000000000000000000e+00
4.393358541170667877e+02	2.138649340485841710e-01	0.000000000000000000e+00
4.397555635582667719e+02	2.244958603158150046e-01	0.000000000000000000e+00
4.401752729994668130e+02	2.353151324647013987e-01	0.000000000000000000e+00
4.405949824406667972e+02	2.462522250645093058e-01	0.000000000000000000e+00
4.410146918818667814e+02	2.572733464764808686e-01	0.000000000000000000e+00
4.414344013230668224e+02	2.683170413028014845e-01	0.000000000000000000e+00
4.418541107642668067e+02	2.793309129448180994e-01	0.000000000000000000e+00
4.422738202054667909e+02	2.902531369319107379e-01	0.000000000000000000e+00
4.426935296466667751e+02	3.010334350809651949e-01	0.000000000000000000e+00
4.431132390878668161e+02	3.115932786143941757e-01	0.000000000000000000e+00
4.435329485290668003e+02	3.219072971957016027e-01	0.000000000000000000e+00
4.439526579702667846e+02	3.318665563195807855e-01	0.000000000000000000e+00
4.443723674114668256e+02	3.414800928965617821e-01	0.000000000000000000e+00
4.447920768526668098e+02	3.506279238357571937e-01	0.000000000000000000e+00
4.452117862938667940e+02	3.593296707717404948e-01	0.000000000000000000e+00
4.456314957350667783e+02	3.674819415939218903e-01	0.000000000000000000e+00
4.460512051762667625e+02	3.750955765480887827e-01	0.000000000000000000e+00
4.464709146174668035e+02	3.820940653200242676e-01	0.000000000000000000e+00
4.468906240586667877e+02	3.884735365224108450e-01	0.000000000000000000e+00
4.473103334998667719e+02	3.941838855894070903e-01	0.000000000000000000e+00
4.477300429410668130e+02	3.992016269559875430e-01	0.000000000000000000e+00
4.481497523822667972e+02	4.034963282598129086e-01	0.000000000000000000e+00
4.485694618234667814e+02	4.070193397454201500e-01	0.000000000000000000e+00
4.489891712646667656e+02	4.097481675133874957e-01	0.000000000000000000e+00
4.494088807058668067e+02	4.116012729283469174e-01	0.000000000000000000e+00
4.498285901470667909e+02	4.125485600384750096e-01	0.000000000000000000e+00
4.502482995882667751e+02	4.124657690839301782e-01	0.000000000000000000e+00
4.506680090294668162e+02	4.112971025119362412e-01	0.000000000000000000e+00
4.510877184706668004e+02	4.088685727155518257e-01	0.000000000000000000e+00
4.515074279118667846e+02	4.050815150732936520e-01	0.000000000000000000e+00
4.519271373530667688e+02	3.997242738652241889e-01	0.000000000000000000e+00
4.523468467942668099e+02	3.926515834980599529e-01	0.000000000000000000e+00
4.527665562354667941e+02	3.836801339821301893e-01	0.000000000000000000e+00
4.531862656766667783e+02	3.726610149745517298e-01	0.000000000000000000e+00
4.536059751178668193e+02	3.596004101917538720e-01	0.000000000000000000e+00
4.540256845590668036e+02	3.444875708789481017e-01	0.000000000000000000e+00
4.544453940002667878e+02	3.277359900769549195e-01	0.000000000000000000e+00
4.548651034414667720e+02	3.097106130822065984e-01	0.000000000000000000e+00
4.552848128826667562e+02	2.912435888924215233e-01	0.000000000000000000e+00
4.557045223238667973e+02	2.732152371589141038e-01	0.000000000000000000e+00
4.561242317650667815e+02	2.563701458976075376e-01	0.000000000000000000e+00
4.565439412062668225e+02	2.418686376191841736e-01	0.000000000000000000e+00
4.569636506474668067e+02	2.297811462460437326e-01	0.000000000000000000e+00
4.573833600886667909e+02	2.207859121415141346e-01	0.000000000000000000e+00
4.578030695298667752e+02	2.144741608161496171e-01	0.000000000000000000e+00
4.582227789710667594e+02	2.107515230849159316e-01	0.000000000000000000e+00
4.586424884122668004e+02	2.091195181128080449e-01	0.000000000000000000e+00
4.590621978534667846e+02	2.090497959952694607e-01	0.000000000000000000e+00
4.594819072946667688e+02	2.101902150725348806e-01	0.000000000000000000e+00
4.599016167358668099e+02	2.120239738401811513e-01	0.000000000000000000e+00
4.603213261770667941e+02	2.143528582127830484e-01	0.000000000000000000e+00
4.607410356182667783e+02	2.168722676599018628e-01	0.000000000000000000e+00
4.611607450594667625e+02	2.194464503012321932e-01	0.000000000000000000e+00
4.615804545006668036e+02	2.219644655947986545e-01	0.000000000000000000e+00
4.620001639418667878e+02	2.243558284854487994e-01	0.000000000000000000e+00
4.624198733830667720e+02	2.265705436440898779e-01	0.000000000000000000e+00
4.628395828242668131e+02	2.286102839203059123e-01	0.000000000000000000e+00
4.632592922654667973e+02	2.304260007861041182e-01	0.000000000000000000e+00
4.636790017066667815e+02	2.320594950597805461e-01	0.000000000000000000e+00
4.640987111478667657e+02	2.334939546844455038e-01	0.000000000000000000e+00
4.645184205890668068e+02	2.347460300980127590e-01	0.000000000000000000e+00
4.649381300302667910e+02	2.358379606480886514e-01	0.000000000000000000e+00
4.653578394714667752e+02	2.367586608860384745e-01	0.000000000000000000e+00
4.657775489126668162e+02	2.375486554685112828e-01	0.000000000000000000e+00
4.661972583538668005e+02	2.382031842321444270e-01	0.000000000000000000e+00
4.666169677950667847e+02	2.387422809277984226e-01	0.000000000000000000e+00
4.670366772362667689e+02	2.391830301108748558e-01	0.000000000000000000e+00
4.674563866774667531e+02	2.395216250102921163e-01	0.000000000000000000e+00
4.678760961186667942e+02	2.397847173429634160e-01	0.000000000000000000e+00
4.682958055598667784e+02	2.399731905909730789e-01	0.000000000000000000e+00
4.687155150010668194e+02	2.400971889635273582e-01	0.000000000000000000e+00
4.691352244422668036e+02	2.401698999728242856e-01	0.000000000000000000e+00
4.695549338834667878e+02	2.401895557582106600e-01	0.000000000000000000e+00
4.699746433246667721e+02	2.401707215837478593e-01	0.000000000000000000e+00
4.703943527658667563e+02	2.401175929677872856e-01	0.000000000000000000e+00
4.708140622070667973e+02	2.400328808029942029e-01	0.000000000000000000e+00
4.712337716482667815e+02	2.399255790891090534e-01	0.000000000000000000e+00
4.716534810894667658e+02	2.397976317786886524e-01	0.000000000000000000e+00
4.720731905306668068e+02	2.396536297606094990e-01	0.000000000000000000e+00
4.724928999718667910e+02	2.394982542586804319e-01	0.000000000000000000e+00
4.729126094130667752e+02	2.393332111884119706e-01	0.000000000000000000e+00
4.733323188542667594e+02	2.391624174240267742e-01	0.000000000000000000e+00
4.737520282954668005e+02	2.389883530383165866e-01	0.000000000000000000e+00
4.741717377366667847e+02	2.388130119418269970e-01	0.000000000000000000e+00
4.745914471778667689e+02	2.386385511797783632e-01	0.000000000000000000e+00
4.750111566190668100e+02	2.384665050184582302e-01	0.000000000000000000e+00
4.754308660602667942e+02	2.382989084877064068e-01	0.000000000000000000e+00
4.758505755014667784e+02	2.381362721346667044e-01	0.000000000000000000e+00
4.762702849426667626e+02	2.379796997632803168e-01	0.000000000000000000e+00
4.766899943838667468e+02	2.378307567053984661e-01	0.000000000000000000e+00
4.771097038250667879e+02	2.376889156469249587e-01	0.000000000000000000e+00
4.775294132662667721e+02	2.375547960517661039e-01	0.000000000000000000e+00
4.779491227074668132e+02	2.374293725187135440e-01	0.000000000000000000e+00
4.783688321486667974e+02	2.373114002760740027e-01	0.000000000000000000e+00
4.787885415898667816e+02	2.372008771956427842e-01	0.000000000000000000e+00
4.792082510310667658e+02	2.370981914756899456e-01	0.000000000000000000e+00
4.796279604722667500e+02	2.370015914491641895e-01	0.000000000000000000e+00
4.800476699134667911e+02	2.369103964155151454e-01	0.000000000000000000e+00
4.804673793546667753e+02	2.368243151365711785e-01	0.000000000000000000e+00
4.808870887958667595e+02	2.367413711244803765e-01	0.000000000000000000e+00
4.813067982370668005e+02	2.366604145663550596e-01	0.000000000000000000e+00
4.817265076782667848e+02	2.365801049662453748e-01	0.000000000000000000e+00
4.821462171194667690e+02	2.364988094831516618e-01	0.000000000000000000e+00
4.825659265606667532e+02	2.364151608601912924e-01	0.000000000000000000e+00
4.829856360018667942e+02	2.363272396061600333e-01	0.000000000000000000e+00
4.834053454430667784e+02	2.362336780124012492e-01	0.000000000000000000e+00
4.838250548842667627e+02	2.361336778274968906e-01	0.000000000000000000e+00
4.842447643254668037e+02	2.360259676855011035e-01	0.000000000000000000e+00
4.846644737666667879e+02	2.359092151706105034e-01	0.000000000000000000e+00
4.850841832078667721e+02	2.357843969882297275e-01	0.000000000000000000e+00
4.855038926490667563e+02	2.356519426505773451e-01	0.000000000000000000e+00
4.859236020902667974e+02	2.355120887778652528e-01	0.000000000000000000e+00
4.863433115314667816e+02	2.353677116446170337e-01	0.000000000000000000e+00
4.867630209726667658e+02	2.352215878055618214e-01	0.000000000000000000e+00
4.871827304138668069e+02	2.350773218025012656e-01	0.000000000000000000e+00
4.876024398550667911e+02	2.349401958263185874e-01	0.000000000000000000e+00
4.880221492962667753e+02	2.348146658539705944e-01	0.000000000000000000e+00
4.884418587374667595e+02	2.347059166213513459e-01	0.000000000000000000e+00
4.888615681786667437e+02	2.346227133412568666e-01	0.000000000000000000e+00
4.892812776198667848e+02	2.345700670601718607e-01	0.000000000000000000e+00
4.897009870610667690e+02	2.345517534771031642e-01	0.000000000000000000e+00
4.901206965022668101e+02	2.345723270705857566e-01	0.000000000000000000e+00
4.905404059434667943e+02	2.346430152235565170e-01	0.000000000000000000e+00
4.909601153846667785e+02	2.347602784725554281e-01	0.000000000000000000e+00
4.913798248258667627e+02	2.349252213161484859e-01	0.000000000000000000e+00
4.917995342670667469e+02	2.351391066714414724e-01	0.000000000000000000e+00
4.922192437082667880e+02	2.354080014465800008e-01	0.000000000000000000e+00
4.926389531494667722e+02	2.357231385922745059e-01	0.000000000000000000e+00
4.930586625906667564e+02	2.360827326169984419e-01	0.000000000000000000e+00
4.934783720318667974e+02	2.364854640624357851e-01	0.000000000000000000e+00
4.938980814730667817e+02	2.369341617000732536e-01	0.000000000000000000e+00
4.943177909142667659e+02	2.374207970299458403e-01	0.000000000000000000e+00
4.947375003554667501e+02	2.379438247146998253e-01	0.000000000000000000e+00
4.951572097966667911e+02	2.385020387431013855e-01	0.000000000000000000e+00
4.955769192378667753e+02	2.390998978324887225e-01	0.000000000000000000e+00
4.959966286790667596e+02	2.397314267225170159e-01	0.000000000000000000e+00
4.964163381202668006e+02	2.403961447506877958e-01	0.000000000000000000e+00
4.968360475614667848e+02	2.410936775196451665e-01	0.000000000000000000e+00
4.972557570026667690e+02	2.418270169416292248e-01	0.000000000000000000e+00
4.976754664438667533e+02	2.425931382826116145e-01	0.000000000000000000e+00
4.980951758850667943e+02	2.433892863833477804e-01	0.000000000000000000e+00
4.985148853262667785e+02	2.442137177800536851e-01	0.000000000000000000e+00
4.989345947674667627e+02	2.450650056498480944e-01	0.000000000000000000e+00
4.993543042086668038e+02	2.459413676253351111e-01	0.000000000000000000e+00
4.997740136498667880e+02	2.468361397005201796e-01	0.000000000000000000e+00
5.001937230910667722e+02	2.477449312037274809e-01	0.000000000000000000e+00
5.006134325322667564e+02	2.486627290360336195e-01	0.000000000000000000e+00
5.010331419734667406e+02	2.495836451167072201e-01	0.000000000000000000e+00
5.014528514146667817e+02	2.505002184026202117e-01	0.000000000000000000e+00
5.018725608558667659e+02	2.514054650507965283e-01	0.000000000000000000e+00
5.022922702970668070e+02	2.522920872541309367e-01	0.000000000000000000e+00
5.027119797382667912e+02	2.531523891685191763e-01	0.000000000000000000e+00
5.031316891794667754e+02	2.539737721941936477e-01	0.000000000000000000e+00
5.035513986206667596e+02	2.547490731847853462e-01	0.000000000000000000e+00
5.039711080618667438e+02	2.554710258480842322e-01	0.000000000000000000e+00
5.043908175030667849e+02	2.561309232540583403e-01	0.000000000000000000e+00
5.048105269442667691e+02	2.567199946946632783e-01	0.000000000000000000e+00
5.052302363854667533e+02	2.572217598620020751e-01	0.000000000000000000e+00
5.056499458266667943e+02	2.576291081505889813e-01	0.000000000000000000e+00
5.060696552678667786e+02	2.579376777544655219e-01	0.000000000000000000e+00
5.064893647090667628e+02	2.581392084392487019e-01	0.000000000000000000e+00
5.069090741502667470e+02	2.582257200128196262e-01	0.000000000000000000e+00
5.073287835914667880e+02	2.581855369623121677e-01	0.000000000000000000e+00
5.077484930326667723e+02	2.580012545727714546e-01	0.000000000000000000e+00
5.081682024738668133e+02	2.576787704611429586e-01	0.000000000000000000e+00
5.085879119150667975e+02	2.572117725616978046e-01	0.000000000000000000e+00
5.090076213562667817e+02	2.565943598625655686e-01	0.000000000000000000e+00
5.094273307974667659e+02	2.558210150382920767e-01	0.000000000000000000e+00
5.098470402386667502e+02	2.548761171565281924e-01	0.000000000000000000e+00
5.102667496798667344e+02	2.537539855546049328e-01	0.000000000000000000e+00
5.106864591210667754e+02	2.524601642172966676e-01	0.000000000000000000e+00
5.111061685622667596e+02	2.509899252261448832e-01	0.000000000000000000e+00
5.115258780034668007e+02	2.493383868509658763e-01	0.000000000000000000e+00
5.119455874446667849e+02	2.475003445982429662e-01	0.000000000000000000e+00
5.123652968858667691e+02	2.454615047998418564e-01	0.000000000000000000e+00
5.127850063270667533e+02	2.432079248903787905e-01	0.000000000000000000e+00
5.132047157682667375e+02	2.407468116007357439e-01	0.000000000000000000e+00
5.136244252094668354e+02	2.380694809315137828e-01	0.000000000000000000e+00
5.140441346506668197e+02	2.351660091612070569e-01	0.000000000000000000e+00
5.144638440918668039e+02	2.320251582717918204e-01	0.000000000000000000e+00
5.148835535330667881e+02	2.286343798471911493e-01	0.000000000000000000e+00
5.153032629742667723e+02	2.249571054083080446e-01	0.000000000000000000e+00
5.157229724154667565e+02	2.209906611882911931e-01	0.000000000000000000e+00
5.161426818566667407e+02	2.167278172252029567e-01	0.000000000000000000e+00
5.165623912978667249e+02	2.121536883477679603e-01	0.000000000000000000e+00
5.169821007390667091e+02	2.072546279309392669e-01	0.000000000000000000e+00
5.174018101802668070e+02	2.020193686057040749e-01	0.000000000000000000e+00
5.178215196214667912e+02	1.964403789211494611e-01	0.000000000000000000e+00
5.182412290626667755e+02	1.904983943376605815e-01	0.000000000000000000e+00
5.186609385038667597e+02	1.841987686284474734e-01	0.000000000000000000e+00
5.190806479450667439e+02	1.775757833021078813e-01	0.000000000000000000e+00
5.195003573862667281e+02	1.706551935744705928e-01	0.000000000000000000e+00
5.199200668274668260e+02	1.634737855175743826e-01	0.000000000000000000e+00
5.203397762686668102e+02	1.560795830669269024e-01	0.000000000000000000e+00
5.207594857098667944e+02	1.485312725102380382e-01	0.000000000000000000e+00
5.211791951510667786e+02	1.408967619916775549e-01	0.000000000000000000e+00
5.215989045922667628e+02	1.332536379574095209e-01	0.000000000000000000e+00
5.220186140334667471e+02	1.256914136087697587e-01	0.000000000000000000e+00
5.224383234746667313e+02	1.182884984176595239e-01	0.000000000000000000e+00
5.228580329158667155e+02	1.111190385775875783e-01	0.000000000000000000e+00
5.232777423570666997e+02	1.042496954551711541e-01	0.000000000000000000e+00
5.236974517982667976e+02	9.773699704107002839e-02	0.000000000000000000e+00
5.241171612394667818e+02	9.162551757940459729e-02	0.000000000000000000e+00
5.245368706806667660e+02	8.594697821037015906e-02	0.000000000000000000e+00
5.249565801218667502e+02	8.072024429888145780e-02	0.000000000000000000e+00
5.253762895630667344e+02	7.595877840957550309e-02	0.000000000000000000e+00
5.257959990042668323e+02	7.168164504302505791e-02	0.000000000000000000e+00
5.262157084454668166e+02	6.784267104510366408e-02	0.000000000000000000e+00
5.266354178866668008e+02	6.442084107499629342e-02	0.000000000000000000e+00
5.270551273278667850e+02	6.139045644773834937e-02	0.000000000000000000e+00
5.274748367690667692e+02	5.872282395761730528e-02	0.000000000000000000e+00
5.278945462102667534e+02	5.638770983683244475e-02	0.000000000000000000e+00
5.283142556514667376e+02	5.435452873921636785e-02	0.000000000000000000e+00
5.287339650926667218e+02	5.259326713971474582e-02	0.000000000000000000e+00
5.291536745338667060e+02	5.107516066264617544e-02	0.000000000000000000e+00
5.295733839750668039e+02	4.977315658693190481e-02	0.000000000000000000e+00
5.299930934162667882e+02	4.866371357976567030e-02	0.000000000000000000e+00
5.304128028574667724e+02	4.773088244976992495e-02	0.000000000000000000e+00
5.308325122986667566e+02	4.694289854672989426e-02	0.000000000000000000e+00
5.312522217398667408e+02	4.628155887075878494e-02	0.000000000000000000e+00
5.316719311810667250e+02	4.573065029471289067e-02	0.000000000000000000e+00
5.320916406222668229e+02	4.527581323477297692e-02	0.000000000000000000e+00
5.325113500634668071e+02	4.490438972880245183e-02	0.000000000000000000e+00
5.329310595046667913e+02	4.460526592531638412e-02	0.000000000000000000e+00
5.333507689458667755e+02	4.436871606055398098e-02	0.000000000000000000e+00
5.337704783870667598e+02	4.418625269363331276e-02	0.000000000000000000e+00
5.341901878282667440e+02	4.405048620279410077e-02	0.000000000000000000e+00
5.346098972694667282e+02	4.395499523089907434e-02	0.000000000000000000e+00
5.350296067106667124e+02	4.389420881880103098e-02	0.000000000000000000e+00
5.354493161518666966e+02	4.386330030231294641e-02	0.000000000000000000e+00
5.358690255930667945e+02	4.385809260503052004e-02	0.000000000000000000e+00
5.362887350342667787e+02	4.387551414896605217e-02	0.000000000000000000e+00
5.367084444754667629e+02	4.391210050339918597e-02	0.000000000000000000e+00
5.371281539166667471e+02	4.396473580762556843e-02	0.000000000000000000e+00
5.375478633578667313e+02	4.403114555744205849e-02	0.000000000000000000e+00
5.379675727990668292e+02	4.410936665084457670e-02	0.000000000000000000e+00
5.383872822402668135e+02	4.419770581608998411e-02	0.000000000000000000e+00
5.388069916814667977e+02	4.429470350081370078e-02	0.000000000000000000e+00
5.392267011226667819e+02	4.439910254904883002e-02	0.000000000000000000e+00
5.396464105638667661e+02	4.450982106087698204e-02	0.000000000000000000e+00
5.400661200050667503e+02	4.462592889524817641e-02	0.000000000000000000e+00
5.404858294462667345e+02	4.474662733852773078e-02	0.000000000000000000e+00
5.409055388874667187e+02	4.487123151860447634e-02	0.000000000000000000e+00
5.413252483286667029e+02	4.499915519649809459e-02	0.000000000000000000e+00
5.417449577698668008e+02	4.512989761424986146e-02	0.000000000000000000e+00
5.421646672110667851e+02	4.526303211962425660e-02	0.000000000000000000e+00
5.425843766522667693e+02	4.539819632507403196e-02	0.000000000000000000e+00
5.430040860934667535e+02	4.553508359089506602e-02	0.000000000000000000e+00
5.434237955346667377e+02	4.567343565092585322e-02	0.000000000000000000e+00
5.438435049758667219e+02	4.581303622393381736e-02	0.000000000000000000e+00
5.442632144170668198e+02	4.595370547538048245e-02	0.000000000000000000e+00
5.446829238582668040e+02	4.609529521293950771e-02	0.000000000000000000e+00
5.451026332994667882e+02	4.623768471530982638e-02	0.000000000000000000e+00
5.455223427406667724e+02	4.638077710782662066e-02	0.000000000000000000e+00
5.459420521818667567e+02	4.652449621041875732e-02	0.000000000000000000e+00
5.463617616230667409e+02	4.666878379383774395e-02	0.000000000000000000e+00
5.467814710642667251e+02	4.681359718901449696e-02	0.000000000000000000e+00
5.472011805054667093e+02	4.695890720208371200e-02	0.000000000000000000e+00
5.476208899466666935e+02	4.710469629422060767e-02	0.000000000000000000e+00
5.480405993878667914e+02	4.725095699111111353e-02	0.000000000000000000e+00
5.484603088290667756e+02	4.739769049175066029e-02	0.000000000000000000e+00
5.488800182702667598e+02	4.754490545045787081e-02	0.000000000000000000e+00
5.492997277114667440e+02	4.769261690958256222e-02	0.000000000000000000e+00
5.497194371526667283e+02	4.784084536347921190e-02	0.000000000000000000e+00
5.501391465938668262e+02	4.798961593696834255e-02	0.000000000000000000e+00
5.505588560350668104e+02	4.813895766378803454e-02	0.000000000000000000e+00
5.509785654762667946e+02	4.828890285249548553e-02	0.000000000000000000e+00
5.513982749174667788e+02	4.843948652896081647e-02	0.000000000000000000e+00
5.518179843586667630e+02	4.859074594604293612e-02	0.000000000000000000e+00
5.522376937998667472e+02	4.874272015228001825e-02	0.000000000000000000e+00
5.526574032410667314e+02	4.889544961250023858e-02	0.000000000000000000e+00
5.530771126822667156e+02	4.904897587417804405e-02	0.000000000000000000e+00
5.534968221234666998e+02	4.920334127415548070e-02	0.000000000000000000e+00
5.539165315646667977e+02	4.935858868103636804e-02	0.000000000000000000e+00
5.543362410058667820e+02	4.951476126914718806e-02	0.000000000000000000e+00
5.547559504470667662e+02	4.967190232047284659e-02	0.000000000000000000e+00
5.551756598882667504e+02	4.983005505141543945e-02	0.000000000000000000e+00
5.555953693294667346e+02	4.998926246160550341e-02	0.000000000000000000e+00
5.560150787706667188e+02	5.014956720232891657e-02	0.000000000000000000e+00
5.564347882118668167e+02	5.031101146241628158e-02	0.000000000000000000e+00
5.568544976530668009e+02	5.047363686969550539e-02	0.000000000000000000e+00
5.572742070942667851e+02	5.063748440632311748e-02	0.000000000000000000e+00
5.576939165354667693e+02	5.080259433649973039e-02	0.000000000000000000e+00
5.581136259766667536e+02	5.096900614524251666e-02	0.000000000000000000e+00
5.585333354178667378e+02	5.113675848703076732e-02	0.000000000000000000e+00
5.589530448590667220e+02	5.130588914326897343e-02	0.000000000000000000e+00
5.593727543002667062e+02	5.147643498762304731e-02	0.000000000000000000e+00
5.597924637414666904e+02	5.164843195838444284e-02	0.000000000000000000e+00
5.602121731826667883e+02	5.182191503710386477e-02	0.000000000000000000e+00
5.606318826238667725e+02	5.199691823281239744e-02	0.000000000000000000e+00
5.610515920650667567e+02	5.217347457121812582e-02	0.000000000000000000e+00
5.614713015062667409e+02	5.235161608832453184e-02	0.000000000000000000e+00
5.618910109474667252e+02	5.253137382797352234e-02	0.000000000000000000e+00
5.623107203886668231e+02	5.271277784286289292e-02	0.000000000000000000e+00
5.627304298298668073e+02	5.289585719863170582e-02	0.000000000000000000e+00
5.631501392710667915e+02	5.308063998064651429e-02	0.000000000000000000e+00
5.635698487122667757e+02	5.326715330315519303e-02	0.000000000000000000e+00
5.639895581534667599e+02	5.345542332050814971e-02	0.000000000000000000e+00
5.644092675946667441e+02	5.364547524017401064e-02	0.000000000000000000e+00
5.648289770358667283e+02	5.383733333730324894e-02	0.000000000000000000e+00
5.652486864770667125e+02	5.403102097061664860e-02	0.000000000000000000e+00
5.656683959182666968e+02	5.422656059941635687e-02	0.000000000000000000e+00
5.660881053594667947e+02	5.442397380153699005e-02	0.000000000000000000e+00
5.665078148006667789e+02	5.462333136786086396e-02	0.000000000000000000e+00
5.669275242418667631e+02	5.482467314940463188e-02	0.000000000000000000e+00
5.673472336830667473e+02	5.502795442390893271e-02	0.000000000000000000e+00
5.677669431242667315e+02	5.523319342402255305e-02	0.000000000000000000e+00
5.681866525654667157e+02	5.544040759629249859e-02	0.000000000000000000e+00
5.686063620066668136e+02	5.564961362220634949e-02	0.000000000000000000e+00
5.690260714478667978e+02	5.586082743928483946e-02	0.000000000000000000e+00
5.694457808890667820e+02	5.607406426214829598e-02	0.000000000000000000e+00
5.698654903302667663e+02	5.628933860348585283e-02	0.000000000000000000e+00
5.702851997714667505e+02	5.650666429486801701e-02	0.000000000000000000e+00
5.707049092126667347e+02	5.672605450734766186e-02	0.000000000000000000e+00
5.711246186538667189e+02	5.694752177180234520e-02	0.000000000000000000e+00
5.715443280950667031e+02	5.717107799897677006e-02	0.000000000000000000e+00
5.719640375362666873e+02	5.739673449918943071e-02	0.000000000000000000e+00
5.723837469774667852e+02	5.762450200167281572e-02	0.000000000000000000e+00
5.728034564186667694e+02	5.785439067352055736e-02	0.000000000000000000e+00
5.732231658598667536e+02	5.808657621452094355e-02	0.000000000000000000e+00
5.736428753010667378e+02	5.832093265411934097e-02	0.000000000000000000e+00
5.740625847422667221e+02	5.855744402379853275e-02	0.000000000000000000e+00
5.744822941834668200e+02	5.879611837613135661e-02	0.000000000000000000e+00
5.749020036246668042e+02	5.903696329048530034e-02	0.000000000000000000e+00
5.753217130658667884e+02	5.927998588937634372e-02	0.000000000000000000e+00
5.757414225070667726e+02	5.952519285432507357e-02	0.000000000000000000e+00
5.761611319482667568e+02	5.977259044121575882e-02	0.000000000000000000e+00
5.765808413894667410e+02	6.002218449515892007e-02	0.000000000000000000e+00
5.770005508306667252e+02	6.027398046485992616e-02	0.000000000000000000e+00
5.774202602718667094e+02	6.052798341649841263e-02	0.000000000000000000e+00
5.778399697130666937e+02	6.078419804712410085e-02	0.000000000000000000e+00
5.782596791542667916e+02	6.104283435261990964e-02	0.000000000000000000e+00
5.786793885954667758e+02	6.130374059216891353e-02	0.000000000000000000e+00
5.790990980366667600e+02	6.156687686711248553e-02	0.000000000000000000e+00
5.795188074778667442e+02	6.183224647384881478e-02	0.000000000000000000e+00
5.799385169190667284e+02	6.209985240106972310e-02	0.000000000000000000e+00
5.803582263602667126e+02	6.236969734036582752e-02	0.000000000000000000e+00
5.807779358014668105e+02	6.264178369640166499e-02	0.000000000000000000e+00
5.811976452426667947e+02	6.291611359667247105e-02	0.000000000000000000e+00
5.816173546838667789e+02	6.319268890085640022e-02	0.000000000000000000e+00
5.820370641250667632e+02	6.347151120977347072e-02	0.000000000000000000e+00
5.824567735662667474e+02	6.375275901163930670e-02	0.000000000000000000e+00
5.828764830074667316e+02	6.403638314133787424e-02	0.000000000000000000e+00
5.832961924486667158e+02	6.432226384298361799e-02	0.000000000000000000e+00
5.837159018898667000e+02	6.461040171711916746e-02	0.000000000000000000e+00
5.841356113310666842e+02	6.490079714578646242e-02	0.000000000000000000e+00
5.845553207722667821e+02	6.519345029926264246e-02	0.000000000000000000e+00
5.849750302134667663e+02	6.548836114248929308e-02	0.000000000000000000e+00
5.853947396546667505e+02	6.578552944121010548e-02	0.000000000000000000e+00
5.858144490958667348e+02	6.608495476782920430e-02	0.000000000000000000e+00
5.862341585370667190e+02	6.638681454089788436e-02	0.000000000000000000e+00
5.866538679782668169e+02	6.669109937271761046e-02	0.000000000000000000e+00
5.870735774194668011e+02	6.699764494137892823e-02	0.000000000000000000e+00
5.874932868606667853e+02	6.730645005103741418e-02	0.000000000000000000e+00
5.879129963018667695e+02	6.761751333812163200e-02	0.000000000000000000e+00
5.883327057430667537e+02	6.793083327559470974e-02	0.000000000000000000e+00
5.887524151842667379e+02	6.824640817702226636e-02	0.000000000000000000e+00
5.891721246254667221e+02	6.856423620045887235e-02	0.000000000000000000e+00
5.895918340666667063e+02	6.888441761368793714e-02	0.000000000000000000e+00
5.900115435078666906e+02	6.920713122677163431e-02	0.000000000000000000e+00
5.904312529490666748e+02	6.953209748792713030e-02	0.000000000000000000e+00
5.908509623902667727e+02	6.985931391448843564e-02	0.000000000000000000e+00
5.912706718314667569e+02	7.018877788435445852e-02	0.000000000000000000e+00
5.916903812726667411e+02	7.052048663880373935e-02	0.000000000000000000e+00
5.921100907138667253e+02	7.085443728520168793e-02	0.000000000000000000e+00
5.925298001550667095e+02	7.119062679961167539e-02	0.000000000000000000e+00
5.929495095962668074e+02	7.152931955194347102e-02	0.000000000000000000e+00
5.933692190374667916e+02	7.187040082507512029e-02	0.000000000000000000e+00
5.937889284786667758e+02	7.221371685834911125e-02	0.000000000000000000e+00
5.942086379198667601e+02	7.255926406105021875e-02	0.000000000000000000e+00
5.946283473610667443e+02	7.290703872080037118e-02	0.000000000000000000e+00
5.950480568022667285e+02	7.325703700555336040e-02	0.000000000000000000e+00
5.954677662434667127e+02	7.360925496555435765e-02	0.000000000000000000e+00
5.958874756846666969e+02	7.396391508067788612e-02	0.000000000000000000e+00
5.963071851258666811e+02	7.432101581706863913e-02	0.000000000000000000e+00
5.967268945670667790e+02	7.468032917579835173e-02	0.000000000000000000e+00
5.971466040082667632e+02	7.504185067378381369e-02	0.000000000000000000e+00
5.975663134494667474e+02	7.540557571635921053e-02	0.000000000000000000e+00
5.979860228906667317e+02	7.577149959895207454e-02	0.000000000000000000e+00
5.984057323318667159e+02	7.613961750877488999e-02	0.000000000000000000e+00
5.988254417730668138e+02	7.651029464571684757e-02	0.000000000000000000e+00
5.992451512142667980e+02	7.688327307291061008e-02	0.000000000000000000e+00
5.996648606554667822e+02	7.725843559872687394e-02	0.000000000000000000e+00
6.000845700966667664e+02	7.763577689220882427e-02	0.000000000000000000e+00
6.005042795378667506e+02	7.801529151851697985e-02	0.000000000000000000e+00
6.009239889790667348e+02	7.839697394061055646e-02	0.000000000000000000e+00
6.013436984202667190e+02	7.878100621925938907e-02	0.000000000000000000e+00
6.017634078614667033e+02	7.916752021576536902e-02	0.000000000000000000e+00
6.021831173026666875e+02	7.955618960088123304e-02	0.000000000000000000e+00
6.026028267438666717e+02	7.994700832258068435e-02	0.000000000000000000e+00
6.030225361850667696e+02	8.033997023047499686e-02	0.000000000000000000e+00
6.034422456262667538e+02	8.073506907767387386e-02	0.000000000000000000e+00
6.038619550674667380e+02	8.113243589424680435e-02	0.000000000000000000e+00
6.042816645086667222e+02	8.153232736228002708e-02	0.000000000000000000e+00
6.047013739498667064e+02	8.193434082954054176e-02	0.000000000000000000e+00
6.051210833910668043e+02	8.233846953399459601e-02	0.000000000000000000e+00
6.055407928322667885e+02	8.274470662132857313e-02	0.000000000000000000e+00
6.059605022734667727e+02	8.315304514714244588e-02	0.000000000000000000e+00
6.063802117146667570e+02	8.356369803563637455e-02	0.000000000000000000e+00
6.067999211558667412e+02	8.397677975032830089e-02	0.000000000000000000e+00
6.072196305970667254e+02	8.439194535955688026e-02	0.000000000000000000e+00
6.076393400382667096e+02	8.480918740407669687e-02	0.000000000000000000e+00
6.080590494794666938e+02	8.522849833987904133e-02	0.000000000000000000e+00
6.084787589206666780e+02	8.564987054082989770e-02	0.000000000000000000e+00
6.088984683618667759e+02	8.607373079122401793e-02	0.000000000000000000e+00
6.093181778030667601e+02	8.649978573164086859e-02	0.000000000000000000e+00
6.097378872442667443e+02	8.692788171689219689e-02	0.000000000000000000e+00
6.101575966854667286e+02	8.735801060994639877e-02	0.000000000000000000e+00
6.105773061266667128e+02	8.779016419863451548e-02	0.000000000000000000e+00
6.109970155678666970e+02	8.822451164133170154e-02	0.000000000000000000e+00
6.114167250090667949e+02	8.866129018299433173e-02	0.000000000000000000e+00
6.118364344502667791e+02	8.910007089677057790e-02	0.000000000000000000e+00
6.122561438914667633e+02	8.954084506433970803e-02	0.000000000000000000e+00
6.126758533326667475e+02	8.998360390085953509e-02	0.000000000000000000e+00
6.130955627738667317e+02	9.042834898511592501e-02	0.000000000000000000e+00
6.135152722150667159e+02	9.087566681861691809e-02	0.000000000000000000e+00
6.139349816562667002e+02	9.132494445116395854e-02	0.000000000000000000e+00
6.143546910974666844e+02	9.177617260161445578e-02	0.000000000000000000e+00
6.147744005386666686e+02	9.222934193277877724e-02	0.000000000000000000e+00
6.151941099798667665e+02	9.268444305549183859e-02	0.000000000000000000e+00
6.156138194210667507e+02	9.314202965546906909e-02	0.000000000000000000e+00
6.160335288622667349e+02	9.360159749843106891e-02	0.000000000000000000e+00
6.164532383034667191e+02	9.406306946048888229e-02	0.000000000000000000e+00
6.168729477446667033e+02	9.452643568058215207e-02	0.000000000000000000e+00
6.172926571858668012e+02	9.499168625861653670e-02	0.000000000000000000e+00
6.177123666270667854e+02	9.545939642121933910e-02	0.000000000000000000e+00
6.181320760682667697e+02	9.592902870250800962e-02	0.000000000000000000e+00
6.185517855094667539e+02	9.640051529656326612e-02	0.000000000000000000e+00
6.189714949506667381e+02	9.687384585594119302e-02	0.000000000000000000e+00
6.193912043918667223e+02	9.734904706026735466e-02	0.000000000000000000e+00
6.198109138330667065e+02	9.782668697489664555e-02	0.000000000000000000e+00
6.202306232742666907e+02	9.830613885949496256e-02	0.000000000000000000e+00
6.206503327154666749e+02	9.878739193964873599e-02	0.000000000000000000e+00
6.210700421566667728e+02	9.927043542854939451e-02	0.000000000000000000e+00
6.214897515978667570e+02	9.975547079450829135e-02	0.000000000000000000e+00
6.219094610390667413e+02	1.002427224914954479e-01	0.000000000000000000e+00
6.223291704802667255e+02	1.007317302728804875e-01	0.000000000000000000e+00
6.227488799214667097e+02	1.012224829630464368e-01	0.000000000000000000e+00
6.231685893626666939e+02	1.017149693925415016e-01	0.000000000000000000e+00
6.235882988038667918e+02	1.022096411824552215e-01	0.000000000000000000e+00
6.240080082450667760e+02	1.027062255309597189e-01	0.000000000000000000e+00
6.244277176862667602e+02	1.032045070322513275e-01	0.000000000000000000e+00
6.248474271274667444e+02	1.037044741739912290e-01	0.000000000000000000e+00
6.252671365686667286e+02	1.042062287138825899e-01	0.000000000000000000e+00
6.256868460098667128e+02	1.047102012921884567e-01	0.000000000000000000e+00
6.261065554510666971e+02	1.052158210891568496e-01	0.000000000000000000e+00
6.265262648922666813e+02	1.057230762872329172e-01	0.000000000000000000e+00
6.269459743334666655e+02	1.062319551110720434e-01	0.000000000000000000e+00
6.273656837746667634e+02	1.067429402732796573e-01	0.000000000000000000e+00
6.277853932158667476e+02	1.072556979269209676e-01	0.000000000000000000e+00
6.282051026570667318e+02	1.077700387042101748e-01	0.000000000000000000e+00
6.286248120982667160e+02	1.082859505838512926e-01	0.000000000000000000e+00
6.290445215394667002e+02	1.088036848243983112e-01	0.000000000000000000e+00
6.294642309806667981e+02	1.093233702479027986e-01	0.000000000000000000e+00
6.298839404218667823e+02	1.098445846014153848e-01	0.000000000000000000e+00
6.303036498630667666e+02	1.103673156657746096e-01	0.000000000000000000e+00
6.307233593042667508e+02	1.108916376958084399e-01	0.000000000000000000e+00
6.311430687454667350e+02	1.114180315059686288e-01	0.000000000000000000e+00
6.315627781866667192e+02	1.119458982776537770e-01	0.000000000000000000e+00
6.319824876278667034e+02	1.124752256461685890e-01	0.000000000000000000e+00
6.324021970690666876e+02	1.130060013475733538e-01	0.000000000000000000e+00
6.328219065102666718e+02	1.135388370298299338e-01	0.000000000000000000e+00
6.332416159514667697e+02	1.140731263531403333e-01	0.000000000000000000e+00
6.336613253926667539e+02	1.146088186007894333e-01	0.000000000000000000e+00
6.340810348338667382e+02	1.151459014379993401e-01	0.000000000000000000e+00
6.345007442750667224e+02	1.156849054317461989e-01	0.000000000000000000e+00
6.349204537162667066e+02	1.162253792531728197e-01	0.000000000000000000e+00
6.353401631574666908e+02	1.167671969495044232e-01	0.000000000000000000e+00
6.357598725986667887e+02	1.173103461747584814e-01	0.000000000000000000e+00
6.361795820398667729e+02	1.178553203023139512e-01	0.000000000000000000e+00
6.365992914810667571e+02	1.184017329759897291e-01	0.000000000000000000e+00
6.370190009222667413e+02	1.189494292959209498e-01	0.000000000000000000e+00
6.374387103634667255e+02	1.194983969670124629e-01	0.000000000000000000e+00
6.378584198046667098e+02	1.200491321883114526e-01	0.000000000000000000e+00
6.382781292458666940e+02	1.206012311406372828e-01	0.000000000000000000e+00
6.386978386870666782e+02	1.211545525436520249e-01	0.000000000000000000e+00
6.391175481282666624e+02	1.217090842169791659e-01	0.000000000000000000e+00
6.395372575694666466e+02	1.222653608466995334e-01	0.000000000000000000e+00
6.399569670106667445e+02	1.228228873068111654e-01	0.000000000000000000e+00
6.403766764518667287e+02	1.233815742800542514e-01	0.000000000000000000e+00
6.407963858930667129e+02	1.239414180071201910e-01	0.000000000000000000e+00
6.412160953342668108e+02	1.245029977639507540e-01	0.000000000000000000e+00
6.416358047754667950e+02	1.250656875547146440e-01	0.000000000000000000e+00
6.420555142166667792e+02	1.256294754143708892e-01	0.000000000000000000e+00
6.424752236578667635e+02	1.261944715757413182e-01	0.000000000000000000e+00
6.428949330990667477e+02	1.267610089259446071e-01	0.000000000000000000e+00
6.433146425402667319e+02	1.273285933090800570e-01	0.000000000000000000e+00
6.437343519814667161e+02	1.278972130533559959e-01	0.000000000000000000e+00
6.441540614226667003e+02	1.284671152047588416e-01	0.000000000000000000e+00
6.445737708638666845e+02	1.290383378197873798e-01	0.000000000000000000e+00
6.449934803050666687e+02	1.296105443876755248e-01	0.000000000000000000e+00
6.454131897462666529e+02	1.301837235937009507e-01	0.000000000000000000e+00
6.458328991874667508e+02	1.307582760859784532e-01	0.000000000000000000e+00
6.462526086286667351e+02	1.313339086451555948e-01	0.000000000000000000e+00
6.466723180698667193e+02	1.319104622509398028e-01	0.000000000000000000e+00
6.470920275110667035e+02	1.324879686547892899e-01	0.000000000000000000e+00
6.475117369522668014e+02	1.330668645595493582e-01	0.000000000000000000e+00
6.479314463934667856e+02	1.336466297092131772e-01	0.000000000000000000e+00
6.483511558346667698e+02	1.342272534259451588e-01	0.000000000000000000e+00
6.487708652758667540e+02	1.348089652259082671e-01	0.000000000000000000e+00
6.491905747170667382e+02	1.353917776409096219e-01	0.000000000000000000e+00
6.496102841582667224e+02	1.359753969758796255e-01	0.000000000000000000e+00
6.500299935994667067e+02	1.365598130747376904e-01	0.000000000000000000e+00
6.504497030406666909e+02	1.371454530874950672e-01	0.000000000000000000e+00
6.508694124818666751e+02	1.377319026804110225e-01	0.000000000000000000e+00
6.512891219230666593e+02	1.383190977373041919e-01	0.000000000000000000e+00
6.517088313642666435e+02	1.389071992102464126e-01	0.000000000000000000e+00
6.521285408054667414e+02	1.394963129863592000e-01	0.000000000000000000e+00
6.525482502466667256e+02	1.400861211214665392e-01	0.000000000000000000e+00
6.529679596878667098e+02	1.406766143729224205e-01	0.000000000000000000e+00
6.533876691290668077e+02	1.412681675452340802e-01	0.000000000000000000e+00
6.538073785702667919e+02	1.418604225865506829e-01	0.000000000000000000e+00
6.542270880114667762e+02	1.424533123209026086e-01	0.000000000000000000e+00
6.546467974526667604e+02	1.430470040146130939e-01	0.000000000000000000e+00
6.550665068938667446e+02	1.436415398128579601e-01	0.000000000000000000e+00
6.554862163350667288e+02	1.442366603323692598e-01	0.000000000000000000e+00
6.559059257762667130e+02	1.448323588761356584e-01	0.000000000000000000e+00
6.563256352174666972e+02	1.454290096226990570e-01	0.000000000000000000e+00
6.567453446586666814e+02	1.460261956804266015e-01	0.000000000000000000e+00
6.571650540998666656e+02	1.466239093080886347e-01	0.000000000000000000e+00
6.575847635410666499e+02	1.472223688130902541e-01	0.000000000000000000e+00
6.580044729822667477e+02	1.478214559307887976e-01	0.000000000000000000e+00
6.584241824234667320e+02	1.484210223441089771e-01	0.000000000000000000e+00
6.588438918646667162e+02	1.490211549964786386e-01	0.000000000000000000e+00
6.592636013058667004e+02	1.496219797818483521e-01	0.000000000000000000e+00
6.596833107470667983e+02	1.502232363902791246e-01	0.000000000000000000e+00
6.601030201882667825e+02	1.508249183123605286e-01	0.000000000000000000e+00
6.605227296294667667e+02	1.514273079074399952e-01	0.000000000000000000e+00
6.609424390706667509e+02	1.520300936226268440e-01	0.000000000000000000e+00
6.613621485118667351e+02	1.526332585920203710e-01	0.000000000000000000e+00
6.617818579530667193e+02	1.532369837984338956e-01	0.000000000000000000e+00
6.622015673942667036e+02	1.538411393417426221e-01	0.000000000000000000e+00
6.626212768354666878e+02	1.544456290992076153e-01	0.000000000000000000e+00
6.630409862766666720e+02	1.550505545992402756e-01	0.000000000000000000e+00
6.634606957178666562e+02	1.556559228032691755e-01	0.000000000000000000e+00
6.638804051590666404e+02	1.562615812913964453e-01	0.000000000000000000e+00
6.643001146002667383e+02	1.568675719352745079e-01	0.000000000000000000e+00
6.647198240414667225e+02	1.574739980377936055e-01	0.000000000000000000e+00
6.651395334826667067e+02	1.580806716899605113e-01	0.000000000000000000e+00
6.655592429238668046e+02	1.586875927274283837e-01	0.000000000000000000e+00
6.659789523650667888e+02	1.592949246562172516e-01	0.000000000000000000e+00
6.663986618062667731e+02	1.599024626759178724e-01	0.000000000000000000e+00
6.668183712474667573e+02	1.605102032170643012e-01	0.000000000000000000e+00
6.672380806886667415e+02	1.611182686367232109e-01	0.000000000000000000e+00
6.676577901298667257e+02	1.617265232658230412e-01	0.000000000000000000e+00
6.680774995710667099e+02	1.623349408704885533e-01	0.000000000000000000e+00
6.684972090122666941e+02	1.629436030895325405e-01	0.000000000000000000e+00
6.689169184534666783e+02	1.635524298640558538e-01	0.000000000000000000e+00
6.693366278946666625e+02	1.641613814879010202e-01	0.000000000000000000e+00
6.697563373358666468e+02	1.647705089957337277e-01	0.000000000000000000e+00
6.701760467770667447e+02	1.653797669878687149e-01	0.000000000000000000e+00
6.705957562182667289e+02	1.659891131802369857e-01	0.000000000000000000e+00
6.710154656594667131e+02	1.665985759166066227e-01	0.000000000000000000e+00
6.714351751006666973e+02	1.672081279616937366e-01	0.000000000000000000e+00
6.718548845418667952e+02	1.678177330853684313e-01	0.000000000000000000e+00
6.722745939830667794e+02	1.684274026700122440e-01	0.000000000000000000e+00
6.726943034242667636e+02	1.690371155773838507e-01	0.000000000000000000e+00
6.731140128654667478e+02	1.696468480119215361e-01	0.000000000000000000e+00
6.735337223066667320e+02	1.702565979706094912e-01	0.000000000000000000e+00
6.739534317478667163e+02	1.708663427172468774e-01	0.000000000000000000e+00
6.743731411890667005e+02	1.714760750449179361e-01	0.000000000000000000e+00
6.747928506302666847e+02	1.720857810308666080e-01	0.000000000000000000e+00
6.752125600714666689e+02	1.726954329369635166e-01	0.000000000000000000e+00
6.756322695126666531e+02	1.733050421104440908e-01	0.000000000000000000e+00
6.760519789538666373e+02	1.739145821200701325e-01	0.000000000000000000e+00
6.764716883950667352e+02	1.745240210057161512e-01	0.000000000000000000e+00
6.768913978362667194e+02	1.751333884968103161e-01	0.000000000000000000e+00
6.773111072774667036e+02	1.757426430787956406e-01	0.000000000000000000e+00
6.777308167186668015e+02	1.763517534011179999e-01	0.000000000000000000e+00
6.781505261598667857e+02	1.769607653299170580e-01	0.000000000000000000e+00
6.785702356010667700e+02	1.775696177865769554e-01	0.000000000000000000e+00
6.789899450422667542e+02	1.781782887568297835e-01	0.000000000000000000e+00
6.794096544834667384e+02	1.787868360008592894e-01	0.000000000000000000e+00
6.798293639246667226e+02	1.793951725808115016e-01	0.000000000000000000e+00
6.802490733658667068e+02	1.800032982610354770e-01	0.000000000000000000e+00
6.806687828070666910e+02	1.806112765440841816e-01	0.000000000000000000e+00
6.810884922482666752e+02	1.812189866252482684e-01	0.000000000000000000e+00
6.815082016894666594e+02	1.818264660042739900e-01	0.000000000000000000e+00
6.819279111306666437e+02	1.824337759647450541e-01	0.000000000000000000e+00
6.823476205718667416e+02	1.830407522267271658e-01	0.000000000000000000e+00
6.827673300130667258e+02	1.836474892754522137e-01	0.000000000000000000e+00
6.831870394542667100e+02	1.842540365142316949e-01	0.000000000000000000e+00
6.836067488954666942e+02	1.848601750991798465e-01	0.000000000000000000e+00
6.840264583366667921e+02	1.854660788051913922e-01	0.000000000000000000e+00
6.844461677778667763e+02	1.860717607279231689e-01	0.000000000000000000e+00
6.848658772190667605e+02	1.866769745742377362e-01	0.000000000000000000e+00
6.852855866602667447e+02	1.872819589560098807e-01	0.000000000000000000e+00
6.857052961014667289e+02	1.878866542283542662e-01	0.000000000000000000e+00
6.861250055426667132e+02	1.884908837581334429e-01	0.000000000000000000e+00
6.865447149838666974e+02	1.890948678591814758e-01	0.000000000000000000e+00
6.869644244250666816e+02	1.896984818999987443e-01	0.000000000000000000e+00
6.873841338662666658e+02	1.903016496349489162e-01	0.000000000000000000e+00
6.878038433074666500e+02	1.909045574984604976e-01	0.000000000000000000e+00
6.882235527486666342e+02	1.915069996491963467e-01	0.000000000000000000e+00
6.886432621898667321e+02	1.921090331165764553e-01	0.000000000000000000e+00
6.890629716310667163e+02	1.927107937411929317e-01	0.000000000000000000e+00
6.894826810722667005e+02	1.933119773647484219e-01	0.000000000000000000e+00
6.899023905134667984e+02	1.939128090401273097e-01	0.000000000000000000e+00
6.903220999546667827e+02	1.945133321910647584e-01	0.000000000000000000e+00
6.907418093958667669e+02	1.951131988815651142e-01	0.000000000000000000e+00
6.911615188370667511e+02	1.957127661138423069e-01	0.000000000000000000e+00
6.915812282782667353e+02	1.963119084996368946e-01	0.000000000000000000e+00
6.920009377194667195e+02	1.969104618931730166e-01	0.000000000000000000e+00
6.924206471606667037e+02	1.975087068128735523e-01	0.000000000000000000e+00
6.928403566018666879e+02	1.981063921780690240e-01	0.000000000000000000e+00
6.932600660430666721e+02	1.987035778146442055e-01	0.000000000000000000e+00
6.936797754842666563e+02	1.993004472266328431e-01	0.000000000000000000e+00
6.940994849254666406e+02	1.998966035558581711e-01	0.000000000000000000e+00
6.945191943666667385e+02	2.004923715978191856e-01	0.000000000000000000e+00
6.949389038078667227e+02	2.010877377353714468e-01	0.000000000000000000e+00
6.953586132490667069e+02	2.016823764016572040e-01	0.000000000000000000e+00
6.957783226902666911e+02	2.022766815009770791e-01	0.000000000000000000e+00
6.961980321314667890e+02	2.028704185773136659e-01	0.000000000000000000e+00
6.966177415726667732e+02	2.034635576621521835e-01	0.000000000000000000e+00
6.970374510138667574e+02	2.040563588153732621e-01	0.000000000000000000e+00
6.974571604550667416e+02	2.046484054813245412e-01	0.000000000000000000e+00
6.978768698962667258e+02	2.052400071589841890e-01	0.000000000000000000e+00
6.982965793374667101e+02	2.058311869418748552e-01	0.000000000000000000e+00
6.987162887786666943e+02	2.064215667033143520e-01	0.000000000000000000e+00
6.991359982198666785e+02	2.070115972465224607e-01	0.000000000000000000e+00
6.995557076610666627e+02	2.076010025441725193e-01	0.000000000000000000e+00
6.999754171022666469e+02	2.081897828273769346e-01	0.000000000000000000e+00
7.003951265434666311e+02	2.087782124335440248e-01	0.000000000000000000e+00
7.008148359846667290e+02	2.093657924311236873e-01	0.000000000000000000e+00
7.012345454258667132e+02	2.099529463613745150e-01	0.000000000000000000e+00
7.016542548670666974e+02	2.105395959416177798e-01	0.000000000000000000e+00
7.020739643082667953e+02	2.111254569671389969e-01	0.000000000000000000e+00
7.024936737494667796e+02	2.117109613013117841e-01	0.000000000000000000e+00
7.029133831906667638e+02	2.122957170439765395e-01	0.000000000000000000e+00
7.033330926318667480e+02	2.128799077335176981e-01	0.000000000000000000e+00
7.037528020730667322e+02	2.134637010504742971e-01	0.000000000000000000e+00
7.041725115142667164e+02	2.140465638729238951e-01	0.000000000000000000e+00
7.045922209554667006e+02	2.146290670434099490e-01	0.000000000000000000e+00
7.050119303966666848e+02	2.152109069291833765e-01	0.000000000000000000e+00
7.054316398378666690e+02	2.157920658504159928e-01	0.000000000000000000e+00
7.058513492790666533e+02	2.163728674346552805e-01	0.000000000000000000e+00
7.062710587202666375e+02	2.169527189363481545e-01	0.000000000000000000e+00
7.066907681614667354e+02	2.175321622966227830e-01	0.000000000000000000e+00
7.071104776026667196e+02	2.181110076485215377e-01	0.000000000000000000e+00
7.075301870438667038e+02	2.186890829685473325e-01	0.000000000000000000e+00
7.079498964850666880e+02	2.192668018877554081e-01	0.000000000000000000e+00
7.083696059262667859e+02	2.198436132389549880e-01	0.000000000000000000e+00
7.087893153674667701e+02	2.204199539231814498e-01	0.000000000000000000e+00
7.092090248086667543e+02	2.209957382775127321e-01	0.000000000000000000e+00
7.096287342498667385e+02	2.215706933451797866e-01	0.000000000000000000e+00
7.100484436910667227e+02	2.221452951305489532e-01	0.000000000000000000e+00
7.104681531322667070e+02	2.227190075473399478e-01	0.000000000000000000e+00
7.108878625734666912e+02	2.232922169139947843e-01	0.000000000000000000e+00
7.113075720146666754e+02	2.238648851732097933e-01	0.000000000000000000e+00
7.117272814558666596e+02	2.244366969227304387e-01	0.000000000000000000e+00
7.121469908970666438e+02	2.250081603620125437e-01	0.000000000000000000e+00
7.125667003382666280e+02	2.255787257883805352e-01	0.000000000000000000e+00
7.129864097794667259e+02	2.261487877965288051e-01	0.000000000000000000e+00
7.134061192206667101e+02	2.267182952502868054e-01	0.000000000000000000e+00
7.138258286618666943e+02	2.272869525463052931e-01	0.000000000000000000e+00
7.142455381030666786e+02	2.278552680432775202e-01	0.000000000000000000e+00
7.146652475442667765e+02	2.284226480867574960e-01	0.000000000000000000e+00
7.150849569854667607e+02	2.289895576301159974e-01	0.000000000000000000e+00
7.155046664266667449e+02	2.295558688490392518e-01	0.000000000000000000e+00
7.159243758678667291e+02	2.301213707984966494e-01	0.000000000000000000e+00
7.163440853090667133e+02	2.306865387065544781e-01	0.000000000000000000e+00
7.167637947502666975e+02	2.312507034499872438e-01	0.000000000000000000e+00
7.171835041914666817e+02	2.318144646741720216e-01	0.000000000000000000e+00
7.176032136326666659e+02	2.323775522815476058e-01	0.000000000000000000e+00
7.180229230738666502e+02	2.329399065378328360e-01	0.000000000000000000e+00
7.184426325150666344e+02	2.335019147246265858e-01	0.000000000000000000e+00
7.188623419562667323e+02	2.340628621881339633e-01	0.000000000000000000e+00
7.192820513974667165e+02	2.346234868164358278e-01	0.000000000000000000e+00
7.197017608386667007e+02	2.351833301437533108e-01	0.000000000000000000e+00
7.201214702798666849e+02	2.357425512284673785e-01	0.000000000000000000e+00
7.205411797210667828e+02	2.363013094881047105e-01	0.000000000000000000e+00
7.209608891622667670e+02	2.368591281561272521e-01	0.000000000000000000e+00
7.213805986034667512e+02	2.374166338488351014e-01	0.000000000000000000e+00
7.218003080446667354e+02	2.379732174816365509e-01	0.000000000000000000e+00
7.222200174858667197e+02	2.385293251488868338e-01	0.000000000000000000e+00
7.226397269270667039e+02	2.390848194771518220e-01	0.000000000000000000e+00
7.230594363682666881e+02	2.396395309065224577e-01	0.000000000000000000e+00
7.234791458094666723e+02	2.401939347388195867e-01	0.000000000000000000e+00
7.238988552506666565e+02	2.407472518992326560e-01	0.000000000000000000e+00
7.243185646918666407e+02	2.413002695667004205e-01	0.000000000000000000e+00
7.247382741330666249e+02	2.418524891160139523e-01	0.000000000000000000e+00
7.251579835742667228e+02	2.424041178394547025e-01	0.000000000000000000e+00
7.255776930154667070e+02	2.429552436901627199e-01	0.000000000000000000e+00
7.259974024566666913e+02	2.435054856948450364e-01	0.000000000000000000e+00
7.264171118978666755e+02	2.440554389650093359e-01	0.000000000000000000e+00
7.268368213390667734e+02	2.446043743620648914e-01	0.000000000000000000e+00
7.272565307802667576e+02	2.451529464347370069e-01	0.000000000000000000e+00
7.276762402214667418e+02	2.457007850331844323e-01	0.000000000000000000e+00
7.280959496626667260e+02	2.462479781097621778e-01	0.000000000000000000e+00
7.285156591038667102e+02	2.467947187949334764e-01	0.000000000000000000e+00
7.289353685450666944e+02	2.473405349819578491e-01	0.000000000000000000e+00
7.293550779862666786e+02	2.478860766485798117e-01	0.000000000000000000e+00
7.297747874274666628e+02	2.484306178242861596e-01	0.000000000000000000e+00
7.301944968686666471e+02	2.489747877710917767e-01	0.000000000000000000e+00
7.306142063098666313e+02	2.495182271224744841e-01	0.000000000000000000e+00
7.310339157510667292e+02	2.500610270510847388e-01	0.000000000000000000e+00
7.314536251922667134e+02	2.506033630066742957e-01	0.000000000000000000e+00
7.318733346334666976e+02	2.511447943687574735e-01	0.000000000000000000e+00
7.322930440746666818e+02	2.516859654070908170e-01	0.000000000000000000e+00
7.327127535158667797e+02	2.522260891366198687e-01	0.000000000000000000e+00
7.331324629570667639e+02	2.527658957536243478e-01	0.000000000000000000e+00
7.335521723982667481e+02	2.533049102316796697e-01	0.000000000000000000e+00
7.339718818394667323e+02	2.538433531155759315e-01	0.000000000000000000e+00
7.343915912806667166e+02	2.543812559278395558e-01	0.000000000000000000e+00
7.348113007218667008e+02	2.549183353691419351e-01	0.000000000000000000e+00
7.352310101630666850e+02	2.554551238285601711e-01	0.000000000000000000e+00
7.356507196042666692e+02	2.559908396782649698e-01	0.000000000000000000e+00
7.360704290454666534e+02	2.565263119527527724e-01	0.000000000000000000e+00
7.364901384866666376e+02	2.570608624281730537e-01	0.000000000000000000e+00
7.369098479278666218e+02	2.575949729872613059e-01	0.000000000000000000e+00
7.373295573690667197e+02	2.581283991593448790e-01	0.000000000000000000e+00
7.377492668102667039e+02	2.586611466649439417e-01	0.000000000000000000e+00
7.381689762514666882e+02	2.591934445019521416e-01	0.000000000000000000e+00
7.385886856926666724e+02	2.597248270410369986e-01	0.000000000000000000e+00
7.390083951338667703e+02	2.602559797128574104e-01	0.000000000000000000e+00
7.394281045750667545e+02	2.607860071569793048e-01	0.000000000000000000e+00
7.398478140162667387e+02	2.613157944691967827e-01	0.000000000000000000e+00
7.402675234574667229e+02	2.618446789767414629e-01	0.000000000000000000e+00
7.406872328986667071e+02	2.623730975423579359e-01	0.000000000000000000e+00
7.411069423398666913e+02	2.629008333238411765e-01	0.000000000000000000e+00
7.415266517810666755e+02	2.634278790580069085e-01	0.000000000000000000e+00
7.419463612222666598e+02	2.639544598191027602e-01	0.000000000000000000e+00
7.423660706634666440e+02	2.644801279039976638e-01	0.000000000000000000e+00
7.427857801046666282e+02	2.650055468192083485e-01	0.000000000000000000e+00
7.432054895458666124e+02	2.655298316698291861e-01	0.000000000000000000e+00
7.436251989870667103e+02	2.660539040967087043e-01	0.000000000000000000e+00
7.440449084282666945e+02	2.665769765869958619e-01	0.000000000000000000e+00
7.444646178694666787e+02	2.670996607534649181e-01	0.000000000000000000e+00
7.448843273106667766e+02	2.676215474702737240e-01	0.000000000000000000e+00
7.453040367518667608e+02	2.681428359310960574e-01	0.000000000000000000e+00
7.457237461930667450e+02	2.686635276600017885e-01	0.000000000000000000e+00
7.461434556342667292e+02	2.691834121022397275e-01	0.000000000000000000e+00
7.465631650754667135e+02	2.697028989654078335e-01	0.000000000000000000e+00
7.469828745166666977e+02	2.702213701793114153e-01	0.000000000000000000e+00
7.474025839578666819e+02	2.707396416090303015e-01	0.000000000000000000e+00
7.478222933990666661e+02	2.712566894600463296e-01	0.000000000000000000e+00
7.482420028402666503e+02	2.717735416061989318e-01	0.000000000000000000e+00
7.486617122814666345e+02	2.722893475742258484e-01	0.000000000000000000e+00
7.490814217226666187e+02	2.728047660036111433e-01	0.000000000000000000e+00
7.495011311638667166e+02	2.733193204316398672e-01	0.000000000000000000e+00
7.499208406050667008e+02	2.738332928743913985e-01	0.000000000000000000e+00
7.503405500462666851e+02	2.743465821713349517e-01	0.000000000000000000e+00
7.507602594874666693e+02	2.748590953588988528e-01	0.000000000000000000e+00
7.511799689286667672e+02	2.753711051122016973e-01	0.000000000000000000e+00
7.515996783698667514e+02	2.758821447553664874e-01	0.000000000000000000e+00
7.520193878110667356e+02	2.763928597049479796e-01	0.000000000000000000e+00
7.524390972522667198e+02	2.769024104731857006e-01	0.000000000000000000e+00
7.528588066934667040e+02	2.774117839453612566e-01	0.000000000000000000e+00
7.532785161346666882e+02	2.779198599876651077e-01	0.000000000000000000e+00
7.536982255758666724e+02	2.784277286816513874e-01	0.000000000000000000e+00
7.541179350170666567e+02	2.789344587963096256e-01	0.000000000000000000e+00
7.545376444582666409e+02	2.794408050975712987e-01	0.000000000000000000e+00
7.549573538994666251e+02	2.799461703766720766e-01	0.000000000000000000e+00
7.553770633406666093e+02	2.804509755857184650e-01	0.000000000000000000e+00
7.557967727818667072e+02	2.809549561458268840e-01	0.000000000000000000e+00
7.562164822230666914e+02	2.814582004643680357e-01	0.000000000000000000e+00
7.566361916642666756e+02	2.819607754215147644e-01	0.000000000000000000e+00
7.570559011054667735e+02	2.824624379400971774e-01	0.000000000000000000e+00
7.574756105466667577e+02	2.829635853850117067e-01	0.000000000000000000e+00
7.578953199878667419e+02	2.834636440721612360e-01	0.000000000000000000e+00
7.583150294290667262e+02	2.839633410457676477e-01	0.000000000000000000e+00
7.587347388702667104e+02	2.844617727386686279e-01	0.000000000000000000e+00
7.591544483114666946e+02	2.849599952078676335e-01	0.000000000000000000e+00
7.595741577526666788e+02	2.854567756046043625e-01	0.000000000000000000e+00
7.599938671938666630e+02	2.859534051459700077e-01	0.000000000000000000e+00
7.604135766350666472e+02	2.864486020917531572e-01	0.000000000000000000e+00
7.608332860762666314e+02	2.869435556900327700e-01	0.000000000000000000e+00
7.612529955174666156e+02	2.874371993505677181e-01	0.000000000000000000e+00
7.616727049586667135e+02	2.879304504235898898e-01	0.000000000000000000e+00
7.620924143998666977e+02	2.884225122340351444e-01	0.000000000000000000e+00
7.625121238410666820e+02	2.889140330680778912e-01	0.000000000000000000e+00
7.629318332822666662e+02	2.894044832735824802e-01	0.000000000000000000e+00
7.633515427234667641e+02	2.898942450233789048e-01	0.000000000000000000e+00
7.637712521646667483e+02	2.903830526570826409e-01	0.000000000000000000e+00
7.641909616058667325e+02	2.908710253475082497e-01	0.000000000000000000e+00
7.646106710470667167e+02	2.913581582089908584e-01	0.000000000000000000e+00
7.650303804882667009e+02	2.918443107384513513e-01	0.000000000000000000e+00
7.654500899294666851e+02	2.923297353726756476e-01	0.000000000000000000e+00
7.658697993706666693e+02	2.928140355182176635e-01	0.000000000000000000e+00
7.662895088118666536e+02	2.932977171949844308e-01	0.000000000000000000e+00
7.667092182530666378e+02	2.937801316191410161e-01	0.000000000000000000e+00
7.671289276942666220e+02	2.942620343130857852e-01	0.000000000000000000e+00
7.675486371354666062e+02	2.947425285724772359e-01	0.000000000000000000e+00
7.679683465766667041e+02	2.952226149436442126e-01	0.000000000000000000e+00
7.683880560178666883e+02	2.957011534993475577e-01	0.000000000000000000e+00
7.688077654590666725e+02	2.961793848743672353e-01	0.000000000000000000e+00
7.692274749002667704e+02	2.966559311040636859e-01	0.000000000000000000e+00
7.696471843414667546e+02	2.971322674579649492e-01	0.000000000000000000e+00
7.700668937826667388e+02	2.976067836698831903e-01	0.000000000000000000e+00
7.704866032238667231e+02	2.980811836085803801e-01	0.000000000000000000e+00
7.709063126650667073e+02	2.985536310572391994e-01	0.000000000000000000e+00
7.713260221062666915e+02	2.990259933382359847e-01	0.000000000000000000e+00
7.717457315474666757e+02	2.994963907044755902e-01	0.000000000000000000e+00
7.721654409886666599e+02	2.999666492414622687e-01	0.000000000000000000e+00
7.725851504298666441e+02	3.004349776311386333e-01	0.000000000000000000e+00
7.730048598710666283e+02	3.009030920618676053e-01	0.000000000000000000e+00
7.734245693122666125e+02	3.013693044438561786e-01	0.000000000000000000e+00
7.738442787534667104e+02	3.018352334471114951e-01	0.000000000000000000e+00
7.742639881946666947e+02	3.022992813448446836e-01	0.000000000000000000e+00
7.746836976358666789e+02	3.027629826643740141e-01	0.000000000000000000e+00
7.751034070770666631e+02	3.032248161430785571e-01	0.000000000000000000e+00
7.755231165182667610e+02	3.036862466132946858e-01	0.000000000000000000e+00
7.759428259594667452e+02	3.041458142681552346e-01	0.000000000000000000e+00
7.763625354006667294e+02	3.046049298416018680e-01	0.000000000000000000e+00
7.767822448418667136e+02	3.050621787868880719e-01	0.000000000000000000e+00
7.772019542830666978e+02	3.055189345634597986e-01	0.000000000000000000e+00
7.776216637242666820e+02	3.059738104226568667e-01	0.000000000000000000e+00
7.780413731654666663e+02	3.064281606805559499e-01	0.000000000000000000e+00
7.784610826066666505e+02	3.068806075775413200e-01	0.000000000000000000e+00
7.788807920478666347e+02	3.073325058059568349e-01	0.000000000000000000e+00
7.793005014890666189e+02	3.077824663572667485e-01	0.000000000000000000e+00
7.797202109302666031e+02	3.082318652907549139e-01	0.000000000000000000e+00
7.801399203714667010e+02	3.086792805989802546e-01	0.000000000000000000e+00
7.805596298126666852e+02	3.091261322535195366e-01	0.000000000000000000e+00
7.809793392538666694e+02	3.095709419018788933e-01	0.000000000000000000e+00
7.813990486950667673e+02	3.100151976125744002e-01	0.000000000000000000e+00
7.818187581362667515e+02	3.104573396607047675e-01	0.000000000000000000e+00
7.822384675774667357e+02	3.108989501211065209e-01	0.000000000000000000e+00
7.826581770186667200e+02	3.113383611021230402e-01	0.000000000000000000e+00
7.830778864598667042e+02	3.117772764051279233e-01	0.000000000000000000e+00
7.834975959010666884e+02	3.122138913239903557e-01	0.000000000000000000e+00
7.839173053422666726e+02	3.126500610042798889e-01	0.000000000000000000e+00
7.843370147834666568e+02	3.130838133375195564e-01	0.000000000000000000e+00
7.847567242246666410e+02	3.135171864154949195e-01	0.000000000000000000e+00
7.851764336658666252e+02	3.139480081123467436e-01	0.000000000000000000e+00
7.855961431070666094e+02	3.143785331395102522e-01	0.000000000000000000e+00
7.860158525482667073e+02	3.148063546244933564e-01	0.000000000000000000e+00
7.864355619894666916e+02	3.152339797302190494e-01	0.000000000000000000e+00
7.868552714306666758e+02	3.156587299072232122e-01	0.000000000000000000e+00
7.872749808718666600e+02	3.160834028468660351e-01	0.000000000000000000e+00
7.876946903130667579e+02	3.165050091047796887e-01	0.000000000000000000e+00
7.881143997542667421e+02	3.169266153626932314e-01	0.000000000000000000e+00
7.885341091954667263e+02	3.173450655289871691e-01	0.000000000000000000e+00
7.889538186366667105e+02	3.177634537489266719e-01	0.000000000000000000e+00
7.893735280778666947e+02	3.181787707187042624e-01	0.000000000000000000e+00
7.897932375190666789e+02	3.185938652828885775e-01	0.000000000000000000e+00
7.902129469602666632e+02	3.190059945020928267e-01	0.000000000000000000e+00
7.906326564014666474e+02	3.194177183044074608e-01	0.000000000000000000e+00
7.910523658426666316e+02	3.198266050616780931e-01	0.000000000000000000e+00
7.914720752838666158e+02	3.202348795199866371e-01	0.000000000000000000e+00
7.918917847250666000e+02	3.206404690021650850e-01	0.000000000000000000e+00
7.923114941662666979e+02	3.210452140724094905e-01	0.000000000000000000e+00
7.927312036074666821e+02	3.214474514209645362e-01	0.000000000000000000e+00
7.931509130486666663e+02	3.218485856131033662e-01	0.000000000000000000e+00
7.935706224898667642e+02	3.222474159813822903e-01	0.000000000000000000e+00
7.939903319310667484e+02	3.226448563772182920e-01	0.000000000000000000e+00
7.944100413722667327e+02	3.230402249884197219e-01	0.000000000000000000e+00
7.948297508134667169e+02	3.234338872613609084e-01	0.000000000000000000e+00
7.952494602546667011e+02	3.238257394671228973e-01	0.000000000000000000e+00
7.956691696958666853e+02	3.242155379039235452e-01	0.000000000000000000e+00
7.960888791370666695e+02	3.246038192434117509e-01	0.000000000000000000e+00
7.965085885782666537e+02	3.249896667679429418e-01	0.000000000000000000e+00
7.969282980194666379e+02	3.253743230273198894e-01	0.000000000000000000e+00
7.973480074606666221e+02	3.257561312264092845e-01	0.000000000000000000e+00
7.977677169018666063e+02	3.261371084985592583e-01	0.000000000000000000e+00
7.981874263430667042e+02	3.265147876499504553e-01	0.000000000000000000e+00
7.986071357842666885e+02	3.268920323943286244e-01	0.000000000000000000e+00
7.990268452254666727e+02	3.272654914967960682e-01	0.000000000000000000e+00
7.994465546666666569e+02	3.276389505992635121e-01	0.000000000000000000e+00
