wavelength_nm	ideal_target_transmittance	tandem_response_transmittance
3.7973711347e+02	9.4176042080e-01	8.2695937157e-01
3.8015682291e+02	9.4116467237e-01	8.2541984320e-01
3.8057653235e+02	9.4055950642e-01	8.2429224253e-01
3.8099624179e+02	9.3994480371e-01	8.2261443138e-01
3.8141595123e+02	9.3932020664e-01	8.2054364681e-01
3.8183566067e+02	9.3868565559e-01	8.1959712505e-01
3.8225537011e+02	9.3804079294e-01	8.1858903170e-01
3.8267507956e+02	9.3738549948e-01	8.1679046154e-01
3.8309478900e+02	9.3671953678e-01	8.1577992439e-01
3.8351449844e+02	9.3604266644e-01	8.1461834908e-01
3.8393420788e+02	9.3535459042e-01	8.1336796284e-01
3.8435391732e+02	9.3465507030e-01	8.1293159723e-01
3.8477362676e+02	9.3394392729e-01	8.1232333183e-01
3.8519333620e+02	9.3322080374e-01	8.1084525585e-01
3.8561304564e+02	9.3248552084e-01	8.1022298336e-01
3.8603275508e+02	9.3173772097e-01	8.0915421247e-01
3.8645246453e+02	9.3097710609e-01	8.0844271183e-01
3.8687217397e+02	9.3020343781e-01	8.0857145786e-01
3.8729188341e+02	9.2941641808e-01	8.0824410915e-01
3.8771159285e+02	9.2861574888e-01	8.0828630924e-01
3.8813130229e+02	9.2780101299e-01	8.0851638317e-01
3.8855101173e+02	9.2697197199e-01	8.0844461918e-01
3.8897072117e+02	9.2612820864e-01	8.0935502052e-01
3.8939043061e+02	9.2526948452e-01	8.0959725380e-01
3.8981014006e+02	9.2439532280e-01	8.0995041132e-01
3.9022984950e+02	9.2350542545e-01	8.1067615747e-01
3.9064955894e+02	9.2259937525e-01	8.1158113480e-01
3.9106926838e+02	9.2167681456e-01	8.1284344196e-01
3.9148897782e+02	9.2073726654e-01	8.1354475021e-01
3.9190868726e+02	9.1978037357e-01	8.1492537260e-01
3.9232839670e+02	9.1880565882e-01	8.1634408236e-01
3.9274810614e+02	9.1781270504e-01	8.1796330214e-01
3.9316781559e+02	9.1680109501e-01	8.1954735518e-01
3.9358752503e+02	9.1577029228e-01	8.2141655684e-01
3.9400723447e+02	9.1471982002e-01	8.2325655222e-01
3.9442694391e+02	9.1364914179e-01	8.2541882992e-01
3.9484665335e+02	9.1255784035e-01	8.2747101784e-01
3.9526636279e+02	9.1144531965e-01	8.2969194651e-01
3.9568607223e+02	9.1031098366e-01	8.3197677135e-01
3.9610578167e+02	9.0915429592e-01	8.3470147848e-01
3.9652549111e+02	9.0797466040e-01	8.3661347628e-01
3.9694520056e+02	9.0677154064e-01	8.3927828074e-01
3.9736491000e+02	9.0554416180e-01	8.4190362692e-01
3.9778461944e+02	9.0429204702e-01	8.4471714497e-01
3.9820432888e+02	9.0301436186e-01	8.4670490026e-01
3.9862403832e+02	9.0171051025e-01	8.4949350357e-01
3.9904374776e+02	9.0037971735e-01	8.5152328014e-01
3.9946345720e+02	8.9902126789e-01	8.5369271040e-01
3.9988316664e+02	8.9763444662e-01	8.5631805658e-01
4.0030287609e+02	8.9621835947e-01	8.5867720842e-01
4.0072258553e+02	8.9477229118e-01	8.6150997877e-01
4.0114229497e+02	8.9329528809e-01	8.6437487602e-01
4.0156200441e+02	8.9178651571e-01	8.6685061455e-01
4.0198171385e+02	8.9024507999e-01	8.6906200647e-01
4.0240142329e+02	8.8867008686e-01	8.7123620510e-01
4.0282113273e+02	8.8706046343e-01	8.7279582024e-01
4.0324084217e+02	8.8541519642e-01	8.7458372116e-01
4.0366055162e+02	8.8373339176e-01	8.7618315220e-01
4.0408026106e+02	8.8201379776e-01	8.7631577253e-01
4.0449997050e+02	8.8025534153e-01	8.7847399712e-01
4.0491967994e+02	8.7845695019e-01	8.8064807653e-01
4.0533938938e+02	8.7661731243e-01	8.8144594431e-01
4.0575909882e+02	8.7473523617e-01	8.8108706474e-01
4.0617880826e+02	8.7280941010e-01	8.8244825602e-01
4.0659851770e+02	8.7083846331e-01	8.8332831860e-01
4.0701822714e+02	8.6882108450e-01	8.8348585367e-01
4.0743793659e+02	8.6675578356e-01	8.8355833292e-01
4.0785764603e+02	8.6464107037e-01	8.8387942314e-01
4.0827735547e+02	8.6247533560e-01	8.8335317373e-01
4.0869706491e+02	8.6025708914e-01	8.8385885954e-01
4.0911677435e+02	8.5798460245e-01	8.8322770596e-01
4.0953648379e+02	8.5565614700e-01	8.8239544630e-01
4.0995619323e+02	8.5326987505e-01	8.8175535202e-01
4.1037590267e+02	8.5082393885e-01	8.8133454323e-01
4.1079561212e+02	8.4831649065e-01	8.7947303057e-01
4.1121532156e+02	8.4574538469e-01	8.7772893906e-01
4.1163503100e+02	8.4310859442e-01	8.7553155422e-01
4.1205474044e+02	8.4040397406e-01	8.7293893099e-01
4.1247444988e+02	8.3762919903e-01	8.7025886774e-01
4.1289415932e+02	8.3478194475e-01	8.6780363321e-01
4.1331386876e+02	8.3185976744e-01	8.6471164227e-01
4.1373357820e+02	8.2886016369e-01	8.6078673601e-01
4.1415328765e+02	8.2578051090e-01	8.5712063313e-01
4.1457299709e+02	8.2261800766e-01	8.5358273983e-01
4.1499270653e+02	8.1936985254e-01	8.4927612543e-01
4.1541241597e+02	8.1603312492e-01	8.4516376257e-01
4.1583212541e+02	8.1260466576e-01	8.4090173244e-01
4.1625183485e+02	8.0908137560e-01	8.3641397953e-01
4.1667154429e+02	8.0545985699e-01	8.3301204443e-01
4.1709125373e+02	8.0173677206e-01	8.2712650299e-01
4.1751096317e+02	7.9790836573e-01	8.2207477093e-01
4.1793067262e+02	7.9397106171e-01	8.1781774759e-01
4.1835038206e+02	7.8992098570e-01	8.1155461073e-01
4.1877009150e+02	7.8575402498e-01	8.0639964342e-01
4.1918980094e+02	7.8146606684e-01	8.0036938190e-01
4.1960951038e+02	7.7705276012e-01	7.9518020153e-01
4.2002921982e+02	7.7250957489e-01	7.8857892752e-01
4.2044892926e+02	7.6783192158e-01	7.8196668625e-01
4.2086863870e+02	7.6301491261e-01	7.7412974834e-01
4.2128834815e+02	7.5805348158e-01	7.6761674881e-01
4.2170805759e+02	7.5294250250e-01	7.5892376900e-01
4.2212776703e+02	7.4767649174e-01	7.5153684616e-01
4.2254747647e+02	7.4224984646e-01	7.4362075329e-01
4.2296718591e+02	7.3665684462e-01	7.3476696014e-01
4.2338689535e+02	7.3089146614e-01	7.2391337156e-01
4.2380660479e+02	7.2494751215e-01	7.1642774343e-01
4.2422631423e+02	7.1881854534e-01	7.0737069845e-01
4.2464602368e+02	7.1249806881e-01	6.9789147377e-01
4.2506573312e+02	7.0597922802e-01	6.8858647346e-01
4.2548544256e+02	6.9925504923e-01	6.7911136150e-01
4.2590515200e+02	6.9231832027e-01	6.6877466440e-01
4.2632486144e+02	6.8516170979e-01	6.5883350372e-01
4.2674457088e+02	6.7777758837e-01	6.4775276184e-01
4.2716428032e+02	6.7015826702e-01	6.3747447729e-01
4.2758398976e+02	6.6229593754e-01	6.2690681219e-01
4.2800369920e+02	6.5418249369e-01	6.1400365829e-01
4.2842340865e+02	6.4580988884e-01	6.0273599625e-01
4.2884311809e+02	6.3716983795e-01	5.9118878841e-01
4.2926282753e+02	6.2825417519e-01	5.7816678286e-01
4.2968253697e+02	6.1905455589e-01	5.6762570143e-01
4.3010224641e+02	6.0956275463e-01	5.5518245697e-01
4.3052195585e+02	5.9977054596e-01	5.4139548540e-01
4.3094166529e+02	5.8967000246e-01	5.2778649330e-01
4.3136137473e+02	5.7925319672e-01	5.1947098970e-01
4.3178108418e+02	5.6851261854e-01	5.0470817089e-01
4.3220079362e+02	5.5744111538e-01	4.9072527885e-01
4.3262050306e+02	5.4603195190e-01	4.7684907913e-01
4.3304021250e+02	5.3427910805e-01	4.5792415738e-01
4.3345992194e+02	5.2217721939e-01	4.4142568111e-01
4.3387963138e+02	5.0972169638e-01	4.2198389769e-01
4.3429934082e+02	4.9690920115e-01	4.0542060137e-01
4.3471905026e+02	4.8373740911e-01	3.8837060332e-01
4.3513875971e+02	4.7020548582e-01	3.6860799789e-01
4.3555846915e+02	4.5631429553e-01	3.4631419182e-01
4.3597817859e+02	4.4206643105e-01	3.3490905166e-01
4.3639788803e+02	4.2746672034e-01	3.1803622842e-01
4.3681759747e+02	4.1252231598e-01	3.0312579870e-01
4.3723730691e+02	3.9724308252e-01	2.8724429011e-01
4.3765701635e+02	3.8164195418e-01	2.7161943913e-01
4.3807672579e+02	3.6573502421e-01	2.5727894902e-01
4.3849643523e+02	3.4954217076e-01	2.4324268103e-01
4.3891614468e+02	3.3308717608e-01	2.2952122986e-01
4.3933585412e+02	3.1639811397e-01	2.1726584435e-01
4.3975556356e+02	2.9950770736e-01	2.0445924997e-01
4.4017527300e+02	2.8245356679e-01	1.9124630094e-01
4.4059498244e+02	2.6527845860e-01	1.7967179418e-01
4.4101469188e+02	2.4803055823e-01	1.6749601066e-01
4.4143440132e+02	2.3076356947e-01	1.5611189604e-01
4.4185411076e+02	2.1353681386e-01	1.4506170154e-01
4.4227382021e+02	1.9641526043e-01	1.3394917548e-01
4.4269352965e+02	1.7946933210e-01	1.2331554294e-01
4.4311323909e+02	1.6277471185e-01	1.1153000593e-01
4.4353294853e+02	1.4641195536e-01	1.0292921960e-01
4.4395265797e+02	1.3046595454e-01	9.5944292843e-02
4.4437236741e+02	1.1502522975e-01	9.3628726900e-02
4.4479207685e+02	1.0018108040e-01	8.7367720902e-02
4.4521178629e+02	8.6026534438e-02	8.2401230931e-02
4.4563149574e+02	7.2655186057e-02	8.1687912345e-02
4.4605120518e+02	6.0159843415e-02	7.3176205158e-02
4.4647091462e+02	4.8631109297e-02	7.1199357510e-02
4.4689062406e+02	3.8155827671e-02	6.6606484354e-02
4.4731033350e+02	2.8815509751e-02	6.8713054061e-02
4.4773004294e+02	2.0684754476e-02	6.8992435932e-02
4.4814975238e+02	1.3829722069e-02	7.0696830750e-02
4.4856946182e+02	8.3067147061e-03	7.2686143219e-02
4.4898917126e+02	4.1609043255e-03	7.1303516626e-02
4.4940888071e+02	1.4252833789e-03	7.6656021178e-02
4.4982859015e+02	1.1985344463e-04	7.9508818686e-02
4.5024829959e+02	2.5111075956e-04	8.6243234575e-02
4.5066800903e+02	1.8118346343e-03	9.2759579420e-02
4.5108771847e+02	4.7811972909e-03	1.0313510150e-01
4.5150742791e+02	9.1251879930e-03	1.0671800375e-01
4.5192713735e+02	1.4797336422e-02	1.2074226886e-01
4.5234684679e+02	2.1739700809e-02	1.3279809058e-01
4.5276655624e+02	2.9884085059e-02	1.4173157513e-01
4.5318626568e+02	3.9153438061e-02	1.5036474168e-01
4.5360597512e+02	4.9463376403e-02	1.5700857341e-01
4.5402568456e+02	6.0723770410e-02	1.6316491365e-01
4.5444539400e+02	7.2840377688e-02	1.6853509843e-01
4.5486510344e+02	8.5716396570e-02	1.7151691020e-01
4.5528481288e+02	9.9254004657e-02	1.7387373745e-01
4.5570452232e+02	1.1335572600e-01	1.7540305853e-01
4.5612423177e+02	1.2792572379e-01	1.7437878251e-01
4.5654394121e+02	1.4287085831e-01	1.7252896726e-01
4.5696365065e+02	1.5810163319e-01	1.7082360387e-01
4.5738336009e+02	1.7353299260e-01	1.6904412210e-01
4.5780306953e+02	1.8908484280e-01	1.6823764145e-01
4.5822277897e+02	2.0468251407e-01	1.6710637510e-01
4.5864248841e+02	2.2025705874e-01	1.6817256808e-01
4.5906219785e+02	2.3574531078e-01	1.7295624316e-01
4.5948190729e+02	2.5109001994e-01	1.7846806347e-01
4.5990161674e+02	2.6623970270e-01	1.8322540820e-01
4.6032132618e+02	2.8114846349e-01	1.8700124323e-01
4.6074103562e+02	2.9577586055e-01	1.9393225014e-01
4.6116074506e+02	3.1008651853e-01	1.9622023404e-01
4.6158045450e+02	3.2404989004e-01	2.1497994661e-01
4.6200016394e+02	3.3763986826e-01	2.3151069880e-01
4.6241987338e+02	3.5083448887e-01	2.5006306171e-01
4.6283958282e+02	3.6361554265e-01	2.6591596007e-01
4.6325929227e+02	3.7596815825e-01	2.8604429960e-01
4.6367900171e+02	3.8788065314e-01	3.0314674973e-01
4.6409871115e+02	3.9934387803e-01	3.2051923871e-01
4.6451842059e+02	4.1035124660e-01	3.4207165241e-01
4.6493813003e+02	4.2089816928e-01	3.6263656616e-01
4.6535783947e+02	4.3098196387e-01	3.8188630342e-01
4.6577754891e+02	4.4060143828e-01	4.0089693666e-01
4.6619725835e+02	4.4975677133e-01	4.1737017035e-01
4.6661696780e+02	4.5844924450e-01	4.3449476361e-01
4.6703667724e+02	4.6668100357e-01	4.4758453965e-01
4.6745638668e+02	4.7445502877e-01	4.6077299118e-01
4.6787609612e+02	4.8177477717e-01	4.7470942140e-01
4.6829580556e+02	4.8864415288e-01	4.8547658324e-01
4.6871551500e+02	4.9506744742e-01	4.9588477612e-01
4.6913522444e+02	5.0104898214e-01	5.0447791815e-01
4.6955493388e+02	5.0659334660e-01	5.1458626986e-01
4.6997464332e+02	5.1170492172e-01	5.2195286751e-01
4.7039435277e+02	5.1638823748e-01	5.2834594250e-01
4.7081406221e+02	5.2064752579e-01	5.3361862898e-01
4.7123377165e+02	5.2448683977e-01	5.4052603245e-01
4.7165348109e+02	5.2790999413e-01	5.4409599304e-01
4.7207319053e+02	5.3092044592e-01	5.4253458977e-01
4.7249289997e+02	5.3352147341e-01	5.5013269186e-01
4.7291260941e+02	5.3571581841e-01	5.5073988438e-01
4.7333231885e+02	5.3750592470e-01	5.5467104912e-01
4.7375202830e+02	5.3889375925e-01	5.5060940981e-01
4.7417173774e+02	5.3988093138e-01	5.4985618591e-01
4.7459144718e+02	5.4046857357e-01	5.5507600307e-01
4.7501115662e+02	5.4065728188e-01	5.4719644785e-01
4.7543086606e+02	5.4044735432e-01	5.4483497143e-01
4.7585057550e+02	5.3983855247e-01	5.4148721695e-01
4.7627028494e+02	5.3883010149e-01	5.3526741266e-01
4.7668999438e+02	5.3742092848e-01	5.2654141188e-01
4.7710970383e+02	5.3560936451e-01	5.2052032948e-01
4.7752941327e+02	5.3339344263e-01	5.1938217878e-01
4.7794912271e+02	5.3077077866e-01	4.9963876605e-01
4.7836883215e+02	5.2773839235e-01	4.9080160260e-01
4.7878854159e+02	5.2429324389e-01	4.8421183228e-01
4.7920825103e+02	5.2043169737e-01	4.7037872672e-01
4.7962796047e+02	5.1614999771e-01	4.5969116688e-01
4.8004766991e+02	5.1144403219e-01	4.4624951482e-01
4.8046737935e+02	5.0630950928e-01	4.3446007371e-01
4.8088708880e+02	5.0074201822e-01	4.2081382871e-01
4.8130679824e+02	4.9473711848e-01	4.0700554848e-01
4.8172650768e+02	4.8829022050e-01	3.9372023940e-01
4.8214621712e+02	4.8139700294e-01	3.8177341223e-01
4.8256592656e+02	4.7405320406e-01	3.6775258183e-01
4.8298563600e+02	4.6625491977e-01	3.5417458415e-01
4.8340534544e+02	4.5799872279e-01	3.4191554785e-01
4.8382505488e+02	4.4928169250e-01	3.2896310091e-01
4.8424476433e+02	4.4010171294e-01	3.1457072496e-01
4.8466447377e+02	4.3045756221e-01	3.0235752463e-01
4.8508418321e+02	4.2034912109e-01	2.8896221519e-01
4.8550389265e+02	4.0977761149e-01	2.7606579661e-01
4.8592360209e+02	3.9874586463e-01	2.6436415315e-01
4.8634331153e+02	3.8725855947e-01	2.5051411986e-01
4.8676302097e+02	3.7532246113e-01	2.3833097517e-01
4.8718273041e+02	3.6294671893e-01	2.2176764905e-01
4.8760243986e+02	3.5014328361e-01	2.0831336081e-01
4.8802214930e+02	3.3692714572e-01	1.9544288516e-01
4.8844185874e+02	3.2331672311e-01	1.9126249850e-01
4.8886156818e+02	3.0933418870e-01	1.8648485839e-01
4.8928127762e+02	2.9500591755e-01	1.8095980585e-01
4.8970098706e+02	2.8036260605e-01	1.6840527952e-01
4.9012069650e+02	2.6543998718e-01	1.6308851540e-01
4.9054040594e+02	2.5027874112e-01	1.6220918298e-01
4.9096011538e+02	2.3492503166e-01	1.5095293522e-01
4.9137982483e+02	2.1943069994e-01	1.4455473423e-01
4.9179953427e+02	2.0385329425e-01	1.4086394012e-01
4.9221924371e+02	1.8825626373e-01	1.3684828579e-01
4.9263895315e+02	1.7270888388e-01	1.3321065903e-01
4.9305866259e+02	1.5728613734e-01	1.2986548245e-01
4.9347837203e+02	1.4206835628e-01	1.2719225883e-01
4.9389808147e+02	1.2714087963e-01	1.2726566195e-01
4.9431779091e+02	1.1259341240e-01	1.2022374570e-01
4.9473750036e+02	9.8519243300e-02	1.1917353421e-01
4.9515720980e+02	8.5014343262e-02	1.1738254130e-01
4.9557691924e+02	7.2176240385e-02	1.1562829465e-01
4.9599662868e+02	6.0102730989e-02	1.1412338167e-01
4.9641633812e+02	4.8890523612e-02	1.1322673410e-01
4.9683604756e+02	3.8633685559e-02	1.1198138446e-01
4.9725575700e+02	2.9422072694e-02	1.1032412946e-01
4.9767546644e+02	2.1339723840e-02	1.0758948326e-01
4.9809517589e+02	1.4463257045e-02	1.0720834881e-01
4.9851488533e+02	8.8603571057e-03	1.0514523834e-01
4.9893459477e+02	4.5883823186e-03	1.0408608615e-01
4.9935430421e+02	1.6931658611e-03	1.0237835348e-01
4.9977401365e+02	2.0803221560e-04	1.0029200464e-01
5.0019372309e+02	1.5309383161e-04	9.8101846874e-02
5.0061343253e+02	1.5348420711e-03	9.4169057906e-02
5.0103314197e+02	4.3460549787e-03	9.4313979149e-02
5.0145285141e+02	8.5660228506e-03	9.0614654124e-02
5.0187256086e+02	1.4161086641e-02	8.7111100554e-02
5.0229227030e+02	2.1085450426e-02	8.3817236125e-02
5.0271197974e+02	2.9282256961e-02	7.9170368612e-02
5.0313168918e+02	3.8684859872e-02	7.0431269705e-02
5.0355139862e+02	4.9218252301e-02	5.8022171259e-02
5.0397110806e+02	6.0800597072e-02	6.2755435705e-02
5.0439081750e+02	7.3344819248e-02	6.4256213605e-02
5.0481052694e+02	8.6760155857e-02	6.6136658192e-02
5.0523023639e+02	1.0095372051e-01	6.4314611256e-02
5.0564994583e+02	1.1583191901e-01	6.3897535205e-02
5.0606965527e+02	1.3130177557e-01	6.7106924951e-02
5.0648936471e+02	1.4727213979e-01	7.2666086257e-02
5.0690907415e+02	1.6365462542e-01	7.1055427194e-02
5.0732878359e+02	1.8036459386e-01	7.2619698942e-02
5.0774849303e+02	1.9732172787e-01	7.7310509980e-02
5.0816820247e+02	2.1445059776e-01	7.8909419477e-02
5.0858791192e+02	2.3168107867e-01	8.3953320980e-02
5.0900762136e+02	2.4894848466e-01	8.8284127414e-02
5.0942733080e+02	2.6619383693e-01	9.6353992820e-02
5.0984704024e+02	2.8336367011e-01	1.0115960240e-01
5.1026674968e+02	3.0041015148e-01	1.0914274305e-01
5.1068645912e+02	3.1729075313e-01	1.1771903932e-01
5.1110616856e+02	3.3396813273e-01	1.2867796421e-01
5.1152587800e+02	3.5040986538e-01	1.4032736421e-01
5.1194558744e+02	3.6658808589e-01	1.5407201648e-01
5.1236529689e+02	3.8247922063e-01	1.6680507362e-01
5.1278500633e+02	3.9806362987e-01	1.8639430404e-01
5.1320471577e+02	4.1332533956e-01	2.0459692180e-01
5.1362442521e+02	4.2825162411e-01	2.2410768270e-01
5.1404413465e+02	4.4283279777e-01	2.4384096265e-01
5.1446384409e+02	4.5706179738e-01	2.6331937313e-01
5.1488355353e+02	4.7093397379e-01	2.8567200899e-01
5.1530326297e+02	4.8444673419e-01	3.0718380213e-01
5.1572297242e+02	4.9759936333e-01	3.2952085137e-01
5.1614268186e+02	5.1039284468e-01	3.5067620873e-01
5.1656239130e+02	5.2282941341e-01	3.7196776271e-01
5.1698210074e+02	5.3491270542e-01	3.9292207360e-01
5.1740181018e+02	5.4664713144e-01	4.1489842534e-01
5.1782151962e+02	5.5803811550e-01	4.3663477898e-01
5.1824122906e+02	5.6909185648e-01	4.5380994678e-01
5.1866093850e+02	5.7981508970e-01	4.7814747691e-01
5.1908064795e+02	5.9021484852e-01	4.9794036150e-01
5.1950035739e+02	6.0029882193e-01	5.1483029127e-01
5.1992006683e+02	6.1007487774e-01	5.2725344896e-01
5.2033977627e+02	6.1955094337e-01	5.4667878151e-01
5.2075948571e+02	6.2873524427e-01	5.5448311567e-01
5.2117919515e+02	6.3763606548e-01	5.6751865149e-01
5.2159890459e+02	6.4626163244e-01	5.7995390892e-01
5.2201861403e+02	6.5462028980e-01	5.9294670820e-01
5.2243832347e+02	6.6272014380e-01	6.0766732693e-01
5.2285803292e+02	6.7056941986e-01	6.1899870634e-01
5.2327774236e+02	6.7817598581e-01	6.3336288929e-01
5.2369745180e+02	6.8554782867e-01	6.4424616098e-01
5.2411716124e+02	6.9269257784e-01	6.5251487494e-01
5.2453687068e+02	6.9961780310e-01	6.6125142574e-01
5.2495658012e+02	7.0633089542e-01	6.7046141624e-01
5.2537628956e+02	7.1283900738e-01	6.7862635851e-01
5.2579599900e+02	7.1914917231e-01	6.8526279926e-01
5.2621570845e+02	7.2526806593e-01	6.9090479612e-01
5.2663541789e+02	7.3120242357e-01	6.9881564379e-01
5.2705512733e+02	7.3695844412e-01	7.0483058691e-01
5.2747483677e+02	7.4254250526e-01	7.0934349298e-01
5.2789454621e+02	7.4796038866e-01	7.1644294262e-01
5.2831425565e+02	7.5321805477e-01	7.2120678425e-01
5.2873396509e+02	7.5832098722e-01	7.2301757336e-01
5.2915367453e+02	7.6327461004e-01	7.2675251961e-01
5.2957338398e+02	7.6808410883e-01	7.3083895445e-01
5.2999309342e+02	7.7275449038e-01	7.3558336496e-01
5.3041280286e+02	7.7729058266e-01	7.3973006010e-01
5.3083251230e+02	7.8169715405e-01	7.4237126112e-01
5.3125222174e+02	7.8597855568e-01	7.4609959126e-01
5.3167193118e+02	7.9013919830e-01	7.4851959944e-01
5.3209164062e+02	7.9418319464e-01	7.5136071444e-01
5.3251135006e+02	7.9811459780e-01	7.5556474924e-01
5.3293105950e+02	8.0193728209e-01	7.5846982002e-01
5.3335076895e+02	8.0565494299e-01	7.5974303484e-01
5.3377047839e+02	8.0927115679e-01	7.6209813356e-01
5.3419018783e+02	8.1278932095e-01	7.6566529274e-01
5.3460989727e+02	8.1621277332e-01	7.6842844486e-01
5.3502960671e+02	8.1954479218e-01	7.6499766111e-01
5.3544931615e+02	8.2278829813e-01	7.6995605230e-01
5.3586902559e+02	8.2594627142e-01	7.7434158325e-01
5.3628873503e+02	8.2902163267e-01	7.7728462219e-01
5.3670844448e+02	8.3201706409e-01	7.8095149994e-01
5.3712815392e+02	8.3493518829e-01	7.8333562613e-01
5.3754786336e+02	8.3777850866e-01	7.8438657522e-01
5.3796757280e+02	8.4054946899e-01	7.8690159321e-01
5.3838728224e+02	8.4325045347e-01	7.8797334433e-01
5.3880699168e+02	8.4588372707e-01	7.8999465704e-01
5.3922670112e+02	8.4845137596e-01	7.9142349958e-01
5.3964641056e+02	8.5095554590e-01	7.9335469007e-01
5.4006612001e+02	8.5339820385e-01	7.9407596588e-01
5.4048582945e+02	8.5578137636e-01	7.9602003098e-01
5.4090553889e+02	8.5810679197e-01	7.9757797718e-01
5.4132524833e+02	8.6037635803e-01	7.9814845324e-01
5.4174495777e+02	8.6259180307e-01	8.0089074373e-01
5.4216466721e+02	8.6475473642e-01	8.0186659098e-01
5.4258437665e+02	8.6686676741e-01	8.0292516947e-01
5.4300408609e+02	8.6892950535e-01	8.0479294062e-01
5.4342379553e+02	8.7094438076e-01	8.0639588833e-01
5.4384350498e+02	8.7291288376e-01	8.0708438158e-01
5.4426321442e+02	8.7483638525e-01	8.0871003866e-01
5.4468292386e+02	8.7671613693e-01	8.0876988173e-01
5.4510263330e+02	8.7855356932e-01	8.1148362160e-01
5.4552234274e+02	8.8034981489e-01	8.1242042780e-01
5.4594205218e+02	8.8210618496e-01	8.1383174658e-01
5.4636176162e+02	8.8382369280e-01	8.1474435329e-01
5.4678147106e+02	8.8550359011e-01	8.1607776880e-01
5.4720118051e+02	8.8714689016e-01	8.1623721123e-01
5.4762088995e+02	8.8875466585e-01	8.1827437878e-01
5.4804059939e+02	8.9032787085e-01	8.1875854731e-01
5.4846030883e+02	8.9186757803e-01	8.2064068317e-01
5.4888001827e+02	8.9337462187e-01	8.2041823864e-01
5.4929972771e+02	8.9484989643e-01	8.2090961933e-01
5.4971943715e+02	8.9629441500e-01	8.1911945343e-01
5.5013914659e+02	8.9770889282e-01	8.2140505314e-01
5.5055885604e+02	8.9909422398e-01	8.3041614294e-01
5.5097856548e+02	9.0045118332e-01	8.2524389029e-01
5.5139827492e+02	9.0178048611e-01	8.1951910257e-01
5.5181798436e+02	9.0308290720e-01	8.2558125257e-01
5.5223769380e+02	9.0435922146e-01	8.2828581333e-01
5.5265740324e+02	9.0561008453e-01	8.2888358831e-01
5.5307711268e+02	9.0683609247e-01	8.2814115286e-01
5.5349682212e+02	9.0803796053e-01	8.3018708229e-01
5.5391653156e+02	9.0921634436e-01	8.3147168159e-01
5.5433624101e+02	9.1037184000e-01	8.3273506165e-01
5.5475595045e+02	9.1150498390e-01	8.3344095945e-01
5.5517565989e+02	9.1261637211e-01	8.3466309309e-01
5.5559536933e+02	9.1370660067e-01	8.3424717188e-01
5.5601507877e+02	9.1477614641e-01	8.3507508039e-01
5.5643478821e+02	9.1582554579e-01	8.3600616455e-01
5.5685449765e+02	9.1685533524e-01	8.3733391762e-01
5.5727420709e+02	9.1786599159e-01	8.3736133575e-01
5.5769391654e+02	9.1885793209e-01	8.3783531189e-01
5.5811362598e+02	9.1983169317e-01	8.3880537748e-01
5.5853333542e+02	9.2078763247e-01	8.3999532461e-01
5.5895304486e+02	9.2172628641e-01	8.4054088593e-01
5.5937275430e+02	9.2264795303e-01	8.4164798260e-01
5.5979246374e+02	9.2355316877e-01	8.4195023775e-01
5.6021217318e+02	9.2444217205e-01	8.4306007624e-01
5.6063188262e+02	9.2531549931e-01	8.4300619364e-01
5.6105159207e+02	9.2617344856e-01	8.4416168928e-01
5.6147130151e+02	9.2701643705e-01	8.4454017878e-01
5.6189101095e+02	9.2784470320e-01	8.4516078234e-01
5.6231072039e+02	9.2865866423e-01	8.4583604336e-01
5.6273042983e+02	9.2945861816e-01	8.4677588940e-01
5.6315013927e+02	9.3024492264e-01	8.4714442492e-01
5.6356984871e+02	9.3101787567e-01	8.4775561094e-01
5.6398955815e+02	9.3177777529e-01	8.4874916077e-01
5.6440926759e+02	9.3252491951e-01	8.4875243902e-01
5.6482897704e+02	9.3325954676e-01	8.5055488348e-01
5.6524868648e+02	9.3398201466e-01	8.5076916218e-01
5.6566839592e+02	9.3469256163e-01	8.5161387920e-01
5.6608810536e+02	9.3539142609e-01	8.5258060694e-01
5.6650781480e+02	9.3607890606e-01	8.5392653942e-01
5.6692752424e+02	9.3675523996e-01	8.5252279043e-01
5.6734723368e+02	9.3742060661e-01	8.5332733393e-01
5.6776694312e+02	9.3807536364e-01	8.5726886988e-01
5.6818665257e+02	9.3871963024e-01	8.5338515043e-01
5.6860636201e+02	9.3935364485e-01	8.5584259033e-01
5.6902607145e+02	9.3997770548e-01	8.5726410151e-01
5.6944578089e+02	9.4059193134e-01	8.5842865705e-01
5.6986549033e+02	9.4119656086e-01	8.5935062170e-01
5.7028519977e+02	9.4179183245e-01	8.5998052359e-01
5.7070490921e+02	9.4237792492e-01	8.6179327965e-01
5.7112461865e+02	9.4295495749e-01	8.6281138659e-01
5.7154432810e+02	9.4352316856e-01	8.6342704296e-01
5.7196403754e+02	9.4408279657e-01	8.6319398880e-01
5.7238374698e+02	9.4463390112e-01	8.6448216438e-01
5.7280345642e+02	9.4517678022e-01	8.6501628160e-01
5.7322316586e+02	9.4571149349e-01	8.6723148823e-01
5.7364287530e+02	9.4623821974e-01	8.6578559875e-01
5.7406258474e+02	9.4675719738e-01	8.6683326960e-01
5.7448229418e+02	9.4726848602e-01	8.6721831560e-01
5.7490200362e+02	9.4777226448e-01	8.6812478304e-01
5.7532171307e+02	9.4826877117e-01	8.6909759045e-01
5.7574142251e+02	9.4875800610e-01	8.6960119009e-01
5.7616113195e+02	9.4924020767e-01	8.7037742138e-01
5.7658084139e+02	9.4971549511e-01	8.7113982439e-01
5.7700055083e+02	9.5018392801e-01	8.7123554945e-01
5.7742026027e+02	9.5064574480e-01	8.7245750427e-01
5.7783996971e+02	9.5110100508e-01	8.7285363674e-01
5.7825967915e+02	9.5154988766e-01	8.7312239408e-01
5.7867938860e+02	9.5199245214e-01	8.7460505962e-01
5.7909909804e+02	9.5242887735e-01	8.7508857250e-01
5.7951880748e+02	9.5285916328e-01	8.7574410439e-01
5.7993851692e+02	9.5328360796e-01	8.7657254934e-01
5.8035822636e+02	9.5370215178e-01	8.7661069632e-01
5.8077793580e+02	9.5411497355e-01	8.7664765120e-01
5.8119764524e+02	9.5452219248e-01	8.7732475996e-01
5.8161735468e+02	9.5492392778e-01	8.7797987461e-01
5.8203706413e+02	9.5532017946e-01	8.7858939171e-01
5.8245677357e+02	9.5571118593e-01	8.7893885374e-01
5.8287648301e+02	9.5609694719e-01	8.8031882048e-01
5.8329619245e+02	9.5647752285e-01	8.8037651777e-01
5.8371590189e+02	9.5685309172e-01	8.8057923317e-01
5.8413561133e+02	9.5722377300e-01	8.8146787882e-01
5.8455532077e+02	9.5758950710e-01	8.8293683529e-01
5.8497503021e+02	9.5795053244e-01	8.8298237324e-01
5.8539473965e+02	9.5830684900e-01	8.8261574507e-01
5.8581444910e+02	9.5865851641e-01	8.8264834881e-01
5.8623415854e+02	9.5900571346e-01	8.8326084614e-01
5.8665386798e+02	9.5934844017e-01	8.8499087095e-01
5.8707357742e+02	9.5968675613e-01	8.8588780165e-01
5.8749328686e+02	9.6002084017e-01	8.8488584757e-01
5.8791299630e+02	9.6035063267e-01	8.8569688797e-01
5.8833270574e+02	9.6067631245e-01	8.8571053743e-01
5.8875241518e+02	9.6099787951e-01	8.8758426905e-01
5.8917212463e+02	9.6131551266e-01	8.8814181089e-01
5.8959183407e+02	9.6162909269e-01	8.8799303770e-01
5.9001154351e+02	9.6193885803e-01	8.8930410147e-01
5.9043125295e+02	9.6224480867e-01	8.9019459486e-01
5.9085096239e+02	9.6254700422e-01	8.8969397545e-01
5.9127067183e+02	9.6284550428e-01	8.9030879736e-01
5.9169038127e+02	9.6314036846e-01	8.9026677608e-01
5.9211009071e+02	9.6343165636e-01	8.9096063375e-01
5.9252980016e+02	9.6371942759e-01	8.9146745205e-01
5.9294950960e+02	9.6400374174e-01	8.9168405533e-01
5.9336921904e+02	9.6428471804e-01	8.9190286398e-01
5.9378892848e+02	9.6456229687e-01	8.9339715242e-01
5.9420863792e+02	9.6483659744e-01	8.9363622665e-01
5.9462834736e+02	9.6510761976e-01	8.9407044649e-01
5.9504805680e+02	9.6537548304e-01	8.9448928833e-01
5.9546776624e+02	9.6564024687e-01	8.9522880316e-01
5.9588747568e+02	9.6590191126e-01	8.9617800713e-01
5.9630718513e+02	9.6616047621e-01	8.9695918560e-01
5.9672689457e+02	9.6641612053e-01	8.9687055349e-01
5.9714660401e+02	9.6666878462e-01	8.9800703526e-01
5.9756631345e+02	9.6691858768e-01	8.9798510075e-01
5.9798602289e+02	9.6716547012e-01	8.9841771126e-01
5.9840573233e+02	9.6740961075e-01	8.9890831709e-01
5.9882544177e+02	9.6765094995e-01	8.9984184504e-01
5.9924515121e+02	9.6788954735e-01	9.0055811405e-01
5.9966486066e+02	9.6812552214e-01	9.0108466148e-01
6.0008457010e+02	9.6835881472e-01	9.0090757608e-01
6.0050427954e+02	9.6858948469e-01	9.0174061060e-01
6.0092398898e+02	9.6881759167e-01	9.0215277672e-01
6.0134369842e+02	9.6904319525e-01	9.0245288610e-01
6.0176340786e+02	9.6926629543e-01	9.0384292603e-01
6.0218311730e+02	9.6948701143e-01	9.0410023928e-01
6.0260282674e+02	9.6970522404e-01	9.0323847532e-01
6.0302253619e+02	9.6992111206e-01	9.0628427267e-01
6.0344224563e+02	9.7013461590e-01	9.0696066618e-01
6.0386195507e+02	9.7034585476e-01	9.0664416552e-01
6.0428166451e+02	9.7055476904e-01	9.0707969666e-01
6.0470137395e+02	9.7076147795e-01	9.0763121843e-01
6.0512108339e+02	9.7096598148e-01	9.0818876028e-01
6.0554079283e+02	9.7116827965e-01	9.0860635042e-01
6.0596050227e+02	9.7136843204e-01	9.0934950113e-01
6.0638021171e+02	9.7156649828e-01	9.0969640017e-01
6.0679992116e+02	9.7176247835e-01	9.1032576561e-01
6.0721963060e+02	9.7195637226e-01	9.1074383259e-01
6.0763934004e+02	9.7214823961e-01	9.1063868999e-01
6.0805904948e+02	9.7233814001e-01	9.1063547134e-01
6.0847875892e+02	9.7252601385e-01	9.1183543205e-01
6.0889846836e+02	9.7271198034e-01	9.1252410412e-01
6.0931817780e+02	9.7289603949e-01	9.1289681196e-01
6.0973788724e+02	9.7307819128e-01	9.1306596994e-01
6.1015759669e+02	9.7325849533e-01	9.1389566660e-01
6.1057730613e+02	9.7343689203e-01	9.1423338652e-01
6.1099701557e+02	9.7361356020e-01	9.1441917419e-01
6.1141672501e+02	9.7378838062e-01	9.1488766670e-01
6.1183643445e+02	9.7396147251e-01	9.1526520252e-01
6.1225614389e+02	9.7413283587e-01	9.1543662548e-01
6.1267585333e+02	9.7430247068e-01	9.1627842188e-01
6.1309556277e+02	9.7447043657e-01	9.1661477089e-01
6.1351527222e+02	9.7463667393e-01	9.1752099991e-01
6.1393498166e+02	9.7480130196e-01	9.1719985008e-01
6.1435469110e+02	9.7496432066e-01	9.1778641939e-01
6.1477440054e+02	9.7512567043e-01	9.1787958145e-01
6.1519410998e+02	9.7528547049e-01	9.1865962744e-01
6.1561381942e+02	9.7544372082e-01	9.1879826784e-01
6.1603352886e+02	9.7560042143e-01	9.1926401854e-01
6.1645323830e+02	9.7575563192e-01	9.1961979866e-01
6.1687294774e+02	9.7590929270e-01	9.2018449306e-01
6.1729265719e+02	9.7606152296e-01	9.1978645325e-01
6.1771236663e+02	9.7621220350e-01	9.1951102018e-01
6.1813207607e+02	9.7636151314e-01	9.2052823305e-01
6.1855178551e+02	9.7650939226e-01	9.2134869099e-01
6.1897149495e+02	9.7665584087e-01	9.2245042324e-01
6.1939120439e+02	9.7680091858e-01	9.2091858387e-01
6.1981091383e+02	9.7694462538e-01	9.2155438662e-01
6.2023062327e+02	9.7708696127e-01	9.2344748974e-01
6.2065033272e+02	9.7722798586e-01	9.2216759920e-01
6.2107004216e+02	9.7736763954e-01	9.2172497511e-01
6.2148975160e+02	9.7750604153e-01	9.2224353552e-01
6.2190946104e+02	9.7764313221e-01	9.2246389389e-01
6.2232917048e+02	9.7777897120e-01	9.2199224234e-01
6.2274887992e+02	9.7791355848e-01	9.2190438509e-01
6.2316858936e+02	9.7804689407e-01	9.2265748978e-01
6.2358829880e+02	9.7817903757e-01	9.2253702879e-01
6.2400800825e+02	9.7830992937e-01	9.2230588198e-01
6.2442771769e+02	9.7843962908e-01	9.2297869921e-01
6.2484742713e+02	9.7856813669e-01	9.2348539829e-01
6.2526713657e+02	9.7869551182e-01	9.2344486713e-01
6.2568684601e+02	9.7882175446e-01	9.2400836945e-01
6.2610655545e+02	9.7894680500e-01	9.2428606749e-01
6.2652626489e+02	9.7907078266e-01	9.2366993427e-01
6.2694597433e+02	9.7919362783e-01	9.2450797558e-01
6.2736568377e+02	9.7931540012e-01	9.2451232672e-01
6.2778539322e+02	9.7943603992e-01	9.2500931025e-01
6.2820510266e+02	9.7955566645e-01	9.2531019449e-01
6.2862481210e+02	9.7967422009e-01	9.2591190338e-01
6.2904452154e+02	9.7979170084e-01	9.2660593987e-01
6.2946423098e+02	9.7990816832e-01	9.2668527365e-01
6.2988394042e+02	9.8002362251e-01	9.2715597153e-01
6.3030364986e+02	9.8013806343e-01	9.2785876989e-01
6.3072335930e+02	9.8025149107e-01	9.2830562592e-01
6.3114306875e+02	9.8036396503e-01	9.2837119102e-01
6.3156277819e+02	9.8047548532e-01	9.2922145128e-01
6.3198248763e+02	9.8058599234e-01	9.2938393354e-01
6.3240219707e+02	9.8069554567e-01	9.3014764786e-01
6.3282190651e+02	9.8080420494e-01	9.2993575335e-01
6.3324161595e+02	9.8091191053e-01	9.3091309071e-01
6.3366132539e+02	9.8101872206e-01	9.3177443743e-01
6.3408103483e+02	9.8112457991e-01	9.3155395985e-01
6.3450074428e+02	9.8122960329e-01	9.3144357204e-01
6.3492045372e+02	9.8133367300e-01	9.3207365274e-01
6.3534016316e+02	9.8143690825e-01	9.3255603313e-01
6.3575987260e+02	9.8153924942e-01	9.3284988403e-01
6.3617958204e+02	9.8164075613e-01	9.3306469917e-01
6.3659929148e+02	9.8174142838e-01	9.3414074183e-01
6.3701900092e+02	9.8184126616e-01	9.3175232410e-01
6.3743871036e+02	9.8194026947e-01	9.3296051025e-01
6.3785841980e+02	9.8203843832e-01	9.3366265297e-01
6.3827812925e+02	9.8213577271e-01	9.3392437696e-01
6.3869783869e+02	9.8223233223e-01	9.3418043852e-01
6.3911754813e+02	9.8232811689e-01	9.3411254883e-01
6.3953725757e+02	9.8242306709e-01	9.3458801508e-01
6.3995696701e+02	9.8251730204e-01	9.3432122469e-01
6.4037667645e+02	9.8261076212e-01	9.3481183052e-01
6.4079638589e+02	9.8270344734e-01	9.3421417475e-01
6.4121609533e+02	9.8279535770e-01	9.3506705761e-01
6.4163580478e+02	9.8288655281e-01	9.3610614538e-01
6.4205551422e+02	9.8297703266e-01	9.3624413013e-01
6.4247522366e+02	9.8306673765e-01	9.3634206057e-01
6.4289493310e+02	9.8315578699e-01	9.3686014414e-01
6.4331464254e+02	9.8324406147e-01	9.3660676479e-01
6.4373435198e+02	9.8333168030e-01	9.3690353632e-01
6.4415406142e+02	9.8341858387e-01	9.3689996004e-01
6.4457377086e+02	9.8350483179e-01	9.3732196093e-01
6.4499348031e+02	9.8359036446e-01	9.3764150143e-01
6.4541318975e+02	9.8367524147e-01	9.3793874979e-01
6.4583289919e+02	9.8375946283e-01	9.3797963858e-01
6.4625260863e+02	9.8384296894e-01	9.3835347891e-01
6.4667231807e+02	9.8392587900e-01	9.3831169605e-01
6.4709202751e+02	9.8400813341e-01	9.3811529875e-01
6.4751173695e+02	9.8408973217e-01	9.3794804811e-01
6.4793144639e+02	9.8417073488e-01	9.3826764822e-01
6.4835115583e+02	9.8425108194e-01	9.3809902668e-01
6.4877086528e+02	9.8433083296e-01	9.3891423941e-01
6.4919057472e+02	9.8440998793e-01	9.3884748220e-01
6.4961028416e+02	9.8448848724e-01	9.3914222717e-01
6.5002999360e+02	9.8456639051e-01	9.3947613239e-01
6.5044970304e+02	9.8464375734e-01	9.3937790394e-01
6.5086941248e+02	9.8472046852e-01	9.4017940760e-01
6.5128912192e+02	9.8479664326e-01	9.3978160620e-01
6.5170883136e+02	9.8487222195e-01	9.4001483917e-01
6.5212854081e+02	9.8494720459e-01	9.4008815289e-01
6.5254825025e+02	9.8502171040e-01	9.4013917446e-01
6.5296795969e+02	9.8509556055e-01	9.4106245041e-01
6.5338766913e+02	9.8516893387e-01	9.4055670500e-01
6.5380737857e+02	9.8524171114e-01	9.4110542536e-01
6.5422708801e+02	9.8531395197e-01	9.4116264582e-01
6.5464679745e+02	9.8538565636e-01	9.4142973423e-01
6.5506650689e+02	9.8545688391e-01	9.4164437056e-01
6.5548621634e+02	9.8552751541e-01	9.4238835573e-01
6.5590592578e+02	9.8559767008e-01	9.4264358282e-01
6.5632563522e+02	9.8566728830e-01	9.4267779589e-01
6.5674534466e+02	9.8573642969e-01	9.4286864996e-01
6.5716505410e+02	9.8580503464e-01	9.4314098358e-01
6.5758476354e+02	9.8587310314e-01	9.4377392530e-01
6.5800447298e+02	9.8594075441e-01	9.4374811649e-01
6.5842418242e+02	9.8600786924e-01	9.4426512718e-01
6.5884389186e+02	9.8607450724e-01	9.4411182404e-01
6.5926360131e+02	9.8614066839e-01	9.4465315342e-01
6.5968331075e+02	9.8620635271e-01	9.4449830055e-01
6.6010302019e+02	9.8627156019e-01	9.4544774294e-01
6.6052272963e+02	9.8633629084e-01	9.4546490908e-01
6.6094243907e+02	9.8640060425e-01	9.4542247057e-01
6.6136214851e+02	9.8646438122e-01	9.4600868225e-01
6.6178185795e+02	9.8652780056e-01	9.4596421719e-01
6.6220156739e+02	9.8659068346e-01	9.4638532400e-01
6.6262127684e+02	9.8665320873e-01	9.4656580687e-01
6.6304098628e+02	9.8671519756e-01	9.4667178392e-01
6.6346069572e+02	9.8677682877e-01	9.4662004709e-01
6.6388040516e+02	9.8683798313e-01	9.4670850039e-01
6.6430011460e+02	9.8689872026e-01	9.4686871767e-01
6.6471982404e+02	9.8695904016e-01	9.4728922844e-01
6.6513953348e+02	9.8701894283e-01	9.4725555182e-01
6.6555924292e+02	9.8707842827e-01	9.4781112671e-01
6.6597895237e+02	9.8713749647e-01	9.4786989689e-01
6.6639866181e+02	9.8719614744e-01	9.4819003344e-01
6.6681837125e+02	9.8725438118e-01	9.4809007645e-01
6.6723808069e+02	9.8731225729e-01	9.4836091995e-01
6.6765779013e+02	9.8736965656e-01	9.4873279333e-01
6.6807749957e+02	9.8742675781e-01	9.4890296459e-01
6.6849720901e+02	9.8748344183e-01	9.4885772467e-01
6.6891691845e+02	9.8753970861e-01	9.4906562567e-01
6.6933662789e+02	9.8759561777e-01	9.4932252169e-01
6.6975633734e+02	9.8765110970e-01	9.4978344440e-01
6.7017604678e+02	9.8770624399e-01	9.4996553659e-01
6.7059575622e+02	9.8776102066e-01	9.5011746883e-01
6.7101546566e+02	9.8781543970e-01	9.5064496994e-01
6.7143517510e+02	9.8786944151e-01	9.5063203573e-01
6.7185488454e+02	9.8792314529e-01	9.5082730055e-01
6.7227459398e+02	9.8797643185e-01	9.5138573647e-01
6.7269430342e+02	9.8802942038e-01	9.5101451874e-01
6.7311401287e+02	9.8808205128e-01	9.5145642757e-01
6.7353372231e+02	9.8813426495e-01	9.5157980919e-01
6.7395343175e+02	9.8818618059e-01	9.5202648640e-01
6.7437314119e+02	9.8823773861e-01	9.5237135887e-01
6.7479285063e+02	9.8828899860e-01	9.5221960545e-01
6.7521256007e+02	9.8833984137e-01	9.5243233442e-01
6.7563226951e+02	9.8839044571e-01	9.5259112120e-01
6.7605197895e+02	9.8844063282e-01	9.5282971859e-01
6.7647168840e+02	9.8849052191e-01	9.5304870605e-01
6.7689139784e+02	9.8854011297e-01	9.5330780745e-01
6.7731110728e+02	9.8858934641e-01	9.5336359739e-01
6.7773081672e+02	9.8863828182e-01	9.5340651274e-01
6.7815052616e+02	9.8868685961e-01	9.5329284668e-01
6.7857023560e+02	9.8873519897e-01	9.5395392179e-01
6.7898994504e+02	9.8878318071e-01	9.5404440165e-01
6.7940965448e+02	9.8883080482e-01	9.5425623655e-01
6.7982936392e+02	9.8887819052e-01	9.5412319899e-01
6.8024907337e+02	9.8892527819e-01	9.5453053713e-01
6.8066878281e+02	9.8897200823e-01	9.5477825403e-01
6.8108849225e+02	9.8901849985e-01	9.5477086306e-01
6.8150820169e+02	9.8906463385e-01	9.5499235392e-01
6.8192791113e+02	9.8911052942e-01	9.5527935028e-01
6.8234762057e+02	9.8915612698e-01	9.5550972223e-01
6.8276733001e+02	9.8920136690e-01	9.5585954189e-01
6.8318703945e+02	9.8924642801e-01	9.5554441214e-01
6.8360674890e+02	9.8929113150e-01	9.5590525866e-01
6.8402645834e+02	9.8933559656e-01	9.5601576567e-01
6.8444616778e+02	9.8937970400e-01	9.5607393980e-01
6.8486587722e+02	9.8942363262e-01	9.5627874136e-01
6.8528558666e+02	9.8946726322e-01	9.5652049780e-01
6.8570529610e+02	9.8951059580e-01	9.5671892166e-01
6.8612500554e+02	9.8955363035e-01	9.5697844028e-01
6.8654471498e+02	9.8959642649e-01	9.5705759525e-01
6.8696442443e+02	9.8963898420e-01	9.5725679398e-01
6.8738413387e+02	9.8968124390e-01	9.5746856928e-01
6.8780384331e+02	9.8972326517e-01	9.5740246773e-01
6.8822355275e+02	9.8976504803e-01	9.5776021481e-01
6.8864326219e+02	9.8980653286e-01	9.5796376467e-01
6.8906297163e+02	9.8984777927e-01	9.5823788643e-01
6.8948268107e+02	9.8988878727e-01	9.5840364695e-01
6.8990239051e+02	9.8992955685e-01	9.5819377899e-01
6.9032209995e+02	9.8997002840e-01	9.5853984356e-01
6.9074180940e+02	9.9001026154e-01	9.5865851641e-01
6.9116151884e+02	9.9005025625e-01	9.5886474848e-01
6.9158122828e+02	9.9009007215e-01	9.5893245935e-01
6.9200093772e+02	9.9012959003e-01	9.5913177729e-01
6.9242064716e+02	9.9016886950e-01	9.5909792185e-01
6.9284035660e+02	9.9020791054e-01	9.5955508947e-01
6.9326006604e+02	9.9024671316e-01	9.5963478088e-01
6.9367977548e+02	9.9028527737e-01	9.5970517397e-01
6.9409948493e+02	9.9032366276e-01	9.5985436440e-01
6.9451919437e+02	9.9036180973e-01	9.5981901884e-01
6.9493890381e+02	9.9039965868e-01	9.5998269320e-01
6.9535861325e+02	9.9043732882e-01	9.6012473106e-01
6.9577832269e+02	9.9047482014e-01	9.6028256416e-01
6.9619803213e+02	9.9051201344e-01	9.6057134867e-01
6.9661774157e+02	9.9054902792e-01	9.6069377661e-01
6.9703745101e+02	9.9058580399e-01	9.6075189114e-01
6.9745716046e+02	9.9062240124e-01	9.6087622643e-01
6.9787686990e+02	9.9065876007e-01	9.6108859777e-01
6.9829657934e+02	9.9069488049e-01	9.6095341444e-01
6.9871628878e+02	9.9073082209e-01	9.6111965179e-01
6.9913599822e+02	9.9076652527e-01	9.6146774292e-01
6.9955570766e+02	9.9080204964e-01	9.6147114038e-01
6.9997541710e+02	9.9083739519e-01	9.6157377958e-01
7.0039512654e+02	9.9087250233e-01	9.6195054054e-01
7.0081483598e+02	9.9090737104e-01	9.6201753616e-01
7.0123454543e+02	9.9094206095e-01	9.6211117506e-01
7.0165425487e+02	9.9097657204e-01	9.6206694841e-01
7.0207396431e+02	9.9101090431e-01	9.6239364147e-01
7.0249367375e+02	9.9104499817e-01	9.6243584156e-01
7.0291338319e+02	9.9107891321e-01	9.6278655529e-01
7.0333309263e+02	9.9111264944e-01	9.6286720037e-01
7.0375280207e+02	9.9114614725e-01	9.6294790506e-01
7.0417251151e+02	9.9117946625e-01	9.6305578947e-01
7.0459222096e+02	9.9121260643e-01	9.6330296993e-01
7.0501193040e+02	9.9124556780e-01	9.6327042580e-01
7.0543163984e+02	9.9127835035e-01	9.6361303329e-01
7.0585134928e+02	9.9131095409e-01	9.6355181932e-01
7.0627105872e+02	9.9134331942e-01	9.6393901110e-01
7.0669076816e+02	9.9137556553e-01	9.6387910843e-01
7.0711047760e+02	9.9140757322e-01	9.6427774429e-01
7.0753018704e+02	9.9143946171e-01	9.6416878700e-01
7.0794989649e+02	9.9147111177e-01	9.6462380886e-01
7.0836960593e+02	9.9150264263e-01	9.6435457468e-01
7.0878931537e+02	9.9153393507e-01	9.6457821131e-01
7.0920902481e+02	9.9156510830e-01	9.6482318640e-01
7.0962873425e+02	9.9159610271e-01	9.6506905556e-01
7.1004844369e+02	9.9162685871e-01	9.6500819921e-01
7.1046815313e+02	9.9165749550e-01	9.6509081125e-01
7.1088786257e+02	9.9168801308e-01	9.6523571014e-01
7.1130757201e+02	9.9171829224e-01	9.6547347307e-01
7.1172728146e+02	9.9174839258e-01	9.6561563015e-01
7.1214699090e+02	9.9177837372e-01	9.6572732925e-01
7.1256670034e+02	9.9180817604e-01	9.6589100361e-01
7.1298640978e+02	9.9183779955e-01	9.6607625484e-01
7.1340611922e+02	9.9186730385e-01	9.6584385633e-01
7.1382582866e+02	9.9189662933e-01	9.6619552374e-01
7.1424553810e+02	9.9192577600e-01	9.6647405624e-01
7.1466524754e+02	9.9195480347e-01	9.6655434370e-01
7.1508495699e+02	9.9198365211e-01	9.6660232544e-01
7.1550466643e+02	9.9201232195e-01	9.6671336889e-01
7.1592437587e+02	9.9204081297e-01	9.6694797277e-01
7.1634408531e+02	9.9206924438e-01	9.6696609259e-01
7.1676379475e+02	9.9209743738e-01	9.6724742651e-01
7.1718350419e+02	9.9212551117e-01	9.6706789732e-01
7.1760321363e+02	9.9215346575e-01	9.6724170446e-01
7.1802292307e+02	9.9218124151e-01	9.6755433083e-01
7.1844263252e+02	9.9220883846e-01	9.6752244234e-01
7.1886234196e+02	9.9223631620e-01	9.6767395735e-01
7.1928205140e+02	9.9226367474e-01	9.6796762943e-01
7.1970176084e+02	9.9229085445e-01	9.6787619591e-01
7.2012147028e+02	9.9231785536e-01	9.6811312437e-01
7.2054117972e+02	9.9234479666e-01	9.6816390753e-01
7.2096088916e+02	9.9237155914e-01	9.6834653616e-01
7.2138059860e+02	9.9239814281e-01	9.6835190058e-01
7.2180030804e+02	9.9242460728e-01	9.6849739552e-01
7.2222001749e+02	9.9245095253e-01	9.6846640110e-01
7.2263972693e+02	9.9247717857e-01	9.6884489059e-01
7.2305943637e+02	9.9250322580e-01	9.6876645088e-01
7.2347914581e+02	9.9252915382e-01	9.6900951862e-01
7.2389885525e+02	9.9255496264e-01	9.6897631884e-01
7.2431856469e+02	9.9258059263e-01	9.6916019917e-01
7.2473827413e+02	9.9260610342e-01	9.6925497055e-01
7.2515798357e+02	9.9263149500e-01	9.6936327219e-01
7.2557769302e+02	9.9265676737e-01	9.6960598230e-01
7.2599740246e+02	9.9268192053e-01	9.6954441071e-01
7.2641711190e+02	9.9270689487e-01	9.6968251467e-01
7.2683682134e+02	9.9273175001e-01	9.6977812052e-01
7.2725653078e+02	9.9275648594e-01	9.6999222040e-01
7.2767624022e+02	9.9278110266e-01	9.6995723248e-01
7.2809594966e+02	9.9280560017e-01	9.7029459476e-01
7.2851565910e+02	9.9282997847e-01	9.7026234865e-01
7.2893536855e+02	9.9285423756e-01	9.7040927410e-01
7.2935507799e+02	9.9287831783e-01	9.7050619125e-01
7.2977478743e+02	9.9290233850e-01	9.7071123123e-01
7.3019449687e+02	9.9292618036e-01	9.7087371349e-01
7.3061420631e+02	9.9294996262e-01	9.7076314688e-01
7.3103391575e+02	9.9297356606e-01	9.7094571590e-01
7.3145362519e+02	9.9299705029e-01	9.7094482183e-01
7.3187333463e+02	9.9302047491e-01	9.7124028206e-01
7.3229304407e+02	9.9304372072e-01	9.7129017115e-01
7.3271275352e+02	9.9306690693e-01	9.7128707170e-01
7.3313246296e+02	9.9308991432e-01	9.7133147717e-01
7.3355217240e+02	9.9311286211e-01	9.7148650885e-01
7.3397188184e+02	9.9313569069e-01	9.7170984745e-01
7.3439159128e+02	9.9315834045e-01	9.7181624174e-01
7.3481130072e+02	9.9318093061e-01	9.7177088261e-01
7.3523101016e+02	9.9320340157e-01	9.7182738781e-01
7.3565071960e+02	9.9322575331e-01	9.7198933363e-01
7.3607042905e+02	9.9324804544e-01	9.7200340033e-01
7.3649013849e+02	9.9327015877e-01	9.7224956751e-01
7.3690984793e+02	9.9329221249e-01	9.7253078222e-01
7.3732955737e+02	9.9331408739e-01	9.7245544195e-01
7.3774926681e+02	9.9333590269e-01	9.7248345613e-01
7.3816897625e+02	9.9335765839e-01	9.7260338068e-01
7.3858868569e+02	9.9337923527e-01	9.7268897295e-01
7.3900839513e+02	9.9340075254e-01	9.7270983458e-01
7.3942810458e+02	9.9342209101e-01	9.7275000811e-01
7.3984781402e+02	9.9344336987e-01	9.7299778461e-01
7.4026752346e+02	9.9346458912e-01	9.7297012806e-01
7.4068723290e+02	9.9348562956e-01	9.7310513258e-01
7.4110694234e+02	9.9350661039e-01	9.7314792871e-01
7.4152665178e+02	9.9352747202e-01	9.7323369980e-01
7.4194636122e+02	9.9354827404e-01	9.7329854965e-01
7.4236607066e+02	9.9356895685e-01	9.7344106436e-01
7.4278578010e+02	9.9358952045e-01	9.7345203161e-01
7.4320548955e+02	9.9360996485e-01	9.7360014915e-01
7.4362519899e+02	9.9363034964e-01	9.7375172377e-01
7.4404490843e+02	9.9365061522e-01	9.7376096249e-01
7.4446461787e+02	9.9367082119e-01	9.7360706329e-01
7.4488432731e+02	9.9369084835e-01	9.7381263971e-01
7.4530403675e+02	9.9371087551e-01	9.7387909889e-01
7.4572374619e+02	9.9373072386e-01	9.7387188673e-01
7.4614345563e+02	9.9375057220e-01	9.7400969267e-01
7.4656316508e+02	9.9377024174e-01	9.7415089607e-01
7.4698287452e+02	9.9378985167e-01	9.7406220436e-01
7.4740258396e+02	9.9380934238e-01	9.7414046526e-01
7.4782229340e+02	9.9382877350e-01	9.7423005104e-01
7.4824200284e+02	9.9384808540e-01	9.7424566746e-01
7.4866171228e+02	9.9386733770e-01	9.7431528568e-01
7.4908142172e+02	9.9388653040e-01	9.7436416149e-01
7.4950113116e+02	9.9390554428e-01	9.7436189651e-01
7.4992084061e+02	9.9392449856e-01	9.7449570894e-01
7.5034055005e+02	9.9394339323e-01	9.7458356619e-01
7.5076025949e+02	9.9396216869e-01	9.7459906340e-01
7.5117996893e+02	9.9398088455e-01	9.7464954853e-01
7.5159967837e+02	9.9399954081e-01	9.7472172976e-01
7.5201938781e+02	9.9401801825e-01	9.7477525473e-01
7.5243909725e+02	9.9403649569e-01	9.7481334209e-01
7.5285880669e+02	9.9405485392e-01	9.7500336170e-01
7.5327851613e+02	9.9407309294e-01	9.7484457493e-01
7.5369822558e+02	9.9409127235e-01	9.7504752874e-01
7.5411793502e+02	9.9410939217e-01	9.7487246990e-01
7.5453764446e+02	9.9412739277e-01	9.7516679764e-01
7.5495735390e+02	9.9414533377e-01	9.7507882118e-01
7.5537706334e+02	9.9416321516e-01	9.7529715300e-01
7.5579677278e+02	9.9418097734e-01	9.7512769699e-01
7.5621648222e+02	9.9419867992e-01	9.7521585226e-01
7.5663619166e+02	9.9421626329e-01	9.7522085905e-01
7.5705590111e+02	9.9423378706e-01	9.7539460659e-01
7.5747561055e+02	9.9425125122e-01	9.7545754910e-01
7.5789531999e+02	9.9426865578e-01	9.7531247139e-01
7.5831502943e+02	9.9428594112e-01	9.7548770905e-01
7.5873473887e+02	9.9430310726e-01	9.7535747290e-01
7.5915444831e+02	9.9432027340e-01	9.7541940212e-01
7.5957415775e+02	9.9433732033e-01	9.7542768717e-01
7.5999386719e+02	9.9435430765e-01	9.7540330887e-01
7.6041357664e+02	9.9437117577e-01	9.7569668293e-01
7.6083328608e+02	9.9438804388e-01	9.7571885586e-01
7.6125299552e+02	9.9440479279e-01	9.7574990988e-01
7.6167270496e+02	9.9442142248e-01	9.7569388151e-01
7.6209241440e+02	9.9443805218e-01	9.7577196360e-01
7.6251212384e+02	9.9445456266e-01	9.7564458847e-01
7.6293183328e+02	9.9447101355e-01	9.7568684816e-01
7.6335154272e+02	9.9448740482e-01	9.7569489479e-01
7.6377125216e+02	9.9450373650e-01	9.7558230162e-01
7.6419096161e+02	9.9451994896e-01	9.7557061911e-01
7.6461067105e+02	9.9453610182e-01	9.7573429346e-01
7.6503038049e+02	9.9455219507e-01	9.7581166029e-01
7.6545008993e+02	9.9456822872e-01	9.7598785162e-01
7.6586979937e+02	9.9458414316e-01	9.7581768036e-01
7.6628950881e+02	9.9460005760e-01	9.7584187984e-01
7.6670921825e+02	9.9461585283e-01	9.7590541840e-01
7.6712892769e+02	9.9463158846e-01	9.7600024939e-01
7.6754863714e+02	9.9464726448e-01	9.7593736649e-01
7.6796834658e+02	9.9466282129e-01	9.7593021393e-01
7.6838805602e+02	9.9467837811e-01	9.7604888678e-01
7.6880776546e+02	9.9469381571e-01	9.7600954771e-01
7.6922747490e+02	9.9470919371e-01	9.7607487440e-01
7.6964718434e+02	9.9472457170e-01	9.7597891092e-01
7.7006689378e+02	9.9473983049e-01	9.7612720728e-01
7.7048660322e+02	9.9475497007e-01	9.7613334656e-01
7.7090631267e+02	9.9477010965e-01	9.7601890564e-01
7.7132602211e+02	9.9478518963e-01	9.7613155842e-01
7.7174573155e+02	9.9480015039e-01	9.7616177797e-01
7.7216544099e+02	9.9481511116e-01	9.7626709938e-01
7.7258515043e+02	9.9482995272e-01	9.7613435984e-01
7.7300485987e+02	9.9484479427e-01	9.7618979216e-01
7.7342456931e+02	9.9485951662e-01	9.7610437870e-01
7.7384427875e+02	9.9487417936e-01	9.7619241476e-01
7.7426398819e+02	9.9488878250e-01	9.7611618042e-01
7.7468369764e+02	9.9490332603e-01	9.7617334127e-01
7.7510340708e+02	9.9491780996e-01	9.7616302967e-01
7.7552311652e+02	9.9493223429e-01	9.7622716427e-01
7.7594282596e+02	9.9494659901e-01	9.7617632151e-01
7.7636253540e+02	9.9496090412e-01	9.7607302666e-01
7.7678224484e+02	9.9497514963e-01	9.7624546289e-01
7.7720195428e+02	9.9498933554e-01	9.7621876001e-01
7.7762166372e+02	9.9500346184e-01	9.7616177797e-01
7.7804137317e+02	9.9501752853e-01	9.7603839636e-01
7.7846108261e+02	9.9503153563e-01	9.7592926025e-01
7.7888079205e+02	9.9504548311e-01	9.7615742683e-01
7.7930050149e+02	9.9505937099e-01	9.7597938776e-01
7.7972021093e+02	9.9507319927e-01	9.7602510452e-01
7.8013992037e+02	9.9508696795e-01	9.7589808702e-01
7.8055962981e+02	9.9510067701e-01	9.7600102425e-01
7.8097933925e+02	9.9511432648e-01	9.7581177950e-01
7.8139904870e+02	9.9512791634e-01	9.7581589222e-01
7.8181875814e+02	9.9514144659e-01	9.7577726841e-01
7.8223846758e+02	9.9515491724e-01	9.7569763660e-01
7.8265817702e+02	9.9516832829e-01	9.7570002079e-01
7.8307788646e+02	9.9518167973e-01	9.7560185194e-01
7.8349759590e+02	9.9519503117e-01	9.7580927610e-01
7.8391730534e+02	9.9520826340e-01	9.7557300329e-01
7.8433701478e+02	9.9522149563e-01	9.7554421425e-01
7.8475672422e+02	9.9523460865e-01	9.7545641661e-01
7.8517643367e+02	9.9524772167e-01	9.7534787655e-01
7.8559614311e+02	9.9526071548e-01	9.7542965412e-01
7.8601585255e+02	9.9527370930e-01	9.7500360012e-01
7.8643556199e+02	9.9528664351e-01	9.7525870800e-01
7.8685527143e+02	9.9529951811e-01	9.7508621216e-01
7.8727498087e+02	9.9531233311e-01	9.7499758005e-01
7.8769469031e+02	9.9532514811e-01	9.7491472960e-01
7.8811439975e+02	9.9533784389e-01	9.7472757101e-01
7.8853410920e+02	9.9535053968e-01	9.7470098734e-01
7.8895381864e+02	9.9536311626e-01	9.7459757328e-01
7.8937352808e+02	9.9537569284e-01	9.7449523211e-01
7.8979323752e+02	9.9538820982e-01	9.7437727451e-01
7.9021294696e+02	9.9540066719e-01	9.7423732281e-01
7.9063265640e+02	9.9541306496e-01	9.7418731451e-01
7.9105236584e+02	9.9542546272e-01	9.7394126654e-01
7.9147207528e+02	9.9543774128e-01	9.7385501862e-01
7.9189178473e+02	9.9545001984e-01	9.7383862734e-01
7.9231149417e+02	9.9546223879e-01	9.7358286381e-01
7.9273120361e+02	9.9547439814e-01	9.7336775064e-01
7.9315091305e+02	9.9548649788e-01	9.7324013710e-01
7.9357062249e+02	9.9549853802e-01	9.7306424379e-01
7.9399033193e+02	9.9551057816e-01	9.7294533253e-01
7.9441004137e+02	9.9552255869e-01	9.7261184454e-01
7.9482975081e+02	9.9553447962e-01	9.7243565321e-01
7.9524946025e+02	9.9554634094e-01	9.7222274542e-01
7.9566916970e+02	9.9555814266e-01	9.7209280729e-01
7.9608887914e+02	9.9556994438e-01	9.7184866667e-01
7.9650858858e+02	9.9558162689e-01	9.7173619270e-01
7.9692829802e+02	9.9559330940e-01	9.7152572870e-01
7.9734800746e+02	9.9560499191e-01	9.7122585773e-01
7.9776771690e+02	9.9561655521e-01	9.7078967094e-01
7.9818742634e+02	9.9562811852e-01	9.7085708380e-01
7.9860713578e+02	9.9563962221e-01	9.7055298090e-01
7.9902684523e+02	9.9565106630e-01	9.7032219172e-01
7.9944655467e+02	9.9566245079e-01	9.7016775608e-01
