wavelength_nm	ideal_target_transmittance	tandem_response_transmittance
3.7973712158e+02	9.4904518127e-01	8.9623576403e-01
3.8015682983e+02	9.4851064682e-01	8.9481365681e-01
3.8057653809e+02	9.4796729088e-01	8.9359951019e-01
3.8099624634e+02	9.4741505384e-01	8.9237499237e-01
3.8141595459e+02	9.4685363770e-01	8.9032608271e-01
3.8183566284e+02	9.4628286362e-01	8.8885772228e-01
3.8225537109e+02	9.4570249319e-01	8.8721084595e-01
3.8267507935e+02	9.4511240721e-01	8.8598644733e-01
3.8309478760e+02	9.4451224804e-01	8.8352811337e-01
3.8351449585e+02	9.4390189648e-01	8.8301116228e-01
3.8393420410e+02	9.4328111410e-01	8.8074684143e-01
3.8435391235e+02	9.4264960289e-01	8.7942564487e-01
3.8477362061e+02	9.4200712442e-01	8.7718003988e-01
3.8519332886e+02	9.4135338068e-01	8.7596160173e-01
3.8561303711e+02	9.4068825245e-01	8.7466859818e-01
3.8603274536e+02	9.4001132250e-01	8.7261277437e-01
3.8645245361e+02	9.3932235241e-01	8.6929571629e-01
3.8687216187e+02	9.3862110376e-01	8.6936056614e-01
3.8729187012e+02	9.3790727854e-01	8.6739522219e-01
3.8771157837e+02	9.3718045950e-01	8.6461800337e-01
3.8813131714e+02	9.3644040823e-01	8.6318653822e-01
3.8855102539e+02	9.3568688631e-01	8.6128318310e-01
3.8897073364e+02	9.3491941690e-01	8.6030715704e-01
3.8939044189e+02	9.3413776159e-01	8.5858517885e-01
3.8981015015e+02	9.3334156275e-01	8.5666352510e-01
3.9022985840e+02	9.3253034353e-01	8.5503035784e-01
3.9064956665e+02	9.3170386553e-01	8.5426378250e-01
3.9106927490e+02	9.3086165190e-01	8.5157454014e-01
3.9148898315e+02	9.3000334501e-01	8.5016918182e-01
3.9190869141e+02	9.2912852764e-01	8.4915786982e-01
3.9232839966e+02	9.2823672295e-01	8.4753060341e-01
3.9274810791e+02	9.2732757330e-01	8.4540730715e-01
3.9316781616e+02	9.2640060186e-01	8.4404438734e-01
3.9358752441e+02	9.2545533180e-01	8.4273570776e-01
3.9400723267e+02	9.2449128628e-01	8.4286361933e-01
3.9442694092e+02	9.2350792885e-01	8.4151840210e-01
3.9484664917e+02	9.2250478268e-01	8.3892071247e-01
3.9526635742e+02	9.2148131132e-01	8.3859789371e-01
3.9568606567e+02	9.2043697834e-01	8.3772349358e-01
3.9610577393e+02	9.1937124729e-01	8.3591336012e-01
3.9652548218e+02	9.1828346252e-01	8.3496636152e-01
3.9694519043e+02	9.1717302799e-01	8.3386808634e-01
3.9736489868e+02	9.1603934765e-01	8.3262050152e-01
3.9778460693e+02	9.1488176584e-01	8.3165585995e-01
3.9820431519e+02	9.1369962692e-01	8.3014935255e-01
3.9862402344e+02	9.1249221563e-01	8.2937341928e-01
3.9904376221e+02	9.1125875711e-01	8.2821387053e-01
3.9946347046e+02	9.0999865532e-01	8.2677441835e-01
3.9988317871e+02	9.0871107578e-01	8.2664912939e-01
4.0030288696e+02	9.0739524364e-01	8.2518190145e-01
4.0072259521e+02	9.0605032444e-01	8.2357776165e-01
4.0114230347e+02	9.0467542410e-01	8.2246565819e-01
4.0156201172e+02	9.0326976776e-01	8.2168382406e-01
4.0198171997e+02	9.0183228254e-01	8.2199543715e-01
4.0240142822e+02	9.0036219358e-01	8.1900572777e-01
4.0282113647e+02	8.9885848761e-01	8.1943118572e-01
4.0324084473e+02	8.9732003212e-01	8.1858479977e-01
4.0366055298e+02	8.9574593306e-01	8.1800007820e-01
4.0408026123e+02	8.9413499832e-01	8.1610947847e-01
4.0449996948e+02	8.9248615503e-01	8.1629210711e-01
4.0491967773e+02	8.9079815149e-01	8.1351774931e-01
4.0533938599e+02	8.8906991482e-01	8.1446790695e-01
4.0575909424e+02	8.8730007410e-01	8.1228858232e-01
4.0617880249e+02	8.8548737764e-01	8.1100928783e-01
4.0659851074e+02	8.8363045454e-01	8.0883491039e-01
4.0701821899e+02	8.8172787428e-01	8.0869013071e-01
4.0743792725e+02	8.7977820635e-01	8.0696004629e-01
4.0785763550e+02	8.7777996063e-01	8.0541211367e-01
4.0827734375e+02	8.7573146820e-01	8.0527001619e-01
4.0869705200e+02	8.7363123894e-01	8.0148601532e-01
4.0911676025e+02	8.7147742510e-01	8.0041664839e-01
4.0953649902e+02	8.6926823854e-01	7.9888910055e-01
4.0995620728e+02	8.6700206995e-01	7.9677844048e-01
4.1037591553e+02	8.6467689276e-01	7.9483431578e-01
4.1079562378e+02	8.6229074001e-01	7.9095101357e-01
4.1121533203e+02	8.5984158516e-01	7.9116725922e-01
4.1163504028e+02	8.5732722282e-01	7.8765988350e-01
4.1205474854e+02	8.5474544764e-01	7.8715610504e-01
4.1247445679e+02	8.5209393501e-01	7.8451603651e-01
4.1289416504e+02	8.4937036037e-01	7.8323525190e-01
4.1331387329e+02	8.4657222033e-01	7.8155136108e-01
4.1373358154e+02	8.4369683266e-01	7.7895313501e-01
4.1415328979e+02	8.4074151516e-01	7.7645790577e-01
4.1457299805e+02	8.3770352602e-01	7.7505725622e-01
4.1499270630e+02	8.3457988501e-01	7.7282750607e-01
4.1541241455e+02	8.3136755228e-01	7.6983225346e-01
4.1583212280e+02	8.2806336880e-01	7.6524317265e-01
4.1625183105e+02	8.2466411591e-01	7.6424098015e-01
4.1667153931e+02	8.2116621733e-01	7.6038318872e-01
4.1709124756e+02	8.1756627560e-01	7.5804990530e-01
4.1751095581e+02	8.1386047602e-01	7.5547754765e-01
4.1793066406e+02	8.1004500389e-01	7.5312548876e-01
4.1835037231e+02	8.0611586571e-01	7.4652451277e-01
4.1877008057e+02	8.0206888914e-01	7.4427896738e-01
4.1918978882e+02	7.9789972305e-01	7.3878324032e-01
4.1960949707e+02	7.9360383749e-01	7.3466062546e-01
4.2002920532e+02	7.8917664289e-01	7.2913622856e-01
4.2044894409e+02	7.8461283445e-01	7.2663295269e-01
4.2086865234e+02	7.7990812063e-01	7.1972745657e-01
4.2128836060e+02	7.7505683899e-01	7.1534973383e-01
4.2170806885e+02	7.7005356550e-01	7.1194410324e-01
4.2212777710e+02	7.6489269733e-01	7.0718777180e-01
4.2254748535e+02	7.5956833363e-01	7.0096313953e-01
4.2296719360e+02	7.5407445431e-01	6.9703656435e-01
4.2338690186e+02	7.4840468168e-01	6.8996137381e-01
4.2380661011e+02	7.4255257845e-01	6.8552500010e-01
4.2422631836e+02	7.3651140928e-01	6.8294757605e-01
4.2464602661e+02	7.3027420044e-01	6.7570865154e-01
4.2506573486e+02	7.2383379936e-01	6.7055886984e-01
4.2548544312e+02	7.1718275547e-01	6.6527521610e-01
4.2590515137e+02	7.1031349897e-01	6.5848058462e-01
4.2632485962e+02	7.0321828127e-01	6.5185981989e-01
4.2674456787e+02	6.9588893652e-01	6.4548677206e-01
4.2716427612e+02	6.8831729889e-01	6.4013344049e-01
4.2758398438e+02	6.8049502373e-01	6.3291668892e-01
4.2800369263e+02	6.7241346836e-01	6.2360030413e-01
4.2842340088e+02	6.6406393051e-01	6.1922061443e-01
4.2884310913e+02	6.5543764830e-01	6.1076354980e-01
4.2926281738e+02	6.4652568102e-01	6.0142487288e-01
4.2968252563e+02	6.3731908798e-01	5.9335851669e-01
4.3010223389e+02	6.2780886889e-01	5.8779847622e-01
4.3052194214e+02	6.1798614264e-01	5.7911217213e-01
4.3094165039e+02	6.0784214735e-01	5.7097297907e-01
4.3136138916e+02	5.9736740589e-01	5.6061166525e-01
4.3178109741e+02	5.8655518293e-01	5.5473697186e-01
4.3220080566e+02	5.7539665699e-01	5.4479551315e-01
4.3262051392e+02	5.6388425827e-01	5.3817421198e-01
4.3304022217e+02	5.5201101303e-01	5.2888119221e-01
4.3345993042e+02	5.3977072239e-01	5.2086323500e-01
4.3387963867e+02	5.2715790272e-01	5.1367717981e-01
4.3429934692e+02	5.1416820288e-01	5.0442224741e-01
4.3471905518e+02	5.0079840422e-01	4.9709245563e-01
4.3513876343e+02	4.8704689741e-01	4.8900744319e-01
4.3555847168e+02	4.7291347384e-01	4.7996601462e-01
4.3597817993e+02	4.5840001106e-01	4.7173845768e-01
4.3639788818e+02	4.4351047277e-01	4.6175938845e-01
4.3681759644e+02	4.2825129628e-01	4.5154932141e-01
4.3723730469e+02	4.1263172030e-01	4.4268995523e-01
4.3765701294e+02	3.9666399360e-01	4.3461674452e-01
4.3807672119e+02	3.8036388159e-01	4.2369857430e-01
4.3849642944e+02	3.6375093460e-01	4.1304627061e-01
4.3891613770e+02	3.4684878588e-01	4.0405613184e-01
4.3933584595e+02	3.2968556881e-01	3.9222681522e-01
4.3975555420e+02	3.1229433417e-01	3.8199886680e-01
4.4017526245e+02	2.9471325874e-01	3.6978337169e-01
4.4059497070e+02	2.7698591352e-01	3.5949867964e-01
4.4101467896e+02	2.5916168094e-01	3.5060468316e-01
4.4143438721e+02	2.4129578471e-01	3.3698073030e-01
4.4185412598e+02	2.2344820201e-01	3.2459178567e-01
4.4227383423e+02	2.0568878949e-01	3.1390535831e-01
4.4269354248e+02	1.8808950484e-01	3.0122217536e-01
4.4311325073e+02	1.7072927952e-01	2.9066699743e-01
4.4353295898e+02	1.5369242430e-01	2.7912926674e-01
4.4395266724e+02	1.3706804812e-01	2.6693096757e-01
4.4437237549e+02	1.2094943970e-01	2.5938487053e-01
4.4479208374e+02	1.0543309152e-01	2.4538782239e-01
4.4521179199e+02	9.0617738664e-02	2.3624046147e-01
4.4563150024e+02	7.6603099704e-02	2.2463659942e-01
4.4605120850e+02	6.3488498330e-02	2.1464011073e-01
4.4647091675e+02	5.1371365786e-02	2.0624470711e-01
4.4689062500e+02	4.0345646441e-02	1.9672881067e-01
4.4731033325e+02	3.0500123277e-02	1.8833191693e-01
4.4773004150e+02	2.1916748956e-02	1.7929112911e-01
4.4814974976e+02	1.4669022523e-02	1.7105703056e-01
4.4856945801e+02	8.8204536587e-03	1.6562233865e-01
4.4898916626e+02	4.4231959619e-03	1.5977934003e-01
4.4940887451e+02	1.5168812824e-03	1.5403571725e-01
4.4982858276e+02	1.2771417096e-04	1.4924576879e-01
4.5024829102e+02	2.6786106173e-04	1.4772823453e-01
4.5066799927e+02	1.9351594383e-03	1.4483837783e-01
4.5108770752e+02	5.1131611690e-03	1.4183619618e-01
4.5150741577e+02	9.7715081647e-03	1.4136242867e-01
4.5192712402e+02	1.5866624191e-02	1.4021681249e-01
4.5234683228e+02	2.3342689499e-02	1.4180462062e-01
4.5276657104e+02	3.2133553177e-02	1.4141000807e-01
4.5318627930e+02	4.2161501944e-02	1.4155569673e-01
4.5360598755e+02	5.3342659026e-02	1.4035016298e-01
4.5402569580e+02	6.5586179495e-02	1.3865374029e-01
4.5444540405e+02	7.8796498477e-02	1.3825337589e-01
4.5486511230e+02	9.2875026166e-02	1.3607630134e-01
4.5528482056e+02	1.0772168636e-01	1.3382244110e-01
4.5570452881e+02	1.2323644012e-01	1.3150559366e-01
4.5612423706e+02	1.3932059705e-01	1.2960521877e-01
4.5654394531e+02	1.5587799251e-01	1.2519629300e-01
4.5696365356e+02	1.7281602323e-01	1.2199690938e-01
4.5738336182e+02	1.9004647434e-01	1.1714579910e-01
4.5780307007e+02	2.0748613775e-01	1.1281471699e-01
4.5822277832e+02	2.2505731881e-01	1.0888856649e-01
4.5864248657e+02	2.4268816411e-01	1.0421432555e-01
4.5906219482e+02	2.6031285524e-01	1.0141323507e-01
4.5948190308e+02	2.7787160873e-01	9.7782194614e-02
4.5990161133e+02	2.9531076550e-01	9.6447870135e-02
4.6032131958e+02	3.1258246303e-01	9.4418480992e-02
4.6074102783e+02	3.2964459062e-01	9.5118701458e-02
4.6116073608e+02	3.4646040201e-01	9.5942944288e-02
4.6158044434e+02	3.6299827695e-01	9.7950428724e-02
4.6200015259e+02	3.7923145294e-01	1.0245801508e-01
4.6241986084e+02	3.9513742924e-01	1.0807325691e-01
4.6283956909e+02	4.1069793701e-01	1.1469147354e-01
4.6325927734e+02	4.2589828372e-01	1.2521851063e-01
4.6367901611e+02	4.4072827697e-01	1.3701458275e-01
4.6409872437e+02	4.5517745614e-01	1.4999282360e-01
4.6451843262e+02	4.6924135089e-01	1.6589446366e-01
4.6493814087e+02	4.8291671276e-01	1.8284279108e-01
4.6535784912e+02	4.9620243907e-01	2.0223179460e-01
4.6577755737e+02	5.0909924507e-01	2.2279275954e-01
4.6619726562e+02	5.2160948515e-01	2.4205967784e-01
4.6661697388e+02	5.3373670578e-01	2.6575234532e-01
4.6703668213e+02	5.4548579454e-01	2.8705450892e-01
4.6745639038e+02	5.5686253309e-01	3.1421092153e-01
4.6787609863e+02	5.6787347794e-01	3.3831098676e-01
4.6829580688e+02	5.7852596045e-01	3.6086291075e-01
4.6871551514e+02	5.8882772923e-01	3.8573369384e-01
4.6913522339e+02	5.9878700972e-01	4.0839296579e-01
4.6955493164e+02	6.0841232538e-01	4.3010425568e-01
4.6997463989e+02	6.1771243811e-01	4.5074737072e-01
4.7039434814e+02	6.2669622898e-01	4.7043305635e-01
4.7081405640e+02	6.3537263870e-01	4.9162280560e-01
4.7123376465e+02	6.4375066757e-01	5.0930029154e-01
4.7165347290e+02	6.5183937550e-01	5.2473723888e-01
4.7207318115e+02	6.5964764357e-01	5.4103899002e-01
4.7249288940e+02	6.6718423367e-01	5.5567622185e-01
4.7291259766e+02	6.7445778847e-01	5.6981402636e-01
4.7333230591e+02	6.8147695065e-01	5.8457726240e-01
4.7375201416e+02	6.8824988604e-01	5.9785944223e-01
4.7417175293e+02	6.9478529692e-01	6.0956865549e-01
4.7459146118e+02	7.0109015703e-01	6.2125170231e-01
4.7501116943e+02	7.0717263222e-01	6.3341355324e-01
4.7543087769e+02	7.1304023266e-01	6.4499038458e-01
4.7585058594e+02	7.1870028973e-01	6.5403974056e-01
4.7627029419e+02	7.2415971756e-01	6.6295337677e-01
4.7669000244e+02	7.2942543030e-01	6.7270690203e-01
4.7710971069e+02	7.3450398445e-01	6.8295001984e-01
4.7752941895e+02	7.3940163851e-01	6.9115740061e-01
4.7794912720e+02	7.4412465096e-01	7.0058715343e-01
4.7836883545e+02	7.4867880344e-01	7.0749861002e-01
4.7878854370e+02	7.5306981802e-01	7.1608984470e-01
4.7920825195e+02	7.5730311871e-01	7.2507095337e-01
4.7962796021e+02	7.6138401031e-01	7.2986006737e-01
4.8004766846e+02	7.6531755924e-01	7.3621082306e-01
4.8046737671e+02	7.6910847425e-01	7.4077141285e-01
4.8088708496e+02	7.7276158333e-01	7.4605673552e-01
4.8130679321e+02	7.7628117800e-01	7.4955588579e-01
4.8172650146e+02	7.7967166901e-01	7.5580716133e-01
4.8214620972e+02	7.8293710947e-01	7.5914287567e-01
4.8256591797e+02	7.8608137369e-01	7.6131242514e-01
4.8298562622e+02	7.8910827637e-01	7.6547890902e-01
4.8340533447e+02	7.9202145338e-01	7.6879709959e-01
4.8382504272e+02	7.9482430220e-01	7.7197223902e-01
4.8424475098e+02	7.9752016068e-01	7.7543050051e-01
4.8466445923e+02	8.0011206865e-01	7.7754074335e-01
4.8508419800e+02	8.0260336399e-01	7.8081297874e-01
4.8550390625e+02	8.0499649048e-01	7.8251951933e-01
4.8592361450e+02	8.0729442835e-01	7.8594642878e-01
4.8634332275e+02	8.0949968100e-01	7.8894406557e-01
4.8676303101e+02	8.1161487103e-01	7.9038828611e-01
4.8718273926e+02	8.1364238262e-01	7.9359900951e-01
4.8760244751e+02	8.1558442116e-01	7.9583817720e-01
4.8802215576e+02	8.1744319201e-01	7.9701834917e-01
4.8844186401e+02	8.1922078133e-01	7.9917061329e-01
4.8886157227e+02	8.2091909647e-01	8.0123305321e-01
4.8928128052e+02	8.2253998518e-01	8.0236649513e-01
4.8970098877e+02	8.2408529520e-01	8.0504661798e-01
4.9012069702e+02	8.2555663586e-01	8.0573385954e-01
4.9054040527e+02	8.2695567608e-01	8.0840611458e-01
4.9096011353e+02	8.2828378677e-01	8.1133431196e-01
4.9137982178e+02	8.2954245806e-01	8.0965405703e-01
4.9179953003e+02	8.3073306084e-01	8.1149798632e-01
4.9221923828e+02	8.3185678720e-01	8.1384658813e-01
4.9263894653e+02	8.3291488886e-01	8.1439948082e-01
4.9305865479e+02	8.3390843868e-01	8.1527805328e-01
4.9347836304e+02	8.3483850956e-01	8.1711268425e-01
4.9389807129e+02	8.3570599556e-01	8.1660944223e-01
4.9431777954e+02	8.3651185036e-01	8.1848359108e-01
4.9473748779e+02	8.3725684881e-01	8.2042974234e-01
4.9515719604e+02	8.3794188499e-01	8.1927710772e-01
4.9557690430e+02	8.3856755495e-01	8.2120972872e-01
4.9599664307e+02	8.3913457394e-01	8.2152158022e-01
4.9641635132e+02	8.3964341879e-01	8.2290065289e-01
4.9683605957e+02	8.4009468555e-01	8.2061642408e-01
4.9725576782e+02	8.4048879147e-01	8.2237511873e-01
4.9767547607e+02	8.4082615376e-01	8.2440000772e-01
4.9809518433e+02	8.4110713005e-01	8.2405239344e-01
4.9851489258e+02	8.4133201838e-01	8.2427299023e-01
4.9893460083e+02	8.4150099754e-01	8.2437604666e-01
4.9935430908e+02	8.4161424637e-01	8.2601976395e-01
4.9977401733e+02	8.4167194366e-01	8.2571572065e-01
5.0019372559e+02	8.4167408943e-01	8.2565218210e-01
5.0061343384e+02	8.4162068367e-01	8.2693386078e-01
5.0103314209e+02	8.4151166677e-01	8.2498228550e-01
5.0145285034e+02	8.4134697914e-01	8.2605153322e-01
5.0187255859e+02	8.4112638235e-01	8.2758593559e-01
5.0229226685e+02	8.4084975719e-01	8.2734417915e-01
5.0271197510e+02	8.4051674604e-01	8.2799643278e-01
5.0313168335e+02	8.4012699127e-01	8.2759338617e-01
5.0355139160e+02	8.3968013525e-01	8.2777231932e-01
5.0397109985e+02	8.3917570114e-01	8.2781314850e-01
5.0439080811e+02	8.3861321211e-01	8.2695865631e-01
5.0481051636e+02	8.3799213171e-01	8.2650804520e-01
5.0523022461e+02	8.3731168509e-01	8.2660317421e-01
5.0564993286e+02	8.3657127619e-01	8.2602202892e-01
5.0606964111e+02	8.3577013016e-01	8.2597637177e-01
5.0648937988e+02	8.3490735292e-01	8.2559490204e-01
5.0690908813e+02	8.3398216963e-01	8.2369017601e-01
5.0732879639e+02	8.3299356699e-01	8.2393181324e-01
5.0774850464e+02	8.3194047213e-01	8.2348209620e-01
5.0816821289e+02	8.3082181215e-01	8.2104140520e-01
5.0858792114e+02	8.2963639498e-01	8.2066065073e-01
5.0900762939e+02	8.2838296890e-01	8.2045787573e-01
5.0942733765e+02	8.2706022263e-01	8.1952869892e-01
5.0984704590e+02	8.2566672564e-01	8.1925302744e-01
5.1026675415e+02	8.2420098782e-01	8.1721049547e-01
5.1068646240e+02	8.2266145945e-01	8.1626677513e-01
5.1110617065e+02	8.2104641199e-01	8.1579232216e-01
5.1152587891e+02	8.1935411692e-01	8.1328558922e-01
5.1194558716e+02	8.1758266687e-01	8.1246465445e-01
5.1236529541e+02	8.1573021412e-01	8.1250631809e-01
5.1278503418e+02	8.1379449368e-01	8.1023114920e-01
5.1320471191e+02	8.1177377701e-01	8.0782675743e-01
5.1362445068e+02	8.0966526270e-01	8.0661112070e-01
5.1404412842e+02	8.0746716261e-01	8.0346500874e-01
5.1446386719e+02	8.0517625809e-01	8.0203366280e-01
5.1488354492e+02	8.0279076099e-01	7.9998093843e-01
5.1530328369e+02	8.0030709505e-01	7.9921972752e-01
5.1572296143e+02	7.9772317410e-01	7.9512244463e-01
5.1614270020e+02	7.9503524303e-01	7.9320895672e-01
5.1656237793e+02	7.9224097729e-01	7.9075258970e-01
5.1698211670e+02	7.8933620453e-01	7.8695666790e-01
5.1740179443e+02	7.8631836176e-01	7.8245860338e-01
5.1782153320e+02	7.8318297863e-01	7.7967923880e-01
5.1824121094e+02	7.7992725372e-01	7.7481168509e-01
5.1866094971e+02	7.7654629946e-01	7.7193969488e-01
5.1908062744e+02	7.7303701639e-01	7.6900756359e-01
5.1950036621e+02	7.6939409971e-01	7.6125377417e-01
5.1992004395e+02	7.6561415195e-01	7.5763958693e-01
5.2033978271e+02	7.6169151068e-01	7.5195837021e-01
5.2075946045e+02	7.5762242079e-01	7.4583947659e-01
5.2117919922e+02	7.5340068340e-01	7.4081307650e-01
5.2159887695e+02	7.4902230501e-01	7.3243379593e-01
5.2201861572e+02	7.4448055029e-01	7.2637575865e-01
5.2243829346e+02	7.3977112770e-01	7.1799522638e-01
5.2285803223e+02	7.3488670588e-01	7.0954024792e-01
5.2327777100e+02	7.2982192039e-01	7.0137381554e-01
5.2369744873e+02	7.2457122803e-01	6.9402295351e-01
5.2411718750e+02	7.1912646294e-01	6.8385303020e-01
5.2453686523e+02	7.1348255873e-01	6.7738932371e-01
5.2495660400e+02	7.0763069391e-01	6.6792535782e-01
5.2537628174e+02	7.0156538486e-01	6.5716874599e-01
5.2579602051e+02	6.9527745247e-01	6.4828550816e-01
5.2621569824e+02	6.8876093626e-01	6.3690036535e-01
5.2663543701e+02	6.8200612068e-01	6.2684953213e-01
5.2705511475e+02	6.7500668764e-01	6.2064331770e-01
5.2747485352e+02	6.6775244474e-01	6.0919415951e-01
5.2789453125e+02	6.6023695469e-01	5.9890294075e-01
5.2831427002e+02	6.5244936943e-01	5.9124344587e-01
5.2873394775e+02	6.4438313246e-01	5.8019196987e-01
5.2915368652e+02	6.3602697849e-01	5.6506961584e-01
5.2957336426e+02	6.2737447023e-01	5.5540895462e-01
5.2999310303e+02	6.1841398478e-01	5.4183399677e-01
5.3041278076e+02	6.0913920403e-01	5.3068220615e-01
5.3083251953e+02	5.9953856468e-01	5.1576119661e-01
5.3125219727e+02	5.8960598707e-01	5.0171357393e-01
5.3167193604e+02	5.7933008671e-01	4.8838242888e-01
5.3209161377e+02	5.6870561838e-01	4.7456222773e-01
5.3251135254e+02	5.5772167444e-01	4.5755073428e-01
5.3293103027e+02	5.4637414217e-01	4.4659659266e-01
5.3335076904e+02	5.3465306759e-01	4.2709136009e-01
5.3377050781e+02	5.2255415916e-01	4.1572940350e-01
5.3419018555e+02	5.1007443666e-01	4.0033936501e-01
5.3460992432e+02	4.9720647931e-01	3.8363131881e-01
5.3502960205e+02	4.8395162821e-01	3.6812594533e-01
5.3544934082e+02	4.7030517459e-01	3.5176870227e-01
5.3586901855e+02	4.5627209544e-01	3.3660790324e-01
5.3628875732e+02	4.4185128808e-01	3.2343801856e-01
5.3670843506e+02	4.2705237865e-01	3.0716148019e-01
5.3712817383e+02	4.1187912226e-01	2.9715198278e-01
5.3754785156e+02	3.9634695649e-01	2.7956762910e-01
5.3796759033e+02	3.8046577573e-01	2.6798442006e-01
5.3838726807e+02	3.6425819993e-01	2.5485244393e-01
5.3880700684e+02	3.4774166346e-01	2.4256618321e-01
5.3922668457e+02	3.3094736934e-01	2.3016579449e-01
5.3964642334e+02	3.1390172243e-01	2.1665441990e-01
5.4006610107e+02	2.9664596915e-01	2.0588454604e-01
5.4048583984e+02	2.7921682596e-01	1.9538503885e-01
5.4090551758e+02	2.6166668534e-01	1.8366537988e-01
5.4132525635e+02	2.4404373765e-01	1.7218825221e-01
5.4174493408e+02	2.2641238570e-01	1.6341567039e-01
5.4216467285e+02	2.0883287489e-01	1.5401613712e-01
5.4258435059e+02	1.9138167799e-01	1.4373534918e-01
5.4300408936e+02	1.7413100600e-01	1.3482682407e-01
5.4342376709e+02	1.5716864169e-01	1.2547826767e-01
5.4384350586e+02	1.4057753980e-01	1.1813129485e-01
5.4426324463e+02	1.2445249408e-01	1.1083827913e-01
5.4468292236e+02	1.0889165848e-01	1.0153484344e-01
5.4510266113e+02	9.3989051878e-02	9.4616152346e-02
5.4552233887e+02	7.9848989844e-02	8.7265513837e-02
5.4594207764e+02	6.6567480564e-02	8.1533305347e-02
5.4636175537e+02	5.4247152060e-02	7.4770763516e-02
5.4678149414e+02	4.2980276048e-02	7.0225700736e-02
5.4720117188e+02	3.2861385494e-02	6.4738072455e-02
5.4762091064e+02	2.3972567171e-02	6.0396499932e-02
5.4804058838e+02	1.6393505037e-02	5.5741902441e-02
5.4846032715e+02	1.0189624503e-02	5.2249334753e-02
5.4888000488e+02	5.4194382392e-03	4.8767015338e-02
5.4929974365e+02	2.1261190996e-03	4.5319497585e-02
5.4971942139e+02	3.4202472307e-04	4.2687244713e-02
5.5013916016e+02	8.4173065261e-05	3.9801709354e-02
5.5055883789e+02	1.3559054350e-03	3.7864517421e-02
5.5097857666e+02	4.1465200484e-03	3.5811707377e-02
5.5139825439e+02	8.4300646558e-03	3.4198313951e-02
5.5181799316e+02	1.4169153757e-02	3.3215090632e-02
5.5223767090e+02	2.1310893819e-02	3.1205363572e-02
5.5265740967e+02	2.9794674367e-02	3.0571676791e-02
5.5307708740e+02	3.9545249194e-02	2.9692543671e-02
5.5349682617e+02	5.0484091043e-02	2.9116787016e-02
5.5391650391e+02	6.2519706786e-02	2.8462663293e-02
5.5433624268e+02	7.5561977923e-02	2.9240943491e-02
5.5475592041e+02	8.9509911835e-02	2.9343765229e-02
5.5517565918e+02	1.0426831245e-01	3.0583446845e-02
5.5559539795e+02	1.1973544955e-01	3.0963128433e-02
5.5601507568e+02	1.3581009209e-01	3.2788850367e-02
5.5643481445e+02	1.5240016580e-01	3.4566048533e-02
5.5685449219e+02	1.6940732300e-01	3.6073576659e-02
5.5727423096e+02	1.8674701452e-01	3.9442382753e-02
5.5769390869e+02	2.0432953537e-01	4.2848747224e-02
5.5811364746e+02	2.2208060324e-01	4.5672200620e-02
5.5853332520e+02	2.3992137611e-01	5.0400774926e-02
5.5895306396e+02	2.5778931379e-01	5.5266905576e-02
5.5937274170e+02	2.7561748028e-01	6.1087984592e-02
5.5979248047e+02	2.9335537553e-01	6.7126870155e-02
5.6021215820e+02	3.1094807386e-01	7.3688164353e-02
5.6063189697e+02	3.2835659385e-01	8.0028317869e-02
5.6105157471e+02	3.4553730488e-01	8.8696226478e-02
5.6147131348e+02	3.6246183515e-01	9.6670046449e-02
5.6189099121e+02	3.7909671664e-01	1.0734617710e-01
5.6231072998e+02	3.9542281628e-01	1.1560717225e-01
5.6273040771e+02	4.1141551733e-01	1.2592278421e-01
5.6315014648e+02	4.2706349492e-01	1.3648894429e-01
5.6356982422e+02	4.4234964252e-01	1.4854414761e-01
5.6398956299e+02	4.5726892352e-01	1.6080428660e-01
5.6440924072e+02	4.7181043029e-01	1.7458495498e-01
5.6482897949e+02	4.8597419262e-01	1.8785883486e-01
5.6524865723e+02	4.9975410104e-01	1.9985623658e-01
5.6566839600e+02	5.1315414906e-01	2.1368861198e-01
5.6608813477e+02	5.2617388964e-01	2.2843350470e-01
5.6650781250e+02	5.3881460428e-01	2.4303126335e-01
5.6692755127e+02	5.5108428001e-01	2.5855690241e-01
5.6734722900e+02	5.6298458576e-01	2.7206149697e-01
5.6776696777e+02	5.7452529669e-01	2.8870093822e-01
5.6818664551e+02	5.8570998907e-01	3.0169111490e-01
5.6860638428e+02	5.9654933214e-01	3.1524732709e-01
5.6902606201e+02	6.0704821348e-01	3.3102244139e-01
5.6944580078e+02	6.1721801758e-01	3.4490004182e-01
5.6986547852e+02	6.2706440687e-01	3.5907682776e-01
5.7028521729e+02	6.3659906387e-01	3.7074768543e-01
5.7070489502e+02	6.4582800865e-01	3.8138848543e-01
5.7112463379e+02	6.5476298332e-01	3.9809399843e-01
5.7154431152e+02	6.6341030598e-01	4.0900897980e-01
5.7196405029e+02	6.7178136110e-01	4.2090642452e-01
5.7238372803e+02	6.7988264561e-01	4.3278247118e-01
5.7280346680e+02	6.8772512674e-01	4.4124144316e-01
5.7322314453e+02	6.9531518221e-01	4.5248106122e-01
5.7364288330e+02	7.0266336203e-01	4.5899331570e-01
5.7406256104e+02	7.0977580547e-01	4.6926245093e-01
5.7448229980e+02	7.1666264534e-01	4.7765600681e-01
5.7490197754e+02	7.2332966328e-01	4.9097728729e-01
5.7532171631e+02	7.2978651524e-01	4.9297311902e-01
5.7574139404e+02	7.3603862524e-01	5.0342679024e-01
5.7616113281e+02	7.4209505320e-01	5.1294505596e-01
5.7658087158e+02	7.4796187878e-01	5.1647543907e-01
5.7700054932e+02	7.5364500284e-01	5.2288794518e-01
5.7742028809e+02	7.5915259123e-01	5.2821946144e-01
5.7783996582e+02	7.6448935270e-01	5.3631943464e-01
5.7825970459e+02	7.6966297626e-01	5.4061585665e-01
5.7867938232e+02	7.7467775345e-01	5.4518026114e-01
5.7909912109e+02	7.7954083681e-01	5.5095875263e-01
5.7951879883e+02	7.8425633907e-01	5.5338639021e-01
5.7993853760e+02	7.8883081675e-01	5.5754458904e-01
5.8035821533e+02	7.9326802492e-01	5.6212025881e-01
5.8077795410e+02	7.9757410288e-01	5.6492853165e-01
5.8119763184e+02	8.0175256729e-01	5.6858658791e-01
5.8161737061e+02	8.0580908060e-01	5.6944727898e-01
5.8203704834e+02	8.0974686146e-01	5.7434684038e-01
5.8245678711e+02	8.1357115507e-01	5.7781678438e-01
5.8287646484e+02	8.1728500128e-01	5.7972788811e-01
5.8329620361e+02	8.2089322805e-01	5.8109092712e-01
5.8371588135e+02	8.2439851761e-01	5.8495271206e-01
5.8413562012e+02	8.2780551910e-01	5.8734685183e-01
5.8455529785e+02	8.3111667633e-01	5.9204077721e-01
5.8497503662e+02	8.3433616161e-01	5.9321784973e-01
5.8539471436e+02	8.3746629953e-01	5.9505480528e-01
5.8581445312e+02	8.4051102400e-01	5.9798127413e-01
5.8623413086e+02	8.4347236156e-01	5.9803867340e-01
5.8665386963e+02	8.4635400772e-01	6.0370975733e-01
5.8707354736e+02	8.4915781021e-01	6.0591149330e-01
5.8749328613e+02	8.5188722610e-01	6.0707205534e-01
5.8791302490e+02	8.5454434156e-01	6.0902738571e-01
5.8833270264e+02	8.5713118315e-01	6.1457461119e-01
5.8875244141e+02	8.5965085030e-01	6.1564391851e-01
5.8917211914e+02	8.6210477352e-01	6.1842966080e-01
5.8959185791e+02	8.6449587345e-01	6.2293726206e-01
5.9001153564e+02	8.6682546139e-01	6.2356424332e-01
5.9043127441e+02	8.6909627914e-01	6.2689381838e-01
5.9085095215e+02	8.7130951881e-01	6.3107383251e-01
5.9127069092e+02	8.7346762419e-01	6.3345205784e-01
5.9169036865e+02	8.7557178736e-01	6.3506358862e-01
5.9211010742e+02	8.7762427330e-01	6.3738489151e-01
5.9252978516e+02	8.7962621450e-01	6.4062607288e-01
5.9294952393e+02	8.8157969713e-01	6.4162921906e-01
5.9336920166e+02	8.8348573446e-01	6.4399856329e-01
5.9378894043e+02	8.8534623384e-01	6.4710336924e-01
5.9420861816e+02	8.8716214895e-01	6.4980757236e-01
5.9462835693e+02	8.8893538713e-01	6.5161192417e-01
5.9504803467e+02	8.9066666365e-01	6.5393507481e-01
5.9546777344e+02	8.9235782623e-01	6.5594422817e-01
5.9588745117e+02	8.9400953054e-01	6.5673142672e-01
5.9630718994e+02	8.9562344551e-01	6.6031056643e-01
5.9672686768e+02	8.9720022678e-01	6.6424143314e-01
5.9714660645e+02	8.9874148369e-01	6.6594690084e-01
5.9756628418e+02	9.0024775267e-01	6.6429418325e-01
5.9798602295e+02	9.0172052383e-01	6.6909652948e-01
5.9840576172e+02	9.0316051245e-01	6.7108196020e-01
5.9882543945e+02	9.0456849337e-01	6.7128252983e-01
5.9924517822e+02	9.0594583750e-01	6.7438024282e-01
5.9966485596e+02	9.0729290247e-01	6.7591935396e-01
6.0008459473e+02	9.0861105919e-01	6.7943513393e-01
6.0050427246e+02	9.0990066528e-01	6.8144333363e-01
6.0092401123e+02	9.1116297245e-01	6.8481492996e-01
6.0134368896e+02	9.1239827871e-01	6.8650215864e-01
6.0176342773e+02	9.1360771656e-01	6.8772923946e-01
6.0218310547e+02	9.1479170322e-01	6.8998062611e-01
6.0260284424e+02	9.1595125198e-01	6.9247442484e-01
6.0302252197e+02	9.1708666086e-01	6.9333273172e-01
6.0344226074e+02	9.1819888353e-01	6.9617164135e-01
6.0386193848e+02	9.1928833723e-01	6.9817274809e-01
6.0428167725e+02	9.2035585642e-01	6.9990664721e-01
6.0470135498e+02	9.2140173912e-01	7.0247286558e-01
6.0512109375e+02	9.2242687941e-01	7.0244574547e-01
6.0554077148e+02	9.2343145609e-01	7.0564556122e-01
6.0596051025e+02	9.2441636324e-01	7.0447742939e-01
6.0638018799e+02	9.2538183928e-01	7.0766592026e-01
6.0679992676e+02	9.2632859945e-01	7.0920848846e-01
6.0721960449e+02	9.2725694180e-01	7.1229469776e-01
6.0763934326e+02	9.2816746235e-01	7.1265310049e-01
6.0805902100e+02	9.2906051874e-01	7.1405363083e-01
6.0847875977e+02	9.2993670702e-01	7.1478039026e-01
6.0889849854e+02	9.3079632521e-01	7.1579581499e-01
6.0931817627e+02	9.3163967133e-01	7.2024941444e-01
6.0973791504e+02	9.3246746063e-01	7.2148907185e-01
6.1015759277e+02	9.3327975273e-01	7.2352951765e-01
6.1057733154e+02	9.3407714367e-01	7.2527551651e-01
6.1099700928e+02	9.3485987186e-01	7.2831547260e-01
6.1141674805e+02	9.3562841415e-01	7.2998785973e-01
6.1183642578e+02	9.3638300896e-01	7.3250234127e-01
6.1225616455e+02	9.3712407351e-01	7.3336887360e-01
6.1267584229e+02	9.3785178661e-01	7.3694300652e-01
6.1309558105e+02	9.3856668472e-01	7.3855990171e-01
6.1351525879e+02	9.3926888704e-01	7.4064439535e-01
6.1393499756e+02	9.3995881081e-01	7.4369925261e-01
6.1435467529e+02	9.4063657522e-01	7.4534714222e-01
6.1477441406e+02	9.4130271673e-01	7.4716311693e-01
6.1519409180e+02	9.4195723534e-01	7.4850296974e-01
6.1561383057e+02	9.4260060787e-01	7.5051164627e-01
6.1603350830e+02	9.4323289394e-01	7.5124317408e-01
6.1645324707e+02	9.4385457039e-01	7.5550460815e-01
6.1687292480e+02	9.4446569681e-01	7.5384843349e-01
6.1729266357e+02	9.4506663084e-01	7.5751906633e-01
6.1771234131e+02	9.4565749168e-01	7.5804471970e-01
6.1813208008e+02	9.4623857737e-01	7.5797331333e-01
6.1855175781e+02	9.4681006670e-01	7.5976032019e-01
6.1897149658e+02	9.4737219810e-01	7.6430422068e-01
6.1939117432e+02	9.4792515039e-01	7.6357406378e-01
6.1981091309e+02	9.4846922159e-01	7.6424515247e-01
6.2023065186e+02	9.4900447130e-01	7.6629799604e-01
6.2065032959e+02	9.4953107834e-01	7.6668530703e-01
6.2107006836e+02	9.5004934072e-01	7.6960611343e-01
6.2148974609e+02	9.5055931807e-01	7.6801550388e-01
6.2190948486e+02	9.5106136799e-01	7.7153497934e-01
6.2232916260e+02	9.5155543089e-01	7.7103871107e-01
6.2274890137e+02	9.5204186440e-01	7.7400976419e-01
6.2316857910e+02	9.5252066851e-01	7.7277463675e-01
6.2358831787e+02	9.5299214125e-01	7.7405929565e-01
6.2400799561e+02	9.5345634222e-01	7.7402365208e-01
6.2442773438e+02	9.5391350985e-01	7.7595174313e-01
6.2484741211e+02	9.5436364412e-01	7.7901732922e-01
6.2526715088e+02	9.5480704308e-01	7.7949571609e-01
6.2568682861e+02	9.5524370670e-01	7.8033059835e-01
6.2610656738e+02	9.5567393303e-01	7.7894705534e-01
6.2652624512e+02	9.5609766245e-01	7.8130996227e-01
6.2694598389e+02	9.5651519299e-01	7.8242921829e-01
6.2736566162e+02	9.5692652464e-01	7.8337460756e-01
6.2778540039e+02	9.5733189583e-01	7.8596663475e-01
6.2820507812e+02	9.5773124695e-01	7.8541368246e-01
6.2862481689e+02	9.5812493563e-01	7.8654420376e-01
6.2904449463e+02	9.5851284266e-01	7.8799271584e-01
6.2946423340e+02	9.5889520645e-01	7.8894197941e-01
6.2988391113e+02	9.5927208662e-01	7.9103559256e-01
6.3030364990e+02	9.5964366198e-01	7.9097723961e-01
6.3072338867e+02	9.6000999212e-01	7.9177278280e-01
6.3114306641e+02	9.6037113667e-01	7.9302340746e-01
6.3156280518e+02	9.6072721481e-01	7.9410940409e-01
6.3198248291e+02	9.6107834578e-01	7.9542934895e-01
6.3240222168e+02	9.6142458916e-01	7.9688799381e-01
6.3282189941e+02	9.6176606417e-01	7.9717665911e-01
6.3324163818e+02	9.6210283041e-01	7.9921811819e-01
6.3366131592e+02	9.6243500710e-01	7.9982030392e-01
6.3408105469e+02	9.6276265383e-01	8.0015140772e-01
6.3450073242e+02	9.6308588982e-01	8.0272984505e-01
6.3492047119e+02	9.6340477467e-01	8.0302733183e-01
6.3534014893e+02	9.6371930838e-01	8.0272048712e-01
6.3575988770e+02	9.6402972937e-01	8.0425602198e-01
6.3617956543e+02	9.6433597803e-01	8.0436342955e-01
6.3659930420e+02	9.6463823318e-01	8.0627000332e-01
6.3701898193e+02	9.6493649483e-01	8.0709344149e-01
6.3743872070e+02	9.6523082256e-01	8.1059950590e-01
6.3785839844e+02	9.6552133560e-01	8.0957317352e-01
6.3827813721e+02	9.6580803394e-01	8.1194287539e-01
6.3869781494e+02	9.6609103680e-01	8.1314903498e-01
6.3911755371e+02	9.6637046337e-01	8.1422984600e-01
6.3953723145e+02	9.6664625406e-01	8.1492656469e-01
6.3995697021e+02	9.6691858768e-01	8.1618410349e-01
6.4037664795e+02	9.6718740463e-01	8.2023626566e-01
6.4079638672e+02	9.6745288372e-01	8.2019102573e-01
6.4121612549e+02	9.6771502495e-01	8.2108575106e-01
6.4163580322e+02	9.6797382832e-01	8.2323664427e-01
6.4205554199e+02	9.6822941303e-01	8.2398039103e-01
6.4247521973e+02	9.6848183870e-01	8.2762527466e-01
6.4289495850e+02	9.6873116493e-01	8.2768917084e-01
6.4331463623e+02	9.6897745132e-01	8.2962280512e-01
6.4373437500e+02	9.6922069788e-01	8.3186399937e-01
6.4415405273e+02	9.6946090460e-01	8.3173918724e-01
6.4457379150e+02	9.6969830990e-01	8.3293992281e-01
6.4499346924e+02	9.6993279457e-01	8.3358901739e-01
6.4541320801e+02	9.7016447783e-01	8.3723640442e-01
6.4583288574e+02	9.7039335966e-01	8.3672297001e-01
6.4625262451e+02	9.7061949968e-01	8.3693164587e-01
6.4667230225e+02	9.7084295750e-01	8.3833748102e-01
6.4709204102e+02	9.7106385231e-01	8.3993911743e-01
6.4751171875e+02	9.7128206491e-01	8.4114485979e-01
6.4793145752e+02	9.7149771452e-01	8.4197241068e-01
6.4835113525e+02	9.7171086073e-01	8.4188199043e-01
6.4877087402e+02	9.7192156315e-01	8.4159642458e-01
6.4919055176e+02	9.7212982178e-01	8.4319925308e-01
6.4961029053e+02	9.7233563662e-01	8.4469920397e-01
6.5002996826e+02	9.7253912687e-01	8.4534436464e-01
6.5044970703e+02	9.7274029255e-01	8.4637016058e-01
6.5086938477e+02	9.7293913364e-01	8.4492373466e-01
6.5128912354e+02	9.7313570976e-01	8.4642034769e-01
6.5170880127e+02	9.7333008051e-01	8.4679824114e-01
6.5212854004e+02	9.7352230549e-01	8.4761297703e-01
6.5254827881e+02	9.7371232510e-01	8.4882181883e-01
6.5296795654e+02	9.7390025854e-01	8.5024076700e-01
6.5338769531e+02	9.7408610582e-01	8.5018360615e-01
6.5380737305e+02	9.7426980734e-01	8.5042703152e-01
6.5422711182e+02	9.7445160151e-01	8.5010838509e-01
6.5464678955e+02	9.7463130951e-01	8.5081356764e-01
6.5506652832e+02	9.7480911016e-01	8.5166400671e-01
6.5548620605e+02	9.7498494387e-01	8.5273516178e-01
6.5590594482e+02	9.7515887022e-01	8.5291808844e-01
6.5632562256e+02	9.7533094883e-01	8.5327988863e-01
6.5674536133e+02	9.7550112009e-01	8.5397201777e-01
6.5716503906e+02	9.7566950321e-01	8.5602480173e-01
6.5758477783e+02	9.7583609819e-01	8.5640317202e-01
6.5800445557e+02	9.7600084543e-01	8.5638099909e-01
6.5842419434e+02	9.7616392374e-01	8.5814434290e-01
6.5884387207e+02	9.7632527351e-01	8.5862684250e-01
6.5926361084e+02	9.7648489475e-01	8.5857963562e-01
6.5968328857e+02	9.7664284706e-01	8.5967898369e-01
6.6010302734e+02	9.7679919004e-01	8.5990083218e-01
6.6052270508e+02	9.7695386410e-01	8.6209487915e-01
6.6094244385e+02	9.7710692883e-01	8.6161857843e-01
6.6136212158e+02	9.7725838423e-01	8.6165416241e-01
6.6178186035e+02	9.7740834951e-01	8.6456340551e-01
6.6220153809e+02	9.7755676508e-01	8.6446630955e-01
6.6262127686e+02	9.7770363092e-01	8.6533433199e-01
6.6304101562e+02	9.7784906626e-01	8.6583584547e-01
6.6346069336e+02	9.7799295187e-01	8.6811435223e-01
6.6388043213e+02	9.7813540697e-01	8.6693984270e-01
6.6430010986e+02	9.7827643156e-01	8.6712825298e-01
6.6471984863e+02	9.7841608524e-01	8.6840486526e-01
6.6513952637e+02	9.7855430841e-01	8.7031704187e-01
6.6555926514e+02	9.7869116068e-01	8.6929553747e-01
6.6597894287e+02	9.7882664204e-01	8.7116616964e-01
6.6639868164e+02	9.7896075249e-01	8.7151533365e-01
6.6681835938e+02	9.7909361124e-01	8.7254297733e-01
6.6723809814e+02	9.7922509909e-01	8.7312626839e-01
6.6765777588e+02	9.7935533524e-01	8.7440139055e-01
6.6807751465e+02	9.7948431969e-01	8.7445926666e-01
6.6849719238e+02	9.7961205244e-01	8.7382733822e-01
6.6891693115e+02	9.7973853350e-01	8.7637859583e-01
6.6933660889e+02	9.7986376286e-01	8.7622570992e-01
6.6975634766e+02	9.7998785973e-01	8.7682974339e-01
6.7017602539e+02	9.8011070490e-01	8.7728059292e-01
6.7059576416e+02	9.8023241758e-01	8.7778496742e-01
6.7101544189e+02	9.8035293818e-01	8.7833666801e-01
6.7143518066e+02	9.8047238588e-01	8.7944036722e-01
6.7185485840e+02	9.8059064150e-01	8.7991833687e-01
6.7227459717e+02	9.8070776463e-01	8.7976181507e-01
6.7269427490e+02	9.8082381487e-01	8.8158309460e-01
6.7311401367e+02	9.8093885183e-01	8.8239789009e-01
6.7353375244e+02	9.8105275631e-01	8.8314867020e-01
6.7395343018e+02	9.8116558790e-01	8.8368558884e-01
6.7437316895e+02	9.8127740622e-01	8.8484674692e-01
6.7479284668e+02	9.8138815165e-01	8.8520818949e-01
6.7521258545e+02	9.8149794340e-01	8.8614833355e-01
6.7563226318e+02	9.8160666227e-01	8.8654917479e-01
6.7605200195e+02	9.8171442747e-01	8.8819545507e-01
6.7647167969e+02	9.8182117939e-01	8.8737809658e-01
6.7689141846e+02	9.8192697763e-01	8.8917815685e-01
6.7731109619e+02	9.8203182220e-01	8.8941258192e-01
6.7773083496e+02	9.8213577271e-01	8.8985502720e-01
6.7815051270e+02	9.8223870993e-01	8.9018625021e-01
6.7857025146e+02	9.8234081268e-01	8.9080101252e-01
6.7898992920e+02	9.8244190216e-01	8.9213299751e-01
6.7940966797e+02	9.8254215717e-01	8.9233505726e-01
6.7982934570e+02	9.8264151812e-01	8.9230656624e-01
6.8024908447e+02	9.8273998499e-01	8.9380288124e-01
6.8066876221e+02	9.8283761740e-01	8.9438855648e-01
6.8108850098e+02	9.8293435574e-01	8.9490514994e-01
6.8150817871e+02	9.8303025961e-01	8.9537680149e-01
6.8192791748e+02	9.8312532902e-01	8.9629107714e-01
6.8234759521e+02	9.8321956396e-01	8.9598745108e-01
6.8276733398e+02	9.8331302404e-01	8.9638084173e-01
6.8318701172e+02	9.8340564966e-01	8.9750570059e-01
6.8360675049e+02	9.8349744081e-01	8.9830160141e-01
6.8402642822e+02	9.8358845711e-01	8.9834094048e-01
6.8444616699e+02	9.8367875814e-01	8.9962488413e-01
6.8486590576e+02	9.8376822472e-01	8.9978730679e-01
6.8528558350e+02	9.8385691643e-01	9.0010172129e-01
6.8570532227e+02	9.8394489288e-01	9.0055483580e-01
6.8612500000e+02	9.8403215408e-01	9.0130609274e-01
6.8654473877e+02	9.8411864042e-01	9.0197700262e-01
6.8696441650e+02	9.8420441151e-01	9.0264493227e-01
6.8738415527e+02	9.8428946733e-01	9.0215355158e-01
6.8780383301e+02	9.8437374830e-01	9.0328574181e-01
6.8822357178e+02	9.8445743322e-01	9.0418255329e-01
6.8864324951e+02	9.8454034328e-01	9.0484303236e-01
6.8906298828e+02	9.8462259769e-01	9.0517371893e-01
6.8948266602e+02	9.8470419645e-01	9.0539717674e-01
6.8990240479e+02	9.8478507996e-01	9.0591901541e-01
6.9032208252e+02	9.8486530781e-01	9.0683037043e-01
6.9074182129e+02	9.8494493961e-01	9.0684622526e-01
6.9116149902e+02	9.8502385616e-01	9.0718388557e-01
6.9158123779e+02	9.8510211706e-01	9.0820056200e-01
6.9200091553e+02	9.8517978191e-01	9.0834206343e-01
6.9242065430e+02	9.8525685072e-01	9.0875947475e-01
6.9284033203e+02	9.8533326387e-01	9.0970629454e-01
6.9326007080e+02	9.8540902138e-01	9.1004508734e-01
6.9367974854e+02	9.8548424244e-01	9.0965783596e-01
6.9409948730e+02	9.8555880785e-01	9.1049462557e-01
6.9451916504e+02	9.8563283682e-01	9.1105061769e-01
6.9493890381e+02	9.8570621014e-01	9.1132813692e-01
6.9535864258e+02	9.8577904701e-01	9.1212356091e-01
6.9577832031e+02	9.8585128784e-01	9.1199165583e-01
6.9619805908e+02	9.8592299223e-01	9.1265296936e-01
6.9661773682e+02	9.8599410057e-01	9.1258943081e-01
6.9703747559e+02	9.8606467247e-01	9.1320681572e-01
6.9745715332e+02	9.8613470793e-01	9.1439396143e-01
6.9787689209e+02	9.8620414734e-01	9.1383594275e-01
6.9829656982e+02	9.8627310991e-01	9.1507840157e-01
6.9871630859e+02	9.8634147644e-01	9.1465765238e-01
6.9913598633e+02	9.8640936613e-01	9.1567152739e-01
6.9955572510e+02	9.8647671938e-01	9.1641378403e-01
6.9997540283e+02	9.8654353619e-01	9.1676682234e-01
7.0039514160e+02	9.8660987616e-01	9.1714489460e-01
7.0081481934e+02	9.8667567968e-01	9.1712093353e-01
7.0123455811e+02	9.8674100637e-01	9.1725438833e-01
7.0165423584e+02	9.8680579662e-01	9.1750544310e-01
7.0207397461e+02	9.8687011003e-01	9.1827929020e-01
7.0249365234e+02	9.8693394661e-01	9.1855823994e-01
7.0291339111e+02	9.8699730635e-01	9.1939485073e-01
7.0333306885e+02	9.8706018925e-01	9.1923826933e-01
7.0375280762e+02	9.8712265491e-01	9.1926342249e-01
7.0417248535e+02	9.8718458414e-01	9.2007547617e-01
7.0459222412e+02	9.8724603653e-01	9.1993749142e-01
7.0501190186e+02	9.8730707169e-01	9.2059397697e-01
7.0543164062e+02	9.8736768961e-01	9.2059612274e-01
7.0585137939e+02	9.8742783070e-01	9.2092156410e-01
7.0627105713e+02	9.8748749495e-01	9.2121541500e-01
7.0669079590e+02	9.8754674196e-01	9.2135685682e-01
7.0711047363e+02	9.8760557175e-01	9.2162227631e-01
7.0753021240e+02	9.8766392469e-01	9.2231845856e-01
7.0794989014e+02	9.8772192001e-01	9.2230039835e-01
7.0836962891e+02	9.8777943850e-01	9.2223763466e-01
7.0878930664e+02	9.8783659935e-01	9.2359966040e-01
7.0920904541e+02	9.8789328337e-01	9.2366385460e-01
7.0962872314e+02	9.8794960976e-01	9.2410922050e-01
7.1004846191e+02	9.8800545931e-01	9.2383158207e-01
7.1046813965e+02	9.8806095123e-01	9.2407947779e-01
7.1088787842e+02	9.8811608553e-01	9.2452377081e-01
7.1130755615e+02	9.8817080259e-01	9.2438346148e-01
7.1172729492e+02	9.8822510242e-01	9.2511254549e-01
7.1214697266e+02	9.8827904463e-01	9.2558187246e-01
7.1256671143e+02	9.8833256960e-01	9.2589664459e-01
7.1298638916e+02	9.8838573694e-01	9.2557120323e-01
7.1340612793e+02	9.8843854666e-01	9.2585402727e-01
7.1382580566e+02	9.8849099874e-01	9.2630213499e-01
7.1424554443e+02	9.8854303360e-01	9.2651987076e-01
7.1466522217e+02	9.8859471083e-01	9.2679953575e-01
7.1508496094e+02	9.8864609003e-01	9.2704248428e-01
7.1550463867e+02	9.8869705200e-01	9.2754852772e-01
7.1592437744e+02	9.8874765635e-01	9.2774271965e-01
7.1634405518e+02	9.8879796267e-01	9.2742508650e-01
7.1676379395e+02	9.8884785175e-01	9.2795199156e-01
7.1718353271e+02	9.8889744282e-01	9.2781609297e-01
7.1760321045e+02	9.8894667625e-01	9.2802476883e-01
7.1802294922e+02	9.8899561167e-01	9.2799365520e-01
7.1844262695e+02	9.8904418945e-01	9.2853003740e-01
7.1886236572e+02	9.8909240961e-01	9.2861652374e-01
7.1928204346e+02	9.8914033175e-01	9.2938625813e-01
7.1970178223e+02	9.8918789625e-01	9.2916029692e-01
7.2012145996e+02	9.8923516273e-01	9.2923450470e-01
7.2054119873e+02	9.8928213120e-01	9.2878967524e-01
7.2096087646e+02	9.8932874203e-01	9.2908871174e-01
7.2138061523e+02	9.8937505484e-01	9.3021190166e-01
7.2180029297e+02	9.8942106962e-01	9.2962533236e-01
7.2222003174e+02	9.8946678638e-01	9.2989921570e-01
7.2263970947e+02	9.8951214552e-01	9.2989152670e-01
7.2305944824e+02	9.8955726624e-01	9.3015587330e-01
7.2347912598e+02	9.8960202932e-01	9.3019765615e-01
7.2389886475e+02	9.8964655399e-01	9.3107306957e-01
7.2431854248e+02	9.8969072104e-01	9.3089103699e-01
7.2473828125e+02	9.8973464966e-01	9.3110221624e-01
7.2515795898e+02	9.8977828026e-01	9.3120771646e-01
7.2557769775e+02	9.8982161283e-01	9.3070518970e-01
7.2599737549e+02	9.8986464739e-01	9.3070477247e-01
7.2641711426e+02	9.8990744352e-01	9.3112182617e-01
7.2683679199e+02	9.8994994164e-01	9.3106549978e-01
7.2725653076e+02	9.8999214172e-01	9.3118965626e-01
7.2767626953e+02	9.9003410339e-01	9.3142837286e-01
7.2809594727e+02	9.9007576704e-01	9.3158894777e-01
7.2851568604e+02	9.9011719227e-01	9.3179112673e-01
7.2893536377e+02	9.9015831947e-01	9.3212097883e-01
7.2935510254e+02	9.9019920826e-01	9.3167996407e-01
7.2977478027e+02	9.9023979902e-01	9.3167543411e-01
7.3019451904e+02	9.9028015137e-01	9.3189722300e-01
7.3061419678e+02	9.9032026529e-01	9.3184316158e-01
7.3103393555e+02	9.9036008120e-01	9.3179446459e-01
7.3145361328e+02	9.9039971828e-01	9.3220460415e-01
7.3187335205e+02	9.9043905735e-01	9.3193894625e-01
7.3229302979e+02	9.9047809839e-01	9.3241816759e-01
7.3271276855e+02	9.9051696062e-01	9.3221938610e-01
7.3313244629e+02	9.9055558443e-01	9.3260276318e-01
7.3355218506e+02	9.9059391022e-01	9.3253964186e-01
7.3397186279e+02	9.9063205719e-01	9.3249773979e-01
7.3439160156e+02	9.9066990614e-01	9.3234324455e-01
7.3481127930e+02	9.9070757627e-01	9.3263083696e-01
7.3523101807e+02	9.9074494839e-01	9.3290853500e-01
7.3565069580e+02	9.9078214169e-01	9.3266528845e-01
7.3607043457e+02	9.9081909657e-01	9.3306356668e-01
7.3649011230e+02	9.9085581303e-01	9.3239670992e-01
7.3690985107e+02	9.9089229107e-01	9.3236660957e-01
7.3732952881e+02	9.9092859030e-01	9.3212008476e-01
7.3774926758e+02	9.9096459150e-01	9.3216043711e-01
7.3816900635e+02	9.9100047350e-01	9.3225771189e-01
7.3858868408e+02	9.9103605747e-01	9.3201911449e-01
7.3900842285e+02	9.9107146263e-01	9.3207865953e-01
7.3942810059e+02	9.9110662937e-01	9.3258076906e-01
7.3984783936e+02	9.9114155769e-01	9.3256556988e-01
7.4026751709e+02	9.9117630720e-01	9.3239629269e-01
7.4068725586e+02	9.9121087790e-01	9.3193757534e-01
7.4110693359e+02	9.9124521017e-01	9.3235886097e-01
7.4152667236e+02	9.9127930403e-01	9.3211179972e-01
7.4194635010e+02	9.9131321907e-01	9.3265116215e-01
7.4236608887e+02	9.9134695530e-01	9.3215692043e-01
7.4278576660e+02	9.9138045311e-01	9.3251991272e-01
7.4320550537e+02	9.9141377211e-01	9.3215143681e-01
7.4362518311e+02	9.9144691229e-01	9.3231356144e-01
7.4404492188e+02	9.9147981405e-01	9.3223077059e-01
7.4446459961e+02	9.9151253700e-01	9.3228375912e-01
7.4488433838e+02	9.9154508114e-01	9.3223369122e-01
7.4530401611e+02	9.9157744646e-01	9.3170064688e-01
7.4572375488e+02	9.9160957336e-01	9.3159681559e-01
7.4614343262e+02	9.9164152145e-01	9.3156152964e-01
7.4656317139e+02	9.9167329073e-01	9.3167161942e-01
7.4698284912e+02	9.9170488119e-01	9.3192446232e-01
7.4740258789e+02	9.9173629284e-01	9.3199902773e-01
7.4782226562e+02	9.9176752567e-01	9.3185645342e-01
7.4824200439e+02	9.9179857969e-01	9.3140542507e-01
7.4866168213e+02	9.9182945490e-01	9.3174225092e-01
7.4908142090e+02	9.9186009169e-01	9.3080836535e-01
7.4950115967e+02	9.9189060926e-01	9.3102741241e-01
7.4992083740e+02	9.9192094803e-01	9.3083149195e-01
7.5034057617e+02	9.9195110798e-01	9.3154704571e-01
7.5076025391e+02	9.9198108912e-01	9.3068218231e-01
7.5117999268e+02	9.9201089144e-01	9.3116062880e-01
7.5159967041e+02	9.9204051495e-01	9.3089401722e-01
7.5201940918e+02	9.9207001925e-01	9.3049556017e-01
7.5243908691e+02	9.9209928513e-01	9.3077003956e-01
7.5285882568e+02	9.9212843180e-01	9.3043112755e-01
7.5327850342e+02	9.9215739965e-01	9.3080520630e-01
7.5369824219e+02	9.9218624830e-01	9.3035733700e-01
7.5411791992e+02	9.9221485853e-01	9.3021291494e-01
7.5453765869e+02	9.9224334955e-01	9.3016958237e-01
7.5495733643e+02	9.9227166176e-01	9.3038755655e-01
7.5537707520e+02	9.9229985476e-01	9.3011450768e-01
7.5579675293e+02	9.9232780933e-01	9.2998594046e-01
7.5621649170e+02	9.9235570431e-01	9.2958587408e-01
7.5663616943e+02	9.9238336086e-01	9.2979371548e-01
7.5705590820e+02	9.9241089821e-01	9.2959284782e-01
7.5747558594e+02	9.9243831635e-01	9.2954581976e-01
7.5789532471e+02	9.9246555567e-01	9.2953944206e-01
7.5831500244e+02	9.9249261618e-01	9.2915159464e-01
7.5873474121e+02	9.9251955748e-01	9.2907148600e-01
7.5915441895e+02	9.9254637957e-01	9.2895638943e-01
7.5957415771e+02	9.9257302284e-01	9.2902356386e-01
7.5999389648e+02	9.9259948730e-01	9.2879223824e-01
7.6041357422e+02	9.9262583256e-01	9.2894679308e-01
7.6083331299e+02	9.9265205860e-01	9.2859131098e-01
7.6125299072e+02	9.9267810583e-01	9.2843306065e-01
7.6167272949e+02	9.9270403385e-01	9.2783969641e-01
7.6209240723e+02	9.9272978306e-01	9.2788791656e-01
7.6251214600e+02	9.9275541306e-01	9.2728626728e-01
7.6293182373e+02	9.9278092384e-01	9.2731374502e-01
7.6335156250e+02	9.9280631542e-01	9.2757755518e-01
7.6377124023e+02	9.9283152819e-01	9.2736631632e-01
7.6419097900e+02	9.9285662174e-01	9.2734122276e-01
7.6461065674e+02	9.9288159609e-01	9.2699593306e-01
7.6503039551e+02	9.9290639162e-01	9.2695343494e-01
7.6545007324e+02	9.9293106794e-01	9.2705672979e-01
7.6586981201e+02	9.9295562506e-01	9.2610996962e-01
7.6628948975e+02	9.9298006296e-01	9.2687416077e-01
7.6670922852e+02	9.9300438166e-01	9.2627710104e-01
7.6712890625e+02	9.9302852154e-01	9.2576342821e-01
7.6754864502e+02	9.9305254221e-01	9.2563855648e-01
7.6796832275e+02	9.9307644367e-01	9.2606675625e-01
7.6838806152e+02	9.9310028553e-01	9.2547690868e-01
7.6880773926e+02	9.9312388897e-01	9.2611879110e-01
7.6922747803e+02	9.9314743280e-01	9.2499369383e-01
7.6964715576e+02	9.9317085743e-01	9.2522931099e-01
7.7006689453e+02	9.9319416285e-01	9.2512488365e-01
7.7048663330e+02	9.9321734905e-01	9.2472106218e-01
7.7090631104e+02	9.9324035645e-01	9.2470860481e-01
7.7132604980e+02	9.9326330423e-01	9.2499995232e-01
7.7174572754e+02	9.9328607321e-01	9.2455923557e-01
7.7216546631e+02	9.9330878258e-01	9.2424565554e-01
7.7258514404e+02	9.9333137274e-01	9.2394798994e-01
7.7300488281e+02	9.9335378408e-01	9.2353439331e-01
7.7342456055e+02	9.9337613583e-01	9.2338454723e-01
7.7384429932e+02	9.9339836836e-01	9.2330193520e-01
7.7426397705e+02	9.9342048168e-01	9.2377597094e-01
7.7468371582e+02	9.9344247580e-01	9.2316812277e-01
7.7510339355e+02	9.9346435070e-01	9.2297470570e-01
7.7552313232e+02	9.9348610640e-01	9.2291712761e-01
7.7594281006e+02	9.9350780249e-01	9.2243093252e-01
7.7636254883e+02	9.9352931976e-01	9.2239844799e-01
7.7678222656e+02	9.9355077744e-01	9.2197155952e-01
7.7720196533e+02	9.9357211590e-01	9.2227190733e-01
7.7762164307e+02	9.9359333515e-01	9.2151075602e-01
7.7804138184e+02	9.9361443520e-01	9.2158728838e-01
7.7846105957e+02	9.9363547564e-01	9.2191511393e-01
7.7888079834e+02	9.9365633726e-01	9.2125177383e-01
7.7930047607e+02	9.9367713928e-01	9.2104589939e-01
7.7972021484e+02	9.9369782209e-01	9.2071706057e-01
7.8013989258e+02	9.9371844530e-01	9.2066675425e-01
7.8055963135e+02	9.9373894930e-01	9.1995269060e-01
7.8097930908e+02	9.9375927448e-01	9.2016720772e-01
7.8139904785e+02	9.9377959967e-01	9.2057359219e-01
7.8181878662e+02	9.9379974604e-01	9.2014223337e-01
7.8223846436e+02	9.9381983280e-01	9.1997098923e-01
7.8265820312e+02	9.9383985996e-01	9.1962009668e-01
7.8307788086e+02	9.9385970831e-01	9.1931217909e-01
7.8349761963e+02	9.9387949705e-01	9.1903907061e-01
7.8391729736e+02	9.9389916658e-01	9.1865229607e-01
7.8433703613e+02	9.9391877651e-01	9.1886901855e-01
7.8475671387e+02	9.9393826723e-01	9.1829526424e-01
7.8517645264e+02	9.9395763874e-01	9.1830259562e-01
7.8559613037e+02	9.9397695065e-01	9.1809237003e-01
7.8601586914e+02	9.9399620295e-01	9.1788059473e-01
7.8643554688e+02	9.9401527643e-01	9.1750705242e-01
7.8685528564e+02	9.9403429031e-01	9.1731858253e-01
7.8727496338e+02	9.9405324459e-01	9.1665369272e-01
7.8769470215e+02	9.9407207966e-01	9.1649770737e-01
7.8811437988e+02	9.9409079552e-01	9.1626524925e-01
7.8853411865e+02	9.9410945177e-01	9.1677212715e-01
7.8895379639e+02	9.9412804842e-01	9.1638642550e-01
7.8937353516e+02	9.9414652586e-01	9.1571909189e-01
7.8979321289e+02	9.9416488409e-01	9.1619950533e-01
7.9021295166e+02	9.9418318272e-01	9.1534072161e-01
7.9063262939e+02	9.9420142174e-01	9.1455382109e-01
7.9105236816e+02	9.9421954155e-01	9.1484868526e-01
7.9147204590e+02	9.9423754215e-01	9.1453689337e-01
7.9189178467e+02	9.9425548315e-01	9.1443818808e-01
7.9231152344e+02	9.9427336454e-01	9.1423487663e-01
7.9273120117e+02	9.9429112673e-01	9.1376614571e-01
7.9315093994e+02	9.9430882931e-01	9.1378647089e-01
7.9357061768e+02	9.9432647228e-01	9.1350859404e-01
7.9399035645e+02	9.9434399605e-01	9.1327947378e-01
7.9441003418e+02	9.9436146021e-01	9.1315013170e-01
7.9482977295e+02	9.9437880516e-01	9.1241794825e-01
7.9524945068e+02	9.9439609051e-01	9.1324895620e-01
7.9566918945e+02	9.9441325665e-01	9.1170918941e-01
7.9608886719e+02	9.9443036318e-01	9.1165357828e-01
7.9650860596e+02	9.9444741011e-01	9.1191661358e-01
7.9692828369e+02	9.9446439743e-01	9.1139549017e-01
7.9734802246e+02	9.9448126554e-01	9.1087812185e-01
7.9776770020e+02	9.9449807405e-01	9.1077810526e-01
7.9818743896e+02	9.9451476336e-01	9.1034293175e-01
7.9860711670e+02	9.9453145266e-01	9.1057127714e-01
7.9902685547e+02	9.9454802275e-01	9.0952003002e-01
7.9944653320e+02	9.9456447363e-01	9.0913540125e-01
