wavelength_nm	ideal_target_transmittance	cvae_target_transmittance	tandem_response_transmittance
3.7973711347e+02	9.7231352329e-01	9.6147370338e-01	9.6533513069e-01
3.8015682291e+02	9.7209322453e-01	9.6163892746e-01	9.6563786268e-01
3.8057653235e+02	9.7187012434e-01	9.6159613132e-01	9.6529060602e-01
3.8099624179e+02	9.7164428234e-01	9.6109640598e-01	9.6438008547e-01
3.8141595123e+02	9.7141557932e-01	9.6007728577e-01	9.6328139305e-01
3.8183566067e+02	9.7118395567e-01	9.5862311125e-01	9.6183520555e-01
3.8225537011e+02	9.7094941139e-01	9.5659530163e-01	9.6019101143e-01
3.8267507956e+02	9.7071188688e-01	9.5418125391e-01	9.5825111866e-01
3.8309478900e+02	9.7047132254e-01	9.5105463266e-01	9.5601803064e-01
3.8351449844e+02	9.7022759914e-01	9.4749474525e-01	9.5361024141e-01
3.8393420788e+02	9.6998077631e-01	9.4361126423e-01	9.5078641176e-01
3.8435391732e+02	9.6973073483e-01	9.3916851282e-01	9.4794070721e-01
3.8477362676e+02	9.6947747469e-01	9.3440151215e-01	9.4457912445e-01
3.8519333620e+02	9.6922081709e-01	9.2916208506e-01	9.4121176004e-01
3.8561304564e+02	9.6896082163e-01	9.2381298542e-01	9.3740618229e-01
3.8603275508e+02	9.6869736910e-01	9.1806983948e-01	9.3341791630e-01
3.8645246453e+02	9.6843045950e-01	9.1235917807e-01	9.2972165346e-01
3.8687217397e+02	9.6815991402e-01	9.0646654367e-01	9.2524868250e-01
3.8729188341e+02	9.6788579226e-01	9.0055620670e-01	9.2097604275e-01
3.8771159285e+02	9.6760797501e-01	8.9472693205e-01	9.1662704945e-01
3.8813130229e+02	9.6732640266e-01	8.8858813047e-01	9.1177570820e-01
3.8855101173e+02	9.6704095602e-01	8.8257026672e-01	9.0710973740e-01
3.8897072117e+02	9.6675163507e-01	8.7691175938e-01	9.0220576525e-01
3.8939043061e+02	9.6645832062e-01	8.7101584673e-01	8.9778578281e-01
3.8981014006e+02	9.6616095304e-01	8.6513763666e-01	8.9248341322e-01
3.9022984950e+02	9.6585953236e-01	8.5951298475e-01	8.8751554489e-01
3.9064955894e+02	9.6555382013e-01	8.5371720791e-01	8.8270139694e-01
3.9106926838e+02	9.6524387598e-01	8.4826803207e-01	8.7750607729e-01
3.9148897782e+02	9.6492958069e-01	8.4299212694e-01	8.7309312820e-01
3.9190868726e+02	9.6461081505e-01	8.3754611015e-01	8.6815190315e-01
3.9232839670e+02	9.6428757906e-01	8.3249968290e-01	8.6341530085e-01
3.9274810614e+02	9.6395969391e-01	8.2745015621e-01	8.5888439417e-01
3.9316781559e+02	9.6362709999e-01	8.2266443968e-01	8.5441267490e-01
3.9358752503e+02	9.6328967810e-01	8.1784260273e-01	8.4976273775e-01
3.9400723447e+02	9.6294742823e-01	8.1311774254e-01	8.4520524740e-01
3.9442694391e+02	9.6260017157e-01	8.0875569582e-01	8.4136670828e-01
3.9484665335e+02	9.6224784851e-01	8.0423778296e-01	8.3704817295e-01
3.9526636279e+02	9.6189033985e-01	7.9988253117e-01	8.3210593462e-01
3.9568607223e+02	9.6152752638e-01	7.9587858915e-01	8.2825517654e-01
3.9610578167e+02	9.6115934849e-01	7.9190987349e-01	8.2496392727e-01
3.9652549111e+02	9.6078568697e-01	7.8814738989e-01	8.2054489851e-01
3.9694520056e+02	9.6040642262e-01	7.8450244665e-01	8.1675982475e-01
3.9736491000e+02	9.6002143621e-01	7.8096187115e-01	8.1281024218e-01
3.9778461944e+02	9.5963060856e-01	7.7783209085e-01	8.0903685093e-01
3.9820432888e+02	9.5923382044e-01	7.7456736565e-01	8.0563789606e-01
3.9862403832e+02	9.5883095264e-01	7.7161252499e-01	8.0193704367e-01
3.9904374776e+02	9.5842188597e-01	7.6861029863e-01	7.9823964834e-01
3.9946345720e+02	9.5800650120e-01	7.6578205824e-01	7.9581022263e-01
3.9988316664e+02	9.5758467913e-01	7.6341569424e-01	7.9200053215e-01
4.0030287609e+02	9.5715624094e-01	7.6082551479e-01	7.8876560926e-01
4.0072258553e+02	9.5672106743e-01	7.5864678621e-01	7.8596562147e-01
4.0114229497e+02	9.5627897978e-01	7.5686794519e-01	7.8295356035e-01
4.0156200441e+02	9.5582991838e-01	7.5423544645e-01	7.8023976088e-01
4.0198171385e+02	9.5537370443e-01	7.5254857540e-01	7.7649801970e-01
4.0240142329e+02	9.5491009951e-01	7.5046372414e-01	7.7359050512e-01
4.0282113273e+02	9.5443910360e-01	7.4877619743e-01	7.7125394344e-01
4.0324084217e+02	9.5396035910e-01	7.4723494053e-01	7.6844155788e-01
4.0366055162e+02	9.5347386599e-01	7.4595600367e-01	7.6692456007e-01
4.0408026106e+02	9.5297938585e-01	7.4466633797e-01	7.6513195038e-01
4.0449997050e+02	9.5247673988e-01	7.4481999874e-01	7.6317673922e-01
4.0491967994e+02	9.5196580887e-01	7.4249273539e-01	7.6234197617e-01
4.0533938938e+02	9.5144629478e-01	7.4121171236e-01	7.5988894701e-01
4.0575909882e+02	9.5091807842e-01	7.4186939001e-01	7.5468486547e-01
4.0617880826e+02	9.5038098097e-01	7.4178999662e-01	7.5030833483e-01
4.0659851770e+02	9.4983476400e-01	7.4212574959e-01	7.5038951635e-01
4.0701822714e+02	9.4927918911e-01	7.4217408895e-01	7.4837309122e-01
4.0743793659e+02	9.4871413708e-01	7.4132144451e-01	7.4657034874e-01
4.0785764603e+02	9.4813930988e-01	7.4108958244e-01	7.4406945705e-01
4.0827735547e+02	9.4755452871e-01	7.4165505171e-01	7.4198925495e-01
4.0869706491e+02	9.4695955515e-01	7.4190074205e-01	7.4023813009e-01
4.0911677435e+02	9.4635415077e-01	7.4249190092e-01	7.3867094517e-01
4.0953648379e+02	9.4573801756e-01	7.4299091101e-01	7.3688840866e-01
4.0995619323e+02	9.4511097670e-01	7.4403959513e-01	7.3671036959e-01
4.1037590267e+02	9.4447278976e-01	7.4508780241e-01	7.3527973890e-01
4.1079561212e+02	9.4382309914e-01	7.4635314941e-01	7.3379689455e-01
4.1121532156e+02	9.4316166639e-01	7.4747300148e-01	7.3376536369e-01
4.1163503100e+02	9.4248819351e-01	7.4912667274e-01	7.3310458660e-01
4.1205474044e+02	9.4180244207e-01	7.5099945068e-01	7.3191940784e-01
4.1247444988e+02	9.4110405445e-01	7.5258964300e-01	7.3168545961e-01
4.1289415932e+02	9.4039279222e-01	7.5441795588e-01	7.3010838032e-01
4.1331386876e+02	9.3966829777e-01	7.5647026300e-01	7.3092037439e-01
4.1373357820e+02	9.3893021345e-01	7.5855547190e-01	7.3003643751e-01
4.1415328765e+02	9.3817824125e-01	7.6083266735e-01	7.3017907143e-01
4.1457299709e+02	9.3741202354e-01	7.6326388121e-01	7.2891002893e-01
4.1499270653e+02	9.3663120270e-01	7.6587975025e-01	7.2891300917e-01
4.1541241597e+02	9.3583536148e-01	7.6854294538e-01	7.2671473026e-01
4.1583212541e+02	9.3502420187e-01	7.7091360092e-01	7.2923630476e-01
4.1625183485e+02	9.3419730663e-01	7.7368730307e-01	7.2804206610e-01
4.1667154429e+02	9.3335425854e-01	7.7818793058e-01	7.2799539566e-01
4.1709125373e+02	9.3249464035e-01	7.8048491478e-01	7.2789722681e-01
4.1751096317e+02	9.3161797523e-01	7.8466463089e-01	7.2701197863e-01
4.1793067262e+02	9.3072390556e-01	7.8775393963e-01	7.2833526134e-01
4.1835038206e+02	9.2981189489e-01	7.9213947058e-01	7.2805011272e-01
4.1877009150e+02	9.2888146639e-01	7.9495066404e-01	7.2733843327e-01
4.1918980094e+02	9.2793220282e-01	7.9693531990e-01	7.2843170166e-01
4.1960951038e+02	9.2696356773e-01	8.0054479837e-01	7.2846937180e-01
4.2002921982e+02	9.2597502470e-01	8.0391788483e-01	7.2858673334e-01
4.2044892926e+02	9.2496603727e-01	8.0779635906e-01	7.2827106714e-01
4.2086863870e+02	9.2393606901e-01	8.1157118082e-01	7.2978049517e-01
4.2128834815e+02	9.2288446426e-01	8.1437551975e-01	7.2857052088e-01
4.2170805759e+02	9.2181074619e-01	8.1815117598e-01	7.2839999199e-01
4.2212776703e+02	9.2071419954e-01	8.2150250673e-01	7.2880977392e-01
4.2254747647e+02	9.1959422827e-01	8.2481032610e-01	7.2780048847e-01
4.2296718591e+02	9.1845017672e-01	8.2848262787e-01	7.2779810429e-01
4.2338689535e+02	9.1728132963e-01	8.3230406046e-01	7.2729933262e-01
4.2380660479e+02	9.1608703136e-01	8.3588463068e-01	7.2686886787e-01
4.2422631423e+02	9.1486650705e-01	8.3954024315e-01	7.2675335407e-01
4.2464602368e+02	9.1361910105e-01	8.4307616949e-01	7.2691476345e-01
4.2506573312e+02	9.1234385967e-01	8.4659725428e-01	7.2696399689e-01
4.2548544256e+02	9.1104012728e-01	8.5005593300e-01	7.2598272562e-01
4.2590515200e+02	9.0970700979e-01	8.5366487503e-01	7.2625446320e-01
4.2632486144e+02	9.0834367275e-01	8.5705047846e-01	7.2559398413e-01
4.2674457088e+02	9.0694916248e-01	8.6026638746e-01	7.2597301006e-01
4.2716428032e+02	9.0552258492e-01	8.6362576485e-01	7.2579723597e-01
4.2758398976e+02	9.0406292677e-01	8.6659765244e-01	7.2577023506e-01
4.2800369920e+02	9.0256929398e-01	8.6935317516e-01	7.2649055719e-01
4.2842340865e+02	9.0104055405e-01	8.7209522724e-01	7.2658050060e-01
4.2884311809e+02	8.9947563410e-01	8.7489074469e-01	7.2746968269e-01
4.2926282753e+02	8.9787352085e-01	8.7836170197e-01	7.3157227039e-01
4.2968253697e+02	8.9623296261e-01	8.8044750690e-01	7.3158878088e-01
4.3010224641e+02	8.9455276728e-01	8.8274979591e-01	7.2396081686e-01
4.3052195585e+02	8.9283180237e-01	8.8527888060e-01	7.2837346792e-01
4.3094166529e+02	8.9106863737e-01	8.8458442688e-01	7.2890365124e-01
4.3136137473e+02	8.8926202059e-01	8.8688057661e-01	7.2637563944e-01
4.3178108418e+02	8.8741058111e-01	8.9033722878e-01	7.2573244572e-01
4.3220079362e+02	8.8551282883e-01	8.8954424858e-01	7.2700667381e-01
4.3262050306e+02	8.8356727362e-01	8.9123022556e-01	7.2674006224e-01
4.3304021250e+02	8.8157236576e-01	8.9186781645e-01	7.2832942009e-01
4.3345992194e+02	8.7952649593e-01	8.9206480980e-01	7.2563153505e-01
4.3387963138e+02	8.7742805481e-01	8.9276981354e-01	7.2665935755e-01
4.3429934082e+02	8.7527519464e-01	8.9308482409e-01	7.2563183308e-01
4.3471905026e+02	8.7306618690e-01	8.9314585924e-01	7.2552591562e-01
4.3513875971e+02	8.7079912424e-01	8.9296090603e-01	7.2508788109e-01
4.3555846915e+02	8.6847209930e-01	8.9244943857e-01	7.2412675619e-01
4.3597817859e+02	8.6608302593e-01	8.9168494940e-01	7.2276133299e-01
4.3639788803e+02	8.6362975836e-01	8.9073574543e-01	7.2253710032e-01
4.3681759747e+02	8.6111021042e-01	8.8951426744e-01	7.2113633156e-01
4.3723730691e+02	8.5852205753e-01	8.8800758123e-01	7.2091740370e-01
4.3765701635e+02	8.5586291552e-01	8.8610732555e-01	7.1973752975e-01
4.3807672579e+02	8.5313034058e-01	8.8448894024e-01	7.1828305721e-01
4.3849643523e+02	8.5032176971e-01	8.8214248419e-01	7.1761077642e-01
4.3891614468e+02	8.4743452072e-01	8.7995702028e-01	7.1689182520e-01
4.3933585412e+02	8.4446579218e-01	8.7723821402e-01	7.1562600136e-01
4.3975556356e+02	8.4141278267e-01	8.7447112799e-01	7.1439647675e-01
4.4017527300e+02	8.3827239275e-01	8.7140047550e-01	7.1229469776e-01
4.4059498244e+02	8.3504158258e-01	8.6815178394e-01	7.1200633049e-01
4.4101469188e+02	8.3171701431e-01	8.6436402798e-01	7.1064043045e-01
4.4143440132e+02	8.2829535007e-01	8.6066371202e-01	7.0966964960e-01
4.4185411076e+02	8.2477313280e-01	8.5632365942e-01	7.0814812183e-01
4.4227382021e+02	8.2114660740e-01	8.5170942545e-01	7.0537686348e-01
4.4269352965e+02	8.1741195917e-01	8.4700322151e-01	7.0308107138e-01
4.4311323909e+02	8.1356531382e-01	8.4036713839e-01	7.0266216993e-01
4.4353294853e+02	8.0960249901e-01	8.3430790901e-01	7.0070058107e-01
4.4395265797e+02	8.0551922321e-01	8.2479363680e-01	6.9909119606e-01
4.4437236741e+02	8.0131107569e-01	8.2697939873e-01	6.9641661644e-01
4.4479207685e+02	7.9697340727e-01	8.2244127989e-01	6.9216310978e-01
4.4521178629e+02	7.9250133038e-01	8.1710618734e-01	6.9470572472e-01
4.4563149574e+02	7.8788989782e-01	8.0978864431e-01	6.9895511866e-01
4.4605120518e+02	7.8313398361e-01	8.0331313610e-01	6.8608599901e-01
4.4647091462e+02	7.7822804451e-01	7.9265326262e-01	6.7825138569e-01
4.4689062406e+02	7.7316665649e-01	7.7947479486e-01	6.7256009579e-01
4.4731033350e+02	7.6794385910e-01	7.7341657877e-01	6.7671614885e-01
4.4773004294e+02	7.6255363226e-01	7.6651692390e-01	6.7110884190e-01
4.4814975238e+02	7.5698983669e-01	7.5808185339e-01	6.6311997175e-01
4.4856946182e+02	7.5124597549e-01	7.4844127893e-01	6.5818929672e-01
4.4898917126e+02	7.4531531334e-01	7.3925232887e-01	6.5269428492e-01
4.4940888071e+02	7.3919099569e-01	7.2984063625e-01	6.4648926258e-01
4.4982859015e+02	7.3286581039e-01	7.1953684092e-01	6.4842396975e-01
4.5024829959e+02	7.2633242607e-01	7.0974785089e-01	6.3927376270e-01
4.5066800903e+02	7.1958321333e-01	6.9922667742e-01	6.3439828157e-01
4.5108771847e+02	7.1261048317e-01	6.8846380711e-01	6.2775212526e-01
4.5150742791e+02	7.0540606976e-01	6.7730575800e-01	6.2159937620e-01
4.5192713735e+02	6.9796174765e-01	6.6490775347e-01	6.1444765329e-01
4.5234684679e+02	6.9026923180e-01	6.5273028612e-01	6.0661953688e-01
4.5276655624e+02	6.8231976032e-01	6.3978523016e-01	6.0010552406e-01
4.5318626568e+02	6.7410469055e-01	6.2582957745e-01	5.9103512764e-01
4.5360597512e+02	6.6561508179e-01	6.1261045933e-01	5.8231174946e-01
4.5402568456e+02	6.5684193373e-01	5.9808766842e-01	5.7433420420e-01
4.5444539400e+02	6.4777612686e-01	5.8371961117e-01	5.6428265572e-01
4.5486510344e+02	6.3840860128e-01	5.6991630793e-01	5.5541956425e-01
4.5528481288e+02	6.2873023748e-01	5.5565035343e-01	5.4540425539e-01
4.5570452232e+02	6.1873203516e-01	5.4100281000e-01	5.3532123566e-01
4.5612423177e+02	6.0840505362e-01	5.2569681406e-01	5.2418714762e-01
4.5654394121e+02	5.9774065018e-01	5.1159846783e-01	5.1242446899e-01
4.5696365065e+02	5.8673042059e-01	4.9727985263e-01	5.0062036514e-01
4.5738336009e+02	5.7536637783e-01	4.7890448570e-01	4.8913347721e-01
4.5780306953e+02	5.6364101171e-01	4.6540144086e-01	4.7689700127e-01
4.5822277897e+02	5.5154746771e-01	4.4784414768e-01	4.6465250850e-01
4.5864248841e+02	5.3907972574e-01	4.3238097429e-01	4.5133534074e-01
4.5906219785e+02	5.2623254061e-01	4.1588163376e-01	4.3858003616e-01
4.5948190729e+02	5.1300197840e-01	4.0240660310e-01	4.2357158661e-01
4.5990161674e+02	4.9938523769e-01	3.8855716586e-01	4.0366008878e-01
4.6032132618e+02	4.8538118601e-01	3.7365984917e-01	3.8839432597e-01
4.6074103562e+02	4.7099038959e-01	3.5619017482e-01	3.7279555202e-01
4.6116074506e+02	4.5621544123e-01	3.3825305104e-01	3.5764032602e-01
4.6158045450e+02	4.4106131792e-01	3.2483208179e-01	3.4272721410e-01
4.6200016394e+02	4.2553547025e-01	3.0689355731e-01	3.2860475779e-01
4.6241987338e+02	4.0964844823e-01	2.9026645422e-01	3.1612274051e-01
4.6283958282e+02	3.9341396093e-01	2.7576097846e-01	2.9881170392e-01
4.6325929227e+02	3.7684941292e-01	2.5984388590e-01	2.8549796343e-01
4.6367900171e+02	3.5997608304e-01	2.4543580413e-01	2.6978737116e-01
4.6409871115e+02	3.4281972051e-01	2.3114161193e-01	2.5277864933e-01
4.6451842059e+02	3.2541072369e-01	2.1658116579e-01	2.4053044617e-01
4.6493813003e+02	3.0778452754e-01	2.0301981270e-01	2.2651445866e-01
4.6535783947e+02	2.8998190165e-01	1.8936084211e-01	2.1148544550e-01
4.6577754891e+02	2.7204933763e-01	1.7651057243e-01	1.9777840376e-01
4.6619725835e+02	2.5403916836e-01	1.6438044608e-01	1.8404670060e-01
4.6661696780e+02	2.3600977659e-01	1.5250658989e-01	1.7145675421e-01
4.6703667724e+02	2.1802562475e-01	1.4137747884e-01	1.5779256821e-01
4.6745638668e+02	2.0015732944e-01	1.3081480563e-01	1.4538100362e-01
4.6787609612e+02	1.8248143792e-01	1.2049606442e-01	1.3353438675e-01
4.6829580556e+02	1.6508017480e-01	1.1108256876e-01	1.2137844414e-01
4.6871551500e+02	1.4804099500e-01	1.0185822845e-01	1.1102000624e-01
4.6913522444e+02	1.3145600259e-01	9.3436568975e-02	1.0134664923e-01
4.6955493388e+02	1.1542114615e-01	8.5687689483e-02	9.1904118657e-02
4.6997464332e+02	1.0003528744e-01	7.8601583838e-02	8.2970887423e-02
4.7039435277e+02	8.5399053991e-02	7.2320006788e-02	7.5413264334e-02
4.7081406221e+02	7.1613535285e-02	6.5698161721e-02	6.8186655641e-02
4.7123377165e+02	5.8778826147e-02	5.8920938522e-02	6.1591193080e-02
4.7165348109e+02	4.6992480755e-02	5.6854546070e-02	5.6613434106e-02
4.7207319053e+02	3.6347832531e-02	5.2841134369e-02	5.2536800504e-02
4.7249289997e+02	2.6932319626e-02	5.0512731075e-02	4.8565901816e-02
4.7291260941e+02	1.8825786188e-02	4.8760358244e-02	4.5380026102e-02
4.7333231885e+02	1.2098881416e-02	4.9641773105e-02	4.3906129897e-02
4.7375202830e+02	6.8115652539e-03	4.9645137042e-02	4.3707866222e-02
4.7417173774e+02	3.0117954593e-03	4.9518167973e-02	4.2980916798e-02
4.7459144718e+02	7.3445407907e-04	4.9959745258e-02	4.0607783943e-02
4.7501115662e+02	5.4806685057e-07	5.0933767110e-02	4.2874064296e-02
4.7543086606e+02	8.1671966473e-04	5.4317060858e-02	4.5328214765e-02
4.7585057550e+02	3.1750902999e-03	5.9369329363e-02	4.9600608647e-02
4.7627028494e+02	7.0534418337e-03	6.4223095775e-02	4.7427285463e-02
4.7668999438e+02	1.2415729463e-02	7.1180894971e-02	5.4425634444e-02
4.7710970383e+02	1.9212903455e-02	7.8937031329e-02	5.9530977160e-02
4.7752941327e+02	2.7384005487e-02	8.8059492409e-02	6.5508238971e-02
4.7794912271e+02	3.6857493222e-02	9.8410069942e-02	7.2983928025e-02
4.7836883215e+02	4.7552742064e-02	1.0939832777e-01	8.0766528845e-02
4.7878854159e+02	5.9381671250e-02	1.2334042042e-01	9.0599142015e-02
4.7920825103e+02	7.2250418365e-02	1.3785666227e-01	1.0246497393e-01
4.7962796047e+02	8.6061060429e-02	1.5434880555e-01	1.1310140043e-01
4.8004766991e+02	1.0071323067e-01	1.7051349580e-01	1.2898072600e-01
4.8046737935e+02	1.1610569060e-01	1.8803526461e-01	1.3906691968e-01
4.8088708880e+02	1.3213780522e-01	2.0631723106e-01	1.5888638794e-01
4.8130679824e+02	1.4871078730e-01	2.2523237765e-01	1.7941839993e-01
4.8172650768e+02	1.6572883725e-01	2.4410200119e-01	1.9944728911e-01
4.8214621712e+02	1.8310010433e-01	2.6325586438e-01	2.1947261691e-01
4.8256592656e+02	2.0073743165e-01	2.8261050582e-01	2.3890994489e-01
4.8298563600e+02	2.1855895221e-01	3.0129283667e-01	2.5996974111e-01
4.8340534544e+02	2.3648852110e-01	3.1999042630e-01	2.8025862575e-01
4.8382505488e+02	2.5445598364e-01	3.3778163791e-01	3.0120098591e-01
4.8424476433e+02	2.7239724994e-01	3.5590189695e-01	3.2152909040e-01
4.8466447377e+02	2.9025441408e-01	3.7248596549e-01	3.4174552560e-01
4.8508418321e+02	3.0797562003e-01	3.8893601298e-01	3.6113455892e-01
4.8550389265e+02	3.2551485300e-01	4.0409308672e-01	3.7818345428e-01
4.8592360209e+02	3.4283173084e-01	4.2010676861e-01	3.9571383595e-01
4.8634331153e+02	3.5989126563e-01	4.3677321076e-01	4.1396588087e-01
4.8676302097e+02	3.7666344643e-01	4.4970721006e-01	4.3083751202e-01
4.8718273041e+02	3.9312297106e-01	4.6115121245e-01	4.4530388713e-01
4.8760243986e+02	4.0924885869e-01	4.7472703457e-01	4.5494395494e-01
4.8802214930e+02	4.2502406240e-01	4.8816365004e-01	4.7666260600e-01
4.8844185874e+02	4.4043523073e-01	5.0058454275e-01	4.8422068357e-01
4.8886156818e+02	4.5547208190e-01	5.0960677862e-01	5.0401413441e-01
4.8928127762e+02	4.7012743354e-01	5.2012252808e-01	5.1455664635e-01
4.8970098706e+02	4.8439657688e-01	5.3135174513e-01	5.2583467960e-01
4.9012069650e+02	4.9827712774e-01	5.4241853952e-01	5.3844094276e-01
4.9054040594e+02	5.1176875830e-01	5.5636507273e-01	5.4626387358e-01
4.9096011538e+02	5.2487272024e-01	5.6445556879e-01	5.5471807718e-01
4.9137982483e+02	5.3759205341e-01	5.7048845291e-01	5.6500250101e-01
4.9179953427e+02	5.4993087053e-01	5.8090090752e-01	5.7556396723e-01
4.9221924371e+02	5.6189441681e-01	5.8897775412e-01	5.8458560705e-01
4.9263895315e+02	5.7348895073e-01	5.9706902504e-01	5.9517145157e-01
4.9305866259e+02	5.8472138643e-01	6.0602897406e-01	6.0064035654e-01
4.9347837203e+02	5.9559941292e-01	6.1337298155e-01	6.0884851217e-01
4.9389808147e+02	6.0613095760e-01	6.2169271708e-01	6.1796957254e-01
4.9431779091e+02	6.1632454395e-01	6.2866032124e-01	6.2648671865e-01
4.9473750036e+02	6.2618899345e-01	6.3604187965e-01	6.3262254000e-01
4.9515720980e+02	6.3573312759e-01	6.4390748739e-01	6.4104795456e-01
4.9557691924e+02	6.4496606588e-01	6.5063458681e-01	6.4816707373e-01
4.9599662868e+02	6.5389698744e-01	6.5657424927e-01	6.5327340364e-01
4.9641633812e+02	6.6253501177e-01	6.6291779280e-01	6.5999680758e-01
4.9683604756e+02	6.7088919878e-01	6.6901534796e-01	6.6614592075e-01
4.9725575700e+02	6.7896860838e-01	6.7455583811e-01	6.7187643051e-01
4.9767546644e+02	6.8678218126e-01	6.7989104986e-01	6.7780762911e-01
4.9809517589e+02	6.9433867931e-01	6.8587625027e-01	6.8038749695e-01
4.9851488533e+02	7.0164662600e-01	6.9159448147e-01	6.8569630384e-01
4.9893459477e+02	7.0871454477e-01	6.9630777836e-01	6.9268190861e-01
4.9935430421e+02	7.1555066109e-01	7.0145463943e-01	6.9784027338e-01
4.9977401365e+02	7.2216296196e-01	7.0578169823e-01	7.0461410284e-01
5.0019372309e+02	7.2855925560e-01	7.1035659313e-01	7.0876961946e-01
5.0061343253e+02	7.3474717140e-01	7.1457439661e-01	7.1530425549e-01
5.0103314197e+02	7.4073404074e-01	7.1985220909e-01	7.1758311987e-01
5.0145285141e+02	7.4652695656e-01	7.2449624538e-01	7.2291994095e-01
5.0187256086e+02	7.5213289261e-01	7.2849512100e-01	7.2850978374e-01
5.0229227030e+02	7.5755852461e-01	7.3401945829e-01	7.3261582851e-01
5.0271197974e+02	7.6281023026e-01	7.3843300343e-01	7.3791885376e-01
5.0313168918e+02	7.6789432764e-01	7.4213731289e-01	7.3950093985e-01
5.0355139862e+02	7.7281671762e-01	7.4731969833e-01	7.4269485474e-01
5.0397110806e+02	7.7758330107e-01	7.5032657385e-01	7.5113016367e-01
5.0439081750e+02	7.8219962120e-01	7.5187134743e-01	7.5443637371e-01
5.0481052694e+02	7.8667104244e-01	7.5608193874e-01	7.5861716270e-01
5.0523023639e+02	7.9100275040e-01	7.6009559631e-01	7.6383984089e-01
5.0564994583e+02	7.9519975185e-01	7.6243305206e-01	7.6299273968e-01
5.0606965527e+02	7.9926675558e-01	7.6669681072e-01	7.6474684477e-01
5.0648936471e+02	8.0320852995e-01	7.7546298504e-01	7.7322733402e-01
5.0690907415e+02	8.0702936649e-01	7.7762627602e-01	7.8004133701e-01
5.0732878359e+02	8.1073355675e-01	7.7566504478e-01	7.8018206358e-01
5.0774849303e+02	8.1432527304e-01	7.8070765734e-01	7.8168922663e-01
5.0816820247e+02	8.1780838966e-01	7.8369748592e-01	7.8453314304e-01
5.0858791192e+02	8.2118672132e-01	7.8572362661e-01	7.8630018234e-01
5.0900762136e+02	8.2446390390e-01	7.8907281160e-01	7.8966671228e-01
5.0942733080e+02	8.2764345407e-01	7.9231166840e-01	7.8985840082e-01
5.0984704024e+02	8.3072865009e-01	7.9547387362e-01	7.9766035080e-01
5.1026674968e+02	8.3372282982e-01	7.9764115810e-01	7.9934394360e-01
5.1068645912e+02	8.3662903309e-01	8.0062067509e-01	8.0079376698e-01
5.1110616856e+02	8.3945024014e-01	8.0319464207e-01	8.0264997482e-01
5.1152587800e+02	8.4218931198e-01	8.0540424585e-01	8.0550014973e-01
5.1194558744e+02	8.4484899044e-01	8.0791234970e-01	8.0751174688e-01
5.1236529689e+02	8.4743201733e-01	8.1036400795e-01	8.0989569426e-01
5.1278500633e+02	8.4994077682e-01	8.1255334616e-01	8.1237429380e-01
5.1320471577e+02	8.5237783194e-01	8.1463313103e-01	8.1469905376e-01
5.1362442521e+02	8.5474550724e-01	8.1691819429e-01	8.1683677435e-01
5.1404413465e+02	8.5704600811e-01	8.1890457869e-01	8.1911760569e-01
5.1446384409e+02	8.5928153992e-01	8.2090747356e-01	8.2154583931e-01
5.1488355353e+02	8.6145418882e-01	8.2289856672e-01	8.2435935736e-01
5.1530326297e+02	8.6356598139e-01	8.2469695807e-01	8.2594043016e-01
5.1572297242e+02	8.6561876535e-01	8.2662737370e-01	8.2864344120e-01
5.1614268186e+02	8.6761450768e-01	8.2839477062e-01	8.3170086145e-01
5.1656239130e+02	8.6955487728e-01	8.3004522324e-01	8.3367443085e-01
5.1698210074e+02	8.7144166231e-01	8.3211177588e-01	8.3617395163e-01
5.1740181018e+02	8.7327641249e-01	8.3393853903e-01	8.3840948343e-01
5.1782151962e+02	8.7506085634e-01	8.3452129364e-01	8.4082287550e-01
5.1824122906e+02	8.7679642439e-01	8.3531188965e-01	8.4242862463e-01
5.1866093850e+02	8.7848460674e-01	8.3755028248e-01	8.4501147270e-01
5.1908064795e+02	8.8012683392e-01	8.4017342329e-01	8.4864723682e-01
5.1950035739e+02	8.8172447681e-01	8.4044891596e-01	8.5180282593e-01
5.1992006683e+02	8.8327878714e-01	8.4051764011e-01	8.5361051559e-01
5.2033977627e+02	8.8479101658e-01	8.4109443426e-01	8.5178017616e-01
5.2075948571e+02	8.8626247644e-01	8.4331858158e-01	8.5277205706e-01
5.2117919515e+02	8.8769423962e-01	8.4634786844e-01	8.5701817274e-01
5.2159890459e+02	8.8908749819e-01	8.4566527605e-01	8.5533130169e-01
5.2201861403e+02	8.9044332504e-01	8.4829097986e-01	8.6183393002e-01
5.2243832347e+02	8.9176267385e-01	8.5034143925e-01	8.6105722189e-01
5.2285803292e+02	8.9304667711e-01	8.4879261255e-01	8.6224895716e-01
5.2327774236e+02	8.9429622889e-01	8.4934663773e-01	8.6422652006e-01
5.2369745180e+02	8.9551234245e-01	8.5074603558e-01	8.6509263515e-01
5.2411716124e+02	8.9669579268e-01	8.5132110119e-01	8.6745387316e-01
5.2453687068e+02	8.9784753323e-01	8.5239696503e-01	8.6878585815e-01
5.2495658012e+02	8.9896833897e-01	8.5312515497e-01	8.7078094482e-01
5.2537628956e+02	9.0005910397e-01	8.5394853354e-01	8.7185853720e-01
5.2579599900e+02	9.0112054348e-01	8.5485035181e-01	8.7356966734e-01
5.2621570845e+02	9.0215337276e-01	8.5554575920e-01	8.7536329031e-01
5.2663541789e+02	9.0315842628e-01	8.5706400871e-01	8.7599080801e-01
5.2705512733e+02	9.0413630009e-01	8.5728609562e-01	8.7810820341e-01
5.2747483677e+02	9.0508770943e-01	8.5780036449e-01	8.7912380695e-01
5.2789454621e+02	9.0601325035e-01	8.5902422667e-01	8.8018661737e-01
5.2831425565e+02	9.0691363811e-01	8.5932654142e-01	8.8143712282e-01
5.2873396509e+02	9.0778934956e-01	8.5986894369e-01	8.8264685869e-01
5.2915367453e+02	9.0864109993e-01	8.6049282551e-01	8.8316762447e-01
5.2957338398e+02	9.0946936607e-01	8.6082190275e-01	8.8381701708e-01
5.2999309342e+02	9.1027468443e-01	8.6042493582e-01	8.8468575478e-01
5.3041280286e+02	9.1105759144e-01	8.6117696762e-01	8.8601475954e-01
5.3083251230e+02	9.1181862354e-01	8.6115753651e-01	8.8649594784e-01
5.3125222174e+02	9.1255825758e-01	8.6108487844e-01	8.8720786572e-01
5.3167193118e+02	9.1327691078e-01	8.6111778021e-01	8.8776540756e-01
5.3209164062e+02	9.1397500038e-01	8.6090832949e-01	8.8869369030e-01
5.3251135006e+02	9.1465312243e-01	8.6198377609e-01	8.8957184553e-01
5.3293105950e+02	9.1531151533e-01	8.6093193293e-01	8.9070945978e-01
5.3335076895e+02	9.1595065594e-01	8.6045324802e-01	8.8999438286e-01
5.3377047839e+02	9.1657096148e-01	8.6374706030e-01	8.8697004318e-01
5.3419018783e+02	9.1717278957e-01	8.6033290625e-01	8.8673639297e-01
5.3460989727e+02	9.1775643826e-01	8.6185508966e-01	8.9232689142e-01
5.3502960671e+02	9.1832232475e-01	8.6029231548e-01	8.9071381092e-01
5.3544931615e+02	9.1887074709e-01	8.6200332642e-01	8.9290839434e-01
5.3586902559e+02	9.1940206289e-01	8.6084514856e-01	8.9491391182e-01
5.3628873503e+02	9.1991657019e-01	8.6125117540e-01	8.9039856195e-01
5.3670844448e+02	9.2041456699e-01	8.6228823662e-01	8.9260852337e-01
5.3712815392e+02	9.2089629173e-01	8.6164349318e-01	8.9499276876e-01
5.3754786336e+02	9.2136210203e-01	8.6076998711e-01	8.9480328560e-01
5.3796757280e+02	9.2181217670e-01	8.6078488827e-01	8.9543014765e-01
5.3838728224e+02	9.2224687338e-01	8.6078488827e-01	8.9678037167e-01
5.3880699168e+02	9.2266631126e-01	8.6021775007e-01	8.9651411772e-01
5.3922670112e+02	9.2307084799e-01	8.6048972607e-01	8.9597582817e-01
5.3964641056e+02	9.2346060276e-01	8.5923081636e-01	8.9639616013e-01
5.4006612001e+02	9.2383587360e-01	8.5887622833e-01	8.9653950930e-01
5.4048582945e+02	9.2419683933e-01	8.5839611292e-01	8.9644443989e-01
5.4090553889e+02	9.2454367876e-01	8.5801708698e-01	8.9535838366e-01
5.4132524833e+02	9.2487657070e-01	8.5791081190e-01	8.9550691843e-01
5.4174495777e+02	9.2519575357e-01	8.5756766796e-01	8.9531719685e-01
5.4216466721e+02	9.2550134659e-01	8.5695862770e-01	8.9562600851e-01
5.4258437665e+02	9.2579352856e-01	8.5662394762e-01	8.9525717497e-01
5.4300408609e+02	9.2607247829e-01	8.5588318110e-01	8.9542037249e-01
5.4342379553e+02	9.2633837461e-01	8.5554933548e-01	8.9480203390e-01
5.4384350498e+02	9.2659127712e-01	8.5493451357e-01	8.9479821920e-01
5.4426321442e+02	9.2683130503e-01	8.5424298048e-01	8.9442288876e-01
5.4468292386e+02	9.2705869675e-01	8.5399401188e-01	8.9399403334e-01
5.4510263330e+02	9.2727351189e-01	8.5326421261e-01	8.9398288727e-01
5.4552234274e+02	9.2747586966e-01	8.5282129049e-01	8.9325571060e-01
5.4594205218e+02	9.2766582966e-01	8.5247367620e-01	8.9347612858e-01
5.4636176162e+02	9.2784357071e-01	8.5162407160e-01	8.9335650206e-01
5.4678147106e+02	9.2800909281e-01	8.5131120682e-01	8.9321947098e-01
5.4720118051e+02	9.2816257477e-01	8.5008817911e-01	8.9273107052e-01
5.4762088995e+02	9.2830407619e-01	8.5005128384e-01	8.9220589399e-01
5.4804059939e+02	9.2843359709e-01	8.5205072165e-01	8.9175856113e-01
5.4846030883e+02	9.2855131626e-01	8.5075926781e-01	8.8997006416e-01
5.4888001827e+02	9.2865723372e-01	8.4717166424e-01	8.9424145222e-01
5.4929972771e+02	9.2875134945e-01	8.4795975685e-01	8.9177376032e-01
5.4971943715e+02	9.2883384228e-01	8.4570294619e-01	8.8948315382e-01
5.5013914659e+02	9.2890465260e-01	8.4668499231e-01	8.8731467724e-01
5.5055885604e+02	9.2896384001e-01	8.4594458342e-01	8.8890188932e-01
5.5097856548e+02	9.2901140451e-01	8.4618717432e-01	8.8906866312e-01
5.5139827492e+02	9.2904746532e-01	8.4572595358e-01	8.8826370239e-01
5.5181798436e+02	9.2907196283e-01	8.4486800432e-01	8.8541543484e-01
5.5223769380e+02	9.2908489704e-01	8.4392029047e-01	8.9021384716e-01
5.5265740324e+02	9.2908632755e-01	8.4580159187e-01	8.8783466816e-01
5.5307711268e+02	9.2907625437e-01	8.4464919567e-01	8.8892477751e-01
5.5349682212e+02	9.2905467749e-01	8.4473651648e-01	8.8572305441e-01
5.5391653156e+02	9.2902147770e-01	8.4265005589e-01	8.8407719135e-01
5.5433624101e+02	9.2897677422e-01	8.4368318319e-01	8.8535791636e-01
5.5475595045e+02	9.2892050743e-01	8.4267133474e-01	8.8522702456e-01
5.5517565989e+02	9.2885261774e-01	8.4268432856e-01	8.8464444876e-01
5.5559536933e+02	9.2877304554e-01	8.4221827984e-01	8.8210481405e-01
5.5601507877e+02	9.2868185043e-01	8.4165340662e-01	8.8439780474e-01
5.5643478821e+02	9.2857891321e-01	8.4199959040e-01	8.8257092237e-01
5.5685449765e+02	9.2846411467e-01	8.4154659510e-01	8.8215732574e-01
5.5727420709e+02	9.2833757401e-01	8.4087955952e-01	8.8154727221e-01
5.5769391654e+02	9.2819905281e-01	8.4093487263e-01	8.8133257627e-01
5.5811362598e+02	9.2804861069e-01	8.4069436789e-01	8.8056838512e-01
5.5853333542e+02	9.2788606882e-01	8.4044122696e-01	8.7964111567e-01
5.5895304486e+02	9.2771136761e-01	8.4037590027e-01	8.7942367792e-01
5.5937275430e+02	9.2752450705e-01	8.3995747566e-01	8.7916785479e-01
5.5979246374e+02	9.2732524872e-01	8.3958721161e-01	8.7778669596e-01
5.6021217318e+02	9.2711359262e-01	8.3912974596e-01	8.7723672390e-01
5.6063188262e+02	9.2688935995e-01	8.3896541595e-01	8.7666320801e-01
5.6105159207e+02	9.2665243149e-01	8.3860236406e-01	8.7591487169e-01
5.6147130151e+02	9.2640274763e-01	8.3842998743e-01	8.7562018633e-01
5.6189101095e+02	9.2614018917e-01	8.3813750744e-01	8.7458598614e-01
5.6231072039e+02	9.2586451769e-01	8.3776342869e-01	8.7373900414e-01
5.6273042983e+02	9.2557561398e-01	8.3706337214e-01	8.7344837189e-01
5.6315013927e+02	9.2527341843e-01	8.3683323860e-01	8.7301272154e-01
5.6356984871e+02	9.2495763302e-01	8.3637034893e-01	8.7206703424e-01
5.6398955815e+02	9.2462813854e-01	8.3629745245e-01	8.7133038044e-01
5.6440926759e+02	9.2428481579e-01	8.3658117056e-01	8.7127023935e-01
5.6482897704e+02	9.2392742634e-01	8.3614265919e-01	8.7041872740e-01
5.6524868648e+02	9.2355573177e-01	8.3370548487e-01	8.6981731653e-01
5.6566839592e+02	9.2316961288e-01	8.3423262835e-01	8.6844474077e-01
5.6608810536e+02	9.2276883125e-01	8.3448767662e-01	8.6598718166e-01
5.6650781480e+02	9.2235308886e-01	8.3398556709e-01	8.6858528852e-01
5.6692752424e+02	9.2192226648e-01	8.3428829908e-01	8.7153053284e-01
5.6734723368e+02	9.2147606611e-01	8.3099615574e-01	8.6368930340e-01
5.6776694312e+02	9.2101418972e-01	8.3241295815e-01	8.6605370045e-01
5.6818665257e+02	9.2053645849e-01	8.3345341682e-01	8.6297863722e-01
5.6860636201e+02	9.2004257441e-01	8.3144158125e-01	8.6211442947e-01
5.6902607145e+02	9.1953223944e-01	8.3017295599e-01	8.6802488565e-01
5.6944578089e+02	9.1900515556e-01	8.3090317249e-01	8.6761260033e-01
5.6986549033e+02	9.1846102476e-01	8.3072257042e-01	8.5948836803e-01
5.7028519977e+02	9.1789954901e-01	8.2987433672e-01	8.5680890083e-01
5.7070490921e+02	9.1732031107e-01	8.3038032055e-01	8.5863488913e-01
5.7112461865e+02	9.1672307253e-01	8.2792466879e-01	8.5620546341e-01
5.7154432810e+02	9.1610747576e-01	8.2815456390e-01	8.5869985819e-01
5.7196403754e+02	9.1547304392e-01	8.2808351517e-01	8.5615295172e-01
5.7238374698e+02	9.1481947899e-01	8.2692331076e-01	8.5543352365e-01
5.7280345642e+02	9.1414636374e-01	8.2628148794e-01	8.5332375765e-01
5.7322316586e+02	9.1345328093e-01	8.2533520460e-01	8.5446876287e-01
5.7364287530e+02	9.1273981333e-01	8.2521587610e-01	8.5179990530e-01
5.7406258474e+02	9.1200548410e-01	8.2541996241e-01	8.5018855333e-01
5.7448229418e+02	9.1124987602e-01	8.2344168425e-01	8.4916961193e-01
5.7490200362e+02	9.1047245264e-01	8.2320290804e-01	8.4792494774e-01
5.7532171307e+02	9.0967279673e-01	8.2215106487e-01	8.4690135717e-01
5.7574142251e+02	9.0885031223e-01	8.2108527422e-01	8.4644109011e-01
5.7616113195e+02	9.0800446272e-01	8.2005679607e-01	8.4446567297e-01
5.7658084139e+02	9.0713477135e-01	8.1897723675e-01	8.4294289351e-01
5.7700055083e+02	9.0624064207e-01	8.1781911850e-01	8.4222161770e-01
5.7742026027e+02	9.0532141924e-01	8.1621426344e-01	8.4082436562e-01
5.7783996971e+02	9.0437656641e-01	8.1460362673e-01	8.3872431517e-01
5.7825967915e+02	9.0340536833e-01	8.1358176470e-01	8.3728945255e-01
5.7867938860e+02	9.0240716934e-01	8.1188422441e-01	8.3522772789e-01
5.7909909804e+02	9.0138131380e-01	8.1010055542e-01	8.3423280716e-01
5.7951880748e+02	9.0032708645e-01	8.0869603157e-01	8.3267951012e-01
5.7993851692e+02	8.9924377203e-01	8.0687528849e-01	8.3022618294e-01
5.8035822636e+02	8.9813053608e-01	8.0440044403e-01	8.2860803604e-01
5.8077793580e+02	8.9698660374e-01	8.0181914568e-01	8.2622665167e-01
5.8119764524e+02	8.9581114054e-01	7.9970270395e-01	8.2433694601e-01
5.8161735468e+02	8.9460331202e-01	7.9731631279e-01	8.2173937559e-01
5.8203706413e+02	8.9336222410e-01	7.9398322105e-01	8.1911998987e-01
5.8245677357e+02	8.9208692312e-01	7.9080229998e-01	8.1685990095e-01
5.8287648301e+02	8.9077645540e-01	7.8839015961e-01	8.1388717890e-01
5.8329619245e+02	8.8942986727e-01	7.8811514378e-01	8.1058752537e-01
5.8371590189e+02	8.8804608583e-01	7.8347480297e-01	8.0633568764e-01
5.8413561133e+02	8.8662403822e-01	7.7473312616e-01	8.0191177130e-01
5.8455532077e+02	8.8516259193e-01	7.7755069733e-01	7.9941678047e-01
5.8497503021e+02	8.8366061449e-01	7.7339029312e-01	7.9641973972e-01
5.8539473965e+02	8.8211697340e-01	7.6615023613e-01	7.9216623306e-01
5.8581444910e+02	8.8053029776e-01	7.6563596725e-01	7.9366278648e-01
5.8623415854e+02	8.7889933586e-01	7.6034593582e-01	7.8147995472e-01
5.8665386798e+02	8.7722277641e-01	7.5360614061e-01	7.7867746353e-01
5.8707357742e+02	8.7549918890e-01	7.5148844719e-01	7.7275109291e-01
5.8749328686e+02	8.7372708321e-01	7.4448060989e-01	7.6905536652e-01
5.8791299630e+02	8.7190502882e-01	7.4054920673e-01	7.6326441765e-01
5.8833270574e+02	8.7003141642e-01	7.3586308956e-01	7.5669056177e-01
5.8875241518e+02	8.6810457706e-01	7.2865539789e-01	7.5240176916e-01
5.8917212463e+02	8.6612290144e-01	7.2394108772e-01	7.4650841951e-01
5.8959183407e+02	8.6408454180e-01	7.1744418144e-01	7.4032527208e-01
5.9001154351e+02	8.6198765039e-01	7.1014779806e-01	7.3551684618e-01
5.9043125295e+02	8.5983043909e-01	7.0245695114e-01	7.2728371620e-01
5.9085096239e+02	8.5761076212e-01	6.9635099173e-01	7.2014737129e-01
5.9127067183e+02	8.5532671213e-01	6.8907457590e-01	7.1548402309e-01
5.9169038127e+02	8.5297602415e-01	6.8197309971e-01	7.0760238171e-01
5.9211009071e+02	8.5055655241e-01	6.7427468300e-01	7.0056426525e-01
5.9252980016e+02	8.4806591272e-01	6.6581010818e-01	6.9290959835e-01
5.9294950960e+02	8.4550172091e-01	6.5791636705e-01	6.8590688705e-01
5.9336921904e+02	8.4286141396e-01	6.4761364460e-01	6.7722594738e-01
5.9378892848e+02	8.4014242887e-01	6.3926970959e-01	6.6880124807e-01
5.9420863792e+02	8.3734202385e-01	6.3010317087e-01	6.6094136238e-01
5.9462834736e+02	8.3445733786e-01	6.1987203360e-01	6.5057837963e-01
5.9504805680e+02	8.3148545027e-01	6.0990208387e-01	6.4211964607e-01
5.9546776624e+02	8.2842326164e-01	5.9925496578e-01	6.3204014301e-01
5.9588747568e+02	8.2526761293e-01	5.8813929558e-01	6.2224292755e-01
5.9630718513e+02	8.2201516628e-01	5.7747101784e-01	6.1210197210e-01
5.9672689457e+02	8.1866246462e-01	5.6559115648e-01	6.0163229704e-01
5.9714660401e+02	8.1520587206e-01	5.5351269245e-01	5.9151858091e-01
5.9756631345e+02	8.1164169312e-01	5.4107224941e-01	5.8021557331e-01
5.9798602289e+02	8.0796593428e-01	5.2984452248e-01	5.6937021017e-01
5.9840573233e+02	8.0417466164e-01	5.1758843660e-01	5.5639815331e-01
5.9882544177e+02	8.0026352406e-01	4.9860438704e-01	5.4624259472e-01
5.9924515121e+02	7.9622823000e-01	4.9072888494e-01	5.3300297260e-01
5.9966486066e+02	7.9206418991e-01	4.8098525405e-01	5.2145260572e-01
6.0008457010e+02	7.8776663542e-01	4.6775543690e-01	5.0881677866e-01
6.0050427954e+02	7.8333055973e-01	4.4876787066e-01	4.9526941776e-01
6.0092398898e+02	7.7875101566e-01	4.3868085742e-01	4.8187470436e-01
6.0134369842e+02	7.7402245998e-01	4.2747244239e-01	4.7037601471e-01
6.0176340786e+02	7.6913952827e-01	4.1192752123e-01	4.5848137140e-01
6.0218311730e+02	7.6409643888e-01	4.0072667599e-01	4.5470041037e-01
6.0260282674e+02	7.5888717175e-01	3.7772533298e-01	4.3563199043e-01
6.0302253619e+02	7.5350564718e-01	3.6700233817e-01	4.2146107554e-01
6.0344224563e+02	7.4794542789e-01	3.5496619344e-01	4.0801015496e-01
6.0386195507e+02	7.4219983816e-01	3.4223681688e-01	3.9504972100e-01
6.0428166451e+02	7.3626208305e-01	3.2729381323e-01	3.8727691770e-01
6.0470137395e+02	7.3012512922e-01	3.1203025579e-01	3.7731021643e-01
6.0512108339e+02	7.2378164530e-01	2.9875487089e-01	3.6665195227e-01
6.0554079283e+02	7.1722400188e-01	2.8410103917e-01	3.5624524951e-01
6.0596050227e+02	7.1044462919e-01	2.7635362744e-01	3.4621110559e-01
6.0638021171e+02	7.0343542099e-01	2.5873476267e-01	3.4114992619e-01
6.0679992116e+02	6.9618821144e-01	2.5117662549e-01	3.2756954432e-01
6.0721963060e+02	6.8869465590e-01	2.3835451901e-01	3.1700983644e-01
6.0763934004e+02	6.8094617128e-01	2.2598917782e-01	3.0679336190e-01
6.0805904948e+02	6.7293399572e-01	2.1551917493e-01	3.0332943797e-01
6.0847875892e+02	6.6464930773e-01	2.0349460840e-01	2.9359927773e-01
6.0889846836e+02	6.5608310699e-01	1.9300965965e-01	2.8051277995e-01
6.0931817780e+02	6.4722627401e-01	1.8294312060e-01	2.6928621531e-01
6.0973788724e+02	6.3806962967e-01	1.7267131805e-01	2.6040410995e-01
6.1015759669e+02	6.2860411406e-01	1.6406552494e-01	2.5146642327e-01
6.1057730613e+02	6.1882060766e-01	1.5338604152e-01	2.4094586074e-01
6.1099701557e+02	6.0871011019e-01	1.4642107487e-01	2.3046436906e-01
6.1141672501e+02	5.9826380014e-01	1.3609479368e-01	2.2023583949e-01
6.1183643445e+02	5.8747321367e-01	1.2882809341e-01	2.1178181469e-01
6.1225614389e+02	5.7633006573e-01	1.2061191350e-01	2.0109878480e-01
6.1267585333e+02	5.6482672691e-01	1.1329708993e-01	1.9286991656e-01
6.1309556277e+02	5.5295598507e-01	1.0528934747e-01	1.8259324133e-01
6.1351527222e+02	5.4071152210e-01	9.8237439990e-02	1.7445655167e-01
6.1393498166e+02	5.2808773518e-01	9.1593086720e-02	1.6506308317e-01
6.1435469110e+02	5.1508021355e-01	8.4617473185e-02	1.5588314831e-01
6.1477440054e+02	5.0168567896e-01	7.6575629413e-02	1.4736606181e-01
6.1519410998e+02	4.8790237308e-01	6.6050998867e-02	1.3954772055e-01
6.1561381942e+02	4.7373023629e-01	6.6543444991e-02	1.3086141646e-01
6.1603352886e+02	4.5917105675e-01	4.9957524985e-02	1.2254667282e-01
6.1645323830e+02	4.4422897696e-01	4.2159665376e-02	1.1510575563e-01
6.1687294774e+02	4.2891055346e-01	2.6819553226e-02	1.0797630996e-01
6.1729265719e+02	4.1322520375e-01	2.5194939226e-02	1.0193770379e-01
6.1771236663e+02	3.9718550444e-01	2.0221130922e-02	9.6093147993e-02
6.1813207607e+02	3.8080754876e-01	2.5244783610e-02	8.7869845331e-02
6.1855178551e+02	3.6411133409e-01	2.0232606679e-02	8.1124931574e-02
6.1897149495e+02	3.4712100029e-01	2.2055588663e-02	7.0237286389e-02
6.1939120439e+02	3.2986536622e-01	1.9780872390e-02	7.1253813803e-02
6.1981091383e+02	3.1237813830e-01	2.2067459300e-02	6.3732914627e-02
6.2023062327e+02	2.9469832778e-01	1.9715731964e-02	5.7443793863e-02
6.2065033272e+02	2.7687051892e-01	2.0762944594e-02	5.8051157743e-02
6.2107004216e+02	2.5894507766e-01	1.8918413669e-02	5.4184854031e-02
6.2148975160e+02	2.4097840488e-01	2.0584104583e-02	5.1756732166e-02
6.2190946104e+02	2.2303302586e-01	1.9328614697e-02	4.8093464226e-02
6.2232917048e+02	2.0517759025e-01	2.0134843886e-02	4.7001630068e-02
6.2274887992e+02	1.8748676777e-01	1.8819544464e-02	4.4174775481e-02
6.2316858936e+02	1.7004102468e-01	1.9067605957e-02	4.3346911669e-02
6.2358829880e+02	1.5292625129e-01	1.8958831206e-02	4.2025603354e-02
6.2400800825e+02	1.3623319566e-01	1.8510902300e-02	4.1003752500e-02
6.2442771769e+02	1.2005673349e-01	1.7359446734e-02	4.0669664741e-02
6.2484742713e+02	1.0449501127e-01	1.8840597942e-02	4.0918309242e-02
6.2526713657e+02	8.9648321271e-02	1.7657561228e-02	4.0854886174e-02
6.2568684601e+02	7.5617879629e-02	1.8680231646e-02	4.1724521667e-02
6.2610655545e+02	6.2504410744e-02	1.8907343969e-02	4.3028436601e-02
6.2652626489e+02	5.0406601280e-02	2.0211506635e-02	4.4577009976e-02
6.2694597433e+02	3.9419487119e-02	2.1257011220e-02	4.6488892287e-02
6.2736568377e+02	2.9632752761e-02	2.2796830162e-02	4.9093045294e-02
6.2778539322e+02	2.1129041910e-02	2.5052195415e-02	5.1054310054e-02
6.2820510266e+02	1.3982314616e-02	2.7047445998e-02	5.3822685033e-02
6.2862481210e+02	8.2563050091e-03	2.9604002833e-02	5.6183353066e-02
6.2904452154e+02	4.0031531826e-03	3.2792869955e-02	5.8129165322e-02
6.2946423098e+02	1.2622419745e-03	3.6139793694e-02	6.3587933779e-02
6.2988394042e+02	5.9306061303e-05	4.0465380996e-02	6.6596485674e-02
6.3030364986e+02	4.0583839291e-04	4.4683739543e-02	6.9954082370e-02
6.3072335930e+02	2.2988244891e-03	5.0240952522e-02	7.5190328062e-02
6.3114306875e+02	5.7208151557e-03	5.6250602007e-02	8.0138787627e-02
6.3156277819e+02	1.0640332475e-02	6.2330424786e-02	8.5234776139e-02
6.3198248763e+02	1.7012596130e-02	7.0481501520e-02	9.0966843069e-02
6.3240219707e+02	2.4780530483e-02	7.5397662818e-02	9.7027547657e-02
6.3282190651e+02	3.3876027912e-02	9.1215305030e-02	1.0460945219e-01
6.3324161595e+02	4.4221390039e-02	1.0085734725e-01	1.1229936779e-01
6.3366132539e+02	5.5730927736e-02	1.1062429845e-01	1.2050426006e-01
6.3408103483e+02	6.8312615156e-02	1.1738006771e-01	1.2874762714e-01
6.3450074428e+02	8.1869795918e-02	1.2831024826e-01	1.3773319125e-01
6.3492045372e+02	9.6302866936e-02	1.4169660211e-01	1.4722467959e-01
6.3534016316e+02	1.1151082814e-01	1.5644080937e-01	1.5373310447e-01
6.3575987260e+02	1.2739282846e-01	1.7248578370e-01	1.6374383867e-01
6.3617958204e+02	1.4384944737e-01	1.8552371860e-01	1.7429268360e-01
6.3659929148e+02	1.6078390181e-01	1.9569854438e-01	1.8410743773e-01
6.3701900092e+02	1.7810305953e-01	2.1078115702e-01	1.9719156623e-01
6.3743871036e+02	1.9571824372e-01	2.2255839407e-01	2.1153290570e-01
6.3785841980e+02	2.1354584396e-01	2.3110763729e-01	2.2194491327e-01
6.3827812925e+02	2.3150788248e-01	2.4637958407e-01	2.3301637173e-01
6.3869783869e+02	2.4953226745e-01	2.6468217373e-01	2.5420656800e-01
6.3911754813e+02	2.6755294204e-01	2.6698321104e-01	2.6577490568e-01
6.3953725757e+02	2.8551003337e-01	2.9163727164e-01	2.7931350470e-01
6.3995696701e+02	3.0334970355e-01	3.0160468817e-01	3.0060571432e-01
6.4037667645e+02	3.2102406025e-01	3.1142958999e-01	3.1388190389e-01
6.4079638589e+02	3.3849087358e-01	3.2476732135e-01	3.2849216461e-01
6.4121609533e+02	3.5571342707e-01	3.3694401383e-01	3.4196206927e-01
6.4163580478e+02	3.7266007066e-01	3.4497159719e-01	3.5729226470e-01
6.4205551422e+02	3.8930398226e-01	3.6262804270e-01	3.6887323856e-01
6.4247522366e+02	4.0562275052e-01	3.6766469479e-01	3.8648244739e-01
6.4289493310e+02	4.2159801722e-01	3.8263276219e-01	4.0279605985e-01
6.4331464254e+02	4.3721523881e-01	3.9351159334e-01	4.1884946823e-01
6.4373435198e+02	4.5246309042e-01	4.0442976356e-01	4.3338879943e-01
6.4415406142e+02	4.6733337641e-01	4.1389498115e-01	4.4483941793e-01
6.4457377086e+02	4.8182052374e-01	4.2414930463e-01	4.6340262890e-01
6.4499348031e+02	4.9592134356e-01	4.3498998880e-01	4.7420153022e-01
6.4541318975e+02	5.0963485241e-01	4.4417911768e-01	4.8422530293e-01
6.4583289919e+02	5.2296173573e-01	4.5330804586e-01	4.9584943056e-01
6.4625260863e+02	5.3590440750e-01	4.6209162474e-01	5.0751686096e-01
6.4667231807e+02	5.4846656322e-01	4.7034057975e-01	5.1879054308e-01
6.4709202751e+02	5.6065309048e-01	4.7941192985e-01	5.3009843826e-01
6.4751173695e+02	5.7246983051e-01	4.8670253158e-01	5.3922086954e-01
6.4793144639e+02	5.8392351866e-01	4.9524632096e-01	5.4867702723e-01
6.4835115583e+02	5.9502142668e-01	5.0231885910e-01	5.5885267258e-01
6.4877086528e+02	6.0577154160e-01	5.1000076532e-01	5.6837487221e-01
6.4919057472e+02	6.1618202925e-01	5.1604461670e-01	5.7818132639e-01
6.4961028416e+02	6.2626159191e-01	5.2331185341e-01	5.8603781462e-01
6.5002999360e+02	6.3601905107e-01	5.2991414070e-01	5.9456813335e-01
6.5044970304e+02	6.4546340704e-01	5.3595465422e-01	6.0336887836e-01
6.5086941248e+02	6.5460377932e-01	5.4152244329e-01	6.1082476377e-01
6.5128912192e+02	6.6344922781e-01	5.4738080502e-01	6.1829447746e-01
6.5170883136e+02	6.7200887203e-01	5.5271857977e-01	6.2655580044e-01
6.5212854081e+02	6.8029171228e-01	5.5810630322e-01	6.3393318653e-01
6.5254825025e+02	6.8830674887e-01	5.6314903498e-01	6.4025908709e-01
6.5296795969e+02	6.9606268406e-01	5.6808418036e-01	6.4709365368e-01
6.5338766913e+02	7.0356822014e-01	5.7277220488e-01	6.5363419056e-01
6.5380737857e+02	7.1083182096e-01	5.7696229219e-01	6.6032087803e-01
6.5422708801e+02	7.1786171198e-01	5.8151513338e-01	6.6573452950e-01
6.5464679745e+02	7.2466605902e-01	5.8546024561e-01	6.7318159342e-01
6.5506650689e+02	7.3125261068e-01	5.8976280689e-01	6.7797106504e-01
6.5548621634e+02	7.3762917519e-01	5.9381699562e-01	6.8361979723e-01
6.5590592578e+02	7.4380302429e-01	5.9785938263e-01	6.8944293261e-01
6.5632563522e+02	7.4978142977e-01	6.0142493248e-01	6.9388812780e-01
6.5674534466e+02	7.5557136536e-01	6.0448431969e-01	6.9895762205e-01
6.5716505410e+02	7.6117956638e-01	6.0839647055e-01	7.0461755991e-01
6.5758476354e+02	7.6661252975e-01	6.1161541939e-01	7.0890712738e-01
6.5800447298e+02	7.7187657356e-01	6.1492460966e-01	7.1393686533e-01
6.5842418242e+02	7.7697783709e-01	6.1799854040e-01	7.1726441383e-01
6.5884389186e+02	7.8192204237e-01	6.2118053436e-01	7.2255951166e-01
6.5926360131e+02	7.8671497107e-01	6.2404686213e-01	7.2563898563e-01
6.5968331075e+02	7.9136198759e-01	6.2688082457e-01	7.3027056456e-01
6.6010302019e+02	7.9586839676e-01	6.2991070747e-01	7.3327153921e-01
6.6052272963e+02	8.0023926497e-01	6.3238728046e-01	7.3692703247e-01
6.6094243907e+02	8.0447936058e-01	6.3521021605e-01	7.3996919394e-01
6.6136214851e+02	8.0859339237e-01	6.3811242580e-01	7.4411702156e-01
6.6178185795e+02	8.1258589029e-01	6.4070469141e-01	7.4748122692e-01
6.6220156739e+02	8.1646120548e-01	6.4306604862e-01	7.5042939186e-01
6.6262127684e+02	8.2022345066e-01	6.4553964138e-01	7.5402337313e-01
6.6304098628e+02	8.2387661934e-01	6.4788448811e-01	7.5636219978e-01
6.6346069572e+02	8.2742458582e-01	6.5081459284e-01	7.5923401117e-01
6.6388040516e+02	8.3087104559e-01	6.5357428789e-01	7.6279234886e-01
6.6430011460e+02	8.3421951532e-01	6.5629732609e-01	7.6501917839e-01
6.6471982404e+02	8.3747345209e-01	6.5832233429e-01	7.6653820276e-01
6.6513953348e+02	8.4063619375e-01	6.6066068411e-01	7.7018356323e-01
6.6555924292e+02	8.4371078014e-01	6.6284137964e-01	7.7225488424e-01
6.6597895237e+02	8.4670025110e-01	6.6509139538e-01	7.7438062429e-01
6.6639866181e+02	8.4960758686e-01	6.6733962297e-01	7.7765065432e-01
6.6681837125e+02	8.5243558884e-01	6.6900122166e-01	7.7932411432e-01
6.6723808069e+02	8.5518693924e-01	6.7142426968e-01	7.8155905008e-01
6.6765779013e+02	8.5786420107e-01	6.7310476303e-01	7.8366315365e-01
6.6807749957e+02	8.6046987772e-01	6.7519658804e-01	7.8611320257e-01
6.6849720901e+02	8.6300635338e-01	6.7716467381e-01	7.8825938702e-01
6.6891691845e+02	8.6547595263e-01	6.7862778902e-01	7.8971815109e-01
6.6933662789e+02	8.6788082123e-01	6.8044340611e-01	7.9131168127e-01
6.6975633734e+02	8.7022322416e-01	6.8209809065e-01	7.9347932339e-01
6.7017604678e+02	8.7250506878e-01	6.8405562639e-01	7.9594653845e-01
6.7059575622e+02	8.7472844124e-01	6.8556380272e-01	7.9785126448e-01
6.7101546566e+02	8.7689512968e-01	6.8698012829e-01	7.9967242479e-01
6.7143517510e+02	8.7900704145e-01	6.8859189749e-01	8.0139172077e-01
6.7185488454e+02	8.8106584549e-01	6.8983924389e-01	8.0377668142e-01
6.7227459398e+02	8.8307332993e-01	6.9098967314e-01	8.0518901348e-01
6.7269430342e+02	8.8503110409e-01	6.9214308262e-01	8.0710160732e-01
6.7311401287e+02	8.8694065809e-01	6.9330132008e-01	8.0874508619e-01
6.7353372231e+02	8.8880354166e-01	6.9455844164e-01	8.1029254198e-01
6.7395343175e+02	8.9062124491e-01	6.9583833218e-01	8.1176829338e-01
6.7437314119e+02	8.9239507914e-01	6.9679558277e-01	8.1355881691e-01
6.7479285063e+02	8.9412653446e-01	6.9778603315e-01	8.1444180012e-01
6.7521256007e+02	8.9581674337e-01	6.9903874397e-01	8.1573784351e-01
6.7563226951e+02	8.9746713638e-01	7.0003128052e-01	8.1719738245e-01
6.7605197895e+02	8.9907872677e-01	7.0106518269e-01	8.1769907475e-01
6.7647168840e+02	9.0065282583e-01	7.0192712545e-01	8.1956875324e-01
6.7689139784e+02	9.0219050646e-01	7.0294278860e-01	8.2034265995e-01
6.7731110728e+02	9.0369284153e-01	7.0399433374e-01	8.2228410244e-01
6.7773081672e+02	9.0516090393e-01	7.0510709286e-01	8.2379472256e-01
6.7815052616e+02	9.0659564734e-01	7.0587962866e-01	8.2499480247e-01
6.7857023560e+02	9.0799808502e-01	7.0659774542e-01	8.2599735260e-01
6.7898994504e+02	9.0936911106e-01	7.0765161514e-01	8.2736307383e-01
6.7940965448e+02	9.1070973873e-01	7.0869791508e-01	8.2843488455e-01
6.7982936392e+02	9.1202074289e-01	7.0971930027e-01	8.2991093397e-01
6.8024907337e+02	9.1330295801e-01	7.1050560474e-01	8.3073216677e-01
6.8066878281e+02	9.1455727816e-01	7.1150559187e-01	8.3129370213e-01
6.8108849225e+02	9.1578447819e-01	7.1247643232e-01	8.3216279745e-01
6.8150820169e+02	9.1698521376e-01	7.1340948343e-01	8.3332353830e-01
6.8192791113e+02	9.1816037893e-01	7.1426206827e-01	8.3351284266e-01
6.8234762057e+02	9.1931056976e-01	7.1521532536e-01	8.3465284109e-01
6.8276733001e+02	9.2043644190e-01	7.1608471870e-01	8.3534622192e-01
6.8318703945e+02	9.2153882980e-01	7.1683210135e-01	8.3652907610e-01
6.8360674890e+02	9.2261821032e-01	7.1771997213e-01	8.3674168587e-01
6.8402645834e+02	9.2367523909e-01	7.1855014563e-01	8.3763301373e-01
6.8444616778e+02	9.2471057177e-01	7.1972352266e-01	8.3865505457e-01
6.8486587722e+02	9.2572480440e-01	7.2041070461e-01	8.3942371607e-01
6.8528558666e+02	9.2671841383e-01	7.2140216827e-01	8.3995854855e-01
6.8570529610e+02	9.2769193649e-01	7.2227197886e-01	8.4039479494e-01
6.8612500554e+02	9.2864602804e-01	7.2313219309e-01	8.4149324894e-01
6.8654471498e+02	9.2958110571e-01	7.2393745184e-01	8.4218591452e-01
6.8696442443e+02	9.3049764633e-01	7.2446310520e-01	8.4314501286e-01
6.8738413387e+02	9.3139618635e-01	7.2521626949e-01	8.4352326393e-01
6.8780384331e+02	9.3227714300e-01	7.2607153654e-01	8.4433728456e-01
6.8822355275e+02	9.3314099312e-01	7.2665673494e-01	8.4514129162e-01
6.8864326219e+02	9.3398815393e-01	7.2776013613e-01	8.4575724602e-01
6.8906297163e+02	9.3481904268e-01	7.2838294506e-01	8.4624814987e-01
6.8948268107e+02	9.3563407660e-01	7.2922182083e-01	8.4687316418e-01
6.8990239051e+02	9.3643373251e-01	7.2998183966e-01	8.4765756130e-01
6.9032209995e+02	9.3721824884e-01	7.3073440790e-01	8.4833502769e-01
6.9074180940e+02	9.3798810244e-01	7.3150485754e-01	8.4902852774e-01
6.9116151884e+02	9.3874359131e-01	7.3252946138e-01	8.4988087416e-01
6.9158122828e+02	9.3948507309e-01	7.3302233219e-01	8.4996801615e-01
6.9200093772e+02	9.4021296501e-01	7.3399198055e-01	8.5031944513e-01
6.9242064716e+02	9.4092750549e-01	7.3487967253e-01	8.5112828016e-01
6.9284035660e+02	9.4162911177e-01	7.3555850983e-01	8.5168749094e-01
6.9326006604e+02	9.4231796265e-01	7.3640012741e-01	8.5221576691e-01
6.9367977548e+02	9.4299447536e-01	7.3709315062e-01	8.5254985094e-01
6.9409948493e+02	9.4365888834e-01	7.3785734177e-01	8.5265755653e-01
6.9451919437e+02	9.4431143999e-01	7.3850083351e-01	8.5298407078e-01
6.9493890381e+02	9.4495254755e-01	7.3934507370e-01	8.5352009535e-01
6.9535861325e+02	9.4558233023e-01	7.4026805162e-01	8.5380774736e-01
6.9577832269e+02	9.4620114565e-01	7.4089097977e-01	8.5388612747e-01
6.9619803213e+02	9.4680923223e-01	7.4176204205e-01	8.5460364819e-01
6.9661774157e+02	9.4740682840e-01	7.4241530895e-01	8.5501074791e-01
6.9703745101e+02	9.4799411297e-01	7.4305182695e-01	8.5547840595e-01
6.9745716046e+02	9.4857138395e-01	7.4397492409e-01	8.5546207428e-01
6.9787686990e+02	9.4913887978e-01	7.4478375912e-01	8.5619133711e-01
6.9829657934e+02	9.4969677925e-01	7.4559342861e-01	8.5620301962e-01
6.9871628878e+02	9.5024532080e-01	7.4632936716e-01	8.5658371449e-01
6.9913599822e+02	9.5078468323e-01	7.4720901251e-01	8.5755294561e-01
6.9955570766e+02	9.5131510496e-01	7.4774336815e-01	8.5727173090e-01
6.9997541710e+02	9.5183676481e-01	7.4873811007e-01	8.5768914223e-01
7.0039512654e+02	9.5234984159e-01	7.4933385849e-01	8.5824084282e-01
7.0081483598e+02	9.5285457373e-01	7.5012898445e-01	8.5852217674e-01
7.0123454543e+02	9.5335102081e-01	7.5082600117e-01	8.5876464844e-01
7.0165425487e+02	9.5383954048e-01	7.5151222944e-01	8.5930126905e-01
7.0207396431e+02	9.5432013273e-01	7.5232851505e-01	8.5973399878e-01
7.0249367375e+02	9.5479309559e-01	7.5324374437e-01	8.5993582010e-01
7.0291338319e+02	9.5525848866e-01	7.5387591124e-01	8.5990667343e-01
7.0333309263e+02	9.5571655035e-01	7.5456309319e-01	8.5994869471e-01
7.0375280207e+02	9.5616739988e-01	7.5530779362e-01	8.6046141386e-01
7.0417251151e+02	9.5661121607e-01	7.5598323345e-01	8.6057156324e-01
7.0459222096e+02	9.5704805851e-01	7.5676912069e-01	8.6070561409e-01
7.0501193040e+02	9.5747822523e-01	7.5747591257e-01	8.6123603582e-01
7.0543163984e+02	9.5790165663e-01	7.5821971893e-01	8.6164695024e-01
7.0585134928e+02	9.5831865072e-01	7.5893127918e-01	8.6162245274e-01
7.0627105872e+02	9.5872926712e-01	7.5944352150e-01	8.6193495989e-01
7.0669076816e+02	9.5913368464e-01	7.6035714149e-01	8.6237341166e-01
7.0711047760e+02	9.5953196287e-01	7.6109039783e-01	8.6232197285e-01
7.0753018704e+02	9.5992428064e-01	7.6169574261e-01	8.6312842369e-01
7.0794989649e+02	9.6031075716e-01	7.6248490810e-01	8.6291301250e-01
7.0836960593e+02	9.6069145203e-01	7.6325726509e-01	8.6346614361e-01
7.0878931537e+02	9.6106648445e-01	7.6374733448e-01	8.6372321844e-01
7.0920902481e+02	9.6143603325e-01	7.6462006569e-01	8.6387294531e-01
7.0962873425e+02	9.6180015802e-01	7.6530033350e-01	8.6388057470e-01
7.1004844369e+02	9.6215897799e-01	7.6590567827e-01	8.6397713423e-01
7.1046815313e+02	9.6251261234e-01	7.6666527987e-01	8.6412084103e-01
7.1088786257e+02	9.6286112070e-01	7.6740312576e-01	8.6436289549e-01
7.1130757201e+02	9.6320462227e-01	7.6820063591e-01	8.6422884464e-01
7.1172728146e+02	9.6354323626e-01	7.6875990629e-01	8.6400008202e-01
7.1214699090e+02	9.6387702227e-01	7.6952964067e-01	8.6454176903e-01
7.1256670034e+02	9.6420603991e-01	7.7014952898e-01	8.6478847265e-01
7.1298640978e+02	9.6453046799e-01	7.7082252502e-01	8.6488687992e-01
7.1340611922e+02	9.6485036612e-01	7.7136951685e-01	8.6498010159e-01
7.1382582866e+02	9.6516573429e-01	7.7203959227e-01	8.6500650644e-01
7.1424553810e+02	9.6547675133e-01	7.7288311720e-01	8.6466801167e-01
7.1466524754e+02	9.6578353643e-01	7.7355551720e-01	8.6528575420e-01
7.1508495699e+02	9.6608603001e-01	7.7407830954e-01	8.6542272568e-01
7.1550466643e+02	9.6638441086e-01	7.7465337515e-01	8.6536407471e-01
7.1592437587e+02	9.6667867899e-01	7.7539503574e-01	8.6550736427e-01
7.1634408531e+02	9.6696901321e-01	7.7589881420e-01	8.6591869593e-01
7.1676379475e+02	9.6725541353e-01	7.7668887377e-01	8.6601275206e-01
7.1718350419e+02	9.6753793955e-01	7.7722835541e-01	8.6588281393e-01
7.1760321363e+02	9.6781671047e-01	7.7802991867e-01	8.6628037691e-01
7.1802292307e+02	9.6809178591e-01	7.7848523855e-01	8.6644196510e-01
7.1844263252e+02	9.6836316586e-01	7.7915340662e-01	8.6597579718e-01
7.1886234196e+02	9.6863102913e-01	7.7984029055e-01	8.6643403769e-01
7.1928205140e+02	9.6889531612e-01	7.8039878607e-01	8.6647802591e-01
7.1970176084e+02	9.6915614605e-01	7.8101462126e-01	8.6650472879e-01
7.2012147028e+02	9.6941363811e-01	7.8170889616e-01	8.6682921648e-01
7.2054117972e+02	9.6966773272e-01	7.8232759237e-01	8.6671119928e-01
7.2096088916e+02	9.6991860867e-01	7.8297281265e-01	8.6658251286e-01
7.2138059860e+02	9.7016620636e-01	7.8350734711e-01	8.6687690020e-01
7.2180030804e+02	9.7041070461e-01	7.8419226408e-01	8.6686253548e-01
7.2222001749e+02	9.7065204382e-01	7.8478080034e-01	8.6672377586e-01
7.2263972693e+02	9.7089034319e-01	7.8532862663e-01	8.6669898033e-01
7.2305943637e+02	9.7112560272e-01	7.8590172529e-01	8.6662000418e-01
7.2347914581e+02	9.7135794163e-01	7.8657627106e-01	8.6721193790e-01
7.2389885525e+02	9.7158735991e-01	7.8711140156e-01	8.6673080921e-01
7.2431856469e+02	9.7181397676e-01	7.8760886192e-01	8.6691039801e-01
7.2473827413e+02	9.7203773260e-01	7.8833180666e-01	8.6700874567e-01
7.2515798357e+02	9.7225868702e-01	7.8888291121e-01	8.6695402861e-01
7.2557769302e+02	9.7247701883e-01	7.8952687979e-01	8.6699408293e-01
7.2599740246e+02	9.7269260883e-01	7.9019802809e-01	8.6703312397e-01
7.2641711190e+02	9.7290557623e-01	7.9079264402e-01	8.6682045460e-01
7.2683682134e+02	9.7311598063e-01	7.9137301445e-01	8.6655074358e-01
7.2725653078e+02	9.7332382202e-01	7.9188609123e-01	8.6635518074e-01
7.2767624022e+02	9.7352921963e-01	7.9257714748e-01	8.6601740122e-01
7.2809594966e+02	9.7373211384e-01	7.9320800304e-01	8.6633843184e-01
7.2851565910e+02	9.7393256426e-01	7.9356700182e-01	8.6603796482e-01
7.2893536855e+02	9.7413063049e-01	7.9434710741e-01	8.6604940891e-01
7.2935507799e+02	9.7432643175e-01	7.9483932257e-01	8.6596590281e-01
7.2977478743e+02	9.7451984882e-01	7.9553759098e-01	8.6617118120e-01
7.3019449687e+02	9.7471100092e-01	7.9603403807e-01	8.6602425575e-01
7.3061420631e+02	9.7489994764e-01	7.9662352800e-01	8.6609268188e-01
7.3103391575e+02	9.7508668900e-01	7.9716318846e-01	8.6572027206e-01
7.3145362519e+02	9.7527128458e-01	7.9775422812e-01	8.6551219225e-01
7.3187333463e+02	9.7545373440e-01	7.9817903042e-01	8.6556077003e-01
7.3229304407e+02	9.7563409805e-01	7.9876291752e-01	8.6503905058e-01
7.3271275352e+02	9.7581237555e-01	7.9932093620e-01	8.6534887552e-01
7.3313246296e+02	9.7598862648e-01	7.9991668463e-01	8.6532068253e-01
7.3355217240e+02	9.7616285086e-01	8.0043405294e-01	8.6535710096e-01
7.3397188184e+02	9.7633510828e-01	8.0090886354e-01	8.6544901133e-01
7.3439159128e+02	9.7650545835e-01	8.0145859718e-01	8.6466902494e-01
7.3481130072e+02	9.7667390108e-01	8.0193024874e-01	8.6473584175e-01
7.3523101016e+02	9.7684043646e-01	8.0244302750e-01	8.6459940672e-01
7.3565071960e+02	9.7700512409e-01	8.0297195911e-01	8.6439985037e-01
7.3607042905e+02	9.7716796398e-01	8.0345338583e-01	8.6467117071e-01
7.3649013849e+02	9.7732901573e-01	8.0394262075e-01	8.6449891329e-01
7.3690984793e+02	9.7748833895e-01	8.0445021391e-01	8.6440980434e-01
7.3732955737e+02	9.7764587402e-01	8.0499261618e-01	8.6426627636e-01
7.3774926681e+02	9.7780168056e-01	8.0540072918e-01	8.6378246546e-01
7.3816897625e+02	9.7795581818e-01	8.0591034889e-01	8.6342632771e-01
7.3858868569e+02	9.7810822725e-01	8.0633944273e-01	8.6339950562e-01
7.3900839513e+02	9.7825908661e-01	8.0694001913e-01	8.6368501186e-01
7.3942810458e+02	9.7840827703e-01	8.0735969543e-01	8.6337065697e-01
7.3984781402e+02	9.7855585814e-01	8.0788910389e-01	8.6328387260e-01
7.4026752346e+02	9.7870188951e-01	8.0830347538e-01	8.6303102970e-01
7.4068723290e+02	9.7884631157e-01	8.0873620510e-01	8.6307060719e-01
7.4110694234e+02	9.7898924351e-01	8.0912065506e-01	8.6262679100e-01
7.4152665178e+02	9.7913068533e-01	8.0972182751e-01	8.6244392395e-01
7.4194636122e+02	9.7927063704e-01	8.1022214890e-01	8.6257708073e-01
7.4236607066e+02	9.7940909863e-01	8.1063240767e-01	8.6223638058e-01
7.4278578010e+02	9.7954612970e-01	8.1124818325e-01	8.6198139191e-01
7.4320548955e+02	9.7968173027e-01	8.1167709827e-01	8.6150443554e-01
7.4362519899e+02	9.7981595993e-01	8.1204485893e-01	8.6123323441e-01
7.4404490843e+02	9.7994875908e-01	8.1253451109e-01	8.6084389687e-01
7.4446461787e+02	9.8008018732e-01	8.1295913458e-01	8.6099809408e-01
7.4488432731e+02	9.8021030426e-01	8.1352567673e-01	8.6067515612e-01
7.4530403675e+02	9.8033905029e-01	8.1402945518e-01	8.6046111584e-01
7.4572374619e+02	9.8046654463e-01	8.1439530849e-01	8.6005467176e-01
7.4614345563e+02	9.8059272766e-01	8.1489837170e-01	8.6000967026e-01
7.4656316508e+02	9.8071759939e-01	8.1533044577e-01	8.5947126150e-01
7.4698287452e+02	9.8084127903e-01	8.1576693058e-01	8.5953652859e-01
7.4740258396e+02	9.8096364737e-01	8.1623935699e-01	8.5886216164e-01
7.4782229340e+02	9.8108488321e-01	8.1676137447e-01	8.5871243477e-01
7.4824200284e+02	9.8120486736e-01	8.1727844477e-01	8.5863804817e-01
7.4866171228e+02	9.8132359982e-01	8.1777948141e-01	8.5825967789e-01
7.4908142172e+02	9.8144125938e-01	8.1802690029e-01	8.5817939043e-01
7.4950113116e+02	9.8155772686e-01	8.1856751442e-01	8.5753786564e-01
7.4992084061e+02	9.8167300224e-01	8.1912183762e-01	8.5759240389e-01
7.5034055005e+02	9.8178720474e-01	8.1957119703e-01	8.5711705685e-01
7.5076025949e+02	9.8190027475e-01	8.1985449791e-01	8.5696852207e-01
7.5117996893e+02	9.8201227188e-01	8.2039135695e-01	8.5665899515e-01
7.5159967837e+02	9.8212313652e-01	8.2085996866e-01	8.5647892952e-01
7.5201938781e+02	9.8223298788e-01	8.2130104303e-01	8.5619848967e-01
7.5243909725e+02	9.8234176636e-01	8.2167202234e-01	8.5591596365e-01
7.5285880669e+02	9.8244947195e-01	8.2216656208e-01	8.5537093878e-01
7.5327851613e+02	9.8255616426e-01	8.2263290882e-01	8.5535794497e-01
7.5369822558e+02	9.8266184330e-01	8.2310444117e-01	8.5483598709e-01
7.5411793502e+02	9.8276656866e-01	8.2348161936e-01	8.5445749760e-01
7.5453764446e+02	9.8287022114e-01	8.2403588295e-01	8.5450881720e-01
7.5495735390e+02	9.8297297955e-01	8.2449060678e-01	8.5368692875e-01
7.5537706334e+02	9.8307472467e-01	8.2486182451e-01	8.5403150320e-01
7.5579677278e+02	9.8317551613e-01	8.2526713610e-01	8.5340189934e-01
7.5621648222e+02	9.8327541351e-01	8.2569491863e-01	8.5298460722e-01
7.5663619166e+02	9.8337435722e-01	8.2624810934e-01	8.5318380594e-01
7.5705590111e+02	9.8347234726e-01	8.2654541731e-01	8.5242909193e-01
7.5747561055e+02	9.8356950283e-01	8.2707214355e-01	8.5245007277e-01
7.5789531999e+02	9.8366570473e-01	8.2741582394e-01	8.5206818581e-01
7.5831502943e+02	9.8376107216e-01	8.2786738873e-01	8.5204136372e-01
7.5873473887e+02	9.8385554552e-01	8.2826954126e-01	8.5174703598e-01
7.5915444831e+02	9.8394912481e-01	8.2873678207e-01	8.5106855631e-01
7.5957415775e+02	9.8404192924e-01	8.2914650440e-01	8.5078680515e-01
7.5999386719e+02	9.8413383961e-01	8.2954329252e-01	8.5067498684e-01
7.6041357664e+02	9.8422491550e-01	8.2994520664e-01	8.5006248951e-01
7.6083328608e+02	9.8431521654e-01	8.3037471771e-01	8.4981101751e-01
7.6125299552e+02	9.8440468311e-01	8.3065259457e-01	8.4924423695e-01
7.6167270496e+02	9.8449337482e-01	8.3115398884e-01	8.4931862354e-01
7.6209241440e+02	9.8458123207e-01	8.3154338598e-01	8.4873372316e-01
7.6251212384e+02	9.8466837406e-01	8.3187693357e-01	8.4862577915e-01
7.6293183328e+02	9.8475468159e-01	8.3214652538e-01	8.4766387939e-01
7.6335154272e+02	9.8484027386e-01	8.3248746395e-01	8.4785062075e-01
7.6377125216e+02	9.8492509127e-01	8.3298027515e-01	8.4744530916e-01
7.6419096161e+02	9.8500913382e-01	8.3333337307e-01	8.4733873606e-01
7.6461067105e+02	9.8509252071e-01	8.3367866278e-01	8.4702980518e-01
7.6503038049e+02	9.8517513275e-01	8.3420336246e-01	8.4633725882e-01
7.6545008993e+02	9.8525702953e-01	8.3459883928e-01	8.4637331963e-01
7.6586979937e+02	9.8533821106e-01	8.3501607180e-01	8.4598422050e-01
7.6628950881e+02	9.8541873693e-01	8.3527863026e-01	8.4577029943e-01
7.6670921825e+02	9.8549854755e-01	8.3573412895e-01	8.4521424770e-01
7.6712892769e+02	9.8557764292e-01	8.3610826731e-01	8.4512293339e-01
7.6754863714e+02	9.8565608263e-01	8.3654040098e-01	8.4451127052e-01
7.6796834658e+02	9.8573386669e-01	8.3682256937e-01	8.4479039907e-01
7.6838805602e+02	9.8581099510e-01	8.3729386330e-01	8.4401911497e-01
7.6880776546e+02	9.8588746786e-01	8.3764278889e-01	8.4371316433e-01
7.6922747490e+02	9.8596328497e-01	8.3803415298e-01	8.4359580278e-01
7.6964718434e+02	9.8603844643e-01	8.3833456039e-01	8.4339457750e-01
7.7006689378e+02	9.8611301184e-01	8.3868569136e-01	8.4287911654e-01
7.7048660322e+02	9.8618692160e-01	8.3905887604e-01	8.4227502346e-01
7.7090631267e+02	9.8626023531e-01	8.3930361271e-01	8.4205555916e-01
7.7132602211e+02	9.8633295298e-01	8.3972454071e-01	8.4199064970e-01
7.7174573155e+02	9.8640507460e-01	8.3999031782e-01	8.4180617332e-01
7.7216544099e+02	9.8647654057e-01	8.4043139219e-01	8.4167027473e-01
7.7258515043e+02	9.8654747009e-01	8.4063714743e-01	8.4101921320e-01
7.7300485987e+02	9.8661780357e-01	8.4110766649e-01	8.4084677696e-01
7.7342456931e+02	9.8668760061e-01	8.4143447876e-01	8.4035217762e-01
7.7384427875e+02	9.8675674200e-01	8.4172505140e-01	8.4035539627e-01
7.7426398819e+02	9.8682540655e-01	8.4210020304e-01	8.4021490812e-01
7.7468369764e+02	9.8689347506e-01	8.4233355522e-01	8.3962535858e-01
7.7510340708e+02	9.8696100712e-01	8.4275358915e-01	8.3951008320e-01
7.7552311652e+02	9.8702794313e-01	8.4310913086e-01	8.3911389112e-01
7.7594282596e+02	9.8709440231e-01	8.4332144260e-01	8.3883947134e-01
7.7636253540e+02	9.8716032505e-01	8.4364771843e-01	8.3856385946e-01
7.7678224484e+02	9.8722571135e-01	8.4396648407e-01	8.3802831173e-01
7.7720195428e+02	9.8729056120e-01	8.4426665306e-01	8.3786690235e-01
7.7762166372e+02	9.8735487461e-01	8.4451490641e-01	8.3813297749e-01
7.7804137317e+02	9.8741871119e-01	8.4488093853e-01	8.3763259649e-01
7.7846108261e+02	9.8748207092e-01	8.4520006180e-01	8.3735340834e-01
7.7888079205e+02	9.8754489422e-01	8.4545713663e-01	8.3660048246e-01
7.7930050149e+02	9.8760724068e-01	8.4573525190e-01	8.3658945560e-01
7.7972021093e+02	9.8766905069e-01	8.4605729580e-01	8.3624386787e-01
7.8013992037e+02	9.8773044348e-01	8.4636139870e-01	8.3569985628e-01
7.8055962981e+02	9.8779129982e-01	8.4663826227e-01	8.3562242985e-01
7.8097933925e+02	9.8785173893e-01	8.4694015980e-01	8.3523088694e-01
7.8139904870e+02	9.8791170120e-01	8.4726047516e-01	8.3441704512e-01
7.8181875814e+02	9.8797118664e-01	8.4744685888e-01	8.3449232578e-01
7.8223846758e+02	9.8803019524e-01	8.4771174192e-01	8.3393275738e-01
7.8265817702e+02	9.8808878660e-01	8.4798204899e-01	8.3383351564e-01
7.8307788646e+02	9.8814690113e-01	8.4820145369e-01	8.3371734619e-01
7.8349759590e+02	9.8820459843e-01	8.4845924377e-01	8.3288186789e-01
7.8391730534e+02	9.8826181889e-01	8.4882086515e-01	8.3283609152e-01
7.8433701478e+02	9.8831862211e-01	8.4896880388e-01	8.3231019974e-01
7.8475672422e+02	9.8837500811e-01	8.4922140837e-01	8.3209115267e-01
7.8517643367e+02	9.8843097687e-01	8.4947508574e-01	8.3221721649e-01
7.8559614311e+02	9.8848646879e-01	8.4973949194e-01	8.3126616478e-01
7.8601585255e+02	9.8854160309e-01	8.4995287657e-01	8.3128553629e-01
7.8643556199e+02	9.8859632015e-01	8.5016751289e-01	8.3081394434e-01
7.8685527143e+02	9.8865056038e-01	8.5033947229e-01	8.3031117916e-01
7.8727498087e+02	9.8870444298e-01	8.5058552027e-01	8.3014512062e-01
7.8769469031e+02	9.8875796795e-01	8.5086309910e-01	8.2950580120e-01
7.8811439975e+02	9.8881107569e-01	8.5100013018e-01	8.2943493128e-01
7.8853410920e+02	9.8886376619e-01	8.5111129284e-01	8.2853299379e-01
7.8895381864e+02	9.8891603947e-01	8.5146790743e-01	8.2873630524e-01
7.8937352808e+02	9.8896795511e-01	8.5156744719e-01	8.2825803757e-01
7.8979323752e+02	9.8901951313e-01	8.5164201260e-01	8.2783544064e-01
7.9021294696e+02	9.8907071352e-01	8.5194653273e-01	8.2753199339e-01
7.9063265640e+02	9.8912149668e-01	8.5208570957e-01	8.2720720768e-01
7.9105236584e+02	9.8917192221e-01	8.5218095779e-01	8.2648640871e-01
7.9147207528e+02	9.8922199011e-01	8.5247004032e-01	8.2573115826e-01
7.9189178473e+02	9.8927170038e-01	8.5253280401e-01	8.2589912415e-01
7.9231149417e+02	9.8932099342e-01	8.5272932053e-01	8.2519483566e-01
7.9273120361e+02	9.8936998844e-01	8.5282462835e-01	8.2492333651e-01
7.9315091305e+02	9.8941862583e-01	8.5292929411e-01	8.2438296080e-01
7.9357062249e+02	9.8946690559e-01	8.5316956043e-01	8.2412421703e-01
7.9399033193e+02	9.8951488733e-01	8.5322666168e-01	8.2376015186e-01
7.9441004137e+02	9.8956245184e-01	8.5341268778e-01	8.2321977615e-01
7.9482975081e+02	9.8960971832e-01	8.5352617502e-01	8.2296222448e-01
7.9524946025e+02	9.8965662718e-01	8.5362499952e-01	8.2239979506e-01
7.9566916970e+02	9.8970323801e-01	8.5375314951e-01	8.2202160358e-01
7.9608887914e+02	9.8974949121e-01	8.5387194157e-01	8.2146358490e-01
7.9650858858e+02	9.8979544640e-01	8.5401731730e-01	8.2072836161e-01
7.9692829802e+02	9.8984110355e-01	8.5409963131e-01	8.2023507357e-01
7.9734800746e+02	9.8988640308e-01	8.5425770283e-01	8.2003283501e-01
7.9776771690e+02	9.8993134499e-01	8.5432356596e-01	8.1968605518e-01
7.9818742634e+02	9.8997604847e-01	8.5441178083e-01	8.1920206547e-01
7.9860713578e+02	9.9002039433e-01	8.5459011793e-01	8.1924909353e-01
7.9902684523e+02	9.9006444216e-01	8.5459554195e-01	8.1817394495e-01
7.9944655467e+02	9.9010819197e-01	8.5466581583e-01	8.1772017479e-01
