wavelength_nm	target_transmittance	predicted_transmittance
3.7973711347e+02	9.9229830503e-01	8.3273142576e-01
3.8015682291e+02	9.9226051569e-01	8.3249050379e-01
3.8057653235e+02	9.9222242832e-01	8.3191043139e-01
3.8099624179e+02	9.9218404293e-01	8.3200442791e-01
3.8141595123e+02	9.9214535952e-01	8.3147233725e-01
3.8183566067e+02	9.9210643768e-01	8.3096909523e-01
3.8225537011e+02	9.9206721783e-01	8.3017855883e-01
3.8267507956e+02	9.9202769995e-01	8.2958233356e-01
3.8309478900e+02	9.9198782444e-01	8.2878631353e-01
3.8351449844e+02	9.9194771051e-01	8.2802659273e-01
3.8393420788e+02	9.9190729856e-01	8.2688552141e-01
3.8435391732e+02	9.9186658859e-01	8.2603025436e-01
3.8477362676e+02	9.9182552099e-01	8.2553142309e-01
3.8519333620e+02	9.9178421497e-01	8.2444506884e-01
3.8561304564e+02	9.9174255133e-01	8.2402813435e-01
3.8603275508e+02	9.9170053005e-01	8.2196950912e-01
3.8645246453e+02	9.9165827036e-01	8.2158613205e-01
3.8687217397e+02	9.9161565304e-01	8.2019013166e-01
3.8729188341e+02	9.9157267809e-01	8.1936842203e-01
3.8771159285e+02	9.9152940512e-01	8.1771010160e-01
3.8813130229e+02	9.9148583412e-01	8.1649011374e-01
3.8855101173e+02	9.9144184589e-01	8.1555503607e-01
3.8897072117e+02	9.9139755964e-01	8.1427586079e-01
3.8939043061e+02	9.9135297537e-01	8.1352531910e-01
3.8981014006e+02	9.9130797386e-01	8.1275177002e-01
3.9022984950e+02	9.9126267433e-01	8.1152963638e-01
3.9064955894e+02	9.9121695757e-01	8.1048959494e-01
3.9106926838e+02	9.9117094278e-01	8.0984729528e-01
3.9148897782e+02	9.9112451077e-01	8.0831950903e-01
3.9190868726e+02	9.9107778072e-01	8.0763638020e-01
3.9232839670e+02	9.9103063345e-01	8.0680125952e-01
3.9274810614e+02	9.9098312855e-01	8.0592441559e-01
3.9316781559e+02	9.9093520641e-01	8.0570489168e-01
3.9358752503e+02	9.9088692665e-01	8.0472999811e-01
3.9400723447e+02	9.9083828926e-01	8.0394828320e-01
3.9442694391e+02	9.9078923464e-01	8.0281901360e-01
3.9484665335e+02	9.9073982239e-01	8.0274897814e-01
3.9526636279e+02	9.9068999290e-01	8.0260550976e-01
3.9568607223e+02	9.9063974619e-01	8.0174267292e-01
3.9610578167e+02	9.9058908224e-01	8.0037277937e-01
3.9652549111e+02	9.9053806067e-01	8.0002355576e-01
3.9694520056e+02	9.9048656225e-01	7.9871207476e-01
3.9736491000e+02	9.9043470621e-01	7.9777091742e-01
3.9778461944e+02	9.9038237333e-01	7.9695105553e-01
3.9820432888e+02	9.9032962322e-01	7.9670882225e-01
3.9862403832e+02	9.9027645588e-01	7.9570102692e-01
3.9904374776e+02	9.9022281170e-01	7.9519110918e-01
3.9946345720e+02	9.9016875029e-01	7.9449164867e-01
3.9988316664e+02	9.9011427164e-01	7.9400700331e-01
4.0030287609e+02	9.9005931616e-01	7.9398339987e-01
4.0072258553e+02	9.9000388384e-01	7.9365634918e-01
4.0114229497e+02	9.8994803429e-01	7.9209119081e-01
4.0156200441e+02	9.8989164829e-01	7.9171663523e-01
4.0198171385e+02	9.8983484507e-01	7.9214704037e-01
4.0240142329e+02	9.8977750540e-01	7.9219293594e-01
4.0282113273e+02	9.8971974850e-01	7.9148292542e-01
4.0324084217e+02	9.8966145515e-01	7.9217505455e-01
4.0366055162e+02	9.8960268497e-01	7.9162943363e-01
4.0408026106e+02	9.8954343796e-01	7.9117441177e-01
4.0449997050e+02	9.8948365450e-01	7.9032117128e-01
4.0491967994e+02	9.8942333460e-01	7.9146748781e-01
4.0533938938e+02	9.8936253786e-01	7.8981256485e-01
4.0575909882e+02	9.8930120468e-01	7.8819960356e-01
4.0617880826e+02	9.8923933506e-01	7.9010933638e-01
4.0659851770e+02	9.8917698860e-01	7.9016739130e-01
4.0701822714e+02	9.8911404610e-01	7.9092323780e-01
4.0743793659e+02	9.8905050755e-01	7.9036211967e-01
4.0785764603e+02	9.8898649216e-01	7.9059380293e-01
4.0827735547e+02	9.8892188072e-01	7.9000967741e-01
4.0869706491e+02	9.8885673285e-01	7.8993552923e-01
4.0911677435e+02	9.8879098892e-01	7.9077786207e-01
4.0953648379e+02	9.8872464895e-01	7.9073226452e-01
4.0995619323e+02	9.8865771294e-01	7.9031276703e-01
4.1037590267e+02	9.8859018087e-01	7.9210102558e-01
4.1079561212e+02	9.8852211237e-01	7.9207247496e-01
4.1121532156e+02	9.8845338821e-01	7.9225742817e-01
4.1163503100e+02	9.8838400841e-01	7.9351365566e-01
4.1205474044e+02	9.8831403255e-01	7.9355579615e-01
4.1247444988e+02	9.8824346066e-01	7.9467058182e-01
4.1289415932e+02	9.8817223310e-01	7.9497087002e-01
4.1331386876e+02	9.8810034990e-01	7.9610240459e-01
4.1373357820e+02	9.8802781105e-01	7.9584443569e-01
4.1415328765e+02	9.8795461655e-01	7.9588580132e-01
4.1457299709e+02	9.8788070679e-01	7.9782223701e-01
4.1499270653e+02	9.8780620098e-01	7.9779434204e-01
4.1541241597e+02	9.8773092031e-01	7.9873788357e-01
4.1583212541e+02	9.8765498400e-01	7.9912245274e-01
4.1625183485e+02	9.8757839203e-01	7.9944247007e-01
4.1667154429e+02	9.8750102520e-01	8.0065274239e-01
4.1709125373e+02	9.8742294312e-01	8.0148833990e-01
4.1751096317e+02	9.8734414577e-01	8.0192291737e-01
4.1793067262e+02	9.8726463318e-01	8.0199104548e-01
4.1835038206e+02	9.8718434572e-01	8.0370134115e-01
4.1877009150e+02	9.8710328341e-01	8.0409628153e-01
4.1918980094e+02	9.8702144623e-01	8.0609482527e-01
4.1960951038e+02	9.8693889380e-01	8.0596351624e-01
4.2002921982e+02	9.8685550690e-01	8.0674421787e-01
4.2044892926e+02	9.8677128553e-01	8.0843454599e-01
4.2086863870e+02	9.8668628931e-01	8.1004697084e-01
4.2128834815e+02	9.8660051823e-01	8.1034219265e-01
4.2170805759e+02	9.8651385307e-01	8.1135088205e-01
4.2212776703e+02	9.8642641306e-01	8.1300890446e-01
4.2254747647e+02	9.8633807898e-01	8.1382858753e-01
4.2296718591e+02	9.8624891043e-01	8.1555461884e-01
4.2338689535e+02	9.8615884781e-01	8.1715852022e-01
4.2380660479e+02	9.8606789112e-01	8.1837826967e-01
4.2422631423e+02	9.8597609997e-01	8.1924545765e-01
4.2464602368e+02	9.8588335514e-01	8.2104223967e-01
4.2506573312e+02	9.8578971624e-01	8.2246816158e-01
4.2548544256e+02	9.8569512367e-01	8.2428592443e-01
4.2590515200e+02	9.8559957743e-01	8.2455396652e-01
4.2632486144e+02	9.8550307751e-01	8.2641333342e-01
4.2674457088e+02	9.8540562391e-01	8.2807070017e-01
4.2716428032e+02	9.8530721664e-01	8.2928079367e-01
4.2758398976e+02	9.8520773649e-01	8.3130592108e-01
4.2800369920e+02	9.8510730267e-01	8.3291065693e-01
4.2842340865e+02	9.8500585556e-01	8.3493143320e-01
4.2884311809e+02	9.8490339518e-01	8.3488225937e-01
4.2926282753e+02	9.8479980230e-01	8.3666795492e-01
4.2968253697e+02	9.8469519615e-01	8.3804047108e-01
4.3010224641e+02	9.8458951712e-01	8.3961617947e-01
4.3052195585e+02	9.8448276520e-01	8.4158051014e-01
4.3094166529e+02	9.8437488079e-01	8.4169453382e-01
4.3136137473e+02	9.8426586390e-01	8.4351193905e-01
4.3178108418e+02	9.8415571451e-01	8.4570986032e-01
4.3220079362e+02	9.8404443264e-01	8.4815716743e-01
4.3262050306e+02	9.8393195868e-01	8.4772938490e-01
4.3304021250e+02	9.8381829262e-01	8.4943467379e-01
4.3345992194e+02	9.8370343447e-01	8.5058528185e-01
4.3387963138e+02	9.8358732462e-01	8.5197257996e-01
4.3429934082e+02	9.8347002268e-01	8.5308581591e-01
4.3471905026e+02	9.8335146904e-01	8.5538208485e-01
4.3513875971e+02	9.8323160410e-01	8.5610735416e-01
4.3555846915e+02	9.8311048746e-01	8.5746186972e-01
4.3597817859e+02	9.8298799992e-01	8.5808926821e-01
4.3639788803e+02	9.8286426067e-01	8.5921949148e-01
4.3681759747e+02	9.8273909092e-01	8.6048805714e-01
4.3723730691e+02	9.8261260986e-01	8.6281347275e-01
4.3765701635e+02	9.8248475790e-01	8.6517333984e-01
4.3807672579e+02	9.8235547543e-01	8.6506098509e-01
4.3849643523e+02	9.8222476244e-01	8.6728042364e-01
4.3891614468e+02	9.8209255934e-01	8.6774456501e-01
4.3933585412e+02	9.8195892572e-01	8.6899107695e-01
4.3975556356e+02	9.8182380199e-01	8.7034934759e-01
4.4017527300e+02	9.8168718815e-01	8.7149101496e-01
4.4059498244e+02	9.8154902458e-01	8.7310123444e-01
4.4101469188e+02	9.8140925169e-01	8.7371486425e-01
4.4143440132e+02	9.8126792908e-01	8.7614285946e-01
4.4185411076e+02	9.8112499714e-01	8.7710422277e-01
4.4227382021e+02	9.8098045588e-01	8.7835526466e-01
4.4269352965e+02	9.8083424568e-01	8.7892687321e-01
4.4311323909e+02	9.8068630695e-01	8.8058114052e-01
4.4353294853e+02	9.8053669930e-01	8.8168483973e-01
4.4395265797e+02	9.8038536310e-01	8.8315004110e-01
4.4437236741e+02	9.8023229837e-01	8.8343989849e-01
4.4479207685e+02	9.8007738590e-01	8.8424187899e-01
4.4521178629e+02	9.7992068529e-01	8.8576453924e-01
4.4563149574e+02	9.7976213694e-01	8.8681954145e-01
4.4605120518e+02	9.7960174084e-01	8.8790613413e-01
4.4647091462e+02	9.7943943739e-01	8.8811212778e-01
4.4689062406e+02	9.7927516699e-01	8.8939863443e-01
4.4731033350e+02	9.7910898924e-01	8.9068853855e-01
4.4773004294e+02	9.7894078493e-01	8.9018785954e-01
4.4814975238e+02	9.7877055407e-01	8.9187872410e-01
4.4856946182e+02	9.7859823704e-01	8.9237147570e-01
4.4898917126e+02	9.7842383385e-01	8.9291048050e-01
4.4940888071e+02	9.7824734449e-01	8.9387655258e-01
4.4982859015e+02	9.7806870937e-01	8.9445626736e-01
4.5024829959e+02	9.7788786888e-01	8.9502197504e-01
4.5066800903e+02	9.7770476341e-01	8.9545840025e-01
4.5108771847e+02	9.7751939297e-01	8.9617061615e-01
4.5150742791e+02	9.7733175755e-01	8.9606535435e-01
4.5192713735e+02	9.7714179754e-01	8.9658558369e-01
4.5234684679e+02	9.7694939375e-01	8.9785778522e-01
4.5276655624e+02	9.7675460577e-01	8.9820110798e-01
4.5318626568e+02	9.7655737400e-01	8.9876753092e-01
4.5360597512e+02	9.7635763884e-01	8.9928770065e-01
4.5402568456e+02	9.7615534067e-01	8.9992725849e-01
4.5444539400e+02	9.7595041990e-01	8.9961290359e-01
4.5486510344e+02	9.7574293613e-01	9.0089470148e-01
4.5528481288e+02	9.7553277016e-01	9.0175813437e-01
4.5570452232e+02	9.7531986237e-01	9.0086758137e-01
4.5612423177e+02	9.7510415316e-01	9.0188276768e-01
4.5654394121e+02	9.7488570213e-01	9.0247434378e-01
4.5696365065e+02	9.7466433048e-01	9.0247869492e-01
4.5738336009e+02	9.7444009781e-01	9.0209174156e-01
4.5780306953e+02	9.7421282530e-01	9.0247994661e-01
4.5822277897e+02	9.7398257256e-01	9.0259230137e-01
4.5864248841e+02	9.7374927998e-01	9.0250861645e-01
4.5906219785e+02	9.7351282835e-01	9.0323603153e-01
4.5948190729e+02	9.7327321768e-01	9.0271341801e-01
4.5990161674e+02	9.7303038836e-01	9.0300554037e-01
4.6032132618e+02	9.7278422117e-01	9.0269243717e-01
4.6074103562e+02	9.7253471613e-01	9.0285748243e-01
4.6116074506e+02	9.7228181362e-01	9.0181267262e-01
4.6158045450e+02	9.7202539444e-01	9.0332406759e-01
4.6200016394e+02	9.7176551819e-01	9.0249401331e-01
4.6241987338e+02	9.7150194645e-01	9.0205013752e-01
4.6283958282e+02	9.7123473883e-01	9.0081351995e-01
4.6325929227e+02	9.7096383572e-01	9.0159600973e-01
4.6367900171e+02	9.7068905830e-01	9.0087044239e-01
4.6409871115e+02	9.7041040659e-01	9.0090870857e-01
4.6451842059e+02	9.7012788057e-01	9.0097713470e-01
4.6493813003e+02	9.6984124184e-01	9.0050464869e-01
4.6535783947e+02	9.6955054998e-01	9.0023958683e-01
4.6577754891e+02	9.6925568581e-01	9.0024471283e-01
4.6619725835e+02	9.6895653009e-01	8.9949184656e-01
4.6661696780e+02	9.6865302324e-01	8.9983379841e-01
4.6703667724e+02	9.6834516525e-01	8.9905023575e-01
4.6745638668e+02	9.6803271770e-01	8.9931172132e-01
4.6787609612e+02	9.6771574020e-01	8.9846765995e-01
4.6829580556e+02	9.6739399433e-01	8.9887094498e-01
4.6871551500e+02	9.6706753969e-01	8.9804530144e-01
4.6913522444e+02	9.6673619747e-01	8.9678943157e-01
4.6955493388e+02	9.6639990807e-01	8.9681947231e-01
4.6997464332e+02	9.6605855227e-01	8.9580786228e-01
4.7039435277e+02	9.6571201086e-01	8.9602679014e-01
4.7081406221e+02	9.6536016464e-01	8.9509135485e-01
4.7123377165e+02	9.6500295401e-01	8.9484030008e-01
4.7165348109e+02	9.6464031935e-01	8.9452826977e-01
4.7207319053e+02	9.6427202225e-01	8.9401930571e-01
4.7249289997e+02	9.6389806271e-01	8.9298832417e-01
4.7291260941e+02	9.6351826191e-01	8.9274233580e-01
4.7333231885e+02	9.6313250065e-01	8.9166378975e-01
4.7375202830e+02	9.6274065971e-01	8.9183425903e-01
4.7417173774e+02	9.6234261990e-01	8.9050710201e-01
4.7459144718e+02	9.6193826199e-01	8.9119774103e-01
4.7501115662e+02	9.6152746677e-01	8.9027935266e-01
4.7543086606e+02	9.6111005545e-01	8.8996261358e-01
4.7585057550e+02	9.6068590879e-01	8.8844436407e-01
4.7627028494e+02	9.6025484800e-01	8.8849174976e-01
4.7668999438e+02	9.5981681347e-01	8.8774323463e-01
4.7710970383e+02	9.5937156677e-01	8.8752812147e-01
4.7752941327e+02	9.5891898870e-01	8.8694238663e-01
4.7794912271e+02	9.5845896006e-01	8.8547980785e-01
4.7836883215e+02	9.5799124241e-01	8.8496661186e-01
4.7878854159e+02	9.5751565695e-01	8.8463592529e-01
4.7920825103e+02	9.5703214407e-01	8.8398933411e-01
4.7962796047e+02	9.5654040575e-01	8.8394945860e-01
4.8004766991e+02	9.5604032278e-01	8.8325905800e-01
4.8046737935e+02	9.5553171635e-01	8.8243585825e-01
4.8088708880e+02	9.5501434803e-01	8.8227808475e-01
4.8130679824e+02	9.5448803902e-01	8.8078421354e-01
4.8172650768e+02	9.5395261049e-01	8.7907469273e-01
4.8214621712e+02	9.5340782404e-01	8.7907439470e-01
4.8256592656e+02	9.5285344124e-01	8.7881726027e-01
4.8298563600e+02	9.5228934288e-01	8.7720876932e-01
4.8340534544e+02	9.5171517134e-01	8.7698489428e-01
4.8382505488e+02	9.5113074780e-01	8.7600314617e-01
4.8424476433e+02	9.5053589344e-01	8.7716537714e-01
4.8466447377e+02	9.4993025064e-01	8.7666231394e-01
4.8508418321e+02	9.4931364059e-01	8.7471783161e-01
4.8550389265e+02	9.4868576527e-01	8.7459206581e-01
4.8592360209e+02	9.4804638624e-01	8.7450188398e-01
4.8634331153e+02	9.4739514589e-01	8.7370020151e-01
4.8676302097e+02	9.4673186541e-01	8.7357956171e-01
4.8718273041e+02	9.4605624676e-01	8.7344431877e-01
4.8760243986e+02	9.4536787271e-01	8.7247836590e-01
4.8802214930e+02	9.4466650486e-01	8.7176096439e-01
4.8844185874e+02	9.4395184517e-01	8.7170904875e-01
4.8886156818e+02	9.4322353601e-01	8.7198668718e-01
4.8928127762e+02	9.4248116016e-01	8.7000417709e-01
4.8970098706e+02	9.4172447920e-01	8.6994987726e-01
4.9012069650e+02	9.4095313549e-01	8.7123358250e-01
4.9054040594e+02	9.4016665220e-01	8.6925268173e-01
4.9096011538e+02	9.3936467171e-01	8.6724787951e-01
4.9137982483e+02	9.3854683638e-01	8.6719363928e-01
4.9179953427e+02	9.3771272898e-01	8.6656284332e-01
4.9221924371e+02	9.3686187267e-01	8.6597651243e-01
4.9263895315e+02	9.3599390984e-01	8.6575925350e-01
4.9305866259e+02	9.3510830402e-01	8.6540627480e-01
4.9347837203e+02	9.3420463800e-01	8.6549252272e-01
4.9389808147e+02	9.3328243494e-01	8.6484247446e-01
4.9431779091e+02	9.3234115839e-01	8.6336773634e-01
4.9473750036e+02	9.3138033152e-01	8.6350870132e-01
4.9515720980e+02	9.3039941788e-01	8.6304426193e-01
4.9557691924e+02	9.2939782143e-01	8.6233651638e-01
4.9599662868e+02	9.2837506533e-01	8.6243033409e-01
4.9641633812e+02	9.2733049393e-01	8.6195188761e-01
4.9683604756e+02	9.2626351118e-01	8.6070293188e-01
4.9725575700e+02	9.2517346144e-01	8.5956120491e-01
4.9767546644e+02	9.2405980825e-01	8.6006128788e-01
4.9809517589e+02	9.2292171717e-01	8.5838896036e-01
4.9851488533e+02	9.2175865173e-01	8.5785806179e-01
4.9893459477e+02	9.2056977749e-01	8.5792529583e-01
4.9935430421e+02	9.1935443878e-01	8.5660457611e-01
4.9977401365e+02	9.1811186075e-01	8.5638123751e-01
5.0019372309e+02	9.1684114933e-01	8.5587936640e-01
5.0061343253e+02	9.1554158926e-01	8.5708886385e-01
5.0103314197e+02	9.1421228647e-01	8.5483890772e-01
5.0145285141e+02	9.1285234690e-01	8.5524195433e-01
5.0187256086e+02	9.1146093607e-01	8.5455960035e-01
5.0229227030e+02	9.1003698111e-01	8.5327404737e-01
5.0271197974e+02	9.0857958794e-01	8.5235404968e-01
5.0313168918e+02	9.0708768368e-01	8.5204499960e-01
5.0355139862e+02	9.0556031466e-01	8.5090470314e-01
5.0397110806e+02	9.0399628878e-01	8.4942382574e-01
5.0439081750e+02	9.0239447355e-01	8.4728157520e-01
5.0481052694e+02	9.0075373650e-01	8.4577780962e-01
5.0523023639e+02	8.9907288551e-01	8.4492760897e-01
5.0564994583e+02	8.9735060930e-01	8.4327477217e-01
5.0606965527e+02	8.9558559656e-01	8.4185677767e-01
5.0648936471e+02	8.9377647638e-01	8.4097212553e-01
5.0690907415e+02	8.9192187786e-01	8.3944195509e-01
5.0732878359e+02	8.9002031088e-01	8.3834767342e-01
5.0774849303e+02	8.8807028532e-01	8.3831441402e-01
5.0816820247e+02	8.8607013226e-01	8.3596074581e-01
5.0858791192e+02	8.8401830196e-01	8.3515518904e-01
5.0900762136e+02	8.8191300631e-01	8.3355844021e-01
5.0942733080e+02	8.7975251675e-01	8.3195459843e-01
5.0984704024e+02	8.7753504515e-01	8.3006840944e-01
5.1026674968e+02	8.7525856495e-01	8.2853287458e-01
5.1068645912e+02	8.7292116880e-01	8.2719928026e-01
5.1110616856e+02	8.7052077055e-01	8.2430118322e-01
5.1152587800e+02	8.6805516481e-01	8.2135766745e-01
5.1194558744e+02	8.6552214622e-01	8.1992030144e-01
5.1236529689e+02	8.6291944981e-01	8.1716513634e-01
5.1278500633e+02	8.6024463177e-01	8.1554567814e-01
5.1320471577e+02	8.5749506950e-01	8.1430912018e-01
5.1362442521e+02	8.5466831923e-01	8.1164425611e-01
5.1404413465e+02	8.5176151991e-01	8.1030780077e-01
5.1446384409e+02	8.4877187014e-01	8.0630284548e-01
5.1488355353e+02	8.4569644928e-01	8.0413150787e-01
5.1530326297e+02	8.4253221750e-01	7.9991608858e-01
5.1572297242e+02	8.3927589655e-01	7.9833841324e-01
5.1614268186e+02	8.3592426777e-01	7.9363095760e-01
5.1656239130e+02	8.3247381449e-01	7.9257619381e-01
5.1698210074e+02	8.2892096043e-01	7.8771287203e-01
5.1740181018e+02	8.2526201010e-01	7.8431445360e-01
5.1782151962e+02	8.2149296999e-01	7.7928751707e-01
5.1824122906e+02	8.1760990620e-01	7.7542096376e-01
5.1866093850e+02	8.1360852718e-01	7.6852351427e-01
5.1908064795e+02	8.0948448181e-01	7.6416790485e-01
5.1950035739e+02	8.0523329973e-01	7.5983846188e-01
5.1992006683e+02	8.0085015297e-01	7.5332212448e-01
5.2033977627e+02	7.9633009434e-01	7.4626904726e-01
5.2075948571e+02	7.9166817665e-01	7.4077981710e-01
5.2117919515e+02	7.8685891628e-01	7.3341733217e-01
5.2159890459e+02	7.8189688921e-01	7.2702211142e-01
5.2201861403e+02	7.7677643299e-01	7.1878081560e-01
5.2243832347e+02	7.7149146795e-01	7.1230196953e-01
5.2285803292e+02	7.6603597403e-01	7.0310324430e-01
5.2327774236e+02	7.6040357351e-01	6.9156116247e-01
5.2369745180e+02	7.5458759069e-01	6.8132972717e-01
5.2411716124e+02	7.4858123064e-01	6.7466288805e-01
5.2453687068e+02	7.4237751961e-01	6.6411304474e-01
5.2495658012e+02	7.3596906662e-01	6.5412247181e-01
5.2537628956e+02	7.2934842110e-01	6.4238637686e-01
5.2579599900e+02	7.2250783443e-01	6.2949436903e-01
5.2621570845e+02	7.1543931961e-01	6.1868053675e-01
5.2663541789e+02	7.0813477039e-01	6.0462260246e-01
5.2705512733e+02	7.0058572292e-01	5.9256964922e-01
5.2747483677e+02	6.9278371334e-01	5.7905846834e-01
5.2789454621e+02	6.8471986055e-01	5.6174856424e-01
5.2831425565e+02	6.7638540268e-01	5.4823893309e-01
5.2873396509e+02	6.6777127981e-01	5.2982836962e-01
5.2915367453e+02	6.5886831284e-01	5.1487731934e-01
5.2957338398e+02	6.4966732264e-01	4.9393704534e-01
5.2999309342e+02	6.4015907049e-01	4.7668737173e-01
5.3041280286e+02	6.3033443689e-01	4.5651513338e-01
5.3083251230e+02	6.2018430233e-01	4.3351113796e-01
5.3125222174e+02	6.0969972610e-01	4.1337478161e-01
5.3167193118e+02	5.9887194633e-01	3.8758695126e-01
5.3209164062e+02	5.8769261837e-01	3.6498740315e-01
5.3251135006e+02	5.7615375519e-01	3.4306463599e-01
5.3293105950e+02	5.6424796581e-01	3.2149913907e-01
5.3335076895e+02	5.5196857452e-01	2.9966199398e-01
5.3377047839e+02	5.3930956125e-01	2.7684623003e-01
5.3419018783e+02	5.2626609802e-01	2.5687322021e-01
5.3460989727e+02	5.1283437014e-01	2.3741954565e-01
5.3502960671e+02	4.9901214242e-01	2.1801276505e-01
5.3544931615e+02	4.8479858041e-01	2.0148310065e-01
5.3586902559e+02	4.7019484639e-01	1.8207246065e-01
5.3628873503e+02	4.5520421863e-01	1.6775175929e-01
5.3670844448e+02	4.3983232975e-01	1.5218465030e-01
5.3712815392e+02	4.2408761382e-01	1.3768167794e-01
5.3754786336e+02	4.0798151493e-01	1.2746633589e-01
5.3796757280e+02	3.9152896404e-01	1.1729337275e-01
5.3838728224e+02	3.7474852800e-01	1.0789986700e-01
5.3880699168e+02	3.5766303539e-01	1.0740126669e-01
5.3922670112e+02	3.4029969573e-01	8.7332867086e-02
5.3964641056e+02	3.2269066572e-01	8.7210960686e-02
5.4006612001e+02	3.0487322807e-01	8.0846764147e-02
5.4048582945e+02	2.8689020872e-01	7.7130727470e-02
5.4090553889e+02	2.6879018545e-01	7.3415242136e-02
5.4132524833e+02	2.5062775612e-01	7.0618517697e-02
5.4174495777e+02	2.3246364295e-01	6.9274902344e-02
5.4216466721e+02	2.1436473727e-01	6.7289337516e-02
5.4258437665e+02	1.9640408456e-01	6.5808326006e-02
5.4300408609e+02	1.7866069078e-01	6.6895879805e-02
5.4342379553e+02	1.6121914983e-01	6.8038046360e-02
5.4384350498e+02	1.4416919649e-01	6.9196619093e-02
5.4426321442e+02	1.2760505080e-01	7.0921905339e-02
5.4468292386e+02	1.1162456870e-01	7.2564788163e-02
5.4510263330e+02	9.6328206360e-02	7.7508434653e-02
5.4552234274e+02	8.1817843020e-02	8.0867007375e-02
5.4594205218e+02	6.8195424974e-02	8.6658366024e-02
5.4636176162e+02	5.5561438203e-02	9.2209152877e-02
5.4678147106e+02	4.4013321400e-02	9.8732635379e-02
5.4720118051e+02	3.3643759787e-02	1.0560086370e-01
5.4762088995e+02	2.4538977072e-02	1.1432224512e-01
5.4804059939e+02	1.6777064651e-02	1.2435165048e-01
5.4846030883e+02	1.0426362976e-02	1.3187545538e-01
5.4888001827e+02	5.5440217257e-03	1.4163678885e-01
5.4929972771e+02	2.1747325081e-03	1.5374524891e-01
5.4971943715e+02	3.4972437425e-04	1.6539852321e-01
5.5013914659e+02	8.6044929049e-05	1.7860846221e-01
5.5055885604e+02	1.3861650368e-03	1.9059832394e-01
5.5097856548e+02	4.2379209772e-03	2.0524765551e-01
5.5139827492e+02	8.6147971451e-03	2.1826413274e-01
5.5181798436e+02	1.4476538636e-02	2.3428606987e-01
5.5223769380e+02	2.1770065650e-02	2.4737846851e-01
5.5265740324e+02	3.0430654064e-02	2.6470848918e-01
5.5307711268e+02	4.0383324027e-02	2.8053018451e-01
5.5349682212e+02	5.1544409245e-02	2.9270905256e-01
5.5391653156e+02	6.3823208213e-02	3.0820581317e-01
5.5433624101e+02	7.7123694122e-02	3.2243144512e-01
5.5475595045e+02	9.1346219182e-02	3.3656334877e-01
5.5517565989e+02	1.0638915747e-01	3.4939116240e-01
5.5559536933e+02	1.2215045094e-01	3.6759412289e-01
5.5601507877e+02	1.3852901757e-01	3.7811976671e-01
5.5643478821e+02	1.5542601049e-01	3.8934928179e-01
5.5685449765e+02	1.7274586856e-01	4.0402913094e-01
5.5727420709e+02	1.9039729238e-01	4.1460162401e-01
5.5769391654e+02	2.0829385519e-01	4.2531484365e-01
5.5811362598e+02	2.2635462880e-01	4.3575310707e-01
5.5853333542e+02	2.4450455606e-01	4.4927382469e-01
5.5895304486e+02	2.6267465949e-01	4.5980617404e-01
5.5937275430e+02	2.8080210090e-01	4.7048920393e-01
5.5979246374e+02	2.9883027077e-01	4.8069298267e-01
5.6021217318e+02	3.1670856476e-01	4.9206691980e-01
5.6063188262e+02	3.3439224958e-01	4.9942278862e-01
5.6105159207e+02	3.5184219480e-01	5.1008039713e-01
5.6147130151e+02	3.6902460456e-01	5.1661056280e-01
5.6189101095e+02	3.8591057062e-01	5.2616298199e-01
5.6231072039e+02	4.0247589350e-01	5.3381115198e-01
5.6273042983e+02	4.1870054603e-01	5.4200780392e-01
5.6315013927e+02	4.3456846476e-01	5.4990917444e-01
5.6356984871e+02	4.5006707311e-01	5.5628865957e-01
5.6398955815e+02	4.6518692374e-01	5.6700062752e-01
5.6440926759e+02	4.7992148995e-01	5.7378011942e-01
5.6482897704e+02	4.9426674843e-01	5.7747066021e-01
5.6524868648e+02	5.0822085142e-01	5.8352780342e-01
5.6566839592e+02	5.2178394794e-01	5.9247153997e-01
5.6608810536e+02	5.3495788574e-01	6.0091727972e-01
5.6650781480e+02	5.4774594307e-01	6.0399597883e-01
5.6692752424e+02	5.6015264988e-01	6.0712730885e-01
5.6734723368e+02	5.7218354940e-01	6.1594671011e-01
5.6776694312e+02	5.8384525776e-01	6.2325978279e-01
5.6818665257e+02	5.9514486790e-01	6.2673646212e-01
5.6860636201e+02	6.0609018803e-01	6.3172453642e-01
5.6902607145e+02	6.1668944359e-01	6.4199769497e-01
5.6944578089e+02	6.2695127726e-01	6.4066380262e-01
5.6986549033e+02	6.3688457012e-01	6.4825123549e-01
5.7028519977e+02	6.4649838209e-01	6.5403407812e-01
5.7070490921e+02	6.5580189228e-01	6.6038662195e-01
5.7112461865e+02	6.6480422020e-01	6.6495364904e-01
5.7154432810e+02	6.7351466417e-01	6.6878819466e-01
5.7196403754e+02	6.8194234371e-01	6.7315465212e-01
5.7238374698e+02	6.9009637833e-01	6.7761385441e-01
5.7280345642e+02	6.9798558950e-01	6.8380749226e-01
5.7322316586e+02	7.0561891794e-01	6.8579179049e-01
5.7364287530e+02	7.1300488710e-01	6.9237941504e-01
5.7406258474e+02	7.2015202045e-01	6.9521814585e-01
5.7448229418e+02	7.2706854343e-01	6.9937634468e-01
5.7490200362e+02	7.3376238346e-01	7.0332658291e-01
5.7532171307e+02	7.4024146795e-01	7.0744818449e-01
5.7574142251e+02	7.4651336670e-01	7.1175259352e-01
5.7616113195e+02	7.5258541107e-01	7.1413040161e-01
5.7658084139e+02	7.5846475363e-01	7.1775186062e-01
5.7700055083e+02	7.6415830851e-01	7.2241300344e-01
5.7742026027e+02	7.6967269182e-01	7.2551190853e-01
5.7783996971e+02	7.7501440048e-01	7.3087811470e-01
5.7825967915e+02	7.8018963337e-01	7.3165553808e-01
5.7867938860e+02	7.8520435095e-01	7.3644161224e-01
5.7909909804e+02	7.9006445408e-01	7.4124157429e-01
5.7951880748e+02	7.9477542639e-01	7.4359506369e-01
5.7993851692e+02	7.9934269190e-01	7.4478220940e-01
5.8035822636e+02	8.0377143621e-01	7.5134360790e-01
5.8077793580e+02	8.0806654692e-01	7.5381553173e-01
5.8119764524e+02	8.1223291159e-01	7.5804364681e-01
5.8161735468e+02	8.1627511978e-01	7.6072072983e-01
5.8203706413e+02	8.2019758224e-01	7.6469075680e-01
5.8245677357e+02	8.2400453091e-01	7.6735889912e-01
5.8287648301e+02	8.2770013809e-01	7.6970922947e-01
5.8329619245e+02	8.3128833771e-01	7.7190816402e-01
5.8371590189e+02	8.3477288485e-01	7.7468490601e-01
5.8413561133e+02	8.3815741539e-01	7.7750897408e-01
5.8455532077e+02	8.4144544601e-01	7.8002405167e-01
5.8497503021e+02	8.4464037418e-01	7.8194111586e-01
5.8539473965e+02	8.4774535894e-01	7.8289753199e-01
5.8581444910e+02	8.5076355934e-01	7.8614109755e-01
5.8623415854e+02	8.5369795561e-01	7.8816860914e-01
5.8665386798e+02	8.5655140877e-01	7.9022729397e-01
5.8707357742e+02	8.5932666063e-01	7.9303580523e-01
5.8749328686e+02	8.6202639341e-01	7.9393553734e-01
5.8791299630e+02	8.6465311050e-01	7.9647260904e-01
5.8833270574e+02	8.6720931530e-01	7.9667538404e-01
5.8875241518e+02	8.6969739199e-01	7.9887259007e-01
5.8917212463e+02	8.7211954594e-01	8.0169093609e-01
5.8959183407e+02	8.7447792292e-01	8.0322015285e-01
5.9001154351e+02	8.7677466869e-01	8.0404329300e-01
5.9043125295e+02	8.7901186943e-01	8.0633503199e-01
5.9085096239e+02	8.8119131327e-01	8.0824261904e-01
5.9127067183e+02	8.8331496716e-01	8.1050896645e-01
5.9169038127e+02	8.8538467884e-01	8.1111419201e-01
5.9211009071e+02	8.8740199804e-01	8.1269574165e-01
5.9252980016e+02	8.8936877251e-01	8.1445229053e-01
5.9294950960e+02	8.9128649235e-01	8.1639820337e-01
5.9336921904e+02	8.9315676689e-01	8.1780892611e-01
5.9378892848e+02	8.9498102665e-01	8.2016378641e-01
5.9420863792e+02	8.9676076174e-01	8.2215034962e-01
5.9462834736e+02	8.9849728346e-01	8.2311755419e-01
5.9504805680e+02	9.0019196272e-01	8.2462716103e-01
5.9546776624e+02	9.0184605122e-01	8.2557642460e-01
5.9588747568e+02	9.0346086025e-01	8.2882404327e-01
5.9630718513e+02	9.0503746271e-01	8.2986521721e-01
5.9672689457e+02	9.0657711029e-01	8.3141618967e-01
5.9714660401e+02	9.0808081627e-01	8.3409601450e-01
5.9756631345e+02	9.0954971313e-01	8.3465564251e-01
5.9798602289e+02	9.1098481417e-01	8.3395677805e-01
5.9840573233e+02	9.1238707304e-01	8.3578211069e-01
5.9882544177e+02	9.1375756264e-01	8.3750259876e-01
5.9924515121e+02	9.1509705782e-01	8.3754152060e-01
5.9966486066e+02	9.1640657187e-01	8.3786517382e-01
6.0008457010e+02	9.1768687963e-01	8.3880919218e-01
6.0050427954e+02	9.1893887520e-01	8.4059000015e-01
6.0092398898e+02	9.2016327381e-01	8.4157115221e-01
6.0134369842e+02	9.2136096954e-01	8.4188896418e-01
6.0176340786e+02	9.2253267765e-01	8.4242933989e-01
6.0218311730e+02	9.2367905378e-01	8.4487956762e-01
6.0260282674e+02	9.2480093241e-01	8.4548825026e-01
6.0302253619e+02	9.2589884996e-01	8.4760218859e-01
6.0344224563e+02	9.2697352171e-01	8.4902745485e-01
6.0386195507e+02	9.2802554369e-01	8.4967583418e-01
6.0428166451e+02	9.2905563116e-01	8.5002046824e-01
6.0470137395e+02	9.3006426096e-01	8.5120719671e-01
6.0512108339e+02	9.3105208874e-01	8.5274761915e-01
6.0554079283e+02	9.3201965094e-01	8.5421699286e-01
6.0596050227e+02	9.3296742439e-01	8.5480397940e-01
6.0638021171e+02	9.3389600515e-01	8.5613572598e-01
6.0679992116e+02	9.3480587006e-01	8.5765880346e-01
6.0721963060e+02	9.3569749594e-01	8.5905486345e-01
6.0763934004e+02	9.3657135963e-01	8.6026787758e-01
6.0805904948e+02	9.3742793798e-01	8.6106359959e-01
6.0847875892e+02	9.3826764822e-01	8.6186569929e-01
6.0889846836e+02	9.3909090757e-01	8.6324495077e-01
6.0931817780e+02	9.3989819288e-01	8.6428183317e-01
6.0973788724e+02	9.4068980217e-01	8.6589783430e-01
6.1015759669e+02	9.4146627188e-01	8.6687374115e-01
6.1057730613e+02	9.4222784042e-01	8.6907118559e-01
6.1099701557e+02	9.4297498465e-01	8.6909568310e-01
6.1141672501e+02	9.4370800257e-01	8.7032783031e-01
6.1183643445e+02	9.4442719221e-01	8.7134742737e-01
6.1225614389e+02	9.4513303041e-01	8.7340384722e-01
6.1267585333e+02	9.4582569599e-01	8.7438905239e-01
6.1309556277e+02	9.4650560617e-01	8.7521296740e-01
6.1351527222e+02	9.4717305899e-01	8.7626606226e-01
6.1393498166e+02	9.4782829285e-01	8.7739998102e-01
6.1435469110e+02	9.4847160578e-01	8.7895846367e-01
6.1477440054e+02	9.4910335541e-01	8.8004738092e-01
6.1519410998e+02	9.4972372055e-01	8.8147193193e-01
6.1561381942e+02	9.5033299923e-01	8.8151270151e-01
6.1603352886e+02	9.5093148947e-01	8.8299047947e-01
6.1645323830e+02	9.5151942968e-01	8.8391333818e-01
6.1687294774e+02	9.5209699869e-01	8.8419044018e-01
6.1729265719e+02	9.5266449451e-01	8.8563948870e-01
6.1771236663e+02	9.5322209597e-01	8.8664692640e-01
6.1813207607e+02	9.5377010107e-01	8.8793295622e-01
6.1855178551e+02	9.5430868864e-01	8.8843476772e-01
6.1897149495e+02	9.5483803749e-01	8.9033138752e-01
6.1939120439e+02	9.5535838604e-01	8.9032459259e-01
6.1981091383e+02	9.5586991310e-01	8.9132338762e-01
6.2023062327e+02	9.5637285709e-01	8.9225476980e-01
6.2065033272e+02	9.5686739683e-01	8.9293509722e-01
6.2107004216e+02	9.5735365152e-01	8.9373409748e-01
6.2148975160e+02	9.5783185959e-01	8.9500254393e-01
6.2190946104e+02	9.5830219984e-01	8.9615935087e-01
6.2232917048e+02	9.5876485109e-01	8.9684236050e-01
6.2274887992e+02	9.5921993256e-01	8.9702552557e-01
6.2316858936e+02	9.5966762304e-01	8.9782500267e-01
6.2358829880e+02	9.6010804176e-01	8.9878803492e-01
6.2400800825e+02	9.6054142714e-01	8.9926803112e-01
6.2442771769e+02	9.6096789837e-01	9.0058571100e-01
6.2484742713e+02	9.6138757467e-01	9.0138208866e-01
6.2526713657e+02	9.6180057526e-01	9.0207439661e-01
6.2568684601e+02	9.6220707893e-01	9.0306580067e-01
6.2610655545e+02	9.6260726452e-01	9.0382909775e-01
6.2652626489e+02	9.6300113201e-01	9.0426933765e-01
6.2694597433e+02	9.6338891983e-01	9.0479558706e-01
6.2736568377e+02	9.6377074718e-01	9.0555953979e-01
6.2778539322e+02	9.6414667368e-01	9.0645229816e-01
6.2820510266e+02	9.6451687813e-01	9.0725964308e-01
6.2862481210e+02	9.6488142014e-01	9.0751296282e-01
6.2904452154e+02	9.6524041891e-01	9.0891110897e-01
6.2946423098e+02	9.6559405327e-01	9.0855079889e-01
6.2988394042e+02	9.6594232321e-01	9.1060203314e-01
6.3030364986e+02	9.6628546715e-01	9.1057819128e-01
6.3072335930e+02	9.6662342548e-01	9.1186618805e-01
6.3114306875e+02	9.6695643663e-01	9.1215789318e-01
6.3156277819e+02	9.6728456020e-01	9.1302400827e-01
6.3198248763e+02	9.6760785580e-01	9.1430920362e-01
6.3240219707e+02	9.6792644262e-01	9.1490864754e-01
6.3282190651e+02	9.6824038029e-01	9.1602480412e-01
6.3324161595e+02	9.6854978800e-01	9.1727900505e-01
6.3366132539e+02	9.6885478497e-01	9.1803950071e-01
6.3408103483e+02	9.6915537119e-01	9.1855478287e-01
6.3450074428e+02	9.6945166588e-01	9.1899222136e-01
6.3492045372e+02	9.6974378824e-01	9.2039549351e-01
6.3534016316e+02	9.7003173828e-01	9.2069250345e-01
6.3575987260e+02	9.7031569481e-01	9.2180705070e-01
6.3617958204e+02	9.7059559822e-01	9.2268383503e-01
6.3659929148e+02	9.7087168694e-01	9.2312526703e-01
6.3701900092e+02	9.7114390135e-01	9.2386800051e-01
6.3743871036e+02	9.7141236067e-01	9.2441159487e-01
6.3785841980e+02	9.7167712450e-01	9.2592036724e-01
6.3827812925e+02	9.7193825245e-01	9.2641109228e-01
6.3869783869e+02	9.7219580412e-01	9.2691737413e-01
6.3911754813e+02	9.7244989872e-01	9.2694616318e-01
6.3953725757e+02	9.7270053625e-01	9.2795056105e-01
6.3995696701e+02	9.7294783592e-01	9.2844599485e-01
6.4037667645e+02	9.7319173813e-01	9.2852705717e-01
6.4079638589e+02	9.7343248129e-01	9.2953640223e-01
6.4121609533e+02	9.7366994619e-01	9.2981821299e-01
6.4163580478e+02	9.7390431166e-01	9.3020373583e-01
6.4205551422e+02	9.7413557768e-01	9.3193864822e-01
6.4247522366e+02	9.7436386347e-01	9.3139922619e-01
6.4289493310e+02	9.7458910942e-01	9.3301039934e-01
6.4331464254e+02	9.7481143475e-01	9.3339824677e-01
6.4373435198e+02	9.7503089905e-01	9.3396931887e-01
6.4415406142e+02	9.7524750233e-01	9.3439316750e-01
6.4457377086e+02	9.7546130419e-01	9.3475008011e-01
6.4499348031e+02	9.7567242384e-01	9.3593055010e-01
6.4541318975e+02	9.7588080168e-01	9.3660444021e-01
6.4583289919e+02	9.7608655691e-01	9.3684262037e-01
6.4625260863e+02	9.7628974915e-01	9.3771344423e-01
6.4667231807e+02	9.7649031878e-01	9.3801802397e-01
6.4709202751e+02	9.7668844461e-01	9.3851065636e-01
6.4751173695e+02	9.7688406706e-01	9.3875575066e-01
6.4793144639e+02	9.7707724571e-01	9.3976104259e-01
6.4835115583e+02	9.7726804018e-01	9.4012284279e-01
6.4877086528e+02	9.7745645046e-01	9.4071018696e-01
6.4919057472e+02	9.7764259577e-01	9.4164669514e-01
6.4961028416e+02	9.7782641649e-01	9.4186979532e-01
6.5002999360e+02	9.7800803185e-01	9.4273024797e-01
6.5044970304e+02	9.7818738222e-01	9.4282817841e-01
6.5086941248e+02	9.7836464643e-01	9.4371235371e-01
6.5128912192e+02	9.7853970528e-01	9.4426536560e-01
6.5170883136e+02	9.7871273756e-01	9.4512528181e-01
6.5212854081e+02	9.7888362408e-01	9.4599682093e-01
6.5254825025e+02	9.7905248404e-01	9.4574993849e-01
6.5296795969e+02	9.7921937704e-01	9.4639235735e-01
6.5338766913e+02	9.7938430309e-01	9.4692116976e-01
6.5380737857e+02	9.7954726219e-01	9.4771975279e-01
6.5422708801e+02	9.7970831394e-01	9.4784927368e-01
6.5464679745e+02	9.7986745834e-01	9.4836199284e-01
6.5506650689e+02	9.8002481461e-01	9.4936305285e-01
6.5548621634e+02	9.8018032312e-01	9.4946628809e-01
6.5590592578e+02	9.8033398390e-01	9.5041102171e-01
6.5632563522e+02	9.8048591614e-01	9.5031958818e-01
6.5674534466e+02	9.8063611984e-01	9.5112699270e-01
6.5716505410e+02	9.8078459501e-01	9.5167094469e-01
6.5758476354e+02	9.8093134165e-01	9.5196080208e-01
6.5800447298e+02	9.8107647896e-01	9.5228540897e-01
6.5842418242e+02	9.8121994734e-01	9.5300519466e-01
6.5884389186e+02	9.8136180639e-01	9.5391792059e-01
6.5926360131e+02	9.8150211573e-01	9.5426762104e-01
6.5968331075e+02	9.8164081573e-01	9.5429360867e-01
6.6010302019e+02	9.8177796602e-01	9.5471638441e-01
6.6052272963e+02	9.8191356659e-01	9.5521324873e-01
6.6094243907e+02	9.8204773664e-01	9.5609080791e-01
6.6136214851e+02	9.8218035698e-01	9.5639842749e-01
6.6178185795e+02	9.8231154680e-01	9.5659387112e-01
6.6220156739e+02	9.8244136572e-01	9.5712387562e-01
6.6262127684e+02	9.8256969452e-01	9.5758432150e-01
6.6304098628e+02	9.8269665241e-01	9.5827698708e-01
6.6346069572e+02	9.8282223940e-01	9.5831233263e-01
6.6388040516e+02	9.8294645548e-01	9.5882415771e-01
6.6430011460e+02	9.8306936026e-01	9.5917975903e-01
6.6471982404e+02	9.8319095373e-01	9.5972108841e-01
6.6513953348e+02	9.8331123590e-01	9.6012169123e-01
6.6555924292e+02	9.8343020678e-01	9.6070277691e-01
6.6597895237e+02	9.8354798555e-01	9.6059364080e-01
6.6639866181e+02	9.8366445303e-01	9.6143877506e-01
6.6681837125e+02	9.8377972841e-01	9.6174401045e-01
6.6723808069e+02	9.8389381170e-01	9.6212011576e-01
6.6765779013e+02	9.8400664330e-01	9.6249026060e-01
6.6807749957e+02	9.8411834240e-01	9.6309912205e-01
6.6849720901e+02	9.8422890902e-01	9.6320444345e-01
6.6891691845e+02	9.8433828354e-01	9.6383333206e-01
6.6933662789e+02	9.8444652557e-01	9.6430754662e-01
6.6975633734e+02	9.8455369473e-01	9.6430456638e-01
6.7017604678e+02	9.8465973139e-01	9.6498513222e-01
6.7059575622e+02	9.8476469517e-01	9.6515345573e-01
6.7101546566e+02	9.8486858606e-01	9.6555995941e-01
6.7143517510e+02	9.8497146368e-01	9.6609902382e-01
6.7185488454e+02	9.8507326841e-01	9.6648842096e-01
6.7227459398e+02	9.8517405987e-01	9.6658438444e-01
6.7269430342e+02	9.8527377844e-01	9.6702438593e-01
6.7311401287e+02	9.8537254333e-01	9.6757119894e-01
6.7353372231e+02	9.8547035456e-01	9.6794074774e-01
6.7395343175e+02	9.8556715250e-01	9.6827656031e-01
6.7437314119e+02	9.8566299677e-01	9.6865504980e-01
6.7479285063e+02	9.8575794697e-01	9.6885812283e-01
6.7521256007e+02	9.8585188389e-01	9.6915453672e-01
6.7563226951e+02	9.8594492674e-01	9.6950620413e-01
6.7605197895e+02	9.8603707552e-01	9.6989655495e-01
6.7647168840e+02	9.8612833023e-01	9.7044759989e-01
6.7689139784e+02	9.8621869087e-01	9.7077941895e-01
6.7731110728e+02	9.8630815744e-01	9.7108817101e-01
6.7773081672e+02	9.8639672995e-01	9.7152483463e-01
6.7815052616e+02	9.8648452759e-01	9.7159653902e-01
6.7857023560e+02	9.8657143116e-01	9.7209405899e-01
6.7898994504e+02	9.8665750027e-01	9.7243261337e-01
6.7940965448e+02	9.8674273491e-01	9.7244566679e-01
6.7982936392e+02	9.8682719469e-01	9.7322708368e-01
6.8024907337e+02	9.8691087961e-01	9.7322827578e-01
6.8066878281e+02	9.8699373007e-01	9.7350424528e-01
6.8108849225e+02	9.8707580566e-01	9.7376209497e-01
6.8150820169e+02	9.8715710640e-01	9.7400414944e-01
6.8192791113e+02	9.8723763227e-01	9.7425836325e-01
6.8234762057e+02	9.8731744289e-01	9.7466474771e-01
6.8276733001e+02	9.8739647865e-01	9.7489148378e-01
6.8318703945e+02	9.8747479916e-01	9.7517639399e-01
6.8360674890e+02	9.8755240440e-01	9.7520160675e-01
6.8402645834e+02	9.8762929440e-01	9.7558921576e-01
6.8444616778e+02	9.8770540953e-01	9.7615778446e-01
6.8486587722e+02	9.8778092861e-01	9.7622776031e-01
6.8528558666e+02	9.8785567284e-01	9.7639465332e-01
6.8570529610e+02	9.8792976141e-01	9.7656482458e-01
6.8612500554e+02	9.8800319433e-01	9.7725087404e-01
6.8654471498e+02	9.8807597160e-01	9.7729879618e-01
6.8696442443e+02	9.8814809322e-01	9.7729891539e-01
6.8738413387e+02	9.8821949959e-01	9.7773951292e-01
6.8780384331e+02	9.8829030991e-01	9.7796291113e-01
6.8822355275e+02	9.8836052418e-01	9.7808688879e-01
6.8864326219e+02	9.8843008280e-01	9.7845321894e-01
6.8906297163e+02	9.8849898577e-01	9.7850400209e-01
6.8948268107e+02	9.8856729269e-01	9.7867399454e-01
6.8990239051e+02	9.8863500357e-01	9.7893369198e-01
6.9032209995e+02	9.8870217800e-01	9.7926884890e-01
6.9074180940e+02	9.8876869678e-01	9.7948175669e-01
6.9116151884e+02	9.8883461952e-01	9.7959512472e-01
6.9158122828e+02	9.8890000582e-01	9.7961145639e-01
6.9200093772e+02	9.8896479607e-01	9.7995316982e-01
6.9242064716e+02	9.8902899027e-01	9.8014760017e-01
6.9284035660e+02	9.8909270763e-01	9.8035228252e-01
6.9326006604e+02	9.8915582895e-01	9.8051536083e-01
6.9367977548e+02	9.8921841383e-01	9.8054355383e-01
6.9409948493e+02	9.8928046227e-01	9.8099112511e-01
6.9451919437e+02	9.8934197426e-01	9.8096460104e-01
6.9493890381e+02	9.8940294981e-01	9.8112076521e-01
6.9535861325e+02	9.8946338892e-01	9.8160570860e-01
6.9577832269e+02	9.8952335119e-01	9.8143976927e-01
6.9619803213e+02	9.8958277702e-01	9.8181915283e-01
6.9661774157e+02	9.8964172602e-01	9.8185890913e-01
6.9703745101e+02	9.8970013857e-01	9.8207378387e-01
6.9745716046e+02	9.8975813389e-01	9.8229938745e-01
6.9787686990e+02	9.8981559277e-01	9.8246484995e-01
6.9829657934e+02	9.8987257481e-01	9.8243355751e-01
6.9871628878e+02	9.8992908001e-01	9.8275560141e-01
6.9913599822e+02	9.8998510838e-01	9.8286706209e-01
6.9955570766e+02	9.9004065990e-01	9.8306804895e-01
6.9997541710e+02	9.9009579420e-01	9.8314934969e-01
7.0039512654e+02	9.9015045166e-01	9.8313909769e-01
7.0081483598e+02	9.9020469189e-01	9.8338544369e-01
7.0123454543e+02	9.9025845528e-01	9.8357945681e-01
7.0165425487e+02	9.9031174183e-01	9.8392003775e-01
7.0207396431e+02	9.9036461115e-01	9.8414671421e-01
7.0249367375e+02	9.9041712284e-01	9.8391437531e-01
7.0291338319e+02	9.9046915770e-01	9.8408091068e-01
7.0333309263e+02	9.9052071571e-01	9.8414790630e-01
7.0375280207e+02	9.9057191610e-01	9.8423796892e-01
7.0417251151e+02	9.9062269926e-01	9.8418140411e-01
7.0459222096e+02	9.9067306519e-01	9.8438513279e-01
7.0501193040e+02	9.9072307348e-01	9.8459714651e-01
7.0543163984e+02	9.9077266455e-01	9.8459839821e-01
7.0585134928e+02	9.9082183838e-01	9.8471397161e-01
7.0627105872e+02	9.9087059498e-01	9.8475581408e-01
7.0669076816e+02	9.9091899395e-01	9.8488807678e-01
7.0711047760e+02	9.9096703529e-01	9.8492264748e-01
7.0753018704e+02	9.9101465940e-01	9.8523128033e-01
7.0794989649e+02	9.9106192589e-01	9.8506593704e-01
7.0836960593e+02	9.9110877514e-01	9.8512333632e-01
7.0878931537e+02	9.9115532637e-01	9.8534655571e-01
7.0920902481e+02	9.9120151997e-01	9.8535758257e-01
7.0962873425e+02	9.9124729633e-01	9.8547089100e-01
7.1004844369e+02	9.9129271507e-01	9.8550766706e-01
7.1046815313e+02	9.9133783579e-01	9.8568511009e-01
7.1088786257e+02	9.9138259888e-01	9.8564767838e-01
7.1130757201e+02	9.9142700434e-01	9.8568844795e-01
7.1172728146e+02	9.9147105217e-01	9.8569887877e-01
7.1214699090e+02	9.9151474237e-01	9.8599803448e-01
7.1256670034e+02	9.9155813456e-01	9.8585110903e-01
7.1298640978e+02	9.9160122871e-01	9.8605495691e-01
7.1340611922e+02	9.9164396524e-01	9.8606586456e-01
7.1382582866e+02	9.9168634415e-01	9.8609399796e-01
7.1424553810e+02	9.9172842503e-01	9.8625397682e-01
7.1466524754e+02	9.9177020788e-01	9.8605114222e-01
7.1508495699e+02	9.9181163311e-01	9.8619925976e-01
7.1550466643e+02	9.9185276031e-01	9.8617792130e-01
7.1592437587e+02	9.9189358950e-01	9.8610109091e-01
7.1634408531e+02	9.9193412066e-01	9.8608553410e-01
7.1676379475e+02	9.9197435379e-01	9.8629444838e-01
7.1718350419e+02	9.9201428890e-01	9.8612493277e-01
7.1760321363e+02	9.9205392599e-01	9.8619878292e-01
7.1802292307e+02	9.9209326506e-01	9.8635756969e-01
7.1844263252e+02	9.9213230610e-01	9.8632264137e-01
7.1886234196e+02	9.9217104912e-01	9.8629158735e-01
7.1928205140e+02	9.9220949411e-01	9.8642635345e-01
7.1970176084e+02	9.9224770069e-01	9.8629748821e-01
7.2012147028e+02	9.9228560925e-01	9.8626536131e-01
7.2054117972e+02	9.9232327938e-01	9.8628914356e-01
7.2096088916e+02	9.9236059189e-01	9.8615843058e-01
7.2138059860e+02	9.9239772558e-01	9.8616576195e-01
7.2180030804e+02	9.9243450165e-01	9.8607164621e-01
7.2222001749e+02	9.9247109890e-01	9.8606896400e-01
7.2263972693e+02	9.9250733852e-01	9.8602759838e-01
7.2305943637e+02	9.9254339933e-01	9.8616296053e-01
7.2347914581e+02	9.9257916212e-01	9.8597776890e-01
7.2389885525e+02	9.9261468649e-01	9.8594415188e-01
7.2431856469e+02	9.9264991283e-01	9.8589038849e-01
7.2473827413e+02	9.9268496037e-01	9.8575055599e-01
7.2515798357e+02	9.9271970987e-01	9.8572736979e-01
7.2557769302e+02	9.9275422096e-01	9.8567765951e-01
7.2599740246e+02	9.9278849363e-01	9.8568242788e-01
7.2641711190e+02	9.9282252789e-01	9.8556292057e-01
7.2683682134e+02	9.9285632372e-01	9.8552483320e-01
7.2725653078e+02	9.9288982153e-01	9.8560112715e-01
7.2767624022e+02	9.9292314053e-01	9.8546451330e-01
7.2809594966e+02	9.9295622110e-01	9.8523545265e-01
7.2851565910e+02	9.9298906326e-01	9.8532736301e-01
7.2893536855e+02	9.9302172661e-01	9.8528754711e-01
7.2935507799e+02	9.9305409193e-01	9.8530387878e-01
7.2977478743e+02	9.9308627844e-01	9.8516511917e-01
7.3019449687e+02	9.9311822653e-01	9.8486876488e-01
7.3061420631e+02	9.9314993620e-01	9.8490935564e-01
7.3103391575e+02	9.9318146706e-01	9.8475015163e-01
7.3145362519e+02	9.9321275949e-01	9.8454558849e-01
7.3187333463e+02	9.9324381351e-01	9.8464739323e-01
7.3229304407e+02	9.9327468872e-01	9.8449844122e-01
7.3271275352e+02	9.9330532551e-01	9.8417341709e-01
7.3313246296e+02	9.9333578348e-01	9.8408877850e-01
7.3355217240e+02	9.9336606264e-01	9.8413199186e-01
7.3397188184e+02	9.9339610338e-01	9.8416465521e-01
7.3439159128e+02	9.9342590570e-01	9.8391115665e-01
7.3481130072e+02	9.9345552921e-01	9.8382252455e-01
7.3523101016e+02	9.9348497391e-01	9.8344594240e-01
7.3565071960e+02	9.9351418018e-01	9.8356908560e-01
7.3607042905e+02	9.9354326725e-01	9.8338794708e-01
7.3649013849e+02	9.9357205629e-01	9.8333859444e-01
7.3690984793e+02	9.9360072613e-01	9.8318487406e-01
7.3732955737e+02	9.9362921715e-01	9.8303598166e-01
7.3774926681e+02	9.9365746975e-01	9.8285424709e-01
7.3816897625e+02	9.9368554354e-01	9.8276591301e-01
7.3858868569e+02	9.9371343851e-01	9.8257184029e-01
7.3900839513e+02	9.9374115467e-01	9.8233526945e-01
7.3942810458e+02	9.9376869202e-01	9.8233336210e-01
7.3984781402e+02	9.9379605055e-01	9.8198753595e-01
7.4026752346e+02	9.9382323027e-01	9.8179322481e-01
7.4068723290e+02	9.9385023117e-01	9.8169815540e-01
7.4110694234e+02	9.9387705326e-01	9.8162043095e-01
7.4152665178e+02	9.9390369654e-01	9.8134237528e-01
7.4194636122e+02	9.9393016100e-01	9.8115897179e-01
7.4236607066e+02	9.9395644665e-01	9.8103082180e-01
7.4278578010e+02	9.9398255348e-01	9.8097747564e-01
7.4320548955e+02	9.9400854111e-01	9.8040491343e-01
7.4362519899e+02	9.9403429031e-01	9.8054629564e-01
7.4404490843e+02	9.9405992031e-01	9.8032182455e-01
7.4446461787e+02	9.9408543110e-01	9.8021471500e-01
7.4488432731e+02	9.9411070347e-01	9.8005819321e-01
7.4530403675e+02	9.9413585663e-01	9.7976922989e-01
7.4572374619e+02	9.9416083097e-01	9.7953766584e-01
7.4614345563e+02	9.9418562651e-01	9.7927981615e-01
7.4656316508e+02	9.9421030283e-01	9.7915649414e-01
7.4698287452e+02	9.9423480034e-01	9.7878086567e-01
7.4740258396e+02	9.9425911903e-01	9.7860431671e-01
7.4782229340e+02	9.9428331852e-01	9.7835391760e-01
7.4824200284e+02	9.9430739880e-01	9.7817558050e-01
7.4866171228e+02	9.9433130026e-01	9.7786581516e-01
7.4908142172e+02	9.9435502291e-01	9.7791004181e-01
7.4950113116e+02	9.9437862635e-01	9.7762531042e-01
7.4992084061e+02	9.9440205097e-01	9.7750675678e-01
7.5034055005e+02	9.9442535639e-01	9.7723436356e-01
7.5076025949e+02	9.9444854259e-01	9.7689223289e-01
7.5117996893e+02	9.9447154999e-01	9.7685325146e-01
7.5159967837e+02	9.9449437857e-01	9.7678875923e-01
7.5201938781e+02	9.9451714754e-01	9.7633707523e-01
7.5243909725e+02	9.9453973770e-01	9.7628670931e-01
7.5285880669e+02	9.9456214905e-01	9.7613573074e-01
7.5327851613e+02	9.9458444118e-01	9.7589147091e-01
7.5369822558e+02	9.9460661411e-01	9.7578865290e-01
7.5411793502e+02	9.9462866783e-01	9.7525542974e-01
7.5453764446e+02	9.9465060234e-01	9.7490918636e-01
7.5495735390e+02	9.9467235804e-01	9.7466224432e-01
7.5537706334e+02	9.9469399452e-01	9.7475057840e-01
7.5579677278e+02	9.9471551180e-01	9.7419047356e-01
7.5621648222e+02	9.9473685026e-01	9.7404748201e-01
7.5663619166e+02	9.9475812912e-01	9.7363889217e-01
7.5705590111e+02	9.9477922916e-01	9.7359156609e-01
7.5747561055e+02	9.9480021000e-01	9.7321903706e-01
7.5789531999e+02	9.9482107162e-01	9.7326445580e-01
7.5831502943e+02	9.9484181404e-01	9.7300684452e-01
7.5873473887e+02	9.9486243725e-01	9.7256875038e-01
7.5915444831e+02	9.9488294125e-01	9.7235524654e-01
7.5957415775e+02	9.9490332603e-01	9.7199064493e-01
7.5999386719e+02	9.9492359161e-01	9.7173881531e-01
7.6041357664e+02	9.9494367838e-01	9.7156369686e-01
7.6083328608e+02	9.9496370554e-01	9.7117322683e-01
7.6125299552e+02	9.9498361349e-01	9.7085458040e-01
7.6167270496e+02	9.9500334263e-01	9.7067105770e-01
7.6209241440e+02	9.9502301216e-01	9.7053951025e-01
7.6251212384e+02	9.9504256248e-01	9.7029387951e-01
7.6293183328e+02	9.9506199360e-01	9.6994519234e-01
7.6335154272e+02	9.9508130550e-01	9.6973472834e-01
7.6377125216e+02	9.9510049820e-01	9.6928763390e-01
7.6419096161e+02	9.9511957169e-01	9.6913224459e-01
7.6461067105e+02	9.9513858557e-01	9.6866726875e-01
7.6503038049e+02	9.9515742064e-01	9.6848028898e-01
7.6545008993e+02	9.9517619610e-01	9.6837741137e-01
7.6586979937e+02	9.9519485235e-01	9.6787124872e-01
7.6628950881e+02	9.9521338940e-01	9.6749538183e-01
7.6670921825e+02	9.9523180723e-01	9.6745467186e-01
7.6712892769e+02	9.9525016546e-01	9.6687716246e-01
7.6754863714e+02	9.9526840448e-01	9.6660923958e-01
7.6796834658e+02	9.9528652430e-01	9.6638417244e-01
7.6838805602e+02	9.9530452490e-01	9.6620333195e-01
7.6880776546e+02	9.9532240629e-01	9.6591192484e-01
7.6922747490e+02	9.9534022808e-01	9.6551358700e-01
7.6964718434e+02	9.9535793066e-01	9.6556037664e-01
7.7006689378e+02	9.9537557364e-01	9.6524530649e-01
7.7048660322e+02	9.9539303780e-01	9.6450191736e-01
7.7090631267e+02	9.9541044235e-01	9.6447420120e-01
7.7132602211e+02	9.9542778730e-01	9.6393811703e-01
7.7174573155e+02	9.9544501305e-01	9.6391290426e-01
7.7216544099e+02	9.9546211958e-01	9.6339875460e-01
7.7258515043e+02	9.9547910690e-01	9.6322542429e-01
7.7300485987e+02	9.9549603462e-01	9.6279859543e-01
7.7342456931e+02	9.9551290274e-01	9.6252548695e-01
7.7384427875e+02	9.9552959204e-01	9.6257483959e-01
7.7426398819e+02	9.9554628134e-01	9.6202754974e-01
7.7468369764e+02	9.9556279182e-01	9.6154808998e-01
7.7510340708e+02	9.9557924271e-01	9.6148681641e-01
7.7552311652e+02	9.9559563398e-01	9.6116852760e-01
7.7594282596e+02	9.9561190605e-01	9.6070706844e-01
7.7636253540e+02	9.9562811852e-01	9.6010476351e-01
7.7678224484e+02	9.9564421177e-01	9.5986163616e-01
7.7720195428e+02	9.9566018581e-01	9.5970165730e-01
7.7762166372e+02	9.9567610025e-01	9.5902150869e-01
7.7804137317e+02	9.9569195509e-01	9.5900505781e-01
7.7846108261e+02	9.9570769072e-01	9.5869463682e-01
7.7888079205e+02	9.9572336674e-01	9.5821404457e-01
7.7930050149e+02	9.9573892355e-01	9.5797204971e-01
7.7972021093e+02	9.9575442076e-01	9.5733690262e-01
7.8013992037e+02	9.9576985836e-01	9.5743644238e-01
7.8055962981e+02	9.9578517675e-01	9.5670753717e-01
7.8097933925e+02	9.9580037594e-01	9.5662170649e-01
7.8139904870e+02	9.9581557512e-01	9.5612013340e-01
7.8181875814e+02	9.9583065510e-01	9.5579308271e-01
7.8223846758e+02	9.9584561586e-01	9.5511174202e-01
7.8265817702e+02	9.9586051702e-01	9.5523911715e-01
7.8307788646e+02	9.9587535858e-01	9.5475018024e-01
7.8349759590e+02	9.9589014053e-01	9.5406436920e-01
7.8391730534e+02	9.9590480328e-01	9.5383393764e-01
7.8433701478e+02	9.9591940641e-01	9.5377886295e-01
7.8475672422e+02	9.9593389034e-01	9.5317149162e-01
7.8517643367e+02	9.9594837427e-01	9.5303428173e-01
7.8559614311e+02	9.9596273899e-01	9.5240437984e-01
7.8601585255e+02	9.9597698450e-01	9.5223635435e-01
7.8643556199e+02	9.9599123001e-01	9.5149779320e-01
7.8685527143e+02	9.9600535631e-01	9.5111715794e-01
7.8727498087e+02	9.9601942301e-01	9.5123642683e-01
7.8769469031e+02	9.9603343010e-01	9.5050859451e-01
7.8811439975e+02	9.9604731798e-01	9.5032811165e-01
7.8853410920e+02	9.9606114626e-01	9.4975066185e-01
7.8895381864e+02	9.9607491493e-01	9.4933933020e-01
7.8937352808e+02	9.9608862400e-01	9.4884502888e-01
7.8979323752e+02	9.9610227346e-01	9.4850397110e-01
7.9021294696e+02	9.9611580372e-01	9.4793963432e-01
7.9063265640e+02	9.9612927437e-01	9.4785255194e-01
7.9105236584e+02	9.9614274502e-01	9.4720047712e-01
7.9147207528e+02	9.9615603685e-01	9.4681793451e-01
7.9189178473e+02	9.9616932869e-01	9.4652479887e-01
7.9231149417e+02	9.9618256092e-01	9.4613277912e-01
7.9273120361e+02	9.9619567394e-01	9.4581168890e-01
7.9315091305e+02	9.9620878696e-01	9.4524711370e-01
7.9357062249e+02	9.9622178078e-01	9.4497913122e-01
7.9399033193e+02	9.9623471498e-01	9.4424039125e-01
7.9441004137e+02	9.9624758959e-01	9.4409471750e-01
7.9482975081e+02	9.9626040459e-01	9.4389569759e-01
7.9524946025e+02	9.9627310038e-01	9.4311678410e-01
7.9566916970e+02	9.9628579617e-01	9.4296115637e-01
7.9608887914e+02	9.9629843235e-01	9.4233036041e-01
7.9650858858e+02	9.9631094933e-01	9.4177645445e-01
7.9692829802e+02	9.9632346630e-01	9.4125133753e-01
7.9734800746e+02	9.9633586407e-01	9.4102030993e-01
7.9776771690e+02	9.9634820223e-01	9.4037926197e-01
7.9818742634e+02	9.9636054039e-01	9.4012492895e-01
7.9860713578e+02	9.9637275934e-01	9.3962329626e-01
7.9902684523e+02	9.9638491869e-01	9.3928647041e-01
7.9944655467e+02	9.9639701843e-01	9.3884468079e-01
