wavelength_nm	final_network_transmittance	nearest_simulation_transmittance
3.7973711347e+02	9.4788479805e-01	9.4376798793e-01
3.8015682291e+02	9.4581025839e-01	9.4267862933e-01
3.8057653235e+02	9.4349461794e-01	9.4128326182e-01
3.8099624179e+02	9.4092935324e-01	9.3960304816e-01
3.8141595123e+02	9.3816971779e-01	9.3765919363e-01
3.8183566067e+02	9.3519639969e-01	9.3547273605e-01
3.8225537011e+02	9.3209135532e-01	9.3306435577e-01
3.8267507956e+02	9.2883479595e-01	9.3045420686e-01
3.8309478900e+02	9.2547327280e-01	9.2766177068e-01
3.8351449844e+02	9.2200601101e-01	9.2470573095e-01
3.8393420788e+02	9.1853177547e-01	9.2160387132e-01
3.8435391732e+02	9.1501015425e-01	9.1837299360e-01
3.8477362676e+02	9.1152232885e-01	9.1502885609e-01
3.8519333620e+02	9.0799802542e-01	9.1158613060e-01
3.8561304564e+02	9.0449678898e-01	9.0805794904e-01
3.8603275508e+02	9.0102255344e-01	9.0445708428e-01
3.8645246453e+02	8.9757847786e-01	9.0079518109e-01
3.8687217397e+02	8.9414209127e-01	8.9708239796e-01
3.8729188341e+02	8.9072751999e-01	8.9332782255e-01
3.8771159285e+02	8.8732731342e-01	8.8953950731e-01
3.8813130229e+02	8.8397544622e-01	8.8572451200e-01
3.8855101173e+02	8.8063913584e-01	8.8188895216e-01
3.8897072117e+02	8.7732291222e-01	8.7803805240e-01
3.8939043061e+02	8.7399333715e-01	8.7417620320e-01
3.8981014006e+02	8.7071728706e-01	8.7030702026e-01
3.9022984950e+02	8.6744970083e-01	8.6643340588e-01
3.9064955894e+02	8.6425966024e-01	8.6255761044e-01
3.9106926838e+02	8.6112350225e-01	8.5868129483e-01
3.9148897782e+02	8.5804188251e-01	8.5480559220e-01
3.9190868726e+02	8.5502511263e-01	8.5093116866e-01
3.9232839670e+02	8.5232669115e-01	8.4705828278e-01
3.9274810614e+02	8.4869480133e-01	8.4318684321e-01
3.9316781559e+02	8.4553819895e-01	8.3931646414e-01
3.9358752503e+02	8.4249454737e-01	8.3544651890e-01
3.9400723447e+02	8.3940649033e-01	8.3157618518e-01
3.9442694391e+02	8.3643758297e-01	8.2770447847e-01
3.9484665335e+02	8.3342671394e-01	8.2383033686e-01
3.9526636279e+02	8.3026957512e-01	8.1995264104e-01
3.9568607223e+02	8.2745802402e-01	8.1607025581e-01
3.9610578167e+02	8.2406568527e-01	8.1218206549e-01
3.9652549111e+02	8.2099515200e-01	8.0828700586e-01
3.9694520056e+02	8.1796604395e-01	8.0438409253e-01
3.9736491000e+02	8.1496858597e-01	8.0047244624e-01
3.9778461944e+02	8.1201660633e-01	7.9655131377e-01
3.9820432888e+02	8.0885362625e-01	7.9262008621e-01
3.9862403832e+02	8.0557054281e-01	7.8867831344e-01
3.9904374776e+02	8.0252259970e-01	7.8472571513e-01
3.9946345720e+02	7.9930615425e-01	7.8076218865e-01
3.9988316664e+02	7.9589456320e-01	7.7678770056e-01
4.0030287609e+02	7.9251921177e-01	7.7280245306e-01
4.0072258553e+02	7.8902977705e-01	7.6880709592e-01
4.0114229497e+02	7.8604131937e-01	7.6480227380e-01
4.0156200441e+02	7.8274124861e-01	7.6078880339e-01
4.0198171385e+02	7.7928584814e-01	7.5676766358e-01
4.0240142329e+02	7.7590596676e-01	7.5273998351e-01
4.0282113273e+02	7.7262777090e-01	7.4870702866e-01
4.0324084217e+02	7.6937967539e-01	7.4467018512e-01
4.0366055162e+02	7.6615065336e-01	7.4063092149e-01
4.0408026106e+02	7.6289319992e-01	7.3659095952e-01
4.0449997050e+02	7.6002949476e-01	7.3255196950e-01
4.0491967994e+02	7.5715982914e-01	7.2851564707e-01
4.0533938938e+02	7.5420910120e-01	7.2448370712e-01
4.0575909882e+02	7.5117516518e-01	7.2045786177e-01
4.0617880826e+02	7.4832594395e-01	7.1643980540e-01
4.0659851770e+02	7.4547034502e-01	7.1243170950e-01
4.0701822714e+02	7.4263906479e-01	7.0843478388e-01
4.0743793659e+02	7.3976963758e-01	7.0445049516e-01
4.0785764603e+02	7.3675942421e-01	7.0048019097e-01
4.0827735547e+02	7.3373132944e-01	6.9652507858e-01
4.0869706491e+02	7.3070836067e-01	6.9258636351e-01
4.0911677435e+02	7.2771561146e-01	6.8866562037e-01
4.0953648379e+02	7.2476363182e-01	6.8476273421e-01
4.0995619323e+02	7.2186148167e-01	6.8087811026e-01
4.1037590267e+02	7.1898031235e-01	6.7701191469e-01
4.1079561212e+02	7.1608585119e-01	6.7316405997e-01
4.1121532156e+02	7.1310210228e-01	6.6933522986e-01
4.1163503100e+02	7.0994222164e-01	6.6552369233e-01
4.1205474044e+02	7.0663362741e-01	6.6172837338e-01
4.1247444988e+02	7.0330184698e-01	6.5794795168e-01
4.1289415932e+02	6.9971346855e-01	6.5418093163e-01
4.1331386876e+02	6.9618451595e-01	6.5042562387e-01
4.1373357820e+02	6.9269001484e-01	6.4667886458e-01
4.1415328765e+02	6.8915754557e-01	6.4293790660e-01
4.1457299709e+02	6.8561840057e-01	6.3919966186e-01
4.1499270653e+02	6.8219506741e-01	6.3546037684e-01
4.1541241597e+02	6.7895233631e-01	6.3171579403e-01
4.1583212541e+02	6.7505371571e-01	6.2796166835e-01
4.1625183485e+02	6.7187178135e-01	6.2419340144e-01
4.1667154429e+02	6.6835206747e-01	6.2040470382e-01
4.1709125373e+02	6.6517573595e-01	6.1658989692e-01
4.1751096317e+02	6.6178041697e-01	6.1274382295e-01
4.1793067262e+02	6.5811264515e-01	6.0886044251e-01
4.1835038206e+02	6.5446990728e-01	6.0493000602e-01
4.1877009150e+02	6.5067511797e-01	6.0094660536e-01
4.1918980094e+02	6.4689075947e-01	5.9690426821e-01
4.1960951038e+02	6.4283877611e-01	5.9279561603e-01
4.2002921982e+02	6.3867980242e-01	5.8860526520e-01
4.2044892926e+02	6.3446736336e-01	5.8433143846e-01
4.2086863870e+02	6.3009226322e-01	5.7996615427e-01
4.2128834815e+02	6.2583124638e-01	5.7549606352e-01
4.2170805759e+02	6.2149316072e-01	5.7091045495e-01
4.2212776703e+02	6.1710292101e-01	5.6620623083e-01
4.2254747647e+02	6.1250662804e-01	5.6137400863e-01
4.2296718591e+02	6.0773611069e-01	5.5639113388e-01
4.2338689535e+02	6.0285848379e-01	5.5126158399e-01
4.2380660479e+02	5.9790438414e-01	5.4597692739e-01
4.2422631423e+02	5.9234338999e-01	5.4051321019e-01
4.2464602368e+02	5.8699578047e-01	5.3487101821e-01
4.2506573312e+02	5.8139842749e-01	5.2904624043e-01
4.2548544256e+02	5.7571828365e-01	5.2301617723e-01
4.2590515200e+02	5.6992101669e-01	5.1677651164e-01
4.2632486144e+02	5.6384223700e-01	5.1032840808e-01
4.2674457088e+02	5.5746829510e-01	5.0364921639e-01
4.2716428032e+02	5.5094170570e-01	4.9673281132e-01
4.2758398976e+02	5.4448556900e-01	4.8958456527e-01
4.2800369920e+02	5.3777217865e-01	4.8217971320e-01
4.2842340865e+02	5.3080707788e-01	4.7451509903e-01
4.2884311809e+02	5.2374690771e-01	4.6659813903e-01
4.2926282753e+02	5.1560562849e-01	4.5839891122e-01
4.2968253697e+02	5.0985330343e-01	4.4992345936e-01
4.3010224641e+02	4.9796685576e-01	4.4117812269e-01
4.3052195585e+02	4.9118864536e-01	4.3212408300e-01
4.3094166529e+02	4.8244571686e-01	4.2278405727e-01
4.3136137473e+02	4.7328972816e-01	4.1315460528e-01
4.3178108418e+02	4.6377503872e-01	4.0319864015e-01
4.3220079362e+02	4.5361128449e-01	3.9294945761e-01
4.3262050306e+02	4.4329652190e-01	3.8238490930e-01
4.3304021250e+02	4.3265101314e-01	3.7149534012e-01
4.3345992194e+02	4.2172119021e-01	3.6030483877e-01
4.3387963138e+02	4.1088849306e-01	3.4877458730e-01
4.3429934082e+02	3.9930340648e-01	3.3693360492e-01
4.3471905026e+02	3.8711965084e-01	3.2478224003e-01
4.3513875971e+02	3.7441408634e-01	3.1229969652e-01
4.3555846915e+02	3.6134669185e-01	2.9953004339e-01
4.3597817859e+02	3.4780064225e-01	2.8645145093e-01
4.3639788803e+02	3.3377403021e-01	2.7310081304e-01
4.3681759747e+02	3.1927075982e-01	2.5950091935e-01
4.3723730691e+02	3.0438932776e-01	2.4566393922e-01
4.3765701635e+02	2.8910338879e-01	2.3165334453e-01
4.3807672579e+02	2.7375867963e-01	2.1749654604e-01
4.3849643523e+02	2.5820034742e-01	2.0326951797e-01
4.3891614468e+02	2.4259643257e-01	1.8903862439e-01
4.3933585412e+02	2.2688001394e-01	1.7489859736e-01
4.3975556356e+02	2.1143072844e-01	1.6093141282e-01
4.4017527300e+02	1.9642105699e-01	1.4729279278e-01
4.4059498244e+02	1.8189331889e-01	1.3405063740e-01
4.4101469188e+02	1.6807618737e-01	1.2140028510e-01
4.4143440132e+02	1.5500007570e-01	1.0942211206e-01
4.4185411076e+02	1.4275296032e-01	9.8275426452e-02
4.4227382021e+02	1.3145895302e-01	8.8085099435e-02
4.4269352965e+02	1.2110815942e-01	7.8900899036e-02
4.4311323909e+02	1.1190444976e-01	7.0893757203e-02
4.4353294853e+02	1.0394009948e-01	6.3957406764e-02
4.4395265797e+02	9.7757361829e-02	5.8293628758e-02
4.4437236741e+02	9.1692231596e-02	5.3668617826e-02
4.4479207685e+02	8.7964691222e-02	5.0224757498e-02
4.4521178629e+02	8.5639283061e-02	4.7735345031e-02
4.4563149574e+02	8.4259331226e-02	4.6263170471e-02
4.4605120518e+02	8.4855765104e-02	4.5668831006e-02
4.4647091462e+02	8.6552299559e-02	4.6005327317e-02
4.4689062406e+02	9.0271338820e-02	4.7257210927e-02
4.4731033350e+02	9.5376186073e-02	4.9530327846e-02
4.4773004294e+02	1.0228534788e-01	5.2947472348e-02
4.4814975238e+02	1.1081293225e-01	5.7702719906e-02
4.4856946182e+02	1.2231777608e-01	6.4213239876e-02
4.4898917126e+02	1.3493180275e-01	7.3056599175e-02
4.4940888071e+02	1.4966274798e-01	8.5011314153e-02
4.4982859015e+02	1.6664917767e-01	1.0019929703e-01
4.5024829959e+02	1.8591181934e-01	1.1868236244e-01
4.5066800903e+02	2.0667529106e-01	1.4020918485e-01
4.5108771847e+02	2.2915807366e-01	1.6469398410e-01
4.5150742791e+02	2.5348117948e-01	1.9172259877e-01
4.5192713735e+02	2.7852955461e-01	2.2084980712e-01
4.5234684679e+02	3.0321344733e-01	2.5144480336e-01
4.5276655624e+02	3.2754528522e-01	2.8280736224e-01
4.5318626568e+02	3.5063526034e-01	3.1427105874e-01
4.5360597512e+02	3.7247169018e-01	3.4519626139e-01
4.5402568456e+02	3.9298900962e-01	3.7502569419e-01
4.5444539400e+02	4.1158387065e-01	4.0343429405e-01
4.5486510344e+02	4.2853474617e-01	4.2999236428e-01
4.5528481288e+02	4.4341319799e-01	4.5476442058e-01
4.5570452232e+02	4.5655348897e-01	4.7738820609e-01
4.5612423177e+02	4.6805003285e-01	4.9824231998e-01
4.5654394121e+02	4.7781729698e-01	5.1699397471e-01
4.5696365065e+02	4.8632431030e-01	5.3413287834e-01
4.5738336009e+02	4.9361959100e-01	5.4950610695e-01
4.5780306953e+02	4.9972775578e-01	5.6344803847e-01
4.5822277897e+02	5.0730198622e-01	5.7599034623e-01
4.5864248841e+02	5.0906354189e-01	5.8730438096e-01
4.5906219785e+02	5.1413941383e-01	5.9754589661e-01
4.5948190729e+02	5.2197641134e-01	6.0674913103e-01
4.5990161674e+02	5.2622365952e-01	6.1514519258e-01
4.6032132618e+02	5.3104698658e-01	6.2266506013e-01
4.6074103562e+02	5.3589099646e-01	6.2954502403e-01
4.6116074506e+02	5.4096853733e-01	6.3575242660e-01
4.6158045450e+02	5.4565560818e-01	6.4140576213e-01
4.6200016394e+02	5.5014151335e-01	6.4654566830e-01
4.6241987338e+02	5.5470103025e-01	6.5119211380e-01
4.6283958282e+02	5.5898952484e-01	6.5544145212e-01
4.6325929227e+02	5.6288772821e-01	6.5924099723e-01
4.6367900171e+02	5.6656050682e-01	6.6269934419e-01
4.6409871115e+02	5.6971061230e-01	6.6579510817e-01
4.6451842059e+02	5.7253575325e-01	6.6855921633e-01
4.6493813003e+02	5.7516294718e-01	6.7102635356e-01
4.6535783947e+02	5.7743912935e-01	6.7316329412e-01
4.6577754891e+02	5.7940328121e-01	6.7503410557e-01
4.6619725835e+02	5.8103752136e-01	6.7661032571e-01
4.6661696780e+02	5.8231222630e-01	6.7791522411e-01
4.6703667724e+02	5.8329701424e-01	6.7896854988e-01
4.6745638668e+02	5.8386272192e-01	6.7973376181e-01
4.6787609612e+02	5.8402282000e-01	6.8026214356e-01
4.6829580556e+02	5.8387774229e-01	6.8052971649e-01
4.6871551500e+02	5.8323746920e-01	6.8054357786e-01
4.6913522444e+02	5.8226901293e-01	6.8032962457e-01
4.6955493388e+02	5.8108079433e-01	6.7984577817e-01
4.6997464332e+02	5.7960581779e-01	6.7913560390e-01
4.7039435277e+02	5.7791233063e-01	6.7819293239e-01
4.7081406221e+02	5.7610625029e-01	6.7699829752e-01
4.7123377165e+02	5.7423269749e-01	6.7558863592e-01
4.7165348109e+02	5.7191210985e-01	6.7394171832e-01
4.7207319053e+02	5.6959587336e-01	6.7206541017e-01
4.7249289997e+02	5.6689405441e-01	6.6998220107e-01
4.7291260941e+02	5.6331127882e-01	6.6766104989e-01
4.7333231885e+02	5.5997806787e-01	6.6513029081e-01
4.7375202830e+02	5.5669319630e-01	6.6240110831e-01
4.7417173774e+02	5.5386734009e-01	6.5943649109e-01
4.7459144718e+02	5.5062448978e-01	6.5627854113e-01
4.7501115662e+02	5.4685598612e-01	6.5292522822e-01
4.7543086606e+02	5.4382097721e-01	6.4934982869e-01
4.7585057550e+02	5.4017120600e-01	6.4558808004e-01
4.7627028494e+02	5.3538268805e-01	6.4163389468e-01
4.7668999438e+02	5.3104650974e-01	6.3746632729e-01
4.7710970383e+02	5.2652496099e-01	6.3311577528e-01
4.7752941327e+02	5.2192163467e-01	6.2857448487e-01
4.7794912271e+02	5.1697015762e-01	6.2382167634e-01
4.7836883215e+02	5.1204109192e-01	6.1888512106e-01
4.7878854159e+02	5.0679337978e-01	6.1375735968e-01
4.7920825103e+02	5.0117254257e-01	6.0841240623e-01
4.7962796047e+02	4.9550363421e-01	6.0287837034e-01
4.8004766991e+02	4.8956272006e-01	5.9715056738e-01
4.8046737935e+02	4.8347854614e-01	5.9119211587e-01
4.8088708880e+02	4.7729420662e-01	5.8503490499e-01
4.8130679824e+02	4.7111460567e-01	5.7867525125e-01
4.8172650768e+02	4.6499064565e-01	5.7207410637e-01
4.8214621712e+02	4.5850262046e-01	5.6525591422e-01
4.8256592656e+02	4.5192381740e-01	5.5822128609e-01
4.8298563600e+02	4.4505700469e-01	5.5093966583e-01
4.8340534544e+02	4.3793499470e-01	5.4341435367e-01
4.8382505488e+02	4.3113040924e-01	5.3565694106e-01
4.8424476433e+02	4.2365291715e-01	5.2765077683e-01
4.8466447377e+02	4.1646358371e-01	5.1936900868e-01
4.8508418321e+02	4.0885889530e-01	5.1083969722e-01
4.8550389265e+02	4.0128377080e-01	5.0205852015e-01
4.8592360209e+02	3.9349460602e-01	4.9298212071e-01
4.8634331153e+02	3.8563752174e-01	4.8363743457e-01
4.8676302097e+02	3.7761440873e-01	4.7402940127e-01
4.8718273041e+02	3.6956226826e-01	4.6414100057e-01
4.8760243986e+02	3.6134943366e-01	4.5395183927e-01
4.8802214930e+02	3.5339546204e-01	4.4349461045e-01
4.8844185874e+02	3.4521281719e-01	4.3276978186e-01
4.8886156818e+02	3.3522999287e-01	4.2174753834e-01
4.8928127762e+02	3.2960218191e-01	4.1044844828e-01
4.8970098706e+02	3.2160526514e-01	3.9889234319e-01
4.9012069650e+02	3.1542950869e-01	3.8708563807e-01
4.9054040594e+02	3.0958592892e-01	3.7499877941e-01
4.9096011538e+02	3.0295044184e-01	3.6268096158e-01
4.9137982483e+02	2.9679405689e-01	3.5014757942e-01
4.9179953427e+02	2.9094913602e-01	3.3741124877e-01
4.9221924371e+02	2.8518807888e-01	3.2446808781e-01
4.9263895315e+02	2.7975338697e-01	3.1136959502e-01
4.9305866259e+02	2.7444139123e-01	2.9813981608e-01
4.9347837203e+02	2.6902753115e-01	2.8480432572e-01
4.9389808147e+02	2.6341983676e-01	2.7138870294e-01
4.9431779091e+02	2.5776886940e-01	2.5794070597e-01
4.9473750036e+02	2.5209239125e-01	2.4449645507e-01
4.9515720980e+02	2.4623078108e-01	2.3109462538e-01
4.9557691924e+02	2.4004800618e-01	2.1779627599e-01
4.9599662868e+02	2.3356384039e-01	2.0463703081e-01
4.9641633812e+02	2.2673793137e-01	1.9166188894e-01
4.9683604756e+02	2.1941225231e-01	1.7891719826e-01
4.9725575700e+02	2.1213679016e-01	1.6648590439e-01
4.9767546644e+02	2.0482167602e-01	1.5440459474e-01
4.9809517589e+02	1.9725582004e-01	1.4270576593e-01
4.9851488533e+02	1.8965871632e-01	1.3143364211e-01
4.9893459477e+02	1.8219950795e-01	1.2064979938e-01
4.9935430421e+02	1.7499659956e-01	1.1043754823e-01
4.9977401365e+02	1.6778375208e-01	1.0077591545e-01
5.0019372309e+02	1.6078692675e-01	9.1694192730e-02
5.0061343253e+02	1.5382270515e-01	8.3216672711e-02
5.0103314197e+02	1.4709626138e-01	7.5419370737e-02
5.0145285141e+02	1.4078438282e-01	6.8296614895e-02
5.0187256086e+02	1.3482101262e-01	6.1817373010e-02
5.0229227030e+02	1.2928585708e-01	5.5981564821e-02
5.0271197974e+02	1.2428154796e-01	5.0783850562e-02
5.0313168918e+02	1.1975758523e-01	4.6279331978e-02
5.0355139862e+02	1.1591849476e-01	4.2407185192e-02
5.0397110806e+02	1.1308375001e-01	3.9126692659e-02
5.0439081750e+02	1.0987583548e-01	3.6418855351e-02
5.0481052694e+02	1.0664615035e-01	3.4264806566e-02
5.0523023639e+02	1.0778012127e-01	3.2692904800e-02
5.0564994583e+02	1.0696817935e-01	3.1668837898e-02
5.0606965527e+02	1.0874930024e-01	3.1159906757e-02
5.0648936471e+02	1.1100058258e-01	3.1168967283e-02
5.0690907415e+02	1.1341464520e-01	3.1709374769e-02
5.0732878359e+02	1.1846399307e-01	3.2825527322e-02
5.0774849303e+02	1.2318513542e-01	3.4607892614e-02
5.0816820247e+02	1.3010394573e-01	3.7060074945e-02
5.0858791192e+02	1.3820688426e-01	4.0259400338e-02
5.0900762136e+02	1.4795631170e-01	4.4299099175e-02
5.0942733080e+02	1.5974211693e-01	4.9286483577e-02
5.0984704024e+02	1.7379166186e-01	5.5414685135e-02
5.1026674968e+02	1.8901991844e-01	6.2827621590e-02
5.1068645912e+02	2.0585690439e-01	7.1576130773e-02
5.1110616856e+02	2.2413885593e-01	8.1766932634e-02
5.1152587800e+02	2.4361048639e-01	9.3484114845e-02
5.1194558744e+02	2.6407536864e-01	1.0677954624e-01
5.1236529689e+02	2.8556719422e-01	1.2173133209e-01
5.1278500633e+02	3.0770477653e-01	1.3834165098e-01
5.1320471577e+02	3.3011180162e-01	1.5639009793e-01
5.1362442521e+02	3.5287335515e-01	1.7573144478e-01
5.1404413465e+02	3.7546899915e-01	1.9618088789e-01
5.1446384409e+02	3.9794972539e-01	2.1752410190e-01
5.1488355353e+02	4.2022901773e-01	2.3952934903e-01
5.1530326297e+02	4.4200092554e-01	2.6197582792e-01
5.1572297242e+02	4.6322929859e-01	2.8458788505e-01
5.1614268186e+02	4.8373034596e-01	3.0714934094e-01
5.1656239130e+02	5.0356990099e-01	3.2948254647e-01
5.1698210074e+02	5.2279889584e-01	3.5144012369e-01
5.1740181018e+02	5.4047936201e-01	3.7290602120e-01
5.1782151962e+02	5.5744665861e-01	3.9379446432e-01
5.1824122906e+02	5.7404100895e-01	4.1401393493e-01
5.1866093850e+02	5.8976578712e-01	4.3352647620e-01
5.1908064795e+02	6.0393935442e-01	4.5235732174e-01
5.1950035739e+02	6.1680281162e-01	4.7051169080e-01
5.1992006683e+02	6.3027071953e-01	4.8800584203e-01
5.2033977627e+02	6.4118266106e-01	5.0486376497e-01
5.2075948571e+02	6.5281391144e-01	5.2111435179e-01
5.2117919515e+02	6.6337066889e-01	5.3678905455e-01
5.2159890459e+02	6.7439037561e-01	5.5190037289e-01
5.2201861403e+02	6.8603938818e-01	5.6647463358e-01
5.2243832347e+02	6.9609850645e-01	5.8057088263e-01
5.2285803292e+02	7.0575594902e-01	5.9421505047e-01
5.2327774236e+02	7.1497988701e-01	6.0742977435e-01
5.2369745180e+02	7.2367304564e-01	6.2023414822e-01
5.2411716124e+02	7.3160284758e-01	6.3264363848e-01
5.2453687068e+02	7.3934441805e-01	6.4467014291e-01
5.2495658012e+02	7.4699836969e-01	6.5632216823e-01
5.2537628956e+02	7.5405794382e-01	6.6759972094e-01
5.2579599900e+02	7.6095777750e-01	6.7848593474e-01
5.2621570845e+02	7.6761114597e-01	6.8900614059e-01
5.2663541789e+02	7.7409267426e-01	6.9915853568e-01
5.2705512733e+02	7.8065121174e-01	7.0894013243e-01
5.2747483677e+02	7.8720664978e-01	7.1834728879e-01
5.2789454621e+02	7.9341506958e-01	7.2737623542e-01
5.2831425565e+02	7.9891198874e-01	7.3602358079e-01
5.2873396509e+02	8.0366277695e-01	7.4428677760e-01
5.2915367453e+02	8.0786597729e-01	7.5216453476e-01
5.2957338398e+02	8.1194233894e-01	7.5965716203e-01
5.2999309342e+02	8.1593865156e-01	7.6676339731e-01
5.3041280286e+02	8.1965523958e-01	7.7346871379e-01
5.3083251230e+02	8.2334333658e-01	7.7980319002e-01
5.3125222174e+02	8.2698237896e-01	7.8577569962e-01
5.3167193118e+02	8.3052712679e-01	7.9139715594e-01
5.3209164062e+02	8.3399856091e-01	7.9668035553e-01
5.3251135006e+02	8.3741188049e-01	8.0163976661e-01
5.3293105950e+02	8.4071362019e-01	8.0629127589e-01
5.3335076895e+02	8.4393900633e-01	8.1065190782e-01
5.3377047839e+02	8.4709054232e-01	8.1473952920e-01
5.3419018783e+02	8.5010761023e-01	8.1857255338e-01
5.3460989727e+02	8.5283875465e-01	8.2216965273e-01
5.3502960671e+02	8.5582005978e-01	8.2554949009e-01
5.3544931615e+02	8.5854274035e-01	8.2873047544e-01
5.3586902559e+02	8.6131608486e-01	8.3173055249e-01
5.3628873503e+02	8.6393672228e-01	8.3456282697e-01
5.3670844448e+02	8.6648935080e-01	8.3724608638e-01
5.3712815392e+02	8.6890286207e-01	8.3979932906e-01
5.3754786336e+02	8.7126380205e-01	8.4223697409e-01
5.3796757280e+02	8.7353980541e-01	8.4457239873e-01
5.3838728224e+02	8.7576174736e-01	8.4681791533e-01
5.3880699168e+02	8.7792569399e-01	8.4898476933e-01
5.3922670112e+02	8.7991470098e-01	8.5108315485e-01
5.3964641056e+02	8.8179409504e-01	8.5312224482e-01
5.4006612001e+02	8.8358718157e-01	8.5511023216e-01
5.4048582945e+02	8.8541519642e-01	8.5705437926e-01
5.4090553889e+02	8.8725572824e-01	8.5896107368e-01
5.4132524833e+02	8.8875055313e-01	8.6083588720e-01
5.4174495777e+02	8.9025795460e-01	8.6268363687e-01
5.4216466721e+02	8.9184200764e-01	8.6450844656e-01
5.4258437665e+02	8.9339518547e-01	8.6631380758e-01
5.4300408609e+02	8.9490205050e-01	8.6810263773e-01
5.4342379553e+02	8.9638525248e-01	8.6987733781e-01
5.4384350498e+02	8.9780110121e-01	8.7163984539e-01
5.4426321442e+02	8.9914792776e-01	8.7339168508e-01
5.4468292386e+02	9.0047353506e-01	8.7513401588e-01
5.4510263330e+02	9.0180295706e-01	8.7686767453e-01
5.4552234274e+02	9.0312939882e-01	8.7859321572e-01
5.4594205218e+02	9.0449297428e-01	8.8031094872e-01
5.4636176162e+02	9.0589022636e-01	8.8202097086e-01
5.4678147106e+02	9.0732055902e-01	8.8372319777e-01
5.4720118051e+02	9.0869569778e-01	8.8541739077e-01
5.4762088995e+02	9.1008710861e-01	8.8710318132e-01
5.4804059939e+02	9.1148906946e-01	8.8878009326e-01
5.4846030883e+02	9.1286551952e-01	8.9044756235e-01
5.4888001827e+02	9.1426199675e-01	8.9210495375e-01
5.4929972771e+02	9.1544461250e-01	8.9375157761e-01
5.4971943715e+02	9.1695553064e-01	8.9538670276e-01
5.5013914659e+02	9.1826522350e-01	8.9700956881e-01
5.5055885604e+02	9.1938221455e-01	8.9861939677e-01
5.5097856548e+02	9.2100650072e-01	9.0021539824e-01
5.5139827492e+02	9.2185831070e-01	9.0179678366e-01
5.5181798436e+02	9.2320346832e-01	9.0336276922e-01
5.5223769380e+02	9.2428749800e-01	9.0491258294e-01
5.5265740324e+02	9.2559784651e-01	9.0644546984e-01
5.5307711268e+02	9.2682790756e-01	9.0796069638e-01
5.5349682212e+02	9.2791122198e-01	9.0945755420e-01
5.5391653156e+02	9.2894524336e-01	9.1093536326e-01
5.5433624101e+02	9.2997419834e-01	9.1239347443e-01
5.5475595045e+02	9.3096745014e-01	9.1383127148e-01
5.5517565989e+02	9.3192476034e-01	9.1524817298e-01
5.5559536933e+02	9.3286567926e-01	9.1664363341e-01
5.5601507877e+02	9.3381428719e-01	9.1801714421e-01
5.5643478821e+02	9.3470132351e-01	9.1936823443e-01
5.5685449765e+02	9.3560588360e-01	9.2069647112e-01
5.5727420709e+02	9.3648320436e-01	9.2200145955e-01
5.5769391654e+02	9.3734365702e-01	9.2328284314e-01
5.5811362598e+02	9.3817526102e-01	9.2454030320e-01
5.5853333542e+02	9.3897539377e-01	9.2577355871e-01
5.5895304486e+02	9.3975979090e-01	9.2698236574e-01
5.5937275430e+02	9.4052350521e-01	9.2816651681e-01
5.5979246374e+02	9.4126158953e-01	9.2932584023e-01
5.6021217318e+02	9.4201016426e-01	9.3046019923e-01
5.6063188262e+02	9.4274973869e-01	9.3156949114e-01
5.6105159207e+02	9.4347554445e-01	9.3265364643e-01
5.6147130151e+02	9.4420713186e-01	9.3371262762e-01
5.6189101095e+02	9.4490951300e-01	9.3474642837e-01
5.6231072039e+02	9.4561707973e-01	9.3575507233e-01
5.6273042983e+02	9.4631218910e-01	9.3673861204e-01
5.6315013927e+02	9.4700026512e-01	9.3769712778e-01
5.6356984871e+02	9.4767671824e-01	9.3863072643e-01
5.6398955815e+02	9.4832766056e-01	9.3953954034e-01
5.6440926759e+02	9.4897729158e-01	9.4042372610e-01
5.6482897704e+02	9.4960284233e-01	9.4128346348e-01
5.6524868648e+02	9.5020961761e-01	9.4211895409e-01
5.6566839592e+02	9.5079010725e-01	9.4293042041e-01
5.6608810536e+02	9.5135641098e-01	9.4371810454e-01
5.6650781480e+02	9.5192879438e-01	9.4448166029e-01
5.6692752424e+02	9.5258939266e-01	9.4522117295e-01
5.6734723368e+02	9.5312279463e-01	9.4593773286e-01
5.6776694312e+02	9.5366507769e-01	9.4663165426e-01
5.6818665257e+02	9.5392632484e-01	9.4730326541e-01
5.6860636201e+02	9.5444154739e-01	9.4795290751e-01
5.6902607145e+02	9.5471811295e-01	9.4858093372e-01
5.6944578089e+02	9.5510089397e-01	9.4918770815e-01
5.6986549033e+02	9.5537889004e-01	9.4977360483e-01
5.7028519977e+02	9.5583373308e-01	9.5033900677e-01
5.7070490921e+02	9.5621275902e-01	9.5088430507e-01
5.7112461865e+02	9.5663052797e-01	9.5140989799e-01
5.7154432810e+02	9.5702713728e-01	9.5191619008e-01
5.7196403754e+02	9.5739227533e-01	9.5240359135e-01
5.7238374698e+02	9.5777201653e-01	9.5287251645e-01
5.7280345642e+02	9.5812427998e-01	9.5332338395e-01
5.7322316586e+02	9.5847219229e-01	9.5375528685e-01
5.7364287530e+02	9.5878583193e-01	9.5416982182e-01
5.7406258474e+02	9.5912247896e-01	9.5456762052e-01
5.7448229418e+02	9.5944684744e-01	9.5494911303e-01
5.7490200362e+02	9.5977002382e-01	9.5531472964e-01
5.7532171307e+02	9.6006762981e-01	9.5566490023e-01
5.7574142251e+02	9.6036052704e-01	9.5600005369e-01
5.7616113195e+02	9.6066451073e-01	9.5632061742e-01
5.7658084139e+02	9.6100312471e-01	9.5662701676e-01
5.7700055083e+02	9.6131813526e-01	9.5691967457e-01
5.7742026027e+02	9.6161586046e-01	9.5719901072e-01
5.7783996971e+02	9.6190798283e-01	9.5746544169e-01
5.7825967915e+02	9.6216613054e-01	9.5771826991e-01
5.7867938860e+02	9.6244996786e-01	9.5795884361e-01
5.7909909804e+02	9.6271359921e-01	9.5818781251e-01
5.7951880748e+02	9.6299290657e-01	9.5840557678e-01
5.7993851692e+02	9.6311360598e-01	9.5861253119e-01
5.8035822636e+02	9.6334189177e-01	9.5880906481e-01
5.8077793580e+02	9.6367305517e-01	9.5899556077e-01
5.8119764524e+02	9.6386903524e-01	9.5917239599e-01
5.8161735468e+02	9.6407204866e-01	9.5933994105e-01
5.8203706413e+02	9.6420705318e-01	9.5949855994e-01
5.8245677357e+02	9.6431434155e-01	9.5964796940e-01
5.8287648301e+02	9.6441465616e-01	9.5978878662e-01
5.8329619245e+02	9.6448361874e-01	9.5992181227e-01
5.8371590189e+02	9.6456694603e-01	9.6004738175e-01
5.8413561133e+02	9.6464437246e-01	9.6016582303e-01
5.8455532077e+02	9.6473395824e-01	9.6027745655e-01
5.8497503021e+02	9.6478056908e-01	9.6038259514e-01
5.8539473965e+02	9.6472990513e-01	9.6048154398e-01
5.8581444910e+02	9.6488988400e-01	9.6057460059e-01
5.8623415854e+02	9.6454960108e-01	9.6066164074e-01
5.8665386798e+02	9.6452808380e-01	9.6074304070e-01
5.8707357742e+02	9.6465235949e-01	9.6081947653e-01
5.8749328686e+02	9.6453577280e-01	9.6089121285e-01
5.8791299630e+02	9.6455782652e-01	9.6095850649e-01
5.8833270574e+02	9.6446299553e-01	9.6102160653e-01
5.8875241518e+02	9.6438872814e-01	9.6108075431e-01
5.8917212463e+02	9.6435743570e-01	9.6113618357e-01
5.8959183407e+02	9.6444725990e-01	9.6118797404e-01
5.9001154351e+02	9.6448349953e-01	9.6123613900e-01
5.9043125295e+02	9.6451222897e-01	9.6128131538e-01
5.9085096239e+02	9.6457678080e-01	9.6132370405e-01
5.9127067183e+02	9.6465164423e-01	9.6136349858e-01
5.9169038127e+02	9.6469247341e-01	9.6140088533e-01
5.9211009071e+02	9.6471524239e-01	9.6143604357e-01
5.9252980016e+02	9.6481812000e-01	9.6146914562e-01
5.9294950960e+02	9.6486681700e-01	9.6150015610e-01
5.9336921904e+02	9.6496081352e-01	9.6152937320e-01
5.9378892848e+02	9.6505630016e-01	9.6155707105e-01
5.9420863792e+02	9.6518099308e-01	9.6158339170e-01
5.9462834736e+02	9.6528339386e-01	9.6160847085e-01
5.9504805680e+02	9.6539425850e-01	9.6163243800e-01
5.9546776624e+02	9.6549427509e-01	9.6165541659e-01
5.9588747568e+02	9.6559202671e-01	9.6167745038e-01
5.9630718513e+02	9.6569031477e-01	9.6169868963e-01
5.9672689457e+02	9.6578937769e-01	9.6171932302e-01
5.9714660401e+02	9.6586233377e-01	9.6173944729e-01
5.9756631345e+02	9.6594107151e-01	9.6175915385e-01
5.9798602289e+02	9.6601927280e-01	9.6177852895e-01
5.9840573233e+02	9.6610116959e-01	9.6179765385e-01
5.9882544177e+02	9.6619105339e-01	9.6181659304e-01
5.9924515121e+02	9.6630322933e-01	9.6183545825e-01
5.9966486066e+02	9.6637892723e-01	9.6185432073e-01
6.0008457010e+02	9.6643817425e-01	9.6187323925e-01
6.0050427954e+02	9.6647769213e-01	9.6189226837e-01
6.0092398898e+02	9.6655434370e-01	9.6191145859e-01
6.0134369842e+02	9.6663093567e-01	9.6193087964e-01
6.0176340786e+02	9.6676933765e-01	9.6195060701e-01
6.0218311730e+02	9.6689045429e-01	9.6197064448e-01
6.0260282674e+02	9.6692442894e-01	9.6199102391e-01
6.0302253619e+02	9.6702462435e-01	9.6201177388e-01
6.0344224563e+02	9.6693009138e-01	9.6203291980e-01
6.0386195507e+02	9.6702778339e-01	9.6205451282e-01
6.0428166451e+02	9.6701550484e-01	9.6207663408e-01
6.0470137395e+02	9.6702075005e-01	9.6209921865e-01
6.0512108339e+02	9.6708852053e-01	9.6212227714e-01
6.0554079283e+02	9.6731168032e-01	9.6214581774e-01
6.0596050227e+02	9.6750032902e-01	9.6216984632e-01
6.0638021171e+02	9.6727776527e-01	9.6219441852e-01
6.0679992116e+02	9.6717715263e-01	9.6221956404e-01
6.0721963060e+02	9.6713489294e-01	9.6224520003e-01
6.0763934004e+02	9.6712094545e-01	9.6227132121e-01
6.0805904948e+02	9.6711671352e-01	9.6229792062e-01
6.0847875892e+02	9.6711403131e-01	9.6232498976e-01
6.0889846836e+02	9.6710246801e-01	9.6235261193e-01
6.0931817780e+02	9.6710354090e-01	9.6238070516e-01
6.0973788724e+02	9.6707814932e-01	9.6240922180e-01
6.1015759669e+02	9.6704548597e-01	9.6243814547e-01
6.1057730613e+02	9.6706879139e-01	9.6246745879e-01
6.1099701557e+02	9.6709376574e-01	9.6249717359e-01
6.1141672501e+02	9.6710950136e-01	9.6252730122e-01
6.1183643445e+02	9.6713691950e-01	9.6255774259e-01
6.1225614389e+02	9.6713131666e-01	9.6258847495e-01
6.1267585333e+02	9.6711993217e-01	9.6261947503e-01
6.1309556277e+02	9.6709275246e-01	9.6265072016e-01
6.1351527222e+02	9.6707624197e-01	9.6268223765e-01
6.1393498166e+02	9.6705585718e-01	9.6271392671e-01
6.1435469110e+02	9.6705764532e-01	9.6274576089e-01
6.1477440054e+02	9.6703243256e-01	9.6277771356e-01
6.1519410998e+02	9.6702086926e-01	9.6280975798e-01
6.1561381942e+02	9.6701169014e-01	9.6284187084e-01
6.1603352886e+02	9.6698397398e-01	9.6287399604e-01
6.1645323830e+02	9.6696275473e-01	9.6290610376e-01
6.1687294774e+02	9.6694707870e-01	9.6293816620e-01
6.1729265719e+02	9.6693336964e-01	9.6297015571e-01
6.1771236663e+02	9.6690815687e-01	9.6300199563e-01
6.1813207607e+02	9.6688932180e-01	9.6303367411e-01
6.1855178551e+02	9.6688473225e-01	9.6306516701e-01
6.1897149495e+02	9.6692752838e-01	9.6309644705e-01
6.1939120439e+02	9.6693670750e-01	9.6312748155e-01
6.1981091383e+02	9.6691471338e-01	9.6315813744e-01
6.2023062327e+02	9.6688455343e-01	9.6318846920e-01
6.2065033272e+02	9.6678382158e-01	9.6321845090e-01
6.2107004216e+02	9.6669030190e-01	9.6324805711e-01
6.2148975160e+02	9.6668678522e-01	9.6327720928e-01
6.2190946104e+02	9.6659743786e-01	9.6330580235e-01
6.2232917048e+02	9.6656966209e-01	9.6333391490e-01
6.2274887992e+02	9.6653926373e-01	9.6336152372e-01
6.2316858936e+02	9.6649086475e-01	9.6338860614e-01
6.2358829880e+02	9.6646666527e-01	9.6341497852e-01
6.2400800825e+02	9.6646332741e-01	9.6344068367e-01
6.2442771769e+02	9.6646225452e-01	9.6346576738e-01
6.2484742713e+02	9.6643537283e-01	9.6349020979e-01
6.2526713657e+02	9.6644061804e-01	9.6351394403e-01
6.2568684601e+02	9.6643275023e-01	9.6353674781e-01
6.2610655545e+02	9.6644532681e-01	9.6355882530e-01
6.2652626489e+02	9.6644198895e-01	9.6358015974e-01
6.2694597433e+02	9.6644443274e-01	9.6360073491e-01
6.2736568377e+02	9.6643149853e-01	9.6362028313e-01
6.2778539322e+02	9.6642327309e-01	9.6363892823e-01
6.2820510266e+02	9.6639645100e-01	9.6365674318e-01
6.2862481210e+02	9.6637481451e-01	9.6367371502e-01
6.2904452154e+02	9.6635335684e-01	9.6368968041e-01
6.2946423098e+02	9.6634835005e-01	9.6370452775e-01
6.2988394042e+02	9.6633183956e-01	9.6371847333e-01
6.3030364986e+02	9.6632170677e-01	9.6373150747e-01
6.3072335930e+02	9.6630138159e-01	9.6374356620e-01
6.3114306875e+02	9.6628767252e-01	9.6375431474e-01
6.3156277819e+02	9.6626353264e-01	9.6376410569e-01
6.3198248763e+02	9.6623265743e-01	9.6377293252e-01
6.3240219707e+02	9.6619004011e-01	9.6378078900e-01
6.3282190651e+02	9.6612274647e-01	9.6378722967e-01
6.3324161595e+02	9.6604728699e-01	9.6379264621e-01
6.3366132539e+02	9.6596968174e-01	9.6379706134e-01
6.3408103483e+02	9.6589994431e-01	9.6380047168e-01
6.3450074428e+02	9.6582382917e-01	9.6380246538e-01
6.3492045372e+02	9.6575355530e-01	9.6380335227e-01
6.3534016316e+02	9.6569132805e-01	9.6380321514e-01
6.3575987260e+02	9.6563529968e-01	9.6380205322e-01
6.3617958204e+02	9.6558505297e-01	9.6379946314e-01
6.3659929148e+02	9.6554338932e-01	9.6379572716e-01
6.3701900092e+02	9.6548759937e-01	9.6379095822e-01
6.3743871036e+02	9.6553146839e-01	9.6378515784e-01
6.3785841980e+02	9.6571797132e-01	9.6377790296e-01
6.3827812925e+02	9.6547424793e-01	9.6376950903e-01
6.3869783869e+02	9.6550422907e-01	9.6376008561e-01
6.3911754813e+02	9.6548491716e-01	9.6374963612e-01
6.3953725757e+02	9.6549445391e-01	9.6373768875e-01
6.3995696701e+02	9.6555012465e-01	9.6372465501e-01
6.4037667645e+02	9.6553283930e-01	9.6371060617e-01
6.4079638589e+02	9.6561586857e-01	9.6369553990e-01
6.4121609533e+02	9.6554189920e-01	9.6367892957e-01
6.4163580478e+02	9.6559202671e-01	9.6366132157e-01
6.4205551422e+02	9.6562618017e-01	9.6364272227e-01
6.4247522366e+02	9.6564471722e-01	9.6362302605e-01
6.4289493310e+02	9.6566230059e-01	9.6360191751e-01
6.4331464254e+02	9.6567231417e-01	9.6357984193e-01
6.4373435198e+02	9.6567219496e-01	9.6355680655e-01
6.4415406142e+02	9.6567499638e-01	9.6353257549e-01
6.4457377086e+02	9.6567440033e-01	9.6350710338e-01
6.4499348031e+02	9.6567940712e-01	9.6348070127e-01
6.4541318975e+02	9.6567106247e-01	9.6345337700e-01
6.4583289919e+02	9.6565997601e-01	9.6342474267e-01
6.4625260863e+02	9.6565550566e-01	9.6339507077e-01
6.4667231807e+02	9.6565127373e-01	9.6336451075e-01
6.4709202751e+02	9.6564906836e-01	9.6333302923e-01
6.4751173695e+02	9.6563816071e-01	9.6330019504e-01
6.4793144639e+02	9.6562993526e-01	9.6326650945e-01
6.4835115583e+02	9.6561872959e-01	9.6323198093e-01
6.4877086528e+02	9.6560353041e-01	9.6319637958e-01
6.4919057472e+02	9.6557784081e-01	9.6315968623e-01
6.4961028416e+02	9.6555125713e-01	9.6312218870e-01
6.5002999360e+02	9.6552091837e-01	9.6308389527e-01
6.5044970304e+02	9.6548378468e-01	9.6304437193e-01
6.5086941248e+02	9.6544593573e-01	9.6300402966e-01
6.5128912192e+02	9.6540844440e-01	9.6296293119e-01
6.5170883136e+02	9.6536213160e-01	9.6292090955e-01
6.5212854081e+02	9.6532171965e-01	9.6287784950e-01
6.5254825025e+02	9.6529757977e-01	9.6283407311e-01
6.5296795969e+02	9.6529173851e-01	9.6278958810e-01
6.5338766913e+02	9.6523785591e-01	9.6274399869e-01
6.5380737857e+02	9.6517342329e-01	9.6269767158e-01
6.5422708801e+02	9.6510535479e-01	9.6265067488e-01
6.5464679745e+02	9.6504473686e-01	9.6260282731e-01
6.5506650689e+02	9.6494781971e-01	9.6255407494e-01
6.5548621634e+02	9.6487236023e-01	9.6250469086e-01
6.5590592578e+02	9.6483606100e-01	9.6245468021e-01
6.5632563522e+02	9.6480667591e-01	9.6240362459e-01
6.5674534466e+02	9.6477001905e-01	9.6235197349e-01
6.5716505410e+02	9.6472668648e-01	9.6229973315e-01
6.5758476354e+02	9.6467727423e-01	9.6224665052e-01
6.5800447298e+02	9.6462917328e-01	9.6219284730e-01
6.5842418242e+02	9.6457523108e-01	9.6213848837e-01
6.5884389186e+02	9.6450114250e-01	9.6208346724e-01
6.5926360131e+02	9.6444612741e-01	9.6202761996e-01
6.5968331075e+02	9.6438449621e-01	9.6197124800e-01
6.6010302019e+02	9.6430844069e-01	9.6191435640e-01
6.6052272963e+02	9.6423983574e-01	9.6185657870e-01
6.6094243907e+02	9.6418052912e-01	9.6179829093e-01
6.6136214851e+02	9.6412736177e-01	9.6173951113e-01
6.6178185795e+02	9.6408635378e-01	9.6167998717e-01
6.6220156739e+02	9.6405345201e-01	9.6161987150e-01
6.6262127684e+02	9.6401691437e-01	9.6155928837e-01
6.6304098628e+02	9.6398609877e-01	9.6149808267e-01
6.6346069572e+02	9.6393281221e-01	9.6143621689e-01
6.6388040516e+02	9.6388274431e-01	9.6137390502e-01
6.6430011460e+02	9.6383881569e-01	9.6131107385e-01
6.6471982404e+02	9.6378272772e-01	9.6124752500e-01
6.6513953348e+02	9.6371364594e-01	9.6118354811e-01
6.6555924292e+02	9.6365010738e-01	9.6111913883e-01
6.6597895237e+02	9.6359121799e-01	9.6105396271e-01
6.6639866181e+02	9.6352303028e-01	9.6098837327e-01
6.6681837125e+02	9.6347492933e-01	9.6092237312e-01
6.6723808069e+02	9.6342468262e-01	9.6085566464e-01
6.6765779013e+02	9.6337723732e-01	9.6078850359e-01
6.6807749957e+02	9.6334183216e-01	9.6072094287e-01
6.6849720901e+02	9.6328461170e-01	9.6065273234e-01
6.6891691845e+02	9.6319669485e-01	9.6058402901e-01
6.6933662789e+02	9.6311849356e-01	9.6051493385e-01
6.6975633734e+02	9.6318018436e-01	9.6044523382e-01
6.7017604678e+02	9.6317422390e-01	9.6037500601e-01
6.7059575622e+02	9.6315175295e-01	9.6030439113e-01
6.7101546566e+02	9.6310722828e-01	9.6023320365e-01
6.7143517510e+02	9.6306842566e-01	9.6016145779e-01
6.7185488454e+02	9.6301645041e-01	9.6008932672e-01
6.7227459398e+02	9.6295952797e-01	9.6001664329e-01
6.7269430342e+02	9.6289628744e-01	9.5994337484e-01
6.7311401287e+02	9.6283018589e-01	9.5986972031e-01
6.7353372231e+02	9.6278434992e-01	9.5979552196e-01
6.7395343175e+02	9.6271950006e-01	9.5972071583e-01
6.7437314119e+02	9.6265906096e-01	9.5964552027e-01
6.7479285063e+02	9.6258765459e-01	9.5956977771e-01
6.7521256007e+02	9.6254336834e-01	9.5949340888e-01
6.7563226951e+02	9.6250122786e-01	9.5941664503e-01
6.7605197895e+02	9.6247226000e-01	9.5933931898e-01
6.7647168840e+02	9.6237576008e-01	9.5926135317e-01
6.7689139784e+02	9.6227240562e-01	9.5918298475e-01
6.7731110728e+02	9.6217244864e-01	9.5910402636e-01
6.7773081672e+02	9.6211558580e-01	9.5902442078e-01
6.7815052616e+02	9.6206718683e-01	9.5894440335e-01
6.7857023560e+02	9.6207398176e-01	9.5886375463e-01
6.7898994504e+02	9.6199280024e-01	9.5878245890e-01
6.7940965448e+02	9.6188867092e-01	9.5870074063e-01
6.7982936392e+02	9.6178591251e-01	9.5861833515e-01
6.8024907337e+02	9.6168828011e-01	9.5853529210e-01
6.8066878281e+02	9.6158558130e-01	9.5845181477e-01
6.8108849225e+02	9.6147435904e-01	9.5836757827e-01
6.8150820169e+02	9.6138322353e-01	9.5828272503e-01
6.8192791113e+02	9.6129465103e-01	9.5819742492e-01
6.8234762057e+02	9.6118360758e-01	9.5811127615e-01
6.8276733001e+02	9.6109586954e-01	9.5802454504e-01
6.8318703945e+02	9.6100193262e-01	9.5793735396e-01
6.8360674890e+02	9.6091318130e-01	9.5784920552e-01
6.8402645834e+02	9.6081483364e-01	9.5776052512e-01
6.8444616778e+02	9.6073698997e-01	9.5767134240e-01
6.8486587722e+02	9.6064215899e-01	9.5758113067e-01
6.8528558666e+02	9.6054315567e-01	9.5749042681e-01
6.8570529610e+02	9.6046000719e-01	9.5739910385e-01
6.8612500554e+02	9.6037209034e-01	9.5730680643e-01
6.8654471498e+02	9.6028512716e-01	9.5721400324e-01
6.8696442443e+02	9.6019285917e-01	9.5712044148e-01
6.8738413387e+02	9.6011477709e-01	9.5702598129e-01
6.8780384331e+02	9.6003693342e-01	9.5693100216e-01
6.8822355275e+02	9.5994961262e-01	9.5683510041e-01
6.8864326219e+02	9.5986753702e-01	9.5673840041e-01
6.8906297163e+02	9.5978003740e-01	9.5664116899e-01
6.8948268107e+02	9.5968616009e-01	9.5654282455e-01
6.8990239051e+02	9.5960128307e-01	9.5644380867e-01
6.9032209995e+02	9.5952546597e-01	9.5634420420e-01
6.9074180940e+02	9.5944553614e-01	9.5624335954e-01
6.9116151884e+02	9.5935916901e-01	9.5614195365e-01
6.9158122828e+02	9.5927155018e-01	9.5603975206e-01
6.9200093772e+02	9.5918852091e-01	9.5593645580e-01
6.9242064716e+02	9.5910286903e-01	9.5583258849e-01
6.9284035660e+02	9.5901423693e-01	9.5572768830e-01
6.9326006604e+02	9.5893049240e-01	9.5562187127e-01
6.9367977548e+02	9.5883589983e-01	9.5551547467e-01
6.9409948493e+02	9.5875757933e-01	9.5540777690e-01
6.9451919437e+02	9.5866543055e-01	9.5529937411e-01
6.9493890381e+02	9.5857065916e-01	9.5519024156e-01
6.9535861325e+02	9.5847457647e-01	9.5507979398e-01
6.9577832269e+02	9.5838665962e-01	9.5496874529e-01
6.9619803213e+02	9.5829820633e-01	9.5485667398e-01
6.9661774157e+02	9.5820283890e-01	9.5474353015e-01
6.9703745101e+02	9.5810425282e-01	9.5462978086e-01
6.9745716046e+02	9.5801454782e-01	9.5451468315e-01
6.9787686990e+02	9.5792710781e-01	9.5439879283e-01
6.9829657934e+02	9.5782887936e-01	9.5428215104e-01
6.9871628878e+02	9.5771253109e-01	9.5416408887e-01
6.9913599822e+02	9.5762825012e-01	9.5404540822e-01
6.9955570766e+02	9.5750552416e-01	9.5392562102e-01
6.9997541710e+02	9.5742279291e-01	9.5380473119e-01
7.0039512654e+02	9.5732003450e-01	9.5368322310e-01
7.0081483598e+02	9.5721977949e-01	9.5356022095e-01
7.0123454543e+02	9.5712804794e-01	9.5343647202e-01
7.0165425487e+02	9.5702373981e-01	9.5331183909e-01
7.0207396431e+02	9.5694142580e-01	9.5318582874e-01
7.0249367375e+02	9.5684188604e-01	9.5305919660e-01
7.0291338319e+02	9.5673918724e-01	9.5293126151e-01
7.0333309263e+02	9.5663607121e-01	9.5280234664e-01
7.0375280207e+02	9.5654302835e-01	9.5267274274e-01
7.0417251151e+02	9.5644813776e-01	9.5254153188e-01
7.0459222096e+02	9.5636570454e-01	9.5240970225e-01
7.0501193040e+02	9.5627510548e-01	9.5227673205e-01
7.0543163984e+02	9.5618259907e-01	9.5214259627e-01
7.0585134928e+02	9.5608198643e-01	9.5200784925e-01
7.0627105872e+02	9.5599132776e-01	9.5187148406e-01
7.0669076816e+02	9.5588326454e-01	9.5173442745e-01
7.0711047760e+02	9.5578438044e-01	9.5159635774e-01
7.0753018704e+02	9.5568072796e-01	9.5145699104e-01
7.0794989649e+02	9.5558446646e-01	9.5131702520e-01
7.0836960593e+02	9.5548653603e-01	9.5117554017e-01
7.0878931537e+02	9.5537877083e-01	9.5103327255e-01
7.0920902481e+02	9.5526719093e-01	9.5089007991e-01
7.0962873425e+02	9.5515251160e-01	9.5074551831e-01
7.1004844369e+02	9.5505237579e-01	9.5060037544e-01
7.1046815313e+02	9.5495259762e-01	9.5045377581e-01
7.1088786257e+02	9.5485085249e-01	9.5030635906e-01
7.1130757201e+02	9.5473432541e-01	9.5015806337e-01
7.1172728146e+02	9.5460230112e-01	9.5000838888e-01
7.1214699090e+02	9.5449924469e-01	9.4985815608e-01
7.1256670034e+02	9.5437145233e-01	9.4970649155e-01
7.1298640978e+02	9.5425039530e-01	9.4955403267e-01
7.1340611922e+02	9.5412760973e-01	9.4940069873e-01
7.1382582866e+02	9.5400828123e-01	9.4924603808e-01
7.1424553810e+02	9.5390290022e-01	9.4909084643e-01
7.1466524754e+02	9.5378524065e-01	9.4893421216e-01
7.1508495699e+02	9.5368200541e-01	9.4877686143e-01
7.1550466643e+02	9.5356404781e-01	9.4861859961e-01
7.1592437587e+02	9.5346802473e-01	9.4845912202e-01
7.1634408531e+02	9.5335221291e-01	9.4829914414e-01
7.1676379475e+02	9.5323944092e-01	9.4813768080e-01
7.1718350419e+02	9.5312070847e-01	9.4797562904e-01
7.1760321363e+02	9.5300537348e-01	9.4781259502e-01
7.1802292307e+02	9.5289367437e-01	9.4764850900e-01
7.1844263252e+02	9.5277744532e-01	9.4748392653e-01
7.1886234196e+02	9.5266425610e-01	9.4731784871e-01
7.1928205140e+02	9.5253598690e-01	9.4715132359e-01
7.1970176084e+02	9.5241689682e-01	9.4698371723e-01
7.2012147028e+02	9.5228791237e-01	9.4681526655e-01
7.2054117972e+02	9.5216405392e-01	9.4664618785e-01
7.2096088916e+02	9.5203232765e-01	9.4647586056e-01
7.2138059860e+02	9.5189821720e-01	9.4630512222e-01
7.2180030804e+02	9.5177048445e-01	9.4613318546e-01
7.2222001749e+02	9.5163488388e-01	9.4596064448e-01
7.2263972693e+02	9.5150870085e-01	9.4578732488e-01
7.2305943637e+02	9.5137959719e-01	9.4561303591e-01
7.2347914581e+02	9.5126634836e-01	9.4543836608e-01
7.2389885525e+02	9.5112299919e-01	9.4526238589e-01
7.2431856469e+02	9.5099121332e-01	9.4508605440e-01
7.2473827413e+02	9.5084691048e-01	9.4490878712e-01
7.2515798357e+02	9.5071595907e-01	9.4473084741e-01
7.2557769302e+02	9.5059734583e-01	9.4455233537e-01
7.2599740246e+02	9.5047098398e-01	9.4437284861e-01
7.2641711190e+02	9.5033627748e-01	9.4419304626e-01
7.2683682134e+02	9.5020580292e-01	9.4401215826e-01
7.2725653078e+02	9.5007896423e-01	9.4383089623e-01
7.2767624022e+02	9.4993317127e-01	9.4364887912e-01
7.2809594966e+02	9.4979763031e-01	9.4346622194e-01
7.2851565910e+02	9.4965130091e-01	9.4328311621e-01
7.2893536855e+02	9.4950395823e-01	9.4309912958e-01
7.2935507799e+02	9.4934648275e-01	9.4291488533e-01
7.2977478743e+02	9.4919675589e-01	9.4272972721e-01
7.3019449687e+02	9.4903802872e-01	9.4254424488e-01
7.3061420631e+02	9.4888484478e-01	9.4235812449e-01
7.3103391575e+02	9.4874030352e-01	9.4217147164e-01
7.3145362519e+02	9.4858020544e-01	9.4198443243e-01
7.3187333463e+02	9.4842946529e-01	9.4179667716e-01
7.3229304407e+02	9.4826817513e-01	9.4160871830e-01
7.3271275352e+02	9.4810718298e-01	9.4141997390e-01
7.3313246296e+02	9.4794887304e-01	9.4123100493e-01
7.3355217240e+02	9.4779044390e-01	9.4104147497e-01
7.3397188184e+02	9.4761484861e-01	9.4085156428e-01
7.3439159128e+02	9.4746953249e-01	9.4066129385e-01
7.3481130072e+02	9.4728976488e-01	9.4047050974e-01
7.3523101016e+02	9.4714272022e-01	9.4027954410e-01
7.3565071960e+02	9.4696605206e-01	9.4008795460e-01
7.3607042905e+02	9.4679015875e-01	9.3989623181e-01
7.3649013849e+02	9.4662326574e-01	9.3970401176e-01
7.3690984793e+02	9.4645708799e-01	9.3951157287e-01
7.3732955737e+02	9.4627171755e-01	9.3931879352e-01
7.3774926681e+02	9.4609999657e-01	9.3912570484e-01
7.3816897625e+02	9.4593274593e-01	9.3893241121e-01
7.3858868569e+02	9.4573599100e-01	9.3873873816e-01
7.3900839513e+02	9.4555944204e-01	9.3854497034e-01
7.3942810458e+02	9.4537574053e-01	9.3835078188e-01
7.3984781402e+02	9.4516813755e-01	9.3815651329e-01
7.4026752346e+02	9.4496774673e-01	9.3796194340e-01
7.4068723290e+02	9.4478678703e-01	9.3776723630e-01
7.4110694234e+02	9.4458687305e-01	9.3757232814e-01
7.4152665178e+02	9.4439762831e-01	9.3737724329e-01
7.4194636122e+02	9.4421315193e-01	9.3718203936e-01
7.4236607066e+02	9.4401735067e-01	9.3698663582e-01
7.4278578010e+02	9.4380420446e-01	9.3679117778e-01
7.4320548955e+02	9.4360268116e-01	9.3659551279e-01
7.4362519899e+02	9.4340240955e-01	9.3639981524e-01
7.4404490843e+02	9.4321602583e-01	9.3620397020e-01
7.4446461787e+02	9.4304078817e-01	9.3600808093e-01
7.4488432731e+02	9.4284778833e-01	9.3581210084e-01
7.4530403675e+02	9.4264680147e-01	9.3561607186e-01
7.4572374619e+02	9.4243782759e-01	9.3541999410e-01
7.4614345563e+02	9.4223552942e-01	9.3522387504e-01
7.4656316508e+02	9.4203948975e-01	9.3502773564e-01
7.4698287452e+02	9.4183140993e-01	9.3483157365e-01
7.4740258396e+02	9.4163274765e-01	9.3463540722e-01
7.4782229340e+02	9.4140893221e-01	9.3443924681e-01
7.4824200284e+02	9.4121164083e-01	9.3424309225e-01
7.4866171228e+02	9.4098401070e-01	9.3404696933e-01
7.4908142172e+02	9.4077485800e-01	9.3385086722e-01
7.4950113116e+02	9.4056820869e-01	9.3365481148e-01
7.4992084061e+02	9.4034659863e-01	9.3345879947e-01
7.5034055005e+02	9.4013863802e-01	9.3326283879e-01
7.5076025949e+02	9.3991899490e-01	9.3306695150e-01
7.5117996893e+02	9.3970370293e-01	9.3287111181e-01
7.5159967837e+02	9.3948638439e-01	9.3267538071e-01
7.5201938781e+02	9.3928378820e-01	9.3247968596e-01
7.5243909725e+02	9.3905955553e-01	9.3228413928e-01
7.5285880669e+02	9.3885189295e-01	9.3208861556e-01
7.5327851613e+02	9.3861901760e-01	9.3189327390e-01
7.5369822558e+02	9.3840438128e-01	9.3169796362e-01
7.5411793502e+02	9.3819373846e-01	9.3150282564e-01
7.5453764446e+02	9.3796843290e-01	9.3130774915e-01
7.5495735390e+02	9.3774580956e-01	9.3111282979e-01
7.5537706334e+02	9.3754070997e-01	9.3091800392e-01
7.5579677278e+02	9.3730866909e-01	9.3072331569e-01
7.5621648222e+02	9.3708813190e-01	9.3052875372e-01
7.5663619166e+02	9.3686920404e-01	9.3033430655e-01
7.5705590111e+02	9.3665641546e-01	9.3014001816e-01
7.5747561055e+02	9.3643623590e-01	9.2994581940e-01
7.5789531999e+02	9.3622106314e-01	9.2975181060e-01
7.5831502943e+02	9.3600791693e-01	9.2955786490e-01
7.5873473887e+02	9.3578910828e-01	9.2936413798e-01
7.5915444831e+02	9.3557554483e-01	9.2917044723e-01
7.5957415775e+02	9.3534708023e-01	9.2897700077e-01
7.5999386719e+02	9.3513792753e-01	9.2878357935e-01
7.6041357664e+02	9.3490946293e-01	9.2859039284e-01
7.6083328608e+02	9.3470299244e-01	9.2839724449e-01
7.6125299552e+02	9.3448591232e-01	9.2820430145e-01
7.6167270496e+02	9.3425649405e-01	9.2801141642e-01
7.6209241440e+02	9.3403440714e-01	9.2781870710e-01
7.6251212384e+02	9.3382096291e-01	9.2762607194e-01
7.6293183328e+02	9.3359178305e-01	9.2743358354e-01
7.6335154272e+02	9.3337637186e-01	9.2724118107e-01
7.6377125216e+02	9.3315351009e-01	9.2704889771e-01
7.6419096161e+02	9.3292075396e-01	9.2685670707e-01
7.6461067105e+02	9.3269318342e-01	9.2666460973e-01
7.6503038049e+02	9.3246716261e-01	9.2647260641e-01
7.6545008993e+02	9.3222147226e-01	9.2628067290e-01
7.6586979937e+02	9.3198937178e-01	9.2608882874e-01
7.6628950881e+02	9.3175387383e-01	9.2589703371e-01
7.6670921825e+02	9.3154776096e-01	9.2570531695e-01
7.6712892769e+02	9.3131649494e-01	9.2551363180e-01
7.6754863714e+02	9.3110406399e-01	9.2532200718e-01
7.6796834658e+02	9.3089306355e-01	9.2513040010e-01
7.6838805602e+02	9.3067777157e-01	9.2493882888e-01
7.6880776546e+02	9.3046921492e-01	9.2474726478e-01
7.6922747490e+02	9.3025511503e-01	9.2455570483e-01
7.6964718434e+02	9.3004202843e-01	9.2436414540e-01
7.7006689378e+02	9.2982995510e-01	9.2417255126e-01
7.7048660322e+02	9.2962211370e-01	9.2398095491e-01
7.7090631267e+02	9.2941343784e-01	9.2378927791e-01
7.7132602211e+02	9.2920768261e-01	9.2359759606e-01
7.7174573155e+02	9.2900347710e-01	9.2340578815e-01
7.7216544099e+02	9.2879337072e-01	9.2321396808e-01
7.7258515043e+02	9.2859041691e-01	9.2302197907e-01
7.7300485987e+02	9.2838740349e-01	9.2282996623e-01
7.7342456931e+02	9.2819166183e-01	9.2263774164e-01
7.7384427875e+02	9.2798882723e-01	9.2244547866e-01
7.7426398819e+02	9.2779558897e-01	9.2225296085e-01
7.7468369764e+02	9.2759174109e-01	9.2206038763e-01
7.7510340708e+02	9.2739731073e-01	9.2186751584e-01
7.7552311652e+02	9.2720919847e-01	9.2167456974e-01
7.7594282596e+02	9.2701053619e-01	9.2148128013e-01
7.7636253540e+02	9.2681807280e-01	9.2128789603e-01
7.7678224484e+02	9.2661267519e-01	9.2109412175e-01
7.7720195428e+02	9.2641764879e-01	9.2090023223e-01
7.7762166372e+02	9.2621779442e-01	9.2070590345e-01
7.7804137317e+02	9.2603528500e-01	9.2051143894e-01
7.7846108261e+02	9.2585730553e-01	9.2031648293e-01
7.7888079205e+02	9.2568176985e-01	9.2012137185e-01
7.7930050149e+02	9.2549997568e-01	9.1992571309e-01
7.7972021093e+02	9.2532819510e-01	9.1972988199e-01
7.8013992037e+02	9.2514765263e-01	9.1953344220e-01
7.8055962981e+02	9.2496597767e-01	9.1933681594e-01
7.8097933925e+02	9.2478853464e-01	9.1913951417e-01
7.8139904870e+02	9.2461830378e-01	9.1894201607e-01
7.8181875814e+02	9.2443794012e-01	9.1874376885e-01
7.8223846758e+02	9.2426204681e-01	9.1854532087e-01
7.8265817702e+02	9.2409425974e-01	9.1834604226e-01
7.8307788646e+02	9.2392408848e-01	9.1814656515e-01
7.8349759590e+02	9.2375582457e-01	9.1794616687e-01
7.8391730534e+02	9.2358177900e-01	9.1774558035e-01
7.8433701478e+02	9.2341607809e-01	9.1754397190e-01
7.8475672422e+02	9.2324656248e-01	9.1734219484e-01
7.8517643367e+02	9.2308449745e-01	9.1713928360e-01
7.8559614311e+02	9.2292588949e-01	9.1693623419e-01
7.8601585255e+02	9.2275899649e-01	9.1673192560e-01
7.8643556199e+02	9.2260438204e-01	9.1652752150e-01
7.8685527143e+02	9.2244726419e-01	9.1632171915e-01
7.8727498087e+02	9.2228925228e-01	9.1611587770e-01
7.8769469031e+02	9.2212975025e-01	9.1590848349e-01
7.8811439975e+02	9.2198008299e-01	9.1570108929e-01
7.8853410920e+02	9.2182201147e-01	9.1549203615e-01
7.8895381864e+02	9.2167311907e-01	9.1528295046e-01
7.8937352808e+02	9.2152684927e-01	9.1507219331e-01
7.8979323752e+02	9.2137497663e-01	9.1486131511e-01
7.9021294696e+02	9.2122364044e-01	9.1464877006e-01
7.9063265640e+02	9.2107915878e-01	9.1443599712e-01
7.9105236584e+02	9.2093580961e-01	9.1422158082e-01
7.9147207528e+02	9.2078596354e-01	9.1400680984e-01
7.9189178473e+02	9.2064034939e-01	9.1379043960e-01
7.9231149417e+02	9.2049860954e-01	9.1357356641e-01
7.9273120361e+02	9.2035895586e-01	9.1335516042e-01
7.9315091305e+02	9.2021709681e-01	9.1313608014e-01
7.9357062249e+02	9.2007941008e-01	9.1291555755e-01
7.9399033193e+02	9.1993910074e-01	9.1269416478e-01
7.9441004137e+02	9.1980057955e-01	9.1247144593e-01
7.9482975081e+02	9.1966527700e-01	9.1224763492e-01
7.9524946025e+02	9.1952914000e-01	9.1202264145e-01
7.9566916970e+02	9.1939502954e-01	9.1179630631e-01
7.9608887914e+02	9.1926544905e-01	9.1156896130e-01
7.9650858858e+02	9.1913855076e-01	9.1133999620e-01
7.9692829802e+02	9.1901689768e-01	9.1111022433e-01
7.9734800746e+02	9.1890716553e-01	9.1087852366e-01
7.9776771690e+02	9.1880190372e-01	9.1064625132e-01
7.9818742634e+02	9.1870808601e-01	9.1041170991e-01
7.9860713578e+02	9.1861677170e-01	9.1017686532e-01
7.9902684523e+02	9.1853910685e-01	9.0993937864e-01
7.9944655467e+02	9.1846787930e-01	9.0970189197e-01
