# lambda  Re(T_ZminTE(0,0),ZmaxTE(0,0))    Im(T_ZminTE(0,0),ZmaxTE(0,0)), 
3.797371134666668127e+02	8.384275497590658599e-01	0.000000000000000000e+00
3.801568229078667969e+02	8.409910799401442150e-01	0.000000000000000000e+00
3.805765323490668379e+02	8.434102616564663757e-01	0.000000000000000000e+00
3.809962417902668221e+02	8.456920748480183381e-01	0.000000000000000000e+00
3.814159512314668063e+02	8.478436277021129674e-01	0.000000000000000000e+00
3.818356606726667906e+02	8.498721136722231506e-01	0.000000000000000000e+00
3.822553701138668316e+02	8.517847701241564318e-01	0.000000000000000000e+00
3.826750795550668158e+02	8.535888388775592084e-01	0.000000000000000000e+00
3.830947889962668000e+02	8.552915288691610440e-01	0.000000000000000000e+00
3.835144984374667843e+02	8.568999811227059338e-01	0.000000000000000000e+00
3.839342078786668253e+02	8.584212361702119320e-01	0.000000000000000000e+00
3.843539173198668095e+02	8.598622040303083303e-01	0.000000000000000000e+00
3.847736267610667937e+02	8.612296368128857793e-01	0.000000000000000000e+00
3.851933362022668348e+02	8.625301039851595020e-01	0.000000000000000000e+00
3.856130456434668190e+02	8.637696493878415094e-01	0.000000000000000000e+00
3.860327550846668032e+02	8.649546267901674357e-01	0.000000000000000000e+00
3.864524645258667874e+02	8.660911905584901538e-01	0.000000000000000000e+00
3.868721739670668285e+02	8.671849624807762558e-01	0.000000000000000000e+00
3.872918834082668127e+02	8.682412981552277698e-01	0.000000000000000000e+00
3.877115928494667969e+02	8.692652776440265017e-01	0.000000000000000000e+00
3.881313022906667811e+02	8.702616983126841843e-01	0.000000000000000000e+00
3.885510117318668222e+02	8.712350697317159387e-01	0.000000000000000000e+00
3.889707211730668064e+02	8.721896105111910380e-01	0.000000000000000000e+00
3.893904306142667906e+02	8.731292469349046792e-01	0.000000000000000000e+00
3.898101400554668317e+02	8.740576132590887060e-01	0.000000000000000000e+00
3.902298494966668159e+02	8.749780535405792259e-01	0.000000000000000000e+00
3.906495589378668001e+02	8.758936248608766295e-01	0.000000000000000000e+00
3.910692683790667843e+02	8.768071018153441587e-01	0.000000000000000000e+00
3.914889778202668253e+02	8.777209821406166679e-01	0.000000000000000000e+00
3.919086872614668096e+02	8.786374933580222146e-01	0.000000000000000000e+00
3.923283967026667938e+02	8.795586003161265376e-01	0.000000000000000000e+00
3.927481061438668348e+02	8.804860135212734251e-01	0.000000000000000000e+00
3.931678155850668190e+02	8.814211981511009819e-01	0.000000000000000000e+00
3.935875250262668033e+02	8.823653836522311611e-01	0.000000000000000000e+00
3.940072344674667875e+02	8.833196120452174727e-01	0.000000000000000000e+00
3.944269439086668285e+02	8.842847375067043325e-01	0.000000000000000000e+00
3.948466533498668127e+02	8.852612636984834582e-01	0.000000000000000000e+00
3.952663627910667969e+02	8.862495755514999685e-01	0.000000000000000000e+00
3.956860722322667812e+02	8.872498752299194935e-01	0.000000000000000000e+00
3.961057816734668222e+02	8.882621936301143828e-01	0.000000000000000000e+00
3.965254911146668064e+02	8.892864019411756971e-01	0.000000000000000000e+00
3.969452005558667906e+02	8.903222232123232383e-01	0.000000000000000000e+00
3.973649099970668317e+02	8.913692438770375315e-01	0.000000000000000000e+00
3.977846194382668159e+02	8.924269251878271803e-01	0.000000000000000000e+00
3.982043288794668001e+02	8.934946145193984890e-01	0.000000000000000000e+00
3.986240383206667843e+02	8.945715565014955573e-01	0.000000000000000000e+00
3.990437477618668254e+02	8.956569039459801873e-01	0.000000000000000000e+00
3.994634572030668096e+02	8.967497285357433068e-01	0.000000000000000000e+00
3.998831666442667938e+02	8.978490885717426151e-01	0.000000000000000000e+00
4.003028760854667780e+02	8.989539182984370713e-01	0.000000000000000000e+00
4.007225855266668191e+02	9.000629880455666143e-01	0.000000000000000000e+00
4.011422949678668033e+02	9.011751375738510372e-01	0.000000000000000000e+00
4.015620044090667875e+02	9.022891753177556540e-01	0.000000000000000000e+00
4.019817138502668286e+02	9.034038872013496757e-01	0.000000000000000000e+00
4.024014232914668128e+02	9.045180450513943260e-01	0.000000000000000000e+00
4.028211327326667970e+02	9.056304145937346117e-01	0.000000000000000000e+00
4.032408421738667812e+02	9.067397630211845305e-01	0.000000000000000000e+00
4.036605516150668223e+02	9.078446845938606957e-01	0.000000000000000000e+00
4.040802610562668065e+02	9.089440120419953750e-01	0.000000000000000000e+00
4.044999704974667907e+02	9.100365839307880123e-01	0.000000000000000000e+00
4.049196799386668317e+02	9.111212391080699691e-01	0.000000000000000000e+00
4.053393893798668159e+02	9.121968504372416353e-01	0.000000000000000000e+00
4.057590988210668002e+02	9.132623296610131725e-01	0.000000000000000000e+00
4.061788082622667844e+02	9.143166224781762441e-01	0.000000000000000000e+00
4.065985177034668254e+02	9.153581059632653893e-01	0.000000000000000000e+00
4.070182271446668096e+02	9.163863493929531590e-01	0.000000000000000000e+00
4.074379365858667938e+02	9.174004645561008031e-01	0.000000000000000000e+00
4.078576460270667781e+02	9.183996209296391156e-01	0.000000000000000000e+00
4.082773554682668191e+02	9.193830477773968779e-01	0.000000000000000000e+00
4.086970649094668033e+02	9.203498780348934316e-01	0.000000000000000000e+00
4.091167743506667875e+02	9.212987648443631272e-01	0.000000000000000000e+00
4.095364837918668286e+02	9.222298879180874653e-01	0.000000000000000000e+00
4.099561932330668128e+02	9.231427394989080160e-01	0.000000000000000000e+00
4.103759026742667970e+02	9.240368770658210495e-01	0.000000000000000000e+00
4.107956121154667812e+02	9.249119230206659381e-01	0.000000000000000000e+00
4.112153215566668223e+02	9.257663732591584482e-01	0.000000000000000000e+00
4.116350309978668065e+02	9.266010407991404074e-01	0.000000000000000000e+00
4.120547404390667907e+02	9.274158186395133896e-01	0.000000000000000000e+00
4.124744498802667749e+02	9.282105946537621000e-01	0.000000000000000000e+00
4.128941593214668160e+02	9.289850587908429214e-01	0.000000000000000000e+00
4.133138687626668002e+02	9.297383071835502166e-01	0.000000000000000000e+00
4.137335782038667844e+02	9.304715499956712765e-01	0.000000000000000000e+00
4.141532876450668255e+02	9.311849154543601070e-01	0.000000000000000000e+00
4.145729970862668097e+02	9.318785818409404120e-01	0.000000000000000000e+00
4.149927065274667939e+02	9.325516347488714830e-01	0.000000000000000000e+00
4.154124159686667781e+02	9.332051619209598137e-01	0.000000000000000000e+00
4.158321254098668192e+02	9.338398334599654627e-01	0.000000000000000000e+00
4.162518348510668034e+02	9.344560142701111571e-01	0.000000000000000000e+00
4.166715442922667876e+02	9.350531710308793709e-01	0.000000000000000000e+00
4.170912537334668286e+02	9.356321792905605284e-01	0.000000000000000000e+00
4.175109631746668128e+02	9.361940586668930919e-01	0.000000000000000000e+00
4.179306726158667971e+02	9.367393071327658749e-01	0.000000000000000000e+00
4.183503820570667813e+02	9.372674308535021703e-01	0.000000000000000000e+00
4.187700914982668223e+02	9.377796826503695948e-01	0.000000000000000000e+00
4.191898009394668065e+02	9.382770131853807039e-01	0.000000000000000000e+00
4.196095103806667908e+02	9.387599751934865289e-01	0.000000000000000000e+00
4.200292198218668318e+02	9.392279440279179825e-01	0.000000000000000000e+00
4.204489292630668160e+02	9.396828496957196908e-01	0.000000000000000000e+00
4.208686387042668002e+02	9.401252886566274780e-01	0.000000000000000000e+00
4.212883481454667844e+02	9.405553251094984635e-01	0.000000000000000000e+00
4.217080575866667687e+02	9.409735708028070800e-01	0.000000000000000000e+00
4.221277670278668097e+02	9.413812485462278445e-01	0.000000000000000000e+00
4.225474764690667939e+02	9.417788728380662722e-01	0.000000000000000000e+00
4.229671859102667781e+02	9.421662072820454759e-01	0.000000000000000000e+00
4.233868953514668192e+02	9.425448001289146172e-01	0.000000000000000000e+00
4.238066047926668034e+02	9.429151871157102072e-01	0.000000000000000000e+00
4.242263142338667876e+02	9.432772596378036223e-01	0.000000000000000000e+00
4.246460236750667718e+02	9.436320793327184209e-01	0.000000000000000000e+00
4.250657331162668129e+02	9.439803013722753988e-01	0.000000000000000000e+00
4.254854425574667971e+02	9.443219615566571523e-01	0.000000000000000000e+00
4.259051519986667813e+02	9.446577290960248563e-01	0.000000000000000000e+00
4.263248614398668224e+02	9.449882679275358743e-01	0.000000000000000000e+00
4.267445708810668066e+02	9.453136355857345574e-01	0.000000000000000000e+00
4.271642803222667908e+02	9.456342924366959446e-01	0.000000000000000000e+00
4.275839897634667750e+02	9.459508004015643179e-01	0.000000000000000000e+00
4.280036992046668161e+02	9.462631573898756532e-01	0.000000000000000000e+00
4.284234086458668003e+02	9.465717180264793251e-01	0.000000000000000000e+00
4.288431180870667845e+02	9.468768853520785900e-01	0.000000000000000000e+00
4.292628275282668255e+02	9.471785395885017333e-01	0.000000000000000000e+00
4.296825369694668098e+02	9.474769874177255691e-01	0.000000000000000000e+00
4.301022464106667940e+02	9.477724529322595348e-01	0.000000000000000000e+00
4.305219558518667782e+02	9.480646411809282581e-01	0.000000000000000000e+00
4.309416652930668192e+02	9.483538682563890099e-01	0.000000000000000000e+00
4.313613747342668034e+02	9.486401227772111033e-01	0.000000000000000000e+00
4.317810841754667877e+02	9.489230040537343092e-01	0.000000000000000000e+00
4.322007936166667719e+02	9.492027935004583306e-01	0.000000000000000000e+00
4.326205030578668129e+02	9.494791546750778188e-01	0.000000000000000000e+00
4.330402124990667971e+02	9.497518140668492759e-01	0.000000000000000000e+00
4.334599219402667813e+02	9.500208628662284438e-01	0.000000000000000000e+00
4.338796313814667656e+02	9.502855666078566799e-01	0.000000000000000000e+00
4.342993408226668066e+02	9.505459807220397739e-01	0.000000000000000000e+00
4.347190502638667908e+02	9.508017769486628579e-01	0.000000000000000000e+00
4.351387597050667750e+02	9.510521513040598451e-01	0.000000000000000000e+00
4.355584691462668161e+02	9.512973263828284898e-01	0.000000000000000000e+00
4.359781785874668003e+02	9.515362366870706579e-01	0.000000000000000000e+00
4.363978880286667845e+02	9.517687888782143668e-01	0.000000000000000000e+00
4.368175974698667687e+02	9.519945815792779653e-01	0.000000000000000000e+00
4.372373069110668098e+02	9.522124433185555903e-01	0.000000000000000000e+00
4.376570163522667940e+02	9.524227939762258677e-01	0.000000000000000000e+00
4.380767257934667782e+02	9.526239450208486836e-01	0.000000000000000000e+00
4.384964352346668193e+02	9.528161855406918068e-01	0.000000000000000000e+00
4.389161446758668035e+02	9.529985648935750397e-01	0.000000000000000000e+00
4.393358541170667877e+02	9.531701492254833763e-01	0.000000000000000000e+00
4.397555635582667719e+02	9.533312513626684970e-01	0.000000000000000000e+00
4.401752729994668130e+02	9.534794990946947602e-01	0.000000000000000000e+00
4.405949824406667972e+02	9.536161678058056035e-01	0.000000000000000000e+00
4.410146918818667814e+02	9.537388302166567300e-01	0.000000000000000000e+00
4.414344013230668224e+02	9.538480916909746199e-01	0.000000000000000000e+00
4.418541107642668067e+02	9.539425897266223808e-01	0.000000000000000000e+00
4.422738202054667909e+02	9.540216011158685339e-01	0.000000000000000000e+00
4.426935296466667751e+02	9.540851498805751341e-01	0.000000000000000000e+00
4.431132390878668161e+02	9.541310675827383569e-01	0.000000000000000000e+00
4.435329485290668003e+02	9.541608820631597432e-01	0.000000000000000000e+00
4.439526579702667846e+02	9.541709003381609877e-01	0.000000000000000000e+00
4.443723674114668256e+02	9.541637934416569156e-01	0.000000000000000000e+00
4.447920768526668098e+02	9.541356194172866401e-01	0.000000000000000000e+00
4.452117862938667940e+02	9.540887081598176112e-01	0.000000000000000000e+00
4.456314957350667783e+02	9.540199268606005534e-01	0.000000000000000000e+00
4.460512051762667625e+02	9.539306647740679601e-01	0.000000000000000000e+00
4.464709146174668035e+02	9.538187749890714162e-01	0.000000000000000000e+00
4.468906240586667877e+02	9.536847764191942467e-01	0.000000000000000000e+00
4.473103334998667719e+02	9.535274306340012496e-01	0.000000000000000000e+00
4.477300429410668130e+02	9.533465007496617627e-01	0.000000000000000000e+00
4.481497523822667972e+02	9.531415342460974882e-01	0.000000000000000000e+00
4.485694618234667814e+02	9.529116956901099167e-01	0.000000000000000000e+00
4.489891712646667656e+02	9.526571528545613177e-01	0.000000000000000000e+00
4.494088807058668067e+02	9.523766685649139863e-01	0.000000000000000000e+00
4.498285901470667909e+02	9.520708259114368799e-01	0.000000000000000000e+00
4.502482995882667751e+02	9.517382176952013939e-01	0.000000000000000000e+00
4.506680090294668162e+02	9.513796031382016904e-01	0.000000000000000000e+00
4.510877184706668004e+02	9.509936656420038270e-01	0.000000000000000000e+00
4.515074279118667846e+02	9.505810735893678309e-01	0.000000000000000000e+00
4.519271373530667688e+02	9.501408833792108766e-01	0.000000000000000000e+00
4.523468467942668099e+02	9.496733852592330605e-01	0.000000000000000000e+00
4.527665562354667941e+02	9.491783047968836984e-01	0.000000000000000000e+00
4.531862656766667783e+02	9.486552546801593211e-01	0.000000000000000000e+00
4.536059751178668193e+02	9.481049310615293768e-01	0.000000000000000000e+00
4.540256845590668036e+02	9.475259660906456549e-01	0.000000000000000000e+00
4.544453940002667878e+02	9.469203244912347550e-01	0.000000000000000000e+00
4.548651034414667720e+02	9.462853598847280612e-01	0.000000000000000000e+00
4.552848128826667562e+02	9.456245917364420883e-01	0.000000000000000000e+00
4.557045223238667973e+02	9.449338101872476470e-01	0.000000000000000000e+00
4.561242317650667815e+02	9.442182332840798331e-01	0.000000000000000000e+00
4.565439412062668225e+02	9.434721915279542515e-01	0.000000000000000000e+00
4.569636506474668067e+02	9.427014856101429974e-01	0.000000000000000000e+00
4.573833600886667909e+02	9.419018347072124486e-01	0.000000000000000000e+00
4.578030695298667752e+02	9.410767576500389531e-01	0.000000000000000000e+00
4.582227789710667594e+02	9.402244720539287837e-01	0.000000000000000000e+00
4.586424884122668004e+02	9.393459684062644977e-01	0.000000000000000000e+00
4.590621978534667846e+02	9.384421723689702066e-01	0.000000000000000000e+00
4.594819072946667688e+02	9.375113366917681157e-01	0.000000000000000000e+00
4.599016167358668099e+02	9.365572659228535990e-01	0.000000000000000000e+00
4.603213261770667941e+02	9.355753002627753556e-01	0.000000000000000000e+00
4.607410356182667783e+02	9.345708327726175435e-01	0.000000000000000000e+00
4.611607450594667625e+02	9.335404254637730270e-01	0.000000000000000000e+00
4.615804545006668036e+02	9.324866485162749408e-01	0.000000000000000000e+00
4.620001639418667878e+02	9.314093078446387119e-01	0.000000000000000000e+00
4.624198733830667720e+02	9.303074708121129577e-01	0.000000000000000000e+00
4.628395828242668131e+02	9.291844464695879768e-01	0.000000000000000000e+00
4.632592922654667973e+02	9.280357314589253726e-01	0.000000000000000000e+00
4.636790017066667815e+02	9.268662775700751144e-01	0.000000000000000000e+00
4.640987111478667657e+02	9.256735986340756117e-01	0.000000000000000000e+00
4.645184205890668068e+02	9.244586305421752526e-01	0.000000000000000000e+00
4.649381300302667910e+02	9.232228472211094772e-01	0.000000000000000000e+00
4.653578394714667752e+02	9.219630137719307950e-01	0.000000000000000000e+00
4.657775489126668162e+02	9.206831142903233456e-01	0.000000000000000000e+00
4.661972583538668005e+02	9.193803209026994994e-01	0.000000000000000000e+00
4.666169677950667847e+02	9.180558296574465871e-01	0.000000000000000000e+00
4.670366772362667689e+02	9.167106802202916738e-01	0.000000000000000000e+00
4.674563866774667531e+02	9.153412132434685100e-01	0.000000000000000000e+00
4.678760961186667942e+02	9.139511889431484182e-01	0.000000000000000000e+00
4.682958055598667784e+02	9.125378798458415597e-01	0.000000000000000000e+00
4.687155150010668194e+02	9.111012079378832951e-01	0.000000000000000000e+00
4.691352244422668036e+02	9.096428708666461915e-01	0.000000000000000000e+00
4.695549338834667878e+02	9.081578813098365455e-01	0.000000000000000000e+00
4.699746433246667721e+02	9.066496007880427976e-01	0.000000000000000000e+00
4.703943527658667563e+02	9.051163711118526134e-01	0.000000000000000000e+00
4.708140622070667973e+02	9.035547562536850874e-01	0.000000000000000000e+00
4.712337716482667815e+02	9.019676184106146799e-01	0.000000000000000000e+00
4.716534810894667658e+02	9.003507237733768820e-01	0.000000000000000000e+00
4.720731905306668068e+02	8.987032732481188280e-01	0.000000000000000000e+00
4.724928999718667910e+02	8.970265271902909676e-01	0.000000000000000000e+00
4.729126094130667752e+02	8.953137324344210279e-01	0.000000000000000000e+00
4.733323188542667594e+02	8.935668573003151538e-01	0.000000000000000000e+00
4.737520282954668005e+02	8.917855053074614791e-01	0.000000000000000000e+00
4.741717377366667847e+02	8.899599958246348086e-01	0.000000000000000000e+00
4.745914471778667689e+02	8.880952956604202253e-01	0.000000000000000000e+00
4.750111566190668100e+02	8.861881458545214363e-01	0.000000000000000000e+00
4.754308660602667942e+02	8.842288159086894028e-01	0.000000000000000000e+00
4.758505755014667784e+02	8.822221654536366309e-01	0.000000000000000000e+00
4.762702849426667626e+02	8.801631233168676349e-01	0.000000000000000000e+00
4.766899943838667468e+02	8.780414419355233591e-01	0.000000000000000000e+00
4.771097038250667879e+02	8.758619677776305901e-01	0.000000000000000000e+00
4.775294132662667721e+02	8.736181933717047654e-01	0.000000000000000000e+00
4.779491227074668132e+02	8.712980234243445921e-01	0.000000000000000000e+00
4.783688321486667974e+02	8.689069719352092713e-01	0.000000000000000000e+00
4.787885415898667816e+02	8.664377931042015479e-01	0.000000000000000000e+00
4.792082510310667658e+02	8.638742967074953816e-01	0.000000000000000000e+00
4.796279604722667500e+02	8.612238074281087785e-01	0.000000000000000000e+00
4.800476699134667911e+02	8.584797068693762467e-01	0.000000000000000000e+00
4.804673793546667753e+02	8.556180767476061488e-01	0.000000000000000000e+00
4.808870887958667595e+02	8.526498969455390542e-01	0.000000000000000000e+00
4.813067982370668005e+02	8.495685249074697021e-01	0.000000000000000000e+00
4.817265076782667848e+02	8.463456996754854522e-01	0.000000000000000000e+00
4.821462171194667690e+02	8.429899093845629743e-01	0.000000000000000000e+00
4.825659265606667532e+02	8.394962585069994931e-01	0.000000000000000000e+00
4.829856360018667942e+02	8.358386710711428469e-01	0.000000000000000000e+00
4.834053454430667784e+02	8.320125378857587961e-01	0.000000000000000000e+00
4.838250548842667627e+02	8.280195630123209360e-01	0.000000000000000000e+00
4.842447643254668037e+02	8.238409300863764884e-01	0.000000000000000000e+00
4.846644737666667879e+02	8.194480838359626818e-01	0.000000000000000000e+00
4.850841832078667721e+02	8.148549226366443854e-01	0.000000000000000000e+00
4.855038926490667563e+02	8.100504177411655959e-01	0.000000000000000000e+00
4.859236020902667974e+02	8.049875602356844073e-01	0.000000000000000000e+00
4.863433115314667816e+02	7.996795847188219453e-01	0.000000000000000000e+00
4.867630209726667658e+02	7.941211139128859786e-01	0.000000000000000000e+00
4.871827304138668069e+02	7.882843135225676701e-01	0.000000000000000000e+00
4.876024398550667911e+02	7.821343570294549963e-01	0.000000000000000000e+00
4.880221492962667753e+02	7.756911594862078152e-01	0.000000000000000000e+00
4.884418587374667595e+02	7.689411991207742991e-01	0.000000000000000000e+00
4.888615681786667437e+02	7.618308287318802385e-01	0.000000000000000000e+00
4.892812776198667848e+02	7.543640339143262707e-01	0.000000000000000000e+00
4.897009870610667690e+02	7.465453208443235678e-01	0.000000000000000000e+00
4.901206965022668101e+02	7.383610072422144288e-01	0.000000000000000000e+00
4.905404059434667943e+02	7.297338336071451659e-01	0.000000000000000000e+00
4.909601153846667785e+02	7.207071217245558659e-01	0.000000000000000000e+00
4.913798248258667627e+02	7.112720433007002629e-01	0.000000000000000000e+00
4.917995342670667469e+02	7.014100988433393802e-01	0.000000000000000000e+00
4.922192437082667880e+02	6.910485868904631124e-01	0.000000000000000000e+00
4.926389531494667722e+02	6.802429225564607940e-01	0.000000000000000000e+00
4.930586625906667564e+02	6.689844142176275543e-01	0.000000000000000000e+00
4.934783720318667974e+02	6.572574952160530337e-01	0.000000000000000000e+00
4.938980814730667817e+02	6.449953670322741139e-01	0.000000000000000000e+00
4.943177909142667659e+02	6.322630495621427427e-01	0.000000000000000000e+00
4.947375003554667501e+02	6.190593451022396998e-01	0.000000000000000000e+00
4.951572097966667911e+02	6.053853485561843106e-01	0.000000000000000000e+00
4.955769192378667753e+02	5.911718373614694988e-01	0.000000000000000000e+00
4.959966286790667596e+02	5.764995638953143153e-01	0.000000000000000000e+00
4.964163381202668006e+02	5.613801872807645532e-01	0.000000000000000000e+00
4.968360475614667848e+02	5.458272860005070060e-01	0.000000000000000000e+00
4.972557570026667690e+02	5.298141622194653122e-01	0.000000000000000000e+00
4.976754664438667533e+02	5.133923080482266643e-01	0.000000000000000000e+00
4.980951758850667943e+02	4.966063018198816348e-01	0.000000000000000000e+00
4.985148853262667785e+02	4.794851421616735387e-01	0.000000000000000000e+00
4.989345947674667627e+02	4.620514437070389335e-01	0.000000000000000000e+00
4.993543042086668038e+02	4.443284089018927352e-01	0.000000000000000000e+00
4.997740136498667880e+02	4.263908165880422874e-01	0.000000000000000000e+00
5.001937230910667722e+02	4.082830332109958493e-01	0.000000000000000000e+00
5.006134325322667564e+02	3.900525167170219021e-01	0.000000000000000000e+00
5.010331419734667406e+02	3.717479987372589445e-01	0.000000000000000000e+00
5.014528514146667817e+02	3.534340716567059282e-01	0.000000000000000000e+00
5.018725608558667659e+02	3.351696805833873083e-01	0.000000000000000000e+00
5.022922702970668070e+02	3.170114919747348825e-01	0.000000000000000000e+00
5.027119797382667912e+02	2.990170865584475535e-01	0.000000000000000000e+00
5.031316891794667754e+02	2.812743204850579604e-01	0.000000000000000000e+00
5.035513986206667596e+02	2.638336560755293880e-01	0.000000000000000000e+00
5.039711080618667438e+02	2.467431764500787883e-01	0.000000000000000000e+00
5.043908175030667849e+02	2.300579815563943697e-01	0.000000000000000000e+00
5.048105269442667691e+02	2.138311742442875196e-01	0.000000000000000000e+00
5.052302363854667533e+02	1.981619746749062883e-01	0.000000000000000000e+00
5.056499458266667943e+02	1.830861717412357592e-01	0.000000000000000000e+00
5.060696552678667786e+02	1.686205954636951221e-01	0.000000000000000000e+00
5.064893647090667628e+02	1.548046537331776995e-01	0.000000000000000000e+00
5.069090741502667470e+02	1.416738108557483722e-01	0.000000000000000000e+00
5.073287835914667880e+02	1.292824490088104183e-01	0.000000000000000000e+00
5.077484930326667723e+02	1.177133292472680587e-01	0.000000000000000000e+00
5.081682024738668133e+02	1.069148018689831253e-01	0.000000000000000000e+00
5.085879119150667975e+02	9.690475218634810040e-02	0.000000000000000000e+00
5.090076213562667817e+02	8.769735228835395802e-02	0.000000000000000000e+00
5.094273307974667659e+02	7.930335466761877228e-02	0.000000000000000000e+00
5.098470402386667502e+02	7.178232653571502142e-02	0.000000000000000000e+00
5.102667496798667344e+02	6.513964994358664717e-02	0.000000000000000000e+00
5.106864591210667754e+02	5.932561436711353969e-02	0.000000000000000000e+00
5.111061685622667596e+02	5.434124554068217594e-02	0.000000000000000000e+00
5.115258780034668007e+02	5.018677108444968837e-02	0.000000000000000000e+00
5.119455874446667849e+02	4.686224454404715190e-02	0.000000000000000000e+00
5.123652968858667691e+02	4.440407571914294083e-02	0.000000000000000000e+00
5.127850063270667533e+02	4.284149079630626689e-02	0.000000000000000000e+00
5.132047157682667375e+02	4.211503668366688158e-02	0.000000000000000000e+00
5.136244252094668354e+02	4.223138141365648940e-02	0.000000000000000000e+00
5.140441346506668197e+02	4.320032432585534099e-02	0.000000000000000000e+00
5.144638440918668039e+02	4.503523885300641377e-02	0.000000000000000000e+00
5.148835535330667881e+02	4.775337250131517913e-02	0.000000000000000000e+00
5.153032629742667723e+02	5.145208253256589037e-02	0.000000000000000000e+00
5.157229724154667565e+02	5.611234247310038781e-02	0.000000000000000000e+00
5.161426818566667407e+02	6.173577765290264724e-02	0.000000000000000000e+00
5.165623912978667249e+02	6.835314575514639390e-02	0.000000000000000000e+00
5.169821007390667091e+02	7.599534208319831674e-02	0.000000000000000000e+00
5.174018101802668070e+02	8.469105250539071816e-02	0.000000000000000000e+00
5.178215196214667912e+02	9.446372782842443749e-02	0.000000000000000000e+00
5.182412290626667755e+02	1.053823560471833926e-01	0.000000000000000000e+00
5.186609385038667597e+02	1.174495574864862085e-01	0.000000000000000000e+00
5.190806479450667439e+02	1.305843079885094238e-01	0.000000000000000000e+00
5.195003573862667281e+02	1.447412201709579460e-01	0.000000000000000000e+00
5.199200668274668260e+02	1.598477859282807778e-01	0.000000000000000000e+00
5.203397762686668102e+02	1.758020943921041745e-01	0.000000000000000000e+00
5.207594857098667944e+02	1.924725025137995760e-01	0.000000000000000000e+00
5.211791951510667786e+02	2.096997310419089489e-01	0.000000000000000000e+00
5.215989045922667628e+02	2.273080064928916233e-01	0.000000000000000000e+00
5.220186140334667471e+02	2.450776231725084742e-01	0.000000000000000000e+00
5.224383234746667313e+02	2.627857974787799478e-01	0.000000000000000000e+00
5.228580329158667155e+02	2.802361389614345666e-01	0.000000000000000000e+00
5.232777423570666997e+02	2.972488619257622755e-01	0.000000000000000000e+00
5.236974517982667976e+02	3.136690295445578314e-01	0.000000000000000000e+00
5.241171612394667818e+02	3.293724405573866254e-01	0.000000000000000000e+00
5.245368706806667660e+02	3.442687391353156379e-01	0.000000000000000000e+00
5.249565801218667502e+02	3.583017468445034437e-01	0.000000000000000000e+00
5.253762895630667344e+02	3.714343943950841331e-01	0.000000000000000000e+00
5.257959990042668323e+02	3.836262997492158600e-01	0.000000000000000000e+00
5.262157084454668166e+02	3.949700695152815744e-01	0.000000000000000000e+00
5.266354178866668008e+02	4.055130731217439499e-01	0.000000000000000000e+00
5.270551273278667850e+02	4.153136822633970437e-01	0.000000000000000000e+00
5.274748367690667692e+02	4.244366793131157389e-01	0.000000000000000000e+00
5.278945462102667534e+02	4.329494380389917740e-01	0.000000000000000000e+00
5.283142556514667376e+02	4.409189310757715696e-01	0.000000000000000000e+00
5.287339650926667218e+02	4.484095287869527269e-01	0.000000000000000000e+00
5.291536745338667060e+02	4.554814988882693316e-01	0.000000000000000000e+00
5.295733839750668039e+02	4.621900895482990990e-01	0.000000000000000000e+00
5.299930934162667882e+02	4.685826476719622269e-01	0.000000000000000000e+00
5.304128028574667724e+02	4.746926014885019529e-01	0.000000000000000000e+00
5.308325122986667566e+02	4.805763793019683372e-01	0.000000000000000000e+00
5.312522217398667408e+02	4.862666030004596518e-01	0.000000000000000000e+00
5.316719311810667250e+02	4.917912485184145477e-01	0.000000000000000000e+00
5.320916406222668229e+02	4.971740844881816224e-01	0.000000000000000000e+00
5.325113500634668071e+02	5.024351149040269249e-01	0.000000000000000000e+00
5.329310595046667913e+02	5.075910036163135963e-01	0.000000000000000000e+00
5.333507689458667755e+02	5.126554656134600929e-01	0.000000000000000000e+00
5.337704783870667598e+02	5.176396150902650151e-01	0.000000000000000000e+00
5.341901878282667440e+02	5.225522635897617008e-01	0.000000000000000000e+00
5.346098972694667282e+02	5.274001633693272684e-01	0.000000000000000000e+00
5.350296067106667124e+02	5.321881918771048658e-01	0.000000000000000000e+00
5.354493161518666966e+02	5.369194731119268926e-01	0.000000000000000000e+00
5.358690255930667945e+02	5.415954309820988355e-01	0.000000000000000000e+00
5.362887350342667787e+02	5.462141188210182241e-01	0.000000000000000000e+00
5.367084444754667629e+02	5.507735548429029127e-01	0.000000000000000000e+00
5.371281539166667471e+02	5.552705579125619684e-01	0.000000000000000000e+00
5.375478633578667313e+02	5.596983996602670208e-01	0.000000000000000000e+00
5.379675727990668292e+02	5.640476811069585761e-01	0.000000000000000000e+00
5.383872822402668135e+02	5.683059481254320033e-01	0.000000000000000000e+00
5.388069916814667977e+02	5.724573490746991400e-01	0.000000000000000000e+00
5.392267011226667819e+02	5.764824662357265206e-01	0.000000000000000000e+00
5.396464105638667661e+02	5.803585265531672199e-01	0.000000000000000000e+00
5.400661200050667503e+02	5.840602721569941869e-01	0.000000000000000000e+00
5.404858294462667345e+02	5.875618067956095425e-01	0.000000000000000000e+00
5.409055388874667187e+02	5.908396592769997735e-01	0.000000000000000000e+00
5.413252483286667029e+02	5.938770324902121756e-01	0.000000000000000000e+00
5.417449577698668008e+02	5.966686942367476210e-01	0.000000000000000000e+00
5.421646672110667851e+02	5.992253192551579843e-01	0.000000000000000000e+00
5.425843766522667693e+02	6.015756380403408654e-01	0.000000000000000000e+00
5.430040860934667535e+02	6.037649392704721452e-01	0.000000000000000000e+00
5.434237955346667377e+02	6.058495417625050505e-01	0.000000000000000000e+00
5.438435049758667219e+02	6.078884436869169683e-01	0.000000000000000000e+00
5.442632144170668198e+02	6.099345859339927456e-01	0.000000000000000000e+00
5.446829238582668040e+02	6.120282508699326218e-01	0.000000000000000000e+00
5.451026332994667882e+02	6.141940413105084762e-01	0.000000000000000000e+00
5.455223427406667724e+02	6.164413868466768198e-01	0.000000000000000000e+00
5.459420521818667567e+02	6.187674480535879651e-01	0.000000000000000000e+00
5.463617616230667409e+02	6.211609896926646446e-01	0.000000000000000000e+00
5.467814710642667251e+02	6.236060948445391050e-01	0.000000000000000000e+00
5.472011805054667093e+02	6.260851104960782898e-01	0.000000000000000000e+00
5.476208899466666935e+02	6.285806616437632499e-01	0.000000000000000000e+00
5.480405993878667914e+02	6.310768372253221514e-01	0.000000000000000000e+00
5.484603088290667756e+02	6.335597549905378489e-01	0.000000000000000000e+00
5.488800182702667598e+02	6.360177157629554046e-01	0.000000000000000000e+00
5.492997277114667440e+02	6.384411166288911366e-01	0.000000000000000000e+00
5.497194371526667283e+02	6.408222423227826203e-01	0.000000000000000000e+00
5.501391465938668262e+02	6.431550106029991776e-01	0.000000000000000000e+00
5.505588560350668104e+02	6.454347153985448005e-01	0.000000000000000000e+00
5.509785654762667946e+02	6.476577902248467078e-01	0.000000000000000000e+00
5.513982749174667788e+02	6.498216013083780718e-01	0.000000000000000000e+00
5.518179843586667630e+02	6.519242724432069425e-01	0.000000000000000000e+00
5.522376937998667472e+02	6.539645397723563569e-01	0.000000000000000000e+00
5.526574032410667314e+02	6.559416329965892523e-01	0.000000000000000000e+00
5.530771126822667156e+02	6.578551790217636031e-01	0.000000000000000000e+00
5.534968221234666998e+02	6.597051241843673308e-01	0.000000000000000000e+00
5.539165315646667977e+02	6.614916716052950951e-01	0.000000000000000000e+00
5.543362410058667820e+02	6.632152307269165714e-01	0.000000000000000000e+00
5.547559504470667662e+02	6.648763765910675749e-01	0.000000000000000000e+00
5.551756598882667504e+02	6.664758168708876385e-01	0.000000000000000000e+00
5.555953693294667346e+02	6.680143650610369521e-01	0.000000000000000000e+00
5.560150787706667188e+02	6.694929185573740282e-01	0.000000000000000000e+00
5.564347882118668167e+02	6.709124406240324356e-01	0.000000000000000000e+00
5.568544976530668009e+02	6.722739454613368970e-01	0.000000000000000000e+00
5.572742070942667851e+02	6.735784857607034493e-01	0.000000000000000000e+00
5.576939165354667693e+02	6.748271422706524358e-01	0.000000000000000000e+00
5.581136259766667536e+02	6.760210150084171588e-01	0.000000000000000000e+00
5.585333354178667378e+02	6.771612158402610104e-01	0.000000000000000000e+00
5.589530448590667220e+02	6.782488622254891908e-01	0.000000000000000000e+00
5.593727543002667062e+02	6.792850719782387303e-01	0.000000000000000000e+00
5.597924637414666904e+02	6.802709589508317833e-01	0.000000000000000000e+00
5.602121731826667883e+02	6.812076295854108121e-01	0.000000000000000000e+00
5.606318826238667725e+02	6.820961803190843664e-01	0.000000000000000000e+00
5.610515920650667567e+02	6.829376958637801698e-01	0.000000000000000000e+00
5.614713015062667409e+02	6.837332484171075864e-01	0.000000000000000000e+00
5.618910109474667252e+02	6.844838978963116993e-01	0.000000000000000000e+00
5.623107203886668231e+02	6.851906933251608045e-01	0.000000000000000000e+00
5.627304298298668073e+02	6.858546755446598420e-01	0.000000000000000000e+00
5.631501392710667915e+02	6.864768814639502503e-01	0.000000000000000000e+00
5.635698487122667757e+02	6.870583501185821840e-01	0.000000000000000000e+00
5.639895581534667599e+02	6.876001308602486262e-01	0.000000000000000000e+00
5.644092675946667441e+02	6.881032940652028751e-01	0.000000000000000000e+00
5.648289770358667283e+02	6.885689448172823690e-01	0.000000000000000000e+00
5.652486864770667125e+02	6.889982400937253448e-01	0.000000000000000000e+00
5.656683959182666968e+02	6.893924100536185096e-01	0.000000000000000000e+00
5.660881053594667947e+02	6.897527840924498888e-01	0.000000000000000000e+00
5.665078148006667789e+02	6.900800244367574221e-01	0.000000000000000000e+00
5.669275242418667631e+02	6.903756472917119691e-01	0.000000000000000000e+00
5.673472336830667473e+02	6.906426512544391327e-01	0.000000000000000000e+00
5.677669431242667315e+02	6.908832371311265375e-01	0.000000000000000000e+00
5.681866525654667157e+02	6.910999583183028427e-01	0.000000000000000000e+00
5.686063620066668136e+02	6.912957899689647912e-01	0.000000000000000000e+00
5.690260714478667978e+02	6.914741993663172659e-01	0.000000000000000000e+00
5.694457808890667820e+02	6.916392097027833641e-01	0.000000000000000000e+00
5.698654903302667663e+02	6.917954437897357867e-01	0.000000000000000000e+00
5.702851997714667505e+02	6.919481258160754544e-01	0.000000000000000000e+00
5.707049092126667347e+02	6.921030074307794600e-01	0.000000000000000000e+00
5.711246186538667189e+02	6.922661688118780798e-01	0.000000000000000000e+00
5.715443280950667031e+02	6.924436266619926617e-01	0.000000000000000000e+00
5.719640375362666873e+02	6.926406618081847322e-01	0.000000000000000000e+00
5.723837469774667852e+02	6.928607647090141430e-01	0.000000000000000000e+00
5.728034564186667694e+02	6.931040964326885545e-01	0.000000000000000000e+00
5.732231658598667536e+02	6.933653230964205161e-01	0.000000000000000000e+00
5.736428753010667378e+02	6.936257044482175838e-01	0.000000000000000000e+00
5.740625847422667221e+02	6.938555461291714410e-01	0.000000000000000000e+00
5.744822941834668200e+02	6.940111120169326631e-01	0.000000000000000000e+00
5.749020036246668042e+02	6.940351080529625349e-01	0.000000000000000000e+00
5.753217130658667884e+02	6.938608119569530386e-01	0.000000000000000000e+00
5.757414225070667726e+02	6.934196756438307796e-01	0.000000000000000000e+00
5.761611319482667568e+02	6.926509917491375790e-01	0.000000000000000000e+00
5.765808413894667410e+02	6.915111333964762963e-01	0.000000000000000000e+00
5.770005508306667252e+02	6.899797114706981427e-01	0.000000000000000000e+00
5.774202602718667094e+02	6.880607999047719803e-01	0.000000000000000000e+00
5.778399697130666937e+02	6.857789328040254651e-01	0.000000000000000000e+00
5.782596791542667916e+02	6.831457934662982234e-01	0.000000000000000000e+00
5.786793885954667758e+02	6.802301967181147990e-01	0.000000000000000000e+00
5.790990980366667600e+02	6.770730494578346415e-01	0.000000000000000000e+00
5.795188074778667442e+02	6.737004319260924134e-01	0.000000000000000000e+00
5.799385169190667284e+02	6.701294457966163742e-01	0.000000000000000000e+00
5.803582263602667126e+02	6.663689118809223988e-01	0.000000000000000000e+00
5.807779358014668105e+02	6.624206367406066942e-01	0.000000000000000000e+00
5.811976452426667947e+02	6.582808508768908107e-01	0.000000000000000000e+00
5.816173546838667789e+02	6.539415766825239507e-01	0.000000000000000000e+00
5.820370641250667632e+02	6.493918041135708918e-01	0.000000000000000000e+00
5.824567735662667474e+02	6.445993896189174954e-01	0.000000000000000000e+00
5.828764830074667316e+02	6.395514733977134547e-01	0.000000000000000000e+00
5.832961924486667158e+02	6.342444901652185552e-01	0.000000000000000000e+00
5.837159018898667000e+02	6.286625951654407629e-01	0.000000000000000000e+00
5.841356113310666842e+02	6.227899592619484670e-01	0.000000000000000000e+00
5.845553207722667821e+02	6.166109573285643020e-01	0.000000000000000000e+00
5.849750302134667663e+02	6.101103270706388360e-01	0.000000000000000000e+00
5.853947396546667505e+02	6.032733090076599636e-01	0.000000000000000000e+00
5.858144490958667348e+02	5.960857755052912932e-01	0.000000000000000000e+00
5.862341585370667190e+02	5.885044078987953231e-01	0.000000000000000000e+00
5.866538679782668169e+02	5.805151280129223768e-01	0.000000000000000000e+00
5.870735774194668011e+02	5.721335724375905540e-01	0.000000000000000000e+00
5.874932868606667853e+02	5.633503110551745241e-01	0.000000000000000000e+00
5.879129963018667695e+02	5.541574199372500953e-01	0.000000000000000000e+00
5.883327057430667537e+02	5.445486381107169649e-01	0.000000000000000000e+00
5.887524151842667379e+02	5.345195240149066551e-01	0.000000000000000000e+00
5.891721246254667221e+02	5.240676098776670955e-01	0.000000000000000000e+00
5.895918340666667063e+02	5.131734662321281171e-01	0.000000000000000000e+00
5.900115435078666906e+02	5.018067097224732098e-01	0.000000000000000000e+00
5.904312529490666748e+02	4.900259648312758620e-01	0.000000000000000000e+00
5.908509623902667727e+02	4.778405925689193090e-01	0.000000000000000000e+00
5.912706718314667569e+02	4.652628769268630227e-01	0.000000000000000000e+00
5.916903812726667411e+02	4.523080959216044805e-01	0.000000000000000000e+00
5.921100907138667253e+02	4.389945679450794613e-01	0.000000000000000000e+00
5.925298001550667095e+02	4.253436737101539133e-01	0.000000000000000000e+00
5.929495095962668074e+02	4.113471424880524308e-01	0.000000000000000000e+00
5.933692190374667916e+02	3.970585463921357250e-01	0.000000000000000000e+00
5.937889284786667758e+02	3.825321725830793107e-01	0.000000000000000000e+00
5.942086379198667601e+02	3.678043098177043446e-01	0.000000000000000000e+00
5.946283473610667443e+02	3.529137833544610525e-01	0.000000000000000000e+00
5.950480568022667285e+02	3.379017145578500636e-01	0.000000000000000000e+00
5.954677662434667127e+02	3.228112621096356216e-01	0.000000000000000000e+00
5.958874756846666969e+02	3.076906028416117600e-01	0.000000000000000000e+00
5.963071851258666811e+02	2.926050007073665027e-01	0.000000000000000000e+00
5.967268945670667790e+02	2.776059776944810320e-01	0.000000000000000000e+00
5.971466040082667632e+02	2.627423972942273811e-01	0.000000000000000000e+00
5.975663134494667474e+02	2.480628494081183744e-01	0.000000000000000000e+00
5.979860228906667317e+02	2.336152892675120996e-01	0.000000000000000000e+00
5.984057323318667159e+02	2.194466962507732599e-01	0.000000000000000000e+00
5.988254417730668138e+02	2.056687136719712039e-01	0.000000000000000000e+00
5.992451512142667980e+02	1.923008704350674392e-01	0.000000000000000000e+00
5.996648606554667822e+02	1.793657159504815080e-01	0.000000000000000000e+00
6.000845700966667664e+02	1.669000338535189254e-01	0.000000000000000000e+00
6.005042795378667506e+02	1.549376061672393390e-01	0.000000000000000000e+00
6.009239889790667348e+02	1.435090966907522636e-01	0.000000000000000000e+00
6.013436984202667190e+02	1.326936321475364333e-01	0.000000000000000000e+00
6.017634078614667033e+02	1.225614013256211693e-01	0.000000000000000000e+00
6.021831173026666875e+02	1.130454287349349218e-01	0.000000000000000000e+00
6.026028267438666717e+02	1.041588912779227716e-01	0.000000000000000000e+00
6.030225361850667696e+02	9.591167089021516989e-02	0.000000000000000000e+00
6.034422456262667538e+02	8.831049082257129423e-02	0.000000000000000000e+00
6.038619550674667380e+02	8.140105306049309764e-02	0.000000000000000000e+00
6.042816645086667222e+02	7.526354034774659918e-02	0.000000000000000000e+00
6.047013739498667064e+02	6.977167479151827334e-02	0.000000000000000000e+00
6.051210833910668043e+02	6.491785512278781811e-02	0.000000000000000000e+00
6.055407928322667885e+02	6.069260015700782274e-02	0.000000000000000000e+00
6.059605022734667727e+02	5.708475066328473624e-02	0.000000000000000000e+00
6.063802117146667570e+02	5.414315766870343022e-02	0.000000000000000000e+00
6.067999211558667412e+02	5.188070725638599390e-02	0.000000000000000000e+00
6.072196305970667254e+02	5.018393941287024179e-02	0.000000000000000000e+00
6.076393400382667096e+02	4.903635353692885335e-02	0.000000000000000000e+00
6.080590494794666938e+02	4.842140125363076503e-02	0.000000000000000000e+00
6.084787589206666780e+02	4.832263250069011862e-02	0.000000000000000000e+00
6.088984683618667759e+02	4.882495246879884482e-02	0.000000000000000000e+00
6.093181778030667601e+02	4.983814120380721663e-02	0.000000000000000000e+00
6.097378872442667443e+02	5.131410291583306249e-02	0.000000000000000000e+00
6.101575966854667286e+02	5.324153763760127583e-02	0.000000000000000000e+00
6.105773061266667128e+02	5.561086793876750256e-02	0.000000000000000000e+00
6.109970155678666970e+02	5.845228020777038652e-02	0.000000000000000000e+00
6.114167250090667949e+02	6.181410056511126017e-02	0.000000000000000000e+00
6.118364344502667791e+02	6.560861803447382012e-02	0.000000000000000000e+00
6.122561438914667633e+02	6.984194877913445232e-02	0.000000000000000000e+00
6.126758533326667475e+02	7.452355776352058425e-02	0.000000000000000000e+00
6.130955627738667317e+02	7.966880599188852496e-02	0.000000000000000000e+00
6.135152722150667159e+02	8.545559606616803805e-02	0.000000000000000000e+00
6.139349816562667002e+02	9.177247900966169214e-02	0.000000000000000000e+00
6.143546910974666844e+02	9.865199037868818688e-02	0.000000000000000000e+00
6.147744005386666686e+02	1.061290460377647821e-01	0.000000000000000000e+00
6.151941099798667665e+02	1.142406700103478917e-01	0.000000000000000000e+00
6.156138194210667507e+02	1.232471029311431182e-01	0.000000000000000000e+00
6.160335288622667349e+02	1.330296728643328430e-01	0.000000000000000000e+00
6.164532383034667191e+02	1.435934151839132478e-01	0.000000000000000000e+00
6.168729477446667033e+02	1.549596397547370330e-01	0.000000000000000000e+00
6.172926571858668012e+02	1.671420918950145829e-01	0.000000000000000000e+00
6.177123666270667854e+02	1.803850952945950936e-01	0.000000000000000000e+00
6.181320760682667697e+02	1.944094222696341467e-01	0.000000000000000000e+00
6.185517855094667539e+02	2.091232806524480625e-01	0.000000000000000000e+00
6.189714949506667381e+02	2.244464891990701760e-01	0.000000000000000000e+00
6.193912043918667223e+02	2.402930459396360463e-01	0.000000000000000000e+00
6.198109138330667065e+02	2.565857134205557499e-01	0.000000000000000000e+00
6.202306232742666907e+02	2.730166173443296374e-01	0.000000000000000000e+00
6.206503327154666749e+02	2.894587051855857518e-01	0.000000000000000000e+00
6.210700421566667728e+02	3.057915141141776538e-01	0.000000000000000000e+00
6.214897515978667570e+02	3.218531242129245018e-01	0.000000000000000000e+00
6.219094610390667413e+02	3.374307718780817922e-01	0.000000000000000000e+00
6.223291704802667255e+02	3.525330586662311916e-01	0.000000000000000000e+00
6.227488799214667097e+02	3.671189353907866604e-01	0.000000000000000000e+00
6.231685893626666939e+02	3.811573517103049591e-01	0.000000000000000000e+00
6.235882988038667918e+02	3.944766778176262423e-01	0.000000000000000000e+00
6.240080082450667760e+02	4.071701505343782723e-01	0.000000000000000000e+00
6.244277176862667602e+02	4.193253746939131221e-01	0.000000000000000000e+00
6.248474271274667444e+02	4.309643285244396660e-01	0.000000000000000000e+00
6.252671365686667286e+02	4.420813943301540316e-01	0.000000000000000000e+00
6.256868460098667128e+02	4.526066204471190235e-01	0.000000000000000000e+00
6.261065554510666971e+02	4.627323862494250317e-01	0.000000000000000000e+00
6.265262648922666813e+02	4.724860000238899072e-01	0.000000000000000000e+00
6.269459743334666655e+02	4.818937975508721383e-01	0.000000000000000000e+00
6.273656837746667634e+02	4.908963590386628550e-01	0.000000000000000000e+00
6.277853932158667476e+02	4.995942114780290155e-01	0.000000000000000000e+00
6.282051026570667318e+02	5.080391167105149375e-01	0.000000000000000000e+00
6.286248120982667160e+02	5.162477483682254009e-01	0.000000000000000000e+00
6.290445215394667002e+02	5.242023469114757139e-01	0.000000000000000000e+00
6.294642309806667981e+02	5.319089604159985551e-01	0.000000000000000000e+00
6.298839404218667823e+02	5.394339336262563567e-01	0.000000000000000000e+00
6.303036498630667666e+02	5.467860455019664112e-01	0.000000000000000000e+00
6.307233593042667508e+02	5.539646750810325315e-01	0.000000000000000000e+00
6.311430687454667350e+02	5.609305586644227626e-01	0.000000000000000000e+00
6.315627781866667192e+02	5.677520553812070991e-01	0.000000000000000000e+00
6.319824876278667034e+02	5.744334960071670881e-01	0.000000000000000000e+00
6.324021970690666876e+02	5.809790021286778128e-01	0.000000000000000000e+00
6.328219065102666718e+02	5.873369264281174118e-01	0.000000000000000000e+00
6.332416159514667697e+02	5.935655777981713177e-01	0.000000000000000000e+00
6.336613253926667539e+02	5.996706721256551686e-01	0.000000000000000000e+00
6.340810348338667382e+02	6.056543773187927915e-01	0.000000000000000000e+00
6.345007442750667224e+02	6.114723185214960832e-01	0.000000000000000000e+00
6.349204537162667066e+02	6.171645599713273533e-01	0.000000000000000000e+00
6.353401631574666908e+02	6.227422891675863381e-01	0.000000000000000000e+00
6.357598725986667887e+02	6.282068873418447108e-01	0.000000000000000000e+00
6.361795820398667729e+02	6.335170073358685761e-01	0.000000000000000000e+00
6.365992914810667571e+02	6.387057042096461190e-01	0.000000000000000000e+00
6.370190009222667413e+02	6.437861967046852874e-01	0.000000000000000000e+00
6.374387103634667255e+02	6.487596354592476411e-01	0.000000000000000000e+00
6.378584198046667098e+02	6.535845026807302061e-01	0.000000000000000000e+00
6.382781292458666940e+02	6.582949851432302601e-01	0.000000000000000000e+00
6.386978386870666782e+02	6.629030863196588852e-01	0.000000000000000000e+00
6.391175481282666624e+02	6.674099551710008793e-01	0.000000000000000000e+00
6.395372575694666466e+02	6.717713075430867820e-01	0.000000000000000000e+00
6.399569670106667445e+02	6.760288534348818379e-01	0.000000000000000000e+00
6.403766764518667287e+02	6.801902644229504968e-01	0.000000000000000000e+00
6.407963858930667129e+02	6.842560766986856002e-01	0.000000000000000000e+00
6.412160953342668108e+02	6.881792751696937938e-01	0.000000000000000000e+00
6.416358047754667950e+02	6.920119235742463459e-01	0.000000000000000000e+00
6.420555142166667792e+02	6.957553234936746378e-01	0.000000000000000000e+00
6.424752236578667635e+02	6.994009662404545580e-01	0.000000000000000000e+00
6.428949330990667477e+02	7.029230751701364133e-01	0.000000000000000000e+00
6.433146425402667319e+02	7.063620284718455933e-01	0.000000000000000000e+00
6.437343519814667161e+02	7.097191489445747736e-01	0.000000000000000000e+00
6.441540614226667003e+02	7.129757107629803858e-01	0.000000000000000000e+00
6.445737708638666845e+02	7.161300270456032457e-01	0.000000000000000000e+00
6.449934803050666687e+02	7.192089160112058455e-01	0.000000000000000000e+00
6.454131897462666529e+02	7.222136776245917655e-01	0.000000000000000000e+00
6.458328991874667508e+02	7.251150714912171225e-01	0.000000000000000000e+00
6.462526086286667351e+02	7.279364278108740871e-01	0.000000000000000000e+00
6.466723180698667193e+02	7.306901490638655350e-01	0.000000000000000000e+00
6.470920275110667035e+02	7.333744207882845201e-01	0.000000000000000000e+00
6.475117369522668014e+02	7.359591559077126588e-01	0.000000000000000000e+00
6.479314463934667856e+02	7.384826886738395935e-01	0.000000000000000000e+00
6.483511558346667698e+02	7.409461981479688042e-01	0.000000000000000000e+00
6.487708652758667540e+02	7.433345984782637750e-01	0.000000000000000000e+00
6.491905747170667382e+02	7.456484957791826851e-01	0.000000000000000000e+00
6.496102841582667224e+02	7.479085363296174016e-01	0.000000000000000000e+00
6.500299935994667067e+02	7.501157914240917934e-01	0.000000000000000000e+00
6.504497030406666909e+02	7.522435097033959295e-01	0.000000000000000000e+00
6.508694124818666751e+02	7.543197151470057982e-01	0.000000000000000000e+00
6.512891219230666593e+02	7.563489038152910737e-01	0.000000000000000000e+00
6.517088313642666435e+02	7.583216418371240275e-01	0.000000000000000000e+00
6.521285408054667414e+02	7.602326885232509879e-01	0.000000000000000000e+00
6.525482502466667256e+02	7.621021105666515583e-01	0.000000000000000000e+00
6.529679596878667098e+02	7.639307593289753617e-01	0.000000000000000000e+00
6.533876691290668077e+02	7.656975835679851183e-01	0.000000000000000000e+00
6.538073785702667919e+02	7.674243545707802872e-01	0.000000000000000000e+00
6.542270880114667762e+02	7.691152135035190796e-01	0.000000000000000000e+00
6.546467974526667604e+02	7.707612907088265963e-01	0.000000000000000000e+00
6.550665068938667446e+02	7.723612318520378661e-01	0.000000000000000000e+00
6.554862163350667288e+02	7.739296780986949509e-01	0.000000000000000000e+00
6.559059257762667130e+02	7.754671874971459378e-01	0.000000000000000000e+00
6.563256352174666972e+02	7.769547622870760506e-01	0.000000000000000000e+00
6.567453446586666814e+02	7.784148091277478532e-01	0.000000000000000000e+00
6.571650540998666656e+02	7.798478619243899290e-01	0.000000000000000000e+00
6.575847635410666499e+02	7.812432710588692597e-01	0.000000000000000000e+00
6.580044729822667477e+02	7.826075562876346758e-01	0.000000000000000000e+00
6.584241824234667320e+02	7.839482746115877809e-01	0.000000000000000000e+00
6.588438918646667162e+02	7.852613633584460962e-01	0.000000000000000000e+00
6.592636013058667004e+02	7.865411679655726074e-01	0.000000000000000000e+00
6.596833107470667983e+02	7.878004112580314633e-01	0.000000000000000000e+00
6.601030201882667825e+02	7.890394646267039347e-01	0.000000000000000000e+00
6.605227296294667667e+02	7.902452659128094137e-01	0.000000000000000000e+00
6.609424390706667509e+02	7.914326018978418142e-01	0.000000000000000000e+00
6.613621485118667351e+02	7.926022800994115824e-01	0.000000000000000000e+00
6.617818579530667193e+02	7.937459742996361145e-01	0.000000000000000000e+00
6.622015673942667036e+02	7.948697438185803321e-01	0.000000000000000000e+00
6.626212768354666878e+02	7.959780250396394363e-01	0.000000000000000000e+00
6.630409862766666720e+02	7.970660895871080065e-01	0.000000000000000000e+00
6.634606957178666562e+02	7.981334827975919977e-01	0.000000000000000000e+00
6.638804051590666404e+02	7.991872241388442433e-01	0.000000000000000000e+00
6.643001146002667383e+02	8.002252795132827057e-01	0.000000000000000000e+00
6.647198240414667225e+02	8.012424194646270426e-01	0.000000000000000000e+00
6.651395334826667067e+02	8.022474416320349855e-01	0.000000000000000000e+00
6.655592429238668046e+02	8.032403013466681285e-01	0.000000000000000000e+00
6.659789523650667888e+02	8.042123316662728172e-01	0.000000000000000000e+00
6.663986618062667731e+02	8.051735068262031447e-01	0.000000000000000000e+00
6.668183712474667573e+02	8.061239458531216373e-01	0.000000000000000000e+00
6.672380806886667415e+02	8.070564053913331648e-01	0.000000000000000000e+00
6.676577901298667257e+02	8.079777458020624969e-01	0.000000000000000000e+00
6.680774995710667099e+02	8.088893419748224289e-01	0.000000000000000000e+00
6.684972090122666941e+02	8.097854683237557527e-01	0.000000000000000000e+00
6.689169184534666783e+02	8.106702138966860316e-01	0.000000000000000000e+00
6.693366278946666625e+02	8.115460021033673588e-01	0.000000000000000000e+00
6.697563373358666468e+02	8.124082214017477321e-01	0.000000000000000000e+00
6.701760467770667447e+02	8.132589248038087915e-01	0.000000000000000000e+00
6.705957562182667289e+02	8.141012796843013488e-01	0.000000000000000000e+00
6.710154656594667131e+02	8.149314648750738410e-01	0.000000000000000000e+00
6.714351751006666973e+02	8.157500731628248847e-01	0.000000000000000000e+00
6.718548845418667952e+02	8.165607889965060817e-01	0.000000000000000000e+00
6.722745939830667794e+02	8.173603162765764596e-01	0.000000000000000000e+00
6.726943034242667636e+02	8.181482483594992861e-01	0.000000000000000000e+00
6.731140128654667478e+02	8.189286146461902671e-01	0.000000000000000000e+00
6.735337223066667320e+02	8.196984184751252567e-01	0.000000000000000000e+00
6.739534317478667163e+02	8.204566379490751959e-01	0.000000000000000000e+00
6.743731411890667005e+02	8.212075102937254067e-01	0.000000000000000000e+00
6.747928506302666847e+02	8.219481365753956714e-01	0.000000000000000000e+00
6.752125600714666689e+02	8.226772196563786332e-01	0.000000000000000000e+00
6.756322695126666531e+02	8.233990857397854857e-01	0.000000000000000000e+00
6.760519789538666373e+02	8.241107428967943127e-01	0.000000000000000000e+00
6.764716883950667352e+02	8.248109413291122571e-01	0.000000000000000000e+00
6.768913978362667194e+02	8.255039818769496218e-01	0.000000000000000000e+00
6.773111072774667036e+02	8.261865896205863313e-01	0.000000000000000000e+00
6.777308167186668015e+02	8.268578885404355150e-01	0.000000000000000000e+00
6.781505261598667857e+02	8.275220332990311789e-01	0.000000000000000000e+00
6.785702356010667700e+02	8.281752689609165330e-01	0.000000000000000000e+00
6.789899450422667542e+02	8.288174397742574806e-01	0.000000000000000000e+00
6.794096544834667384e+02	8.294524185709997166e-01	0.000000000000000000e+00
6.798293639246667226e+02	8.300757609098554646e-01	0.000000000000000000e+00
6.802490733658667068e+02	8.306884092983946033e-01	0.000000000000000000e+00
6.806687828070666910e+02	8.312937983135590958e-01	0.000000000000000000e+00
6.810884922482666752e+02	8.318865687447815072e-01	0.000000000000000000e+00
6.815082016894666594e+02	8.324691779518164081e-01	0.000000000000000000e+00
6.819279111306666437e+02	8.330444413621312938e-01	0.000000000000000000e+00
6.823476205718667416e+02	8.336058425818103634e-01	0.000000000000000000e+00
6.827673300130667258e+02	8.341578121550394798e-01	0.000000000000000000e+00
6.831870394542667100e+02	8.347023393316356232e-01	0.000000000000000000e+00
6.836067488954666942e+02	8.352314913228577886e-01	0.000000000000000000e+00
6.840264583366667921e+02	8.357521715078237712e-01	0.000000000000000000e+00
6.844461677778667763e+02	8.362648522314420907e-01	0.000000000000000000e+00
6.848658772190667605e+02	8.367612833855799792e-01	0.000000000000000000e+00
6.852855866602667447e+02	8.372500053740034032e-01	0.000000000000000000e+00
6.857052961014667289e+02	8.377290340757514997e-01	0.000000000000000000e+00
6.861250055426667132e+02	8.381929366320507446e-01	0.000000000000000000e+00
6.865447149838666974e+02	8.386490388761602688e-01	0.000000000000000000e+00
6.869644244250666816e+02	8.390934691081043395e-01	0.000000000000000000e+00
6.873841338662666658e+02	8.395241979292904499e-01	0.000000000000000000e+00
6.878038433074666500e+02	8.399470487378920547e-01	0.000000000000000000e+00
6.882235527486666342e+02	8.403559567770880756e-01	0.000000000000000000e+00
6.886432621898667321e+02	8.407529127867915397e-01	0.000000000000000000e+00
6.890629716310667163e+02	8.411419294223122511e-01	0.000000000000000000e+00
6.894826810722667005e+02	8.415144385555568540e-01	0.000000000000000000e+00
6.899023905134667984e+02	8.418770855258799202e-01	0.000000000000000000e+00
6.903220999546667827e+02	8.422310871372956642e-01	0.000000000000000000e+00
6.907418093958667669e+02	8.425670522654893357e-01	0.000000000000000000e+00
6.911615188370667511e+02	8.428949304449370183e-01	0.000000000000000000e+00
6.915812282782667353e+02	8.432113530330231921e-01	0.000000000000000000e+00
6.920009377194667195e+02	8.435121776450292819e-01	0.000000000000000000e+00
6.924206471606667037e+02	8.438049144543066094e-01	0.000000000000000000e+00
6.928403566018666879e+02	8.440830882794402301e-01	0.000000000000000000e+00
6.932600660430666721e+02	8.443484736393065404e-01	0.000000000000000000e+00
6.936797754842666563e+02	8.446057916653005870e-01	0.000000000000000000e+00
6.940994849254666406e+02	8.448451589271540607e-01	0.000000000000000000e+00
6.945191943666667385e+02	8.450749079084746151e-01	0.000000000000000000e+00
6.949389038078667227e+02	8.452947012984007857e-01	0.000000000000000000e+00
6.953586132490667069e+02	8.454967582029159212e-01	0.000000000000000000e+00
6.957783226902666911e+02	8.456907790586168927e-01	0.000000000000000000e+00
6.961980321314667890e+02	8.458711667056009187e-01	0.000000000000000000e+00
6.966177415726667732e+02	8.460374240850463412e-01	0.000000000000000000e+00
6.970374510138667574e+02	8.461957321133969367e-01	0.000000000000000000e+00
6.974571604550667416e+02	8.463364873809371414e-01	0.000000000000000000e+00
6.978768698962667258e+02	8.464670504108209315e-01	0.000000000000000000e+00
6.982965793374667101e+02	8.465879501488109415e-01	0.000000000000000000e+00
6.987162887786666943e+02	8.466908107580113363e-01	0.000000000000000000e+00
6.991359982198666785e+02	8.467858920554116597e-01	0.000000000000000000e+00
6.995557076610666627e+02	8.468670961828567156e-01	0.000000000000000000e+00
6.999754171022666469e+02	8.469346482126296483e-01	0.000000000000000000e+00
7.003951265434666311e+02	8.469945647300093361e-01	0.000000000000000000e+00
7.008148359846667290e+02	8.470362216820277457e-01	0.000000000000000000e+00
7.012345454258667132e+02	8.470688712911704776e-01	0.000000000000000000e+00
7.016542548670666974e+02	8.470908586102432469e-01	0.000000000000000000e+00
7.020739643082667953e+02	8.470964527062081473e-01	0.000000000000000000e+00
7.024936737494667796e+02	8.470947034367720674e-01	0.000000000000000000e+00
7.029133831906667638e+02	8.470776559173575082e-01	0.000000000000000000e+00
7.033330926318667480e+02	8.470492613067504006e-01	0.000000000000000000e+00
7.037528020730667322e+02	8.470128868748376672e-01	0.000000000000000000e+00
7.041725115142667164e+02	8.469581586507249904e-01	0.000000000000000000e+00
7.045922209554667006e+02	8.468964505922932373e-01	0.000000000000000000e+00
7.050119303966666848e+02	8.468218976057678704e-01	0.000000000000000000e+00
7.054316398378666690e+02	8.467344037409757496e-01	0.000000000000000000e+00
7.058513492790666533e+02	8.466401367377638376e-01	0.000000000000000000e+00
7.062710587202666375e+02	8.465281612614047324e-01	0.000000000000000000e+00
7.066907681614667354e+02	8.464087286999316673e-01	0.000000000000000000e+00
7.071104776026667196e+02	8.462783700252165531e-01	0.000000000000000000e+00
7.075301870438667038e+02	8.461342281815075195e-01	0.000000000000000000e+00
7.079498964850666880e+02	8.459837492629002087e-01	0.000000000000000000e+00
7.083696059262667859e+02	8.458173654833094357e-01	0.000000000000000000e+00
7.087893153674667701e+02	8.456429114346692977e-01	0.000000000000000000e+00
7.092090248086667543e+02	8.454589183017253706e-01	0.000000000000000000e+00
7.096287342498667385e+02	8.452610224264838212e-01	0.000000000000000000e+00
7.100484436910667227e+02	8.450572614571466579e-01	0.000000000000000000e+00
7.104681531322667070e+02	8.448389331131627156e-01	0.000000000000000000e+00
7.108878625734666912e+02	8.446125606113159545e-01	0.000000000000000000e+00
7.113075720146666754e+02	8.443775353861042721e-01	0.000000000000000000e+00
7.117272814558666596e+02	8.441291497178931014e-01	0.000000000000000000e+00
7.121469908970666438e+02	8.438753924148613139e-01	0.000000000000000000e+00
7.125667003382666280e+02	8.436079822831679120e-01	0.000000000000000000e+00
7.129864097794667259e+02	8.433331190889329365e-01	0.000000000000000000e+00
7.134061192206667101e+02	8.430500457656459057e-01	0.000000000000000000e+00
7.138258286618666943e+02	8.427547272191066030e-01	0.000000000000000000e+00
7.142455381030666786e+02	8.424545381527565047e-01	0.000000000000000000e+00
7.146652475442667765e+02	8.421412534463973421e-01	0.000000000000000000e+00
7.150849569854667607e+02	8.418215734983220955e-01	0.000000000000000000e+00
7.155046664266667449e+02	8.414937608650152612e-01	0.000000000000000000e+00
7.159243758678667291e+02	8.411552794038585912e-01	0.000000000000000000e+00
7.163440853090667133e+02	8.408124235656192491e-01	0.000000000000000000e+00
7.167637947502666975e+02	8.404567552610939796e-01	0.000000000000000000e+00
7.171835041914666817e+02	8.400960998572370997e-01	0.000000000000000000e+00
7.176032136326666659e+02	8.397271192149797781e-01	0.000000000000000000e+00
7.180229230738666502e+02	8.393493790737297511e-01	0.000000000000000000e+00
7.184426325150666344e+02	8.389675053116240067e-01	0.000000000000000000e+00
7.188623419562667323e+02	8.385734026987211598e-01	0.000000000000000000e+00
7.192820513974667165e+02	8.381757040032271622e-01	0.000000000000000000e+00
7.197017608386667007e+02	8.377693232795452305e-01	0.000000000000000000e+00
7.201214702798666849e+02	8.373562874778646137e-01	0.000000000000000000e+00
7.205411797210667828e+02	8.369383016181684010e-01	0.000000000000000000e+00
7.209608891622667670e+02	8.365106583570702803e-01	0.000000000000000000e+00
7.213805986034667512e+02	8.360798673894173083e-01	0.000000000000000000e+00
7.218003080446667354e+02	8.356399833976846381e-01	0.000000000000000000e+00
7.222200174858667197e+02	8.351956035414486168e-01	0.000000000000000000e+00
7.226397269270667039e+02	8.347454302218705324e-01	0.000000000000000000e+00
7.230594363682666881e+02	8.342881864203537390e-01	0.000000000000000000e+00
7.234791458094666723e+02	8.338281646617231591e-01	0.000000000000000000e+00
7.238988552506666565e+02	8.333587776950925896e-01	0.000000000000000000e+00
7.243185646918666407e+02	8.328869305986891236e-01	0.000000000000000000e+00
7.247382741330666249e+02	8.324085329134830458e-01	0.000000000000000000e+00
7.251579835742667228e+02	8.319255270552876613e-01	0.000000000000000000e+00
7.255776930154667070e+02	8.314385990185803044e-01	0.000000000000000000e+00
7.259974024566666913e+02	8.309451351374625983e-01	0.000000000000000000e+00
7.264171118978666755e+02	8.304495673535222666e-01	0.000000000000000000e+00
7.268368213390667734e+02	8.299468807928821468e-01	0.000000000000000000e+00
7.272565307802667576e+02	8.294417973475204375e-01	0.000000000000000000e+00
7.276762402214667418e+02	8.289318751045343658e-01	0.000000000000000000e+00
7.280959496626667260e+02	8.284179472106518727e-01	0.000000000000000000e+00
7.285156591038667102e+02	8.279012120965527632e-01	0.000000000000000000e+00
7.289353685450666944e+02	8.273790973796580905e-01	0.000000000000000000e+00
7.293550779862666786e+02	8.268554232412357319e-01	0.000000000000000000e+00
7.297747874274666628e+02	8.263263077975664395e-01	0.000000000000000000e+00
7.301944968686666471e+02	8.257953120960347393e-01	0.000000000000000000e+00
7.306142063098666313e+02	8.252606159611979297e-01	0.000000000000000000e+00
7.310339157510667292e+02	8.247229154988751088e-01	0.000000000000000000e+00
7.314536251922667134e+02	8.241830350596137666e-01	0.000000000000000000e+00
7.318733346334666976e+02	8.236392288072359458e-01	0.000000000000000000e+00
7.322930440746666818e+02	8.230943137196720105e-01	0.000000000000000000e+00
7.327127535158667797e+02	8.225452202389621492e-01	0.000000000000000000e+00
7.331324629570667639e+02	8.219949697911513864e-01	0.000000000000000000e+00
7.335521723982667481e+02	8.214418292692079460e-01	0.000000000000000000e+00
7.339718818394667323e+02	8.208867928611986997e-01	0.000000000000000000e+00
7.343915912806667166e+02	8.203299651222837330e-01	0.000000000000000000e+00
7.348113007218667008e+02	8.197706710461831747e-01	0.000000000000000000e+00
7.352310101630666850e+02	8.192105053587737107e-01	0.000000000000000000e+00
7.356507196042666692e+02	8.186474599999199464e-01	0.000000000000000000e+00
7.360704290454666534e+02	8.180838202386880864e-01	0.000000000000000000e+00
7.364901384866666376e+02	8.175179816670090638e-01	0.000000000000000000e+00
7.369098479278666218e+02	8.169512202464379591e-01	0.000000000000000000e+00
7.373295573690667197e+02	8.163830231306150598e-01	0.000000000000000000e+00
7.377492668102667039e+02	8.158135891133537765e-01	0.000000000000000000e+00
7.381689762514666882e+02	8.152433355540349424e-01	0.000000000000000000e+00
7.385886856926666724e+02	8.146716540233310822e-01	0.000000000000000000e+00
7.390083951338667703e+02	8.140996169622312095e-01	0.000000000000000000e+00
7.394281045750667545e+02	8.135261047977071502e-01	0.000000000000000000e+00
7.398478140162667387e+02	8.129523343902821386e-01	0.000000000000000000e+00
7.402675234574667229e+02	8.123775930877219498e-01	0.000000000000000000e+00
7.406872328986667071e+02	8.118024538996798656e-01	0.000000000000000000e+00
7.411069423398666913e+02	8.112267316563737118e-01	0.000000000000000000e+00
7.415266517810666755e+02	8.106505630785870720e-01	0.000000000000000000e+00
7.419463612222666598e+02	8.100740937482169279e-01	0.000000000000000000e+00
7.423660706634666440e+02	8.094972097509741671e-01	0.000000000000000000e+00
7.427857801046666282e+02	8.089202125455490222e-01	0.000000000000000000e+00
7.432054895458666124e+02	8.083429014932198564e-01	0.000000000000000000e+00
7.436251989870667103e+02	8.077655604646334364e-01	0.000000000000000000e+00
7.440449084282666945e+02	8.071881052338654161e-01	0.000000000000000000e+00
7.444646178694666787e+02	8.066106628713712867e-01	0.000000000000000000e+00
7.448843273106667766e+02	8.060332469347621931e-01	0.000000000000000000e+00
7.453040367518667608e+02	8.054559298455020722e-01	0.000000000000000000e+00
7.457237461930667450e+02	8.048787113517750225e-01	0.000000000000000000e+00
7.461434556342667292e+02	8.043017205457558827e-01	0.000000000000000000e+00
7.465631650754667135e+02	8.037248418732212407e-01	0.000000000000000000e+00
7.469828745166666977e+02	8.031483528322628240e-01	0.000000000000000000e+00
7.474025839578666819e+02	8.025719404341272734e-01	0.000000000000000000e+00
7.478222933990666661e+02	8.019961032315472416e-01	0.000000000000000000e+00
7.482420028402666503e+02	8.014203717981063235e-01	0.000000000000000000e+00
7.486617122814666345e+02	8.008452069738151158e-01	0.000000000000000000e+00
7.490814217226666187e+02	8.002702740410022608e-01	0.000000000000000000e+00
7.495011311638667166e+02	7.996958581006400335e-01	0.000000000000000000e+00
7.499208406050667008e+02	7.991218150300093415e-01	0.000000000000000000e+00
7.503405500462666851e+02	7.985482096412307440e-01	0.000000000000000000e+00
7.507602594874666693e+02	7.979751233789574849e-01	0.000000000000000000e+00
7.511799689286667672e+02	7.974023738553907004e-01	0.000000000000000000e+00
7.515996783698667514e+02	7.968302872584380747e-01	0.000000000000000000e+00
7.520193878110667356e+02	7.962584225414651717e-01	0.000000000000000000e+00
7.524390972522667198e+02	7.956873547448233275e-01	0.000000000000000000e+00
7.528588066934667040e+02	7.951164079583205035e-01	0.000000000000000000e+00
7.532785161346666882e+02	7.945463342308511923e-01	0.000000000000000000e+00
7.536982255758666724e+02	7.939763950783337298e-01	0.000000000000000000e+00
7.541179350170666567e+02	7.934071948961640697e-01	0.000000000000000000e+00
7.545376444582666409e+02	7.928382301633553064e-01	0.000000000000000000e+00
7.549573538994666251e+02	7.922698672361189187e-01	0.000000000000000000e+00
7.553770633406666093e+02	7.917018217448332784e-01	0.000000000000000000e+00
7.557967727818667072e+02	7.911342436472561523e-01	0.000000000000000000e+00
7.562164822230666914e+02	7.905670407836992153e-01	0.000000000000000000e+00
7.566361916642666756e+02	7.900001790679095359e-01	0.000000000000000000e+00
7.570559011054667735e+02	7.894337213432062184e-01	0.000000000000000000e+00
7.574756105466667577e+02	7.888674916724003339e-01	0.000000000000000000e+00
7.578953199878667419e+02	7.883016613139384177e-01	0.000000000000000000e+00
7.583150294290667262e+02	7.877359636173847379e-01	0.000000000000000000e+00
7.587347388702667104e+02	7.871706231895899686e-01	0.000000000000000000e+00
7.591544483114666946e+02	7.866053418388774254e-01	0.000000000000000000e+00
7.595741577526666788e+02	7.860403348920655953e-01	0.000000000000000000e+00
7.599938671938666630e+02	7.854753474109003042e-01	0.000000000000000000e+00
7.604135766350666472e+02	7.849104906445443230e-01	0.000000000000000000e+00
7.608332860762666314e+02	7.843456304621343467e-01	0.000000000000000000e+00
7.612529955174666156e+02	7.837807518911316107e-01	0.000000000000000000e+00
7.616727049586667135e+02	7.832158243097879780e-01	0.000000000000000000e+00
7.620924143998666977e+02	7.826507482617659495e-01	0.000000000000000000e+00
7.625121238410666820e+02	7.820855421368512195e-01	0.000000000000000000e+00
7.629318332822666662e+02	7.815200785810528794e-01	0.000000000000000000e+00
7.633515427234667641e+02	7.809543670690144435e-01	0.000000000000000000e+00
7.637712521646667483e+02	7.803883119197079221e-01	0.000000000000000000e+00
7.641909616058667325e+02	7.798218532462041219e-01	0.000000000000000000e+00
7.646106710470667167e+02	7.792549886872840448e-01	0.000000000000000000e+00
7.650303804882667009e+02	7.786875269340615136e-01	0.000000000000000000e+00
7.654500899294666851e+02	7.781196217648553848e-01	0.000000000000000000e+00
7.658697993706666693e+02	7.775508876740278019e-01	0.000000000000000000e+00
7.662895088118666536e+02	7.769816976763084249e-01	0.000000000000000000e+00
7.667092182530666378e+02	7.764114094706617841e-01	0.000000000000000000e+00
7.671289276942666220e+02	7.758406777968613888e-01	0.000000000000000000e+00
7.675486371354666062e+02	7.752685420147966688e-01	0.000000000000000000e+00
7.679683465766667041e+02	7.746959995974175284e-01	0.000000000000000000e+00
7.683880560178666883e+02	7.741217119411041292e-01	0.000000000000000000e+00
7.688077654590666725e+02	7.735470779232884730e-01	0.000000000000000000e+00
7.692274749002667704e+02	7.729703241185790219e-01	0.000000000000000000e+00
7.696471843414667546e+02	7.723933063058026072e-01	0.000000000000000000e+00
7.700668937826667388e+02	7.718137629724124427e-01	0.000000000000000000e+00
7.704866032238667231e+02	7.712340583052256227e-01	0.000000000000000000e+00
7.709063126650667073e+02	7.706513938356491789e-01	0.000000000000000000e+00
7.713260221062666915e+02	7.700685928536867841e-01	0.000000000000000000e+00
7.717457315474666757e+02	7.694825643289712191e-01	0.000000000000000000e+00
7.721654409886666599e+02	7.688962904728559034e-01	0.000000000000000000e+00
7.725851504298666441e+02	7.683066057668551663e-01	0.000000000000000000e+00
7.730048598710666283e+02	7.677165168501978165e-01	0.000000000000000000e+00
7.734245693122666125e+02	7.671228345882773469e-01	0.000000000000000000e+00
7.738442787534667104e+02	7.665285831924036897e-01	0.000000000000000000e+00
7.742639881946666947e+02	7.659305538100560362e-01	0.000000000000000000e+00
7.746836976358666789e+02	7.653317881621111152e-01	0.000000000000000000e+00
7.751034070770666631e+02	7.647290545008135210e-01	0.000000000000000000e+00
7.755231165182667610e+02	7.641254193507758252e-01	0.000000000000000000e+00
7.759428259594667452e+02	7.635176172734514655e-01	0.000000000000000000e+00
7.763625354006667294e+02	7.629087547682600334e-01	0.000000000000000000e+00
7.767822448418667136e+02	7.622955137939302350e-01	0.000000000000000000e+00
7.772019542830666978e+02	7.616810643468578945e-01	0.000000000000000000e+00
7.776216637242666820e+02	7.610620083040330330e-01	0.000000000000000000e+00
7.780413731654666663e+02	7.604416114574248375e-01	0.000000000000000000e+00
7.784610826066666505e+02	7.598163591556960084e-01	0.000000000000000000e+00
7.788807920478666347e+02	7.591896544351326437e-01	0.000000000000000000e+00
7.793005014890666189e+02	7.585578203543728026e-01	0.000000000000000000e+00
7.797202109302666031e+02	7.579244481122998645e-01	0.000000000000000000e+00
7.801399203714667010e+02	7.572856431087986451e-01	0.000000000000000000e+00
7.805596298126666852e+02	7.566452453556271607e-01	0.000000000000000000e+00
7.809793392538666694e+02	7.559990773844095235e-01	0.000000000000000000e+00
7.813990486950667673e+02	7.553512986050736622e-01	0.000000000000000000e+00
7.818187581362667515e+02	7.546973734575807002e-01	0.000000000000000000e+00
7.822384675774667357e+02	7.540418614115304008e-01	0.000000000000000000e+00
7.826581770186667200e+02	7.533797834677460337e-01	0.000000000000000000e+00
7.830778864598667042e+02	7.527161899703311843e-01	0.000000000000000000e+00
7.834975959010666884e+02	7.520455629643545414e-01	0.000000000000000000e+00
7.839173053422666726e+02	7.513735446475698909e-01	0.000000000000000000e+00
7.843370147834666568e+02	7.506939724455620189e-01	0.000000000000000000e+00
7.847567242246666410e+02	7.500131914961387647e-01	0.000000000000000000e+00
7.851764336658666252e+02	7.493242788854611591e-01	0.000000000000000000e+00
7.855961431070666094e+02	7.486344037582965960e-01	0.000000000000000000e+00
7.860158525482667073e+02	7.479357572465764603e-01	0.000000000000000000e+00
7.864355619894666916e+02	7.472364633515341525e-01	0.000000000000000000e+00
7.868552714306666758e+02	7.465276919743304429e-01	0.000000000000000000e+00
7.872749808718666600e+02	7.458186623345095523e-01	0.000000000000000000e+00
7.876946903130667579e+02	7.450993784701014366e-01	0.000000000000000000e+00
7.881143997542667421e+02	7.443800946056935430e-01	0.000000000000000000e+00
7.885341091954667263e+02	7.436501245394834259e-01	0.000000000000000000e+00
7.889538186366667105e+02	7.429199447292849090e-01	0.000000000000000000e+00
7.893735280778666947e+02	7.421792518123405680e-01	0.000000000000000000e+00
7.897932375190666789e+02	7.414377975853042591e-01	0.000000000000000000e+00
7.902129469602666632e+02	7.406860971312441144e-01	0.000000000000000000e+00
7.906326564014666474e+02	7.399329958305645993e-01	0.000000000000000000e+00
7.910523658426666316e+02	7.391700139048930085e-01	0.000000000000000000e+00
7.914720752838666158e+02	7.384048995152198147e-01	0.000000000000000000e+00
7.918917847250666000e+02	7.376303734231458575e-01	0.000000000000000000e+00
7.923114941662666979e+02	7.368528873964421688e-01	0.000000000000000000e+00
7.927312036074666821e+02	7.360665661303520402e-01	0.000000000000000000e+00
7.931509130486666663e+02	7.352763582084740346e-01	0.000000000000000000e+00
7.935706224898667642e+02	7.344780028537343242e-01	0.000000000000000000e+00
7.939903319310667484e+02	7.336747318857167466e-01	0.000000000000000000e+00
7.944100413722667327e+02	7.328641159836494223e-01	0.000000000000000000e+00
7.948297508134667169e+02	7.320474507356322658e-01	0.000000000000000000e+00
7.952494602546667011e+02	7.312243606026662679e-01	0.000000000000000000e+00
7.956691696958666853e+02	7.303939805583421485e-01	0.000000000000000000e+00
7.960888791370666695e+02	7.295582155605324637e-01	0.000000000000000000e+00
7.965085885782666537e+02	7.287138117099418722e-01	0.000000000000000000e+00
7.969282980194666379e+02	7.278651844922274794e-01	0.000000000000000000e+00
7.973480074606666221e+02	7.270064601066881238e-01	0.000000000000000000e+00
7.977677169018666063e+02	7.261447967764691480e-01	0.000000000000000000e+00
7.981874263430667042e+02	7.252714681673938513e-01	0.000000000000000000e+00
7.986071357842666885e+02	7.243966084322139842e-01	0.000000000000000000e+00
7.990268452254666727e+02	7.235084056915568329e-01	0.000000000000000000e+00
7.994465546666666569e+02	7.226202029508995706e-01	0.000000000000000000e+00
