# lambda  Re(T_ZminTE(0,0),ZmaxTE(0,0))    Im(T_ZminTE(0,0),ZmaxTE(0,0)), 
3.797371134666668127e+02	9.838055447708745627e-01	0.000000000000000000e+00
3.801568229078667969e+02	9.838382371261972237e-01	0.000000000000000000e+00
3.805765323490668379e+02	9.834126944195167308e-01	0.000000000000000000e+00
3.809962417902668221e+02	9.825332333136634899e-01	0.000000000000000000e+00
3.814159512314668063e+02	9.812065118553625620e-01	0.000000000000000000e+00
3.818356606726667906e+02	9.794414176377348458e-01	0.000000000000000000e+00
3.822553701138668316e+02	9.772489326235435092e-01	0.000000000000000000e+00
3.826750795550668158e+02	9.746419778984257709e-01	0.000000000000000000e+00
3.830947889962668000e+02	9.716352419035620969e-01	0.000000000000000000e+00
3.835144984374667843e+02	9.682449958600041207e-01	0.000000000000000000e+00
3.839342078786668253e+02	9.644889001449761246e-01	0.000000000000000000e+00
3.843539173198668095e+02	9.603858053205358569e-01	0.000000000000000000e+00
3.847736267610667937e+02	9.559555513582246311e-01	0.000000000000000000e+00
3.851933362022668348e+02	9.512187683635449087e-01	0.000000000000000000e+00
3.856130456434668190e+02	9.461951276326162619e-01	0.000000000000000000e+00
3.860327550846668032e+02	9.409071932718252596e-01	0.000000000000000000e+00
3.864524645258667874e+02	9.353780804253745140e-01	0.000000000000000000e+00
3.868721739670668285e+02	9.296296498681316800e-01	0.000000000000000000e+00
3.872918834082668127e+02	9.236836657003330009e-01	0.000000000000000000e+00
3.877115928494667969e+02	9.175616564906039496e-01	0.000000000000000000e+00
3.881313022906667811e+02	9.112847906406660314e-01	0.000000000000000000e+00
3.885510117318668222e+02	9.048737662608076215e-01	0.000000000000000000e+00
3.889707211730668064e+02	8.983487155452792861e-01	0.000000000000000000e+00
3.893904306142667906e+02	8.917291233767256076e-01	0.000000000000000000e+00
3.898101400554668317e+02	8.850337596700844633e-01	0.000000000000000000e+00
3.902298494966668159e+02	8.782806247890730944e-01	0.000000000000000000e+00
3.906495589378668001e+02	8.714869072308667475e-01	0.000000000000000000e+00
3.910692683790667843e+02	8.646689526745173771e-01	0.000000000000000000e+00
3.914889778202668253e+02	8.578422434225262405e-01	0.000000000000000000e+00
3.919086872614668096e+02	8.510213872291095827e-01	0.000000000000000000e+00
3.923283967026667938e+02	8.442201144989122108e-01	0.000000000000000000e+00
3.927481061438668348e+02	8.374512828521265551e-01	0.000000000000000000e+00
3.931678155850668190e+02	8.307268880820635193e-01	0.000000000000000000e+00
3.935875250262668033e+02	8.240580805753470184e-01	0.000000000000000000e+00
3.940072344674667875e+02	8.174554535942649691e-01	0.000000000000000000e+00
3.944269439086668285e+02	8.109290678559809562e-01	0.000000000000000000e+00
3.948466533498668127e+02	8.044871866282811146e-01	0.000000000000000000e+00
3.952663627910667969e+02	7.981378243943360040e-01	0.000000000000000000e+00
3.956860722322667812e+02	7.918882827345938846e-01	0.000000000000000000e+00
3.961057816734668222e+02	7.857451838243462161e-01	0.000000000000000000e+00
3.965254911146668064e+02	7.797145046508745514e-01	0.000000000000000000e+00
3.969452005558667906e+02	7.738016115345653922e-01	0.000000000000000000e+00
3.973649099970668317e+02	7.680112945981645289e-01	0.000000000000000000e+00
3.977846194382668159e+02	7.623478018835756487e-01	0.000000000000000000e+00
3.982043288794668001e+02	7.568148728660029079e-01	0.000000000000000000e+00
3.986240383206667843e+02	7.514157711608254742e-01	0.000000000000000000e+00
3.990437477618668254e+02	7.461533162592894897e-01	0.000000000000000000e+00
3.994634572030668096e+02	7.410299141652222366e-01	0.000000000000000000e+00
3.998831666442667938e+02	7.360491136218402231e-01	0.000000000000000000e+00
4.003028760854667780e+02	7.312137264209160881e-01	0.000000000000000000e+00
4.007225855266668191e+02	7.265226772784547649e-01	0.000000000000000000e+00
4.011422949678668033e+02	7.219769785677658813e-01	0.000000000000000000e+00
4.015620044090667875e+02	7.175773639577555096e-01	0.000000000000000000e+00
4.019817138502668286e+02	7.133243113730420859e-01	0.000000000000000000e+00
4.024014232914668128e+02	7.092180646166654778e-01	0.000000000000000000e+00
4.028211327326667970e+02	7.052586536846525700e-01	0.000000000000000000e+00
4.032408421738667812e+02	7.014459138090040069e-01	0.000000000000000000e+00
4.036605516150668223e+02	6.977842351459732084e-01	0.000000000000000000e+00
4.040802610562668065e+02	6.942695189676679757e-01	0.000000000000000000e+00
4.044999704974667907e+02	6.909001278714832495e-01	0.000000000000000000e+00
4.049196799386668317e+02	6.876752662292903162e-01	0.000000000000000000e+00
4.053393893798668159e+02	6.845940225542699320e-01	0.000000000000000000e+00
4.057590988210668002e+02	6.816553818813078092e-01	0.000000000000000000e+00
4.061788082622667844e+02	6.788583440866047258e-01	0.000000000000000000e+00
4.065985177034668254e+02	6.762082317820717892e-01	0.000000000000000000e+00
4.070182271446668096e+02	6.736972478874845294e-01	0.000000000000000000e+00
4.074379365858667938e+02	6.713240544590729497e-01	0.000000000000000000e+00
4.078576460270667781e+02	6.690872601467021674e-01	0.000000000000000000e+00
4.082773554682668191e+02	6.669854276568525364e-01	0.000000000000000000e+00
4.086970649094668033e+02	6.650182944252296391e-01	0.000000000000000000e+00
4.091167743506667875e+02	6.631892963491726745e-01	0.000000000000000000e+00
4.095364837918668286e+02	6.614907611432562229e-01	0.000000000000000000e+00
4.099561932330668128e+02	6.599211189955406232e-01	0.000000000000000000e+00
4.103759026742667970e+02	6.584787834831169473e-01	0.000000000000000000e+00
4.107956121154667812e+02	6.571621556513954632e-01	0.000000000000000000e+00
4.112153215566668223e+02	6.559770113719223250e-01	0.000000000000000000e+00
4.116350309978668065e+02	6.549147622236740629e-01	0.000000000000000000e+00
4.120547404390667907e+02	6.539733602662305412e-01	0.000000000000000000e+00
4.124744498802667749e+02	6.531511812309531706e-01	0.000000000000000000e+00
4.128941593214668160e+02	6.524480895762164723e-01	0.000000000000000000e+00
4.133138687626668002e+02	6.518675996056390032e-01	0.000000000000000000e+00
4.137335782038667844e+02	6.514014355270428824e-01	0.000000000000000000e+00
4.141532876450668255e+02	6.510479865975935532e-01	0.000000000000000000e+00
4.145729970862668097e+02	6.508056508419454156e-01	0.000000000000000000e+00
4.149927065274667939e+02	6.506792455572000256e-01	0.000000000000000000e+00
4.154124159686667781e+02	6.506626382751712345e-01	0.000000000000000000e+00
4.158321254098668192e+02	6.507523214899627595e-01	0.000000000000000000e+00
4.162518348510668034e+02	6.509467279069176548e-01	0.000000000000000000e+00
4.166715442922667876e+02	6.512496837122297988e-01	0.000000000000000000e+00
4.170912537334668286e+02	6.516572823380001322e-01	0.000000000000000000e+00
4.175109631746668128e+02	6.521648674896549647e-01	0.000000000000000000e+00
4.179306726158667971e+02	6.527709073784753180e-01	0.000000000000000000e+00
4.183503820570667813e+02	6.534801211656529052e-01	0.000000000000000000e+00
4.187700914982668223e+02	6.542869690845214414e-01	0.000000000000000000e+00
4.191898009394668065e+02	6.551876046581879276e-01	0.000000000000000000e+00
4.196095103806667908e+02	6.561806636747054000e-01	0.000000000000000000e+00
4.200292198218668318e+02	6.572729270601240792e-01	0.000000000000000000e+00
4.204489292630668160e+02	6.584543290992119768e-01	0.000000000000000000e+00
4.208686387042668002e+02	6.597233696866453556e-01	0.000000000000000000e+00
4.212883481454667844e+02	6.610825721058095628e-01	0.000000000000000000e+00
4.217080575866667687e+02	6.625308494797951253e-01	0.000000000000000000e+00
4.221277670278668097e+02	6.640620906515496413e-01	0.000000000000000000e+00
4.225474764690667939e+02	6.656753355177987830e-01	0.000000000000000000e+00
4.229671859102667781e+02	6.673764056731634753e-01	0.000000000000000000e+00
4.233868953514668192e+02	6.691556877414246429e-01	0.000000000000000000e+00
4.238066047926668034e+02	6.710116495819127280e-01	0.000000000000000000e+00
4.242263142338667876e+02	6.729492820166951272e-01	0.000000000000000000e+00
4.246460236750667718e+02	6.749620566393310650e-01	0.000000000000000000e+00
4.250657331162668129e+02	6.770465936962800635e-01	0.000000000000000000e+00
4.254854425574667971e+02	6.792063370633181218e-01	0.000000000000000000e+00
4.259051519986667813e+02	6.814375078233571026e-01	0.000000000000000000e+00
4.263248614398668224e+02	6.837353339231029281e-01	0.000000000000000000e+00
4.267445708810668066e+02	6.861025129599730432e-01	0.000000000000000000e+00
4.271642803222667908e+02	6.885362767701790343e-01	0.000000000000000000e+00
4.275839897634667750e+02	6.910313532169473083e-01	0.000000000000000000e+00
4.280036992046668161e+02	6.935903497873746604e-01	0.000000000000000000e+00
4.284234086458668003e+02	6.962100482691460090e-01	0.000000000000000000e+00
4.288431180870667845e+02	6.988854415425935773e-01	0.000000000000000000e+00
4.292628275282668255e+02	7.016195321816268704e-01	0.000000000000000000e+00
4.296825369694668098e+02	7.044075225501056359e-01	0.000000000000000000e+00
4.301022464106667940e+02	7.072452845374683772e-01	0.000000000000000000e+00
4.305219558518667782e+02	7.101364970580648084e-01	0.000000000000000000e+00
4.309416652930668192e+02	7.130740521183235314e-01	0.000000000000000000e+00
4.313613747342668034e+02	7.160558301872876896e-01	0.000000000000000000e+00
4.317810841754667877e+02	7.190841318466866250e-01	0.000000000000000000e+00
4.322007936166667719e+02	7.221513783251330976e-01	0.000000000000000000e+00
4.326205030578668129e+02	7.252578118115218242e-01	0.000000000000000000e+00
4.330402124990667971e+02	7.284015918928833377e-01	0.000000000000000000e+00
4.334599219402667813e+02	7.315774953660203472e-01	0.000000000000000000e+00
4.338796313814667656e+02	7.347868645765132101e-01	0.000000000000000000e+00
4.342993408226668066e+02	7.380242631815471244e-01	0.000000000000000000e+00
4.347190502638667908e+02	7.412875036545577556e-01	0.000000000000000000e+00
4.351387597050667750e+02	7.445758054405854365e-01	0.000000000000000000e+00
4.355584691462668161e+02	7.478838920129932122e-01	0.000000000000000000e+00
4.359781785874668003e+02	7.512113103805340142e-01	0.000000000000000000e+00
4.363978880286667845e+02	7.545539858030720914e-01	0.000000000000000000e+00
4.368175974698667687e+02	7.579092793034002407e-01	0.000000000000000000e+00
4.372373069110668098e+02	7.612751411818670100e-01	0.000000000000000000e+00
4.376570163522667940e+02	7.646477324334551851e-01	0.000000000000000000e+00
4.380767257934667782e+02	7.680249769129016135e-01	0.000000000000000000e+00
4.384964352346668193e+02	7.714035005285667657e-01	0.000000000000000000e+00
4.389161446758668035e+02	7.747806304604935024e-01	0.000000000000000000e+00
4.393358541170667877e+02	7.781531605450555666e-01	0.000000000000000000e+00
4.397555635582667719e+02	7.815188682213466409e-01	0.000000000000000000e+00
4.401752729994668130e+02	7.848733672529631944e-01	0.000000000000000000e+00
4.405949824406667972e+02	7.882155675202799916e-01	0.000000000000000000e+00
4.410146918818667814e+02	7.915406040211642180e-01	0.000000000000000000e+00
4.414344013230668224e+02	7.948471113243954500e-01	0.000000000000000000e+00
4.418541107642668067e+02	7.981313298239153253e-01	0.000000000000000000e+00
4.422738202054667909e+02	8.013901911561898128e-01	0.000000000000000000e+00
4.426935296466667751e+02	8.046221376988236251e-01	0.000000000000000000e+00
4.431132390878668161e+02	8.078215699224703394e-01	0.000000000000000000e+00
4.435329485290668003e+02	8.109899221873078101e-01	0.000000000000000000e+00
4.439526579702667846e+02	8.141184015141653685e-01	0.000000000000000000e+00
4.443723674114668256e+02	8.172111110802220413e-01	0.000000000000000000e+00
4.447920768526668098e+02	8.202584055070814006e-01	0.000000000000000000e+00
4.452117862938667940e+02	8.232641030692289252e-01	0.000000000000000000e+00
4.456314957350667783e+02	8.262200429798549628e-01	0.000000000000000000e+00
4.460512051762667625e+02	8.291282593614964780e-01	0.000000000000000000e+00
4.464709146174668035e+02	8.319826899597877468e-01	0.000000000000000000e+00
4.468906240586667877e+02	8.347835204216376148e-01	0.000000000000000000e+00
4.473103334998667719e+02	8.375268049118949065e-01	0.000000000000000000e+00
4.477300429410668130e+02	8.402109883859710804e-01	0.000000000000000000e+00
4.481497523822667972e+02	8.428340866978691892e-01	0.000000000000000000e+00
4.485694618234667814e+02	8.453930778687137604e-01	0.000000000000000000e+00
4.489891712646667656e+02	8.478876195527839110e-01	0.000000000000000000e+00
4.494088807058668067e+02	8.503136521593632757e-01	0.000000000000000000e+00
4.498285901470667909e+02	8.526720018568473280e-01	0.000000000000000000e+00
4.502482995882667751e+02	8.549581417860759869e-01	0.000000000000000000e+00
4.506680090294668162e+02	8.571734558107511059e-01	0.000000000000000000e+00
4.510877184706668004e+02	8.593136427976668656e-01	0.000000000000000000e+00
4.515074279118667846e+02	8.613799155442163347e-01	0.000000000000000000e+00
4.519271373530667688e+02	8.633689925747228822e-01	0.000000000000000000e+00
4.523468467942668099e+02	8.652810916818178821e-01	0.000000000000000000e+00
4.527665562354667941e+02	8.671148215003816606e-01	0.000000000000000000e+00
4.531862656766667783e+02	8.688685109390263950e-01	0.000000000000000000e+00
4.536059751178668193e+02	8.705435793830521574e-01	0.000000000000000000e+00
4.540256845590668036e+02	8.721355299016465557e-01	0.000000000000000000e+00
4.544453940002667878e+02	8.736495361037953655e-01	0.000000000000000000e+00
4.548651034414667720e+02	8.750773227312490521e-01	0.000000000000000000e+00
4.552848128826667562e+02	8.764287565383288570e-01	0.000000000000000000e+00
4.557045223238667973e+02	8.776908431146190903e-01	0.000000000000000000e+00
4.561242317650667815e+02	8.788786801689020267e-01	0.000000000000000000e+00
4.565439412062668225e+02	8.799747613154098591e-01	0.000000000000000000e+00
4.569636506474668067e+02	8.809961388382181458e-01	0.000000000000000000e+00
4.573833600886667909e+02	8.819293776732330947e-01	0.000000000000000000e+00
4.578030695298667752e+02	8.827847939203298244e-01	0.000000000000000000e+00
4.582227789710667594e+02	8.835565143141625999e-01	0.000000000000000000e+00
4.586424884122668004e+02	8.842472096467040021e-01	0.000000000000000000e+00
4.590621978534667846e+02	8.848593871770379371e-01	0.000000000000000000e+00
4.594819072946667688e+02	8.853872763685416425e-01	0.000000000000000000e+00
4.599016167358668099e+02	8.858424607159472997e-01	0.000000000000000000e+00
4.603213261770667941e+02	8.862100558952396012e-01	0.000000000000000000e+00
4.607410356182667783e+02	8.865067811739955062e-01	0.000000000000000000e+00
4.611607450594667625e+02	8.867216131549525704e-01	0.000000000000000000e+00
4.615804545006668036e+02	8.868625309300509629e-01	0.000000000000000000e+00
4.620001639418667878e+02	8.869288368366129438e-01	0.000000000000000000e+00
4.624198733830667720e+02	8.869175527954895610e-01	0.000000000000000000e+00
4.628395828242668131e+02	8.868391955468197807e-01	0.000000000000000000e+00
4.632592922654667973e+02	8.866796461916409688e-01	0.000000000000000000e+00
4.636790017066667815e+02	8.864547419192243538e-01	0.000000000000000000e+00
4.640987111478667657e+02	8.861569475393392681e-01	0.000000000000000000e+00
4.645184205890668068e+02	8.857895907840536154e-01	0.000000000000000000e+00
4.649381300302667910e+02	8.853577299486827812e-01	0.000000000000000000e+00
4.653578394714667752e+02	8.848520242188160356e-01	0.000000000000000000e+00
4.657775489126668162e+02	8.842853912357355739e-01	0.000000000000000000e+00
4.661972583538668005e+02	8.836501480257314967e-01	0.000000000000000000e+00
4.666169677950667847e+02	8.829508777100313344e-01	0.000000000000000000e+00
4.670366772362667689e+02	8.821916916729650726e-01	0.000000000000000000e+00
4.674563866774667531e+02	8.813634298409880330e-01	0.000000000000000000e+00
4.678760961186667942e+02	8.804781267609728124e-01	0.000000000000000000e+00
4.682958055598667784e+02	8.795298186257478612e-01	0.000000000000000000e+00
4.687155150010668194e+02	8.785200665195321834e-01	0.000000000000000000e+00
4.691352244422668036e+02	8.774550094606806683e-01	0.000000000000000000e+00
4.695549338834667878e+02	8.763242231871140042e-01	0.000000000000000000e+00
4.699746433246667721e+02	8.751380799797571219e-01	0.000000000000000000e+00
4.703943527658667563e+02	8.738947590321793912e-01	0.000000000000000000e+00
4.708140622070667973e+02	8.725889920730395266e-01	0.000000000000000000e+00
4.712337716482667815e+02	8.712294066420542826e-01	0.000000000000000000e+00
4.716534810894667658e+02	8.698097180593901134e-01	0.000000000000000000e+00
4.720731905306668068e+02	8.683310476150863932e-01	0.000000000000000000e+00
4.724928999718667910e+02	8.667982803395810620e-01	0.000000000000000000e+00
4.729126094130667752e+02	8.652020227456727053e-01	0.000000000000000000e+00
4.733323188542667594e+02	8.635485373170475043e-01	0.000000000000000000e+00
4.737520282954668005e+02	8.618396156252879914e-01	0.000000000000000000e+00
4.741717377366667847e+02	8.600630435540487229e-01	0.000000000000000000e+00
4.745914471778667689e+02	8.582292226407648439e-01	0.000000000000000000e+00
4.750111566190668100e+02	8.563359064329392201e-01	0.000000000000000000e+00
4.754308660602667942e+02	8.543727060134288509e-01	0.000000000000000000e+00
4.758505755014667784e+02	8.523488614658729645e-01	0.000000000000000000e+00
4.762702849426667626e+02	8.502604240028344140e-01	0.000000000000000000e+00
4.766899943838667468e+02	8.480978722692623650e-01	0.000000000000000000e+00
4.771097038250667879e+02	8.458695757992886755e-01	0.000000000000000000e+00
4.775294132662667721e+02	8.435706204140408504e-01	0.000000000000000000e+00
4.779491227074668132e+02	8.411907020931990164e-01	0.000000000000000000e+00
4.783688321486667974e+02	8.387381947449974451e-01	0.000000000000000000e+00
4.787885415898667816e+02	8.362080237574160968e-01	0.000000000000000000e+00
4.792082510310667658e+02	8.335869835229542391e-01	0.000000000000000000e+00
4.796279604722667500e+02	8.308845630872596644e-01	0.000000000000000000e+00
4.800476699134667911e+02	8.280967103258597417e-01	0.000000000000000000e+00
4.804673793546667753e+02	8.252044254602671769e-01	0.000000000000000000e+00
4.808870887958667595e+02	8.222198090886875255e-01	0.000000000000000000e+00
4.813067982370668005e+02	8.191390929261165299e-01	0.000000000000000000e+00
4.817265076782667848e+02	8.159409105496102654e-01	0.000000000000000000e+00
4.821462171194667690e+02	8.126345728644489563e-01	0.000000000000000000e+00
4.825659265606667532e+02	8.092180292246257123e-01	0.000000000000000000e+00
4.829856360018667942e+02	8.056727185958985071e-01	0.000000000000000000e+00
4.834053454430667784e+02	8.019972114709473798e-01	0.000000000000000000e+00
4.838250548842667627e+02	7.981947055208191699e-01	0.000000000000000000e+00
4.842447643254668037e+02	7.942527518443114332e-01	0.000000000000000000e+00
4.846644737666667879e+02	7.901520224170692774e-01	0.000000000000000000e+00
4.850841832078667721e+02	7.859045852185563286e-01	0.000000000000000000e+00
4.855038926490667563e+02	7.815038530981206488e-01	0.000000000000000000e+00
4.859236020902667974e+02	7.769175691396532635e-01	0.000000000000000000e+00
4.863433115314667816e+02	7.721567665132541558e-01	0.000000000000000000e+00
4.867630209726667658e+02	7.672188346993876751e-01	0.000000000000000000e+00
4.871827304138668069e+02	7.620852576892700458e-01	0.000000000000000000e+00
4.876024398550667911e+02	7.567326821844387874e-01	0.000000000000000000e+00
4.880221492962667753e+02	7.511758155109427015e-01	0.000000000000000000e+00
4.884418587374667595e+02	7.454057249374216321e-01	0.000000000000000000e+00
4.888615681786667437e+02	7.393854252236300439e-01	0.000000000000000000e+00
4.892812776198667848e+02	7.331176334108333581e-01	0.000000000000000000e+00
4.897009870610667690e+02	7.266050888228425819e-01	0.000000000000000000e+00
4.901206965022668101e+02	7.198375547444887390e-01	0.000000000000000000e+00
4.905404059434667943e+02	7.127596114771780345e-01	0.000000000000000000e+00
4.909601153846667785e+02	7.053997230942730123e-01	0.000000000000000000e+00
4.913798248258667627e+02	6.977494291839807516e-01	0.000000000000000000e+00
4.917995342670667469e+02	6.897926960538043328e-01	0.000000000000000000e+00
4.922192437082667880e+02	6.814727252162230409e-01	0.000000000000000000e+00
4.926389531494667722e+02	6.728249076608746604e-01	0.000000000000000000e+00
4.930586625906667564e+02	6.638376011774278496e-01	0.000000000000000000e+00
4.934783720318667974e+02	6.544927423736333072e-01	0.000000000000000000e+00
4.938980814730667817e+02	6.447298294798234908e-01	0.000000000000000000e+00
4.943177909142667659e+02	6.345899331470190585e-01	0.000000000000000000e+00
4.947375003554667501e+02	6.240620619530330426e-01	0.000000000000000000e+00
4.951572097966667911e+02	6.131356434453985038e-01	0.000000000000000000e+00
4.955769192378667753e+02	6.017345431758067686e-01	0.000000000000000000e+00
4.959966286790667596e+02	5.899123845216649453e-01	0.000000000000000000e+00
4.964163381202668006e+02	5.776622511585252084e-01	0.000000000000000000e+00
4.968360475614667848e+02	5.649772658183132013e-01	0.000000000000000000e+00
4.972557570026667690e+02	5.518028912290320331e-01	0.000000000000000000e+00
4.976754664438667533e+02	5.381634923019765759e-01	0.000000000000000000e+00
4.980951758850667943e+02	5.240784792560708727e-01	0.000000000000000000e+00
4.985148853262667785e+02	5.095490555952500999e-01	0.000000000000000000e+00
4.989345947674667627e+02	4.945624989376076752e-01	0.000000000000000000e+00
4.993543042086668038e+02	4.790948926827078846e-01	0.000000000000000000e+00
4.997740136498667880e+02	4.632082604519865976e-01	0.000000000000000000e+00
5.001937230910667722e+02	4.469183210623585700e-01	0.000000000000000000e+00
5.006134325322667564e+02	4.302452259377714805e-01	0.000000000000000000e+00
5.010331419734667406e+02	4.131847222144394149e-01	0.000000000000000000e+00
5.014528514146667817e+02	3.957850045846665332e-01	0.000000000000000000e+00
5.018725608558667659e+02	3.781046082920825890e-01	0.000000000000000000e+00
5.022922702970668070e+02	3.601875628706696642e-01	0.000000000000000000e+00
5.027119797382667912e+02	3.420842784400319747e-01	0.000000000000000000e+00
5.031316891794667754e+02	3.238449636650341801e-01	0.000000000000000000e+00
5.035513986206667596e+02	3.055529508003602124e-01	0.000000000000000000e+00
5.039711080618667438e+02	2.872847544566696776e-01	0.000000000000000000e+00
5.043908175030667849e+02	2.691185880636341454e-01	0.000000000000000000e+00
5.048105269442667691e+02	2.511382516856571212e-01	0.000000000000000000e+00
5.052302363854667533e+02	2.334646559187375237e-01	0.000000000000000000e+00
5.056499458266667943e+02	2.161953284773619754e-01	0.000000000000000000e+00
5.060696552678667786e+02	1.994108587172405411e-01	0.000000000000000000e+00
5.064893647090667628e+02	1.832070000862718318e-01	0.000000000000000000e+00
5.069090741502667470e+02	1.676781520089839495e-01	0.000000000000000000e+00
5.073287835914667880e+02	1.529418674703619530e-01	0.000000000000000000e+00
5.077484930326667723e+02	1.391550465185335539e-01	0.000000000000000000e+00
5.081682024738668133e+02	1.263128563135423876e-01	0.000000000000000000e+00
5.085879119150667975e+02	1.144797768645345049e-01	0.000000000000000000e+00
5.090076213562667817e+02	1.037079590724213768e-01	0.000000000000000000e+00
5.094273307974667659e+02	9.403565101796171333e-02	0.000000000000000000e+00
5.098470402386667502e+02	8.555699896225076040e-02	0.000000000000000000e+00
5.102667496798667344e+02	7.827780566720841937e-02	0.000000000000000000e+00
5.106864591210667754e+02	7.211404810852120595e-02	0.000000000000000000e+00
5.111061685622667596e+02	6.703876452889910575e-02	0.000000000000000000e+00
5.115258780034668007e+02	6.301258965932299283e-02	0.000000000000000000e+00
5.119455874446667849e+02	5.998654856397876711e-02	0.000000000000000000e+00
5.123652968858667691e+02	5.794391213338136865e-02	0.000000000000000000e+00
5.127850063270667533e+02	5.684970007709056611e-02	0.000000000000000000e+00
5.132047157682667375e+02	5.658284719830587034e-02	0.000000000000000000e+00
5.136244252094668354e+02	5.710599562421672659e-02	0.000000000000000000e+00
5.140441346506668197e+02	5.840025924861447226e-02	0.000000000000000000e+00
5.144638440918668039e+02	6.047120503381127332e-02	0.000000000000000000e+00
5.148835535330667881e+02	6.335380485618483104e-02	0.000000000000000000e+00
5.153032629742667723e+02	6.719584240403049524e-02	0.000000000000000000e+00
5.157229724154667565e+02	7.206807196003765792e-02	0.000000000000000000e+00
5.161426818566667407e+02	7.807804333693244003e-02	0.000000000000000000e+00
5.165623912978667249e+02	8.537623521951345773e-02	0.000000000000000000e+00
5.169821007390667091e+02	9.411487208455433795e-02	0.000000000000000000e+00
5.174018101802668070e+02	1.044302340835818882e-01	0.000000000000000000e+00
5.178215196214667912e+02	1.164238491018870919e-01	0.000000000000000000e+00
5.182412290626667755e+02	1.302306728932802748e-01	0.000000000000000000e+00
5.186609385038667597e+02	1.458294489980321573e-01	0.000000000000000000e+00
5.190806479450667439e+02	1.630244485715875713e-01	0.000000000000000000e+00
5.195003573862667281e+02	1.816492938112033440e-01	0.000000000000000000e+00
5.199200668274668260e+02	2.014853098357232142e-01	0.000000000000000000e+00
5.203397762686668102e+02	2.222782044514043376e-01	0.000000000000000000e+00
5.207594857098667944e+02	2.437565316821558303e-01	0.000000000000000000e+00
5.211791951510667786e+02	2.656492718238404604e-01	0.000000000000000000e+00
5.215989045922667628e+02	2.876973292725188425e-01	0.000000000000000000e+00
5.220186140334667471e+02	3.096455715279931020e-01	0.000000000000000000e+00
5.224383234746667313e+02	3.312979722332272670e-01	0.000000000000000000e+00
5.228580329158667155e+02	3.525002869719808807e-01	0.000000000000000000e+00
5.232777423570666997e+02	3.731320475694792638e-01	0.000000000000000000e+00
5.236974517982667976e+02	3.931037329785216916e-01	0.000000000000000000e+00
5.241171612394667818e+02	4.123529537072095907e-01	0.000000000000000000e+00
5.245368706806667660e+02	4.308402578444187059e-01	0.000000000000000000e+00
5.249565801218667502e+02	4.485449852973607543e-01	0.000000000000000000e+00
5.253762895630667344e+02	4.654499382597054313e-01	0.000000000000000000e+00
5.257959990042668323e+02	4.815206850051416132e-01	0.000000000000000000e+00
5.262157084454668166e+02	4.968276731583926575e-01	0.000000000000000000e+00
5.266354178866668008e+02	5.113927022011914847e-01	0.000000000000000000e+00
5.270551273278667850e+02	5.252415833944511503e-01	0.000000000000000000e+00
5.274748367690667692e+02	5.384027375437390184e-01	0.000000000000000000e+00
5.278945462102667534e+02	5.509061081176617192e-01	0.000000000000000000e+00
5.283142556514667376e+02	5.627823329719804368e-01	0.000000000000000000e+00
5.287339650926667218e+02	5.740621242685680636e-01	0.000000000000000000e+00
5.291536745338667060e+02	5.847758134604451596e-01	0.000000000000000000e+00
5.295733839750668039e+02	5.949530254356079073e-01	0.000000000000000000e+00
5.299930934162667882e+02	6.046181042750407020e-01	0.000000000000000000e+00
5.304128028574667724e+02	6.137762710888970963e-01	0.000000000000000000e+00
5.308325122986667566e+02	6.224844193149317029e-01	0.000000000000000000e+00
5.312522217398667408e+02	6.307674692270685002e-01	0.000000000000000000e+00
5.316719311810667250e+02	6.386491087614281081e-01	0.000000000000000000e+00
5.320916406222668229e+02	6.461518040067099067e-01	0.000000000000000000e+00
5.325113500634668071e+02	6.532968244233285926e-01	0.000000000000000000e+00
5.329310595046667913e+02	6.601042781985635433e-01	0.000000000000000000e+00
5.333507689458667755e+02	6.665931542752648875e-01	0.000000000000000000e+00
5.337704783870667598e+02	6.727813684651750004e-01	0.000000000000000000e+00
5.341901878282667440e+02	6.786858117293910198e-01	0.000000000000000000e+00
5.346098972694667282e+02	6.843223992222696728e-01	0.000000000000000000e+00
5.350296067106667124e+02	6.897061190862490143e-01	0.000000000000000000e+00
5.354493161518666966e+02	6.948510802816710852e-01	0.000000000000000000e+00
5.358690255930667945e+02	6.997705589591596276e-01	0.000000000000000000e+00
5.362887350342667787e+02	7.044713028230947804e-01	0.000000000000000000e+00
5.367084444754667629e+02	7.089674174645091975e-01	0.000000000000000000e+00
5.371281539166667471e+02	7.132744978154182958e-01	0.000000000000000000e+00
5.375478633578667313e+02	7.174027988045564852e-01	0.000000000000000000e+00
5.379675727990668292e+02	7.213619541078455377e-01	0.000000000000000000e+00
5.383872822402668135e+02	7.251610096641410985e-01	0.000000000000000000e+00
5.388069916814667977e+02	7.288084552158122786e-01	0.000000000000000000e+00
5.392267011226667819e+02	7.323122539571551570e-01	0.000000000000000000e+00
5.396464105638667661e+02	7.356798703819990015e-01	0.000000000000000000e+00
5.400661200050667503e+02	7.389182964262530628e-01	0.000000000000000000e+00
5.404858294462667345e+02	7.420340760027196447e-01	0.000000000000000000e+00
5.409055388874667187e+02	7.450333280249801238e-01	0.000000000000000000e+00
5.413252483286667029e+02	7.479217680152585590e-01	0.000000000000000000e+00
5.417449577698668008e+02	7.507047283882072319e-01	0.000000000000000000e+00
5.421646672110667851e+02	7.533871774990349435e-01	0.000000000000000000e+00
5.425843766522667693e+02	7.559737375404051996e-01	0.000000000000000000e+00
5.430040860934667535e+02	7.584687013684211498e-01	0.000000000000000000e+00
5.434237955346667377e+02	7.608760483337294600e-01	0.000000000000000000e+00
5.438435049758667219e+02	7.631994591896575919e-01	0.000000000000000000e+00
5.442632144170668198e+02	7.654423301451686035e-01	0.000000000000000000e+00
5.446829238582668040e+02	7.676077861264853919e-01	0.000000000000000000e+00
5.451026332994667882e+02	7.696986933074226878e-01	0.000000000000000000e+00
5.455223427406667724e+02	7.717176709650623856e-01	0.000000000000000000e+00
5.459420521818667567e+02	7.736671027138313228e-01	0.000000000000000000e+00
5.463617616230667409e+02	7.755491471680210358e-01	0.000000000000000000e+00
5.467814710642667251e+02	7.773657480798752406e-01	0.000000000000000000e+00
5.472011805054667093e+02	7.791186439975659184e-01	0.000000000000000000e+00
5.476208899466666935e+02	7.808093774847082447e-01	0.000000000000000000e+00
5.480405993878667914e+02	7.824393039409105466e-01	0.000000000000000000e+00
5.484603088290667756e+02	7.840096000606862070e-01	0.000000000000000000e+00
5.488800182702667598e+02	7.855212719655209064e-01	0.000000000000000000e+00
5.492997277114667440e+02	7.869751630427617162e-01	0.000000000000000000e+00
5.497194371526667283e+02	7.883719615224255017e-01	0.000000000000000000e+00
5.501391465938668262e+02	7.897122078220891739e-01	0.000000000000000000e+00
5.505588560350668104e+02	7.909963016877841202e-01	0.000000000000000000e+00
5.509785654762667946e+02	7.922245091580639720e-01	0.000000000000000000e+00
5.513982749174667788e+02	7.933969693763339714e-01	0.000000000000000000e+00
5.518179843586667630e+02	7.945137012757795825e-01	0.000000000000000000e+00
5.522376937998667472e+02	7.955746101596902209e-01	0.000000000000000000e+00
5.526574032410667314e+02	7.965794941986068523e-01	0.000000000000000000e+00
5.530771126822667156e+02	7.975280508649097433e-01	0.000000000000000000e+00
5.534968221234666998e+02	7.984198833238185244e-01	0.000000000000000000e+00
5.539165315646667977e+02	7.992545067987189000e-01	0.000000000000000000e+00
5.543362410058667820e+02	8.000313549276769631e-01	0.000000000000000000e+00
5.547559504470667662e+02	8.007497861262679040e-01	0.000000000000000000e+00
5.551756598882667504e+02	8.014090899707830840e-01	0.000000000000000000e+00
5.555953693294667346e+02	8.020084936145384091e-01	0.000000000000000000e+00
5.560150787706667188e+02	8.025471682479234925e-01	0.000000000000000000e+00
5.564347882118668167e+02	8.030242356119351443e-01	0.000000000000000000e+00
5.568544976530668009e+02	8.034387745723283736e-01	0.000000000000000000e+00
5.572742070942667851e+02	8.037898277603612307e-01	0.000000000000000000e+00
5.576939165354667693e+02	8.040764082831027837e-01	0.000000000000000000e+00
5.581136259766667536e+02	8.042975065048143524e-01	0.000000000000000000e+00
5.585333354178667378e+02	8.044520968975853448e-01	0.000000000000000000e+00
5.589530448590667220e+02	8.045391449571811515e-01	0.000000000000000000e+00
5.593727543002667062e+02	8.045576141765585776e-01	0.000000000000000000e+00
5.597924637414666904e+02	8.045064730665726360e-01	0.000000000000000000e+00
5.602121731826667883e+02	8.043847022094428034e-01	0.000000000000000000e+00
5.606318826238667725e+02	8.041913013269025301e-01	0.000000000000000000e+00
5.610515920650667567e+02	8.039252963406289254e-01	0.000000000000000000e+00
5.614713015062667409e+02	8.035857463981297411e-01	0.000000000000000000e+00
5.618910109474667252e+02	8.031717508325116883e-01	0.000000000000000000e+00
5.623107203886668231e+02	8.026824560195666702e-01	0.000000000000000000e+00
5.627304298298668073e+02	8.021170620904279902e-01	0.000000000000000000e+00
5.631501392710667915e+02	8.014748294526919947e-01	0.000000000000000000e+00
5.635698487122667757e+02	8.007550850674807208e-01	0.000000000000000000e+00
5.639895581534667599e+02	7.999572284244828024e-01	0.000000000000000000e+00
5.644092675946667441e+02	7.990807371516708280e-01	0.000000000000000000e+00
5.648289770358667283e+02	7.981251721912984154e-01	0.000000000000000000e+00
5.652486864770667125e+02	7.970901824689826665e-01	0.000000000000000000e+00
5.656683959182666968e+02	7.959755089783746573e-01	0.000000000000000000e+00
5.660881053594667947e+02	7.947809882002726534e-01	0.000000000000000000e+00
5.665078148006667789e+02	7.935044674191154002e-01	0.000000000000000000e+00
5.669275242418667631e+02	7.921452368639881891e-01	0.000000000000000000e+00
5.673472336830667473e+02	7.907061422285637242e-01	0.000000000000000000e+00
5.677669431242667315e+02	7.891874420865886419e-01	0.000000000000000000e+00
5.681866525654667157e+02	7.875894951639381691e-01	0.000000000000000000e+00
5.686063620066668136e+02	7.859127572368468373e-01	0.000000000000000000e+00
5.690260714478667978e+02	7.841577765793097399e-01	0.000000000000000000e+00
5.694457808890667820e+02	7.823251878213943744e-01	0.000000000000000000e+00
5.698654903302667663e+02	7.804157040452386340e-01	0.000000000000000000e+00
5.702851997714667505e+02	7.784301068854649897e-01	0.000000000000000000e+00
5.707049092126667347e+02	7.763692343019528153e-01	0.000000000000000000e+00
5.711246186538667189e+02	7.742339655365163553e-01	0.000000000000000000e+00
5.715443280950667031e+02	7.720252025257282602e-01	0.000000000000000000e+00
5.719640375362666873e+02	7.697438466875299312e-01	0.000000000000000000e+00
5.723837469774667852e+02	7.673907694903266963e-01	0.000000000000000000e+00
5.728034564186667694e+02	7.649667745065593660e-01	0.000000000000000000e+00
5.732231658598667536e+02	7.624671409388709131e-01	0.000000000000000000e+00
5.736428753010667378e+02	7.598968317761147784e-01	0.000000000000000000e+00
5.740625847422667221e+02	7.572567134667590460e-01	0.000000000000000000e+00
5.744822941834668200e+02	7.545463234163316546e-01	0.000000000000000000e+00
5.749020036246668042e+02	7.517644352735517455e-01	0.000000000000000000e+00
5.753217130658667884e+02	7.489087193965736633e-01	0.000000000000000000e+00
5.757414225070667726e+02	7.459752756414234076e-01	0.000000000000000000e+00
5.761611319482667568e+02	7.429580094022419923e-01	0.000000000000000000e+00
5.765808413894667410e+02	7.398478323820765201e-01	0.000000000000000000e+00
5.770005508306667252e+02	7.366316952459336376e-01	0.000000000000000000e+00
5.774202602718667094e+02	7.332915041057691541e-01	0.000000000000000000e+00
5.778399697130666937e+02	7.298030374908140994e-01	0.000000000000000000e+00
5.782596791542667916e+02	7.261138934141845303e-01	0.000000000000000000e+00
5.786793885954667758e+02	7.221910272994608304e-01	0.000000000000000000e+00
5.790990980366667600e+02	7.179923907525780358e-01	0.000000000000000000e+00
5.795188074778667442e+02	7.134724935161124160e-01	0.000000000000000000e+00
5.799385169190667284e+02	7.085917515214673612e-01	0.000000000000000000e+00
5.803582263602667126e+02	7.033219792459938224e-01	0.000000000000000000e+00
5.807779358014668105e+02	6.976499896057621886e-01	0.000000000000000000e+00
5.811976452426667947e+02	6.915782318230319081e-01	0.000000000000000000e+00
5.816173546838667789e+02	6.851222462080995834e-01	0.000000000000000000e+00
5.820370641250667632e+02	6.783055533779547286e-01	0.000000000000000000e+00
5.824567735662667474e+02	6.711288577847551728e-01	0.000000000000000000e+00
5.828764830074667316e+02	6.636230621708245625e-01	0.000000000000000000e+00
5.832961924486667158e+02	6.558159394432929723e-01	0.000000000000000000e+00
5.837159018898667000e+02	6.477097996306103722e-01	0.000000000000000000e+00
5.841356113310666842e+02	6.393009236048372568e-01	0.000000000000000000e+00
5.845553207722667821e+02	6.305813456466597966e-01	0.000000000000000000e+00
5.849750302134667663e+02	6.215405897812835700e-01	0.000000000000000000e+00
5.853947396546667505e+02	6.121671985411005767e-01	0.000000000000000000e+00
5.858144490958667348e+02	6.024499780868585175e-01	0.000000000000000000e+00
5.862341585370667190e+02	5.923502910674279809e-01	0.000000000000000000e+00
5.866538679782668169e+02	5.818602544512261332e-01	0.000000000000000000e+00
5.870735774194668011e+02	5.710016226259654326e-01	0.000000000000000000e+00
5.874932868606667853e+02	5.597734007747141582e-01	0.000000000000000000e+00
5.879129963018667695e+02	5.481775754277949941e-01	0.000000000000000000e+00
5.883327057430667537e+02	5.362191338220522185e-01	0.000000000000000000e+00
5.887524151842667379e+02	5.239060379334634643e-01	0.000000000000000000e+00
5.891721246254667221e+02	5.112491621832745414e-01	0.000000000000000000e+00
5.895918340666667063e+02	4.982481790965116453e-01	0.000000000000000000e+00
5.900115435078666906e+02	4.848999573322244072e-01	0.000000000000000000e+00
5.904312529490666748e+02	4.712661119549858002e-01	0.000000000000000000e+00
5.908509623902667727e+02	4.573699976959282321e-01	0.000000000000000000e+00
5.912706718314667569e+02	4.432370422213344763e-01	0.000000000000000000e+00
5.916903812726667411e+02	4.288945425439701364e-01	0.000000000000000000e+00
5.921100907138667253e+02	4.143714599808598353e-01	0.000000000000000000e+00
5.925298001550667095e+02	3.996982154744781468e-01	0.000000000000000000e+00
5.929495095962668074e+02	3.848977762767632482e-01	0.000000000000000000e+00
5.933692190374667916e+02	3.700195670609996990e-01	0.000000000000000000e+00
5.937889284786667758e+02	3.551057721201117956e-01	0.000000000000000000e+00
5.942086379198667601e+02	3.401913233142893622e-01	0.000000000000000000e+00
5.946283473610667443e+02	3.253113508323971503e-01	0.000000000000000000e+00
5.950480568022667285e+02	3.105010081975835834e-01	0.000000000000000000e+00
5.954677662434667127e+02	2.957953080844000771e-01	0.000000000000000000e+00
5.958874756846666969e+02	2.812480983489814013e-01	0.000000000000000000e+00
5.963071851258666811e+02	2.669069757028059153e-01	0.000000000000000000e+00
5.967268945670667790e+02	2.527907995298797617e-01	0.000000000000000000e+00
5.971466040082667632e+02	2.389319731825955417e-01	0.000000000000000000e+00
5.975663134494667474e+02	2.253618285994060666e-01	0.000000000000000000e+00
5.979860228906667317e+02	2.121105343867315252e-01	0.000000000000000000e+00
5.984057323318667159e+02	1.992070136963136062e-01	0.000000000000000000e+00
5.988254417730668138e+02	1.867490073620159396e-01	0.000000000000000000e+00
5.992451512142667980e+02	1.747270866589547278e-01	0.000000000000000000e+00
5.996648606554667822e+02	1.631450144581510497e-01	0.000000000000000000e+00
6.000845700966667664e+02	1.520243466971183677e-01	0.000000000000000000e+00
6.005042795378667506e+02	1.413849185228722993e-01	0.000000000000000000e+00
6.009239889790667348e+02	1.312448288506691263e-01	0.000000000000000000e+00
6.013436984202667190e+02	1.216670550865774220e-01	0.000000000000000000e+00
6.017634078614667033e+02	1.127057390519365099e-01	0.000000000000000000e+00
6.021831173026666875e+02	1.042948727464103748e-01	0.000000000000000000e+00
6.026028267438666717e+02	9.644327364728531859e-02	0.000000000000000000e+00
6.030225361850667696e+02	8.915796236538149622e-02	0.000000000000000000e+00
6.034422456262667538e+02	8.244420900827872933e-02	0.000000000000000000e+00
6.038619550674667380e+02	7.634290856101974554e-02	0.000000000000000000e+00
6.042816645086667222e+02	7.092763804562957075e-02	0.000000000000000000e+00
6.047013739498667064e+02	6.608948846876486205e-02	0.000000000000000000e+00
6.051210833910668043e+02	6.182505741130191190e-02	0.000000000000000000e+00
6.055407928322667885e+02	5.812962240380258744e-02	0.000000000000000000e+00
6.059605022734667727e+02	5.499724223904140646e-02	0.000000000000000000e+00
6.063802117146667570e+02	5.247815022900504528e-02	0.000000000000000000e+00
6.067999211558667412e+02	5.059181496568144337e-02	0.000000000000000000e+00
6.072196305970667254e+02	4.923864361765548092e-02	0.000000000000000000e+00
6.076393400382667096e+02	4.840819986075293319e-02	0.000000000000000000e+00
6.080590494794666938e+02	4.808991735552568814e-02	0.000000000000000000e+00
6.084787589206666780e+02	4.827323610281716859e-02	0.000000000000000000e+00
6.088984683618667759e+02	4.904904216569189179e-02	0.000000000000000000e+00
6.093181778030667601e+02	5.033675322327968438e-02	0.000000000000000000e+00
6.097378872442667443e+02	5.209475281793901624e-02	0.000000000000000000e+00
6.101575966854667286e+02	5.431793543785042727e-02	0.000000000000000000e+00
6.105773061266667128e+02	5.700319101494932816e-02	0.000000000000000000e+00
6.109970155678666970e+02	6.019094851874763619e-02	0.000000000000000000e+00
6.114167250090667949e+02	6.394666600187558225e-02	0.000000000000000000e+00
6.118364344502667791e+02	6.818648580540308257e-02	0.000000000000000000e+00
6.122561438914667633e+02	7.292711585722740086e-02	0.000000000000000000e+00
6.126758533326667475e+02	7.818944964090664140e-02	0.000000000000000000e+00
6.130955627738667317e+02	8.400164726888574573e-02	0.000000000000000000e+00
6.135152722150667159e+02	9.059381236647380542e-02	0.000000000000000000e+00
6.139349816562667002e+02	9.784323293107621833e-02	0.000000000000000000e+00
6.143546910974666844e+02	1.057965929290649171e-01	0.000000000000000000e+00
6.147744005386666686e+02	1.145017724726610370e-01	0.000000000000000000e+00
6.151941099798667665e+02	1.240074963579022443e-01	0.000000000000000000e+00
6.156138194210667507e+02	1.346375114902362558e-01	0.000000000000000000e+00
6.160335288622667349e+02	1.462300685290850999e-01	0.000000000000000000e+00
6.164532383034667191e+02	1.587766266275409954e-01	0.000000000000000000e+00
6.168729477446667033e+02	1.722866173298680248e-01	0.000000000000000000e+00
6.172926571858668012e+02	1.867577108658549090e-01	0.000000000000000000e+00
6.177123666270667854e+02	2.024343670878240575e-01	0.000000000000000000e+00
6.181320760682667697e+02	2.189619048625506548e-01	0.000000000000000000e+00
6.185517855094667539e+02	2.362163201477911478e-01	0.000000000000000000e+00
6.189714949506667381e+02	2.540911712383122079e-01	0.000000000000000000e+00
6.193912043918667223e+02	2.724755225188189023e-01	0.000000000000000000e+00
6.198109138330667065e+02	2.912544187197321222e-01	0.000000000000000000e+00
6.202306232742666907e+02	3.101223205541837613e-01	0.000000000000000000e+00
6.206503327154666749e+02	3.289527273221030668e-01	0.000000000000000000e+00
6.210700421566667728e+02	3.476277469112794560e-01	0.000000000000000000e+00
6.214897515978667570e+02	3.659868496859712272e-01	0.000000000000000000e+00
6.219094610390667413e+02	3.838238752651658148e-01	0.000000000000000000e+00
6.223291704802667255e+02	4.011607814371730973e-01	0.000000000000000000e+00
6.227488799214667097e+02	4.179577559189074365e-01	0.000000000000000000e+00
6.231685893626666939e+02	4.341836304869897689e-01	0.000000000000000000e+00
6.235882988038667918e+02	4.496549237669117960e-01	0.000000000000000000e+00
6.240080082450667760e+02	4.644585776408673428e-01	0.000000000000000000e+00
6.244277176862667602e+02	4.786780635845167553e-01	0.000000000000000000e+00
6.248474271274667444e+02	4.923281403018771596e-01	0.000000000000000000e+00
6.252671365686667286e+02	5.053909212003057094e-01	0.000000000000000000e+00
6.256868460098667128e+02	5.177649735966648459e-01	0.000000000000000000e+00
6.261065554510666971e+02	5.296584456871844537e-01	0.000000000000000000e+00
6.265262648922666813e+02	5.410946826105617058e-01	0.000000000000000000e+00
6.269459743334666655e+02	5.520965772195221000e-01	0.000000000000000000e+00
6.273656837746667634e+02	5.625727455069288174e-01	0.000000000000000000e+00
6.277853932158667476e+02	5.726400706782490690e-01	0.000000000000000000e+00
6.282051026570667318e+02	5.823611736031313324e-01	0.000000000000000000e+00
6.286248120982667160e+02	5.917536663217483062e-01	0.000000000000000000e+00
6.290445215394667002e+02	6.007861728145891256e-01	0.000000000000000000e+00
6.294642309806667981e+02	6.094606490572928026e-01	0.000000000000000000e+00
6.298839404218667823e+02	6.178703282332929092e-01	0.000000000000000000e+00
6.303036498630667666e+02	6.260270103804302932e-01	0.000000000000000000e+00
6.307233593042667508e+02	6.339290179272903947e-01	0.000000000000000000e+00
6.311430687454667350e+02	6.415193746822298593e-01	0.000000000000000000e+00
6.315627781866667192e+02	6.488999142185514213e-01	0.000000000000000000e+00
6.319824876278667034e+02	6.560784066837112016e-01	0.000000000000000000e+00
6.324021970690666876e+02	6.630623595937903403e-01	0.000000000000000000e+00
6.328219065102666718e+02	6.697827937870787229e-01	0.000000000000000000e+00
6.332416159514667697e+02	6.763257188893214700e-01	0.000000000000000000e+00
6.336613253926667539e+02	6.827013471497610508e-01	0.000000000000000000e+00
6.340810348338667382e+02	6.889148613790773146e-01	0.000000000000000000e+00
6.345007442750667224e+02	6.949125302991743247e-01	0.000000000000000000e+00
6.349204537162667066e+02	7.007511326083181169e-01	0.000000000000000000e+00
6.353401631574666908e+02	7.064472858149429824e-01	0.000000000000000000e+00
6.357598725986667887e+02	7.120047859545355351e-01	0.000000000000000000e+00
6.361795820398667729e+02	7.173777757613307715e-01	0.000000000000000000e+00
6.365992914810667571e+02	7.226097697150062338e-01	0.000000000000000000e+00
6.370190009222667413e+02	7.277181635270432158e-01	0.000000000000000000e+00
6.374387103634667255e+02	7.327059048475580427e-01	0.000000000000000000e+00
6.378584198046667098e+02	7.375300830346779302e-01	0.000000000000000000e+00
6.382781292458666940e+02	7.422314034105174096e-01	0.000000000000000000e+00
6.386978386870666782e+02	7.468242276228932441e-01	0.000000000000000000e+00
6.391175481282666624e+02	7.513109538460687187e-01	0.000000000000000000e+00
6.395372575694666466e+02	7.556482199612184480e-01	0.000000000000000000e+00
6.399569670106667445e+02	7.598809684891196792e-01	0.000000000000000000e+00
6.403766764518667287e+02	7.640178468428175940e-01	0.000000000000000000e+00
6.407963858930667129e+02	7.680602115298792443e-01	0.000000000000000000e+00
6.412160953342668108e+02	7.719638975967542116e-01	0.000000000000000000e+00
6.416358047754667950e+02	7.757808247296175130e-01	0.000000000000000000e+00
6.420555142166667792e+02	7.795127418212012271e-01	0.000000000000000000e+00
6.424752236578667635e+02	7.831522383497799833e-01	0.000000000000000000e+00
6.428949330990667477e+02	7.866762961054500902e-01	0.000000000000000000e+00
6.433146425402667319e+02	7.901233331657744330e-01	0.000000000000000000e+00
6.437343519814667161e+02	7.934948642696511012e-01	0.000000000000000000e+00
6.441540614226667003e+02	7.967741537703180166e-01	0.000000000000000000e+00
6.445737708638666845e+02	7.999603077180776900e-01	0.000000000000000000e+00
6.449934803050666687e+02	8.030780326245333667e-01	0.000000000000000000e+00
6.454131897462666529e+02	8.061286475526135975e-01	0.000000000000000000e+00
6.458328991874667508e+02	8.090860046018112373e-01	0.000000000000000000e+00
6.462526086286667351e+02	8.119713462061010079e-01	0.000000000000000000e+00
6.466723180698667193e+02	8.147958763496602197e-01	0.000000000000000000e+00
6.470920275110667035e+02	8.175580012626011417e-01	0.000000000000000000e+00
6.475117369522668014e+02	8.202306873984670510e-01	0.000000000000000000e+00
6.479314463934667856e+02	8.228483143179751158e-01	0.000000000000000000e+00
6.483511558346667698e+02	8.254118953706499617e-01	0.000000000000000000e+00
6.487708652758667540e+02	8.279077331401614170e-01	0.000000000000000000e+00
6.491905747170667382e+02	8.303361253679329979e-01	0.000000000000000000e+00
6.496102841582667224e+02	8.327155966474897308e-01	0.000000000000000000e+00
6.500299935994667067e+02	8.350470306215032057e-01	0.000000000000000000e+00
6.504497030406666909e+02	8.373056769410527345e-01	0.000000000000000000e+00
6.508694124818666751e+02	8.395168470862148791e-01	0.000000000000000000e+00
6.512891219230666593e+02	8.416845405272651570e-01	0.000000000000000000e+00
6.517088313642666435e+02	8.437997829337823275e-01	0.000000000000000000e+00
6.521285408054667414e+02	8.458571797171469120e-01	0.000000000000000000e+00
6.525482502466667256e+02	8.478752498827317741e-01	0.000000000000000000e+00
6.529679596878667098e+02	8.498546654262789657e-01	0.000000000000000000e+00
6.533876691290668077e+02	8.517748753071104906e-01	0.000000000000000000e+00
6.538073785702667919e+02	8.536562706074628526e-01	0.000000000000000000e+00
6.542270880114667762e+02	8.555026910468598311e-01	0.000000000000000000e+00
6.546467974526667604e+02	8.573051605109410778e-01	0.000000000000000000e+00
6.550665068938667446e+02	8.590617365510120340e-01	0.000000000000000000e+00
6.554862163350667288e+02	8.607866729598757649e-01	0.000000000000000000e+00
6.559059257762667130e+02	8.624803964423251035e-01	0.000000000000000000e+00
6.563256352174666972e+02	8.641229886203893873e-01	0.000000000000000000e+00
6.567453446586666814e+02	8.657369578077181993e-01	0.000000000000000000e+00
6.571650540998666656e+02	8.673227395918821081e-01	0.000000000000000000e+00
6.575847635410666499e+02	8.688687527297841440e-01	0.000000000000000000e+00
6.580044729822667477e+02	8.703813456000236704e-01	0.000000000000000000e+00
6.584241824234667320e+02	8.718684105725872380e-01	0.000000000000000000e+00
6.588438918646667162e+02	8.733253111549466041e-01	0.000000000000000000e+00
6.592636013058667004e+02	8.747452582368732132e-01	0.000000000000000000e+00
6.596833107470667983e+02	8.761420735191243203e-01	0.000000000000000000e+00
6.601030201882667825e+02	8.775160810212240259e-01	0.000000000000000000e+00
6.605227296294667667e+02	8.788519015272634460e-01	0.000000000000000000e+00
6.609424390706667509e+02	8.801661583353054263e-01	0.000000000000000000e+00
6.613621485118667351e+02	8.814597130385878332e-01	0.000000000000000000e+00
6.617818579530667193e+02	8.827224205440981075e-01	0.000000000000000000e+00
6.622015673942667036e+02	8.839610927462365764e-01	0.000000000000000000e+00
6.626212768354666878e+02	8.851809532843120110e-01	0.000000000000000000e+00
6.630409862766666720e+02	8.863760481198474928e-01	0.000000000000000000e+00
6.634606957178666562e+02	8.875454478314246387e-01	0.000000000000000000e+00
6.638804051590666404e+02	8.886977299589920998e-01	0.000000000000000000e+00
6.643001146002667383e+02	8.898302463168518139e-01	0.000000000000000000e+00
6.647198240414667225e+02	8.909360765052257713e-01	0.000000000000000000e+00
6.651395334826667067e+02	8.920263045000176305e-01	0.000000000000000000e+00
6.655592429238668046e+02	8.931008407685980810e-01	0.000000000000000000e+00
6.659789523650667888e+02	8.941482448695793339e-01	0.000000000000000000e+00
6.663986618062667731e+02	8.951813999670986677e-01	0.000000000000000000e+00
6.668183712474667573e+02	8.962004502585526611e-01	0.000000000000000000e+00
6.672380806886667415e+02	8.971957564380531602e-01	0.000000000000000000e+00
6.676577901298667257e+02	8.981763223389163109e-01	0.000000000000000000e+00
6.680774995710667099e+02	8.991439657378974548e-01	0.000000000000000000e+00
6.684972090122666941e+02	9.000910693012368347e-01	0.000000000000000000e+00
6.689169184534666783e+02	9.010230748153578162e-01	0.000000000000000000e+00
6.693366278946666625e+02	9.019432110282517012e-01	0.000000000000000000e+00
6.697563373358666468e+02	9.028454063647640693e-01	0.000000000000000000e+00
6.701760467770667447e+02	9.037324652767442235e-01	0.000000000000000000e+00
6.705957562182667289e+02	9.046085917804915777e-01	0.000000000000000000e+00
6.710154656594667131e+02	9.054688588426194062e-01	0.000000000000000000e+00
6.714351751006666973e+02	9.063142070981200504e-01	0.000000000000000000e+00
6.718548845418667952e+02	9.071494553300734065e-01	0.000000000000000000e+00
6.722745939830667794e+02	9.079704832278213678e-01	0.000000000000000000e+00
6.726943034242667636e+02	9.087770135515295111e-01	0.000000000000000000e+00
6.731140128654667478e+02	9.095741825818558501e-01	0.000000000000000000e+00
6.735337223066667320e+02	9.103583919902732413e-01	0.000000000000000000e+00
6.739534317478667163e+02	9.111286860534107968e-01	0.000000000000000000e+00
6.743731411890667005e+02	9.118902738589642620e-01	0.000000000000000000e+00
6.747928506302666847e+02	9.126398382719855817e-01	0.000000000000000000e+00
6.752125600714666689e+02	9.133761965304196817e-01	0.000000000000000000e+00
6.756322695126666531e+02	9.141044289908152320e-01	0.000000000000000000e+00
6.760519789538666373e+02	9.148212948585852100e-01	0.000000000000000000e+00
6.764716883950667352e+02	9.155257641841445526e-01	0.000000000000000000e+00
6.768913978362667194e+02	9.162226219216462741e-01	0.000000000000000000e+00
6.773111072774667036e+02	9.169085277111269638e-01	0.000000000000000000e+00
6.777308167186668015e+02	9.175829269367180574e-01	0.000000000000000000e+00
6.781505261598667857e+02	9.182501701191461141e-01	0.000000000000000000e+00
6.785702356010667700e+02	9.189066643395029654e-01	0.000000000000000000e+00
6.789899450422667542e+02	9.195526078362169509e-01	0.000000000000000000e+00
6.794096544834667384e+02	9.201917990589589813e-01	0.000000000000000000e+00
6.798293639246667226e+02	9.208202572926525997e-01	0.000000000000000000e+00
6.802490733658667068e+02	9.214391766929229677e-01	0.000000000000000000e+00
6.806687828070666910e+02	9.220517020521764584e-01	0.000000000000000000e+00
6.810884922482666752e+02	9.226533430326597784e-01	0.000000000000000000e+00
6.815082016894666594e+02	9.232465072081091906e-01	0.000000000000000000e+00
6.819279111306666437e+02	9.238335956716302588e-01	0.000000000000000000e+00
6.823476205718667416e+02	9.244094964463893671e-01	0.000000000000000000e+00
6.827673300130667258e+02	9.249780298446016458e-01	0.000000000000000000e+00
6.831870394542667100e+02	9.255407710222589568e-01	0.000000000000000000e+00
6.836067488954666942e+02	9.260918812390321886e-01	0.000000000000000000e+00
6.840264583366667921e+02	9.266367806774656879e-01	0.000000000000000000e+00
6.844461677778667763e+02	9.271758156190297306e-01	0.000000000000000000e+00
6.848658772190667605e+02	9.277032964374702928e-01	0.000000000000000000e+00
6.852855866602667447e+02	9.282254464475032663e-01	0.000000000000000000e+00
6.857052961014667289e+02	9.287409056134038332e-01	0.000000000000000000e+00
6.861250055426667132e+02	9.292462192211474736e-01	0.000000000000000000e+00
6.865447149838666974e+02	9.297464060302671474e-01	0.000000000000000000e+00
6.869644244250666816e+02	9.302389776206018146e-01	0.000000000000000000e+00
6.873841338662666658e+02	9.307228442833637150e-01	0.000000000000000000e+00
6.878038433074666500e+02	9.312017685184670324e-01	0.000000000000000000e+00
6.882235527486666342e+02	9.316720569069976143e-01	0.000000000000000000e+00
6.886432621898667321e+02	9.321351199157728029e-01	0.000000000000000000e+00
6.890629716310667163e+02	9.325934081064880532e-01	0.000000000000000000e+00
6.894826810722667005e+02	9.330419445741334750e-01	0.000000000000000000e+00
6.899023905134667984e+02	9.334847809962835141e-01	0.000000000000000000e+00
6.903220999546667827e+02	9.339226206505348848e-01	0.000000000000000000e+00
6.907418093958667669e+02	9.343502487052242067e-01	0.000000000000000000e+00
6.911615188370667511e+02	9.347733790517285257e-01	0.000000000000000000e+00
6.915812282782667353e+02	9.351901483795691528e-01	0.000000000000000000e+00
6.920009377194667195e+02	9.355984126788861044e-01	0.000000000000000000e+00
6.924206471606667037e+02	9.360023095575132901e-01	0.000000000000000000e+00
6.928403566018666879e+02	9.363983994189086779e-01	0.000000000000000000e+00
6.932600660430666721e+02	9.367877408085393265e-01	0.000000000000000000e+00
6.936797754842666563e+02	9.371728366290290602e-01	0.000000000000000000e+00
6.940994849254666406e+02	9.375485968547802029e-01	0.000000000000000000e+00
6.945191943666667385e+02	9.379194214568737920e-01	0.000000000000000000e+00
6.949389038078667227e+02	9.382851373441358778e-01	0.000000000000000000e+00
6.953586132490667069e+02	9.386418623133071515e-01	0.000000000000000000e+00
6.957783226902666911e+02	9.389945477707203336e-01	0.000000000000000000e+00
6.961980321314667890e+02	9.393403984420246600e-01	0.000000000000000000e+00
6.966177415726667732e+02	9.396792352424963024e-01	0.000000000000000000e+00
6.970374510138667574e+02	9.400141361758795888e-01	0.000000000000000000e+00
6.974571604550667416e+02	9.403404010649546452e-01	0.000000000000000000e+00
6.978768698962667258e+02	9.406616900304588524e-01	0.000000000000000000e+00
6.982965793374667101e+02	9.409782613075098334e-01	0.000000000000000000e+00
6.987162887786666943e+02	9.412860843936279309e-01	0.000000000000000000e+00
6.991359982198666785e+02	9.415901510934790997e-01	0.000000000000000000e+00
6.995557076610666627e+02	9.418875257748963170e-01	0.000000000000000000e+00
6.999754171022666469e+02	9.421783472252254210e-01	0.000000000000000000e+00
7.003951265434666311e+02	9.424655060650557470e-01	0.000000000000000000e+00
7.008148359846667290e+02	9.427439314844340279e-01	0.000000000000000000e+00
7.012345454258667132e+02	9.430180599727856494e-01	0.000000000000000000e+00
7.016542548670666974e+02	9.432871020415736218e-01	0.000000000000000000e+00
7.020739643082667953e+02	9.435483365370054276e-01	0.000000000000000000e+00
7.024936737494667796e+02	9.438060749651839831e-01	0.000000000000000000e+00
7.029133831906667638e+02	9.440565322658888148e-01	0.000000000000000000e+00
7.033330926318667480e+02	9.443015875604523490e-01	0.000000000000000000e+00
7.037528020730667322e+02	9.445428439039923463e-01	0.000000000000000000e+00
7.041725115142667164e+02	9.447753521739987725e-01	0.000000000000000000e+00
7.045922209554667006e+02	9.450045274269217588e-01	0.000000000000000000e+00
7.050119303966666848e+02	9.452275674421471985e-01	0.000000000000000000e+00
7.054316398378666690e+02	9.454444077837201865e-01	0.000000000000000000e+00
7.058513492790666533e+02	9.456580015890005964e-01	0.000000000000000000e+00
7.062710587202666375e+02	9.458630785291569643e-01	0.000000000000000000e+00
7.066907681614667354e+02	9.460645517891267398e-01	0.000000000000000000e+00
7.071104776026667196e+02	9.462607449406889026e-01	0.000000000000000000e+00
7.075301870438667038e+02	9.464502394449916256e-01	0.000000000000000000e+00
7.079498964850666880e+02	9.466366478059391465e-01	0.000000000000000000e+00
7.083696059262667859e+02	9.468152756313208407e-01	0.000000000000000000e+00
7.087893153674667701e+02	9.469899261500803744e-01	0.000000000000000000e+00
7.092090248086667543e+02	9.471598754794574582e-01	0.000000000000000000e+00
7.096287342498667385e+02	9.473229160045120167e-01	0.000000000000000000e+00
7.100484436910667227e+02	9.474830307337681612e-01	0.000000000000000000e+00
7.104681531322667070e+02	9.476358396933838302e-01	0.000000000000000000e+00
7.108878625734666912e+02	9.477845736267598298e-01	0.000000000000000000e+00
7.113075720146666754e+02	9.479289242455166686e-01	0.000000000000000000e+00
7.117272814558666596e+02	9.480664322556610069e-01	0.000000000000000000e+00
7.121469908970666438e+02	9.482011747229275311e-01	0.000000000000000000e+00
7.125667003382666280e+02	9.483288415709495434e-01	0.000000000000000000e+00
7.129864097794667259e+02	9.484525962939279742e-01	0.000000000000000000e+00
7.134061192206667101e+02	9.485720415063799704e-01	0.000000000000000000e+00
7.138258286618666943e+02	9.486849706986818509e-01	0.000000000000000000e+00
7.142455381030666786e+02	9.487952938900542366e-01	0.000000000000000000e+00
7.146652475442667765e+02	9.488985459404729594e-01	0.000000000000000000e+00
7.150849569854667607e+02	9.489982905920176792e-01	0.000000000000000000e+00
7.155046664266667449e+02	9.490935749632025686e-01	0.000000000000000000e+00
7.159243758678667291e+02	9.491829103994224859e-01	0.000000000000000000e+00
7.163440853090667133e+02	9.492697976586204067e-01	0.000000000000000000e+00
7.167637947502666975e+02	9.493494139778632102e-01	0.000000000000000000e+00
7.171835041914666817e+02	9.494261469567932821e-01	0.000000000000000000e+00
7.176032136326666659e+02	9.494980666176207063e-01	0.000000000000000000e+00
7.180229230738666502e+02	9.495648210733818040e-01	0.000000000000000000e+00
7.184426325150666344e+02	9.496291380610405453e-01	0.000000000000000000e+00
7.188623419562667323e+02	9.496860922604724031e-01	0.000000000000000000e+00
7.192820513974667165e+02	9.497408363564638911e-01	0.000000000000000000e+00
7.197017608386667007e+02	9.497902368529245187e-01	0.000000000000000000e+00
7.201214702798666849e+02	9.498354450553095907e-01	0.000000000000000000e+00
7.205411797210667828e+02	9.498775350224318847e-01	0.000000000000000000e+00
7.209608891622667670e+02	9.499133905226726515e-01	0.000000000000000000e+00
7.213805986034667512e+02	9.499471863203018396e-01	0.000000000000000000e+00
7.218003080446667354e+02	9.499749583245885587e-01	0.000000000000000000e+00
7.222200174858667197e+02	9.499996696994714718e-01	0.000000000000000000e+00
7.226397269270667039e+02	9.500204370844408386e-01	0.000000000000000000e+00
7.230594363682666881e+02	9.500362507662466482e-01	0.000000000000000000e+00
7.234791458094666723e+02	9.500501181627692970e-01	0.000000000000000000e+00
7.238988552506666565e+02	9.500572221135828999e-01	0.000000000000000000e+00
7.243185646918666407e+02	9.500624926070746490e-01	0.000000000000000000e+00
7.247382741330666249e+02	9.500628784906611779e-01	0.000000000000000000e+00
7.251579835742667228e+02	9.500597100666726691e-01	0.000000000000000000e+00
7.255776930154667070e+02	9.500535164461848536e-01	0.000000000000000000e+00
7.259974024566666913e+02	9.500420984225056431e-01	0.000000000000000000e+00
7.264171118978666755e+02	9.500289818970973910e-01	0.000000000000000000e+00
7.268368213390667734e+02	9.500099559855867959e-01	0.000000000000000000e+00
7.272565307802667576e+02	9.499888592244014607e-01	0.000000000000000000e+00
7.276762402214667418e+02	9.499635818606211313e-01	0.000000000000000000e+00
7.280959496626667260e+02	9.499346938932946571e-01	0.000000000000000000e+00
7.285156591038667102e+02	9.499032755608588507e-01	0.000000000000000000e+00
7.289353685450666944e+02	9.498667850754169972e-01	0.000000000000000000e+00
7.293550779862666786e+02	9.498287991963633159e-01	0.000000000000000000e+00
7.297747874274666628e+02	9.497854316970163469e-01	0.000000000000000000e+00
7.301944968686666471e+02	9.497401074030655810e-01	0.000000000000000000e+00
7.306142063098666313e+02	9.496909320480084737e-01	0.000000000000000000e+00
7.310339157510667292e+02	9.496384554359664776e-01	0.000000000000000000e+00
7.314536251922667134e+02	9.495835833912927848e-01	0.000000000000000000e+00
7.318733346334666976e+02	9.495241392928112090e-01	0.000000000000000000e+00
7.322930440746666818e+02	9.494633859589460823e-01	0.000000000000000000e+00
7.327127535158667797e+02	9.493974532988319615e-01	0.000000000000000000e+00
7.331324629570667639e+02	9.493299870029657805e-01	0.000000000000000000e+00
7.335521723982667481e+02	9.492586897243416866e-01	0.000000000000000000e+00
7.339718818394667323e+02	9.491846905235309384e-01	0.000000000000000000e+00
7.343915912806667166e+02	9.491081384073282168e-01	0.000000000000000000e+00
7.348113007218667008e+02	9.490277842256542584e-01	0.000000000000000000e+00
7.352310101630666850e+02	9.489460863820990966e-01	0.000000000000000000e+00
7.356507196042666692e+02	9.488595527748785452e-01	0.000000000000000000e+00
7.360704290454666534e+02	9.487719427316910759e-01	0.000000000000000000e+00
7.364901384866666376e+02	9.486802774398510607e-01	0.000000000000000000e+00
7.369098479278666218e+02	9.485867247353864107e-01	0.000000000000000000e+00
7.373295573690667197e+02	9.484902357437714482e-01	0.000000000000000000e+00
7.377492668102667039e+02	9.483909086610819994e-01	0.000000000000000000e+00
7.381689762514666882e+02	9.482897011254106667e-01	0.000000000000000000e+00
7.385886856926666724e+02	9.481847648331160894e-01	0.000000000000000000e+00
7.390083951338667703e+02	9.480788934356511044e-01	0.000000000000000000e+00
7.394281045750667545e+02	9.479685589655683087e-01	0.000000000000000000e+00
7.398478140162667387e+02	9.478572976685388785e-01	0.000000000000000000e+00
7.402675234574667229e+02	9.477425518545303795e-01	0.000000000000000000e+00
7.406872328986667071e+02	9.476260569868479866e-01	0.000000000000000000e+00
7.411069423398666913e+02	9.475069990828201005e-01	0.000000000000000000e+00
7.415266517810666755e+02	9.473854232391456520e-01	0.000000000000000000e+00
7.419463612222666598e+02	9.472621507377236849e-01	0.000000000000000000e+00
7.423660706634666440e+02	9.471356426180311816e-01	0.000000000000000000e+00
7.427857801046666282e+02	9.470082511423556504e-01	0.000000000000000000e+00
7.432054895458666124e+02	9.468769554022101742e-01	0.000000000000000000e+00
7.436251989870667103e+02	9.467449462660340043e-01	0.000000000000000000e+00
7.440449084282666945e+02	9.466095957129129213e-01	0.000000000000000000e+00
7.444646178694666787e+02	9.464729861897750451e-01	0.000000000000000000e+00
7.448843273106667766e+02	9.463337912851453870e-01	0.000000000000000000e+00
7.453040367518667608e+02	9.461927153759596143e-01	0.000000000000000000e+00
7.457237461930667450e+02	9.460497632541162716e-01	0.000000000000000000e+00
7.461434556342667292e+02	9.459043505173988509e-01	0.000000000000000000e+00
7.465631650754667135e+02	9.457577259571595674e-01	0.000000000000000000e+00
7.469828745166666977e+02	9.456081014117118100e-01	0.000000000000000000e+00
7.474025839578666819e+02	9.454578867515266438e-01	0.000000000000000000e+00
7.478222933990666661e+02	9.453041707906808533e-01	0.000000000000000000e+00
7.482420028402666503e+02	9.451499121696118610e-01	0.000000000000000000e+00
7.486617122814666345e+02	9.449927541656846230e-01	0.000000000000000000e+00
7.490814217226666187e+02	9.448345562016139398e-01	0.000000000000000000e+00
7.495011311638667166e+02	9.446740396894588443e-01	0.000000000000000000e+00
7.499208406050667008e+02	9.445120112354594699e-01	0.000000000000000000e+00
7.503405500462666851e+02	9.443482080342737728e-01	0.000000000000000000e+00
7.507602594874666693e+02	9.441824531528791864e-01	0.000000000000000000e+00
7.511799689286667672e+02	9.440154322866765035e-01	0.000000000000000000e+00
7.515996783698667514e+02	9.438460502172791866e-01	0.000000000000000000e+00
7.520193878110667356e+02	9.436758778587218677e-01	0.000000000000000000e+00
7.524390972522667198e+02	9.435029629964452047e-01	0.000000000000000000e+00
7.528588066934667040e+02	9.433296327815314797e-01	0.000000000000000000e+00
7.532785161346666882e+02	9.431533443019167740e-01	0.000000000000000000e+00
7.536982255758666724e+02	9.429765981888270643e-01	0.000000000000000000e+00
7.541179350170666567e+02	9.427973391447397322e-01	0.000000000000000000e+00
7.545376444582666409e+02	9.426172600042311833e-01	0.000000000000000000e+00
7.549573538994666251e+02	9.424350847076986559e-01	0.000000000000000000e+00
7.553770633406666093e+02	9.422517506227739981e-01	0.000000000000000000e+00
7.557967727818667072e+02	9.420667103341170412e-01	0.000000000000000000e+00
7.562164822230666914e+02	9.418801946284731663e-01	0.000000000000000000e+00
7.566361916642666756e+02	9.416923375326988754e-01	0.000000000000000000e+00
7.570559011054667735e+02	9.415027088095445640e-01	0.000000000000000000e+00
7.574756105466667577e+02	9.413120799986606224e-01	0.000000000000000000e+00
7.578953199878667419e+02	9.411194021898964257e-01	0.000000000000000000e+00
7.583150294290667262e+02	9.409260436509395698e-01	0.000000000000000000e+00
7.587347388702667104e+02	9.407303760761842604e-01	0.000000000000000000e+00
7.591544483114666946e+02	9.405343266849548467e-01	0.000000000000000000e+00
7.595741577526666788e+02	9.403357241203980088e-01	0.000000000000000000e+00
7.599938671938666630e+02	9.401368593065708712e-01	0.000000000000000000e+00
7.604135766350666472e+02	9.399355323979133869e-01	0.000000000000000000e+00
7.608332860762666314e+02	9.397337992745337099e-01	0.000000000000000000e+00
7.612529955174666156e+02	9.395298795004211057e-01	0.000000000000000000e+00
7.616727049586667135e+02	9.393253227961239071e-01	0.000000000000000000e+00
7.620924143998666977e+02	9.391188366437219770e-01	0.000000000000000000e+00
7.625121238410666820e+02	9.389114968869830546e-01	0.000000000000000000e+00
7.629318332822666662e+02	9.387024677900818181e-01	0.000000000000000000e+00
7.633515427234667641e+02	9.384923814161457711e-01	0.000000000000000000e+00
7.637712521646667483e+02	9.382808297845020018e-01	0.000000000000000000e+00
7.641909616058667325e+02	9.380680292501119011e-01	0.000000000000000000e+00
7.646106710470667167e+02	9.378539725050294429e-01	0.000000000000000000e+00
7.650303804882667009e+02	9.376384864106525052e-01	0.000000000000000000e+00
7.654500899294666851e+02	9.374219390263053286e-01	0.000000000000000000e+00
7.658697993706666693e+02	9.372037922452972625e-01	0.000000000000000000e+00
7.662895088118666536e+02	9.369847657961254406e-01	0.000000000000000000e+00
7.667092182530666378e+02	9.367639796106154160e-01	0.000000000000000000e+00
7.671289276942666220e+02	9.365424828246757816e-01	0.000000000000000000e+00
7.675486371354666062e+02	9.363190750676221308e-01	0.000000000000000000e+00
7.679683465766667041e+02	9.360951138857653842e-01	0.000000000000000000e+00
7.683880560178666883e+02	9.358690990887805761e-01	0.000000000000000000e+00
7.688077654590666725e+02	9.356426767297094660e-01	0.000000000000000000e+00
7.692274749002667704e+02	9.354140662762862046e-01	0.000000000000000000e+00
7.696471843414667546e+02	9.351851833074690257e-01	0.000000000000000000e+00
7.700668937826667388e+02	9.349539855909851926e-01	0.000000000000000000e+00
7.704866032238667231e+02	9.347226400051761308e-01	0.000000000000000000e+00
7.709063126650667073e+02	9.344888605913349577e-01	0.000000000000000000e+00
7.713260221062666915e+02	9.342549764056463646e-01	0.000000000000000000e+00
7.717457315474666757e+02	9.340186896820233953e-01	0.000000000000000000e+00
7.721654409886666599e+02	9.337822363320888996e-01	0.000000000000000000e+00
7.725851504298666441e+02	9.335434663714965442e-01	0.000000000000000000e+00
7.730048598710666283e+02	9.333044441641552558e-01	0.000000000000000000e+00
7.734245693122666125e+02	9.330631795378033777e-01	0.000000000000000000e+00
7.738442787534667104e+02	9.328215865322554423e-01	0.000000000000000000e+00
7.742639881946666947e+02	9.325778137021609737e-01	0.000000000000000000e+00
7.746836976358666789e+02	9.323336458817761407e-01	0.000000000000000000e+00
7.751034070770666631e+02	9.320873493095499507e-01	0.000000000000000000e+00
7.755231165182667610e+02	9.318406007551498504e-01	0.000000000000000000e+00
7.759428259594667452e+02	9.315917630156392848e-01	0.000000000000000000e+00
7.763625354006667294e+02	9.313424260796987486e-01	0.000000000000000000e+00
7.767822448418667136e+02	9.310910279793634947e-01	0.000000000000000000e+00
7.772019542830666978e+02	9.308390934606302070e-01	0.000000000000000000e+00
7.776216637242666820e+02	9.305851141603914689e-01	0.000000000000000000e+00
7.780413731654666663e+02	9.303305714783484115e-01	0.000000000000000000e+00
7.784610826066666505e+02	9.300739886207775031e-01	0.000000000000000000e+00
7.788807920478666347e+02	9.298168259894520338e-01	0.000000000000000000e+00
7.793005014890666189e+02	9.295576158299975189e-01	0.000000000000000000e+00
7.797202109302666031e+02	9.292978204305302192e-01	0.000000000000000000e+00
7.801399203714667010e+02	9.290359579725947503e-01	0.000000000000000000e+00
7.805596298126666852e+02	9.287735161240694426e-01	0.000000000000000000e+00
7.809793392538666694e+02	9.285089752576640709e-01	0.000000000000000000e+00
7.813990486950667673e+02	9.282438725856591022e-01	0.000000000000000000e+00
7.818187581362667515e+02	9.279766262293704937e-01	0.000000000000000000e+00
7.822384675774667357e+02	9.277088478316970477e-01	0.000000000000000000e+00
7.826581770186667200e+02	9.274388680776064486e-01	0.000000000000000000e+00
7.830778864598667042e+02	9.271683986867027549e-01	0.000000000000000000e+00
7.834975959010666884e+02	9.268956569481586749e-01	0.000000000000000000e+00
7.839173053422666726e+02	9.266224810897357722e-01	0.000000000000000000e+00
7.843370147834666568e+02	9.263469482513210229e-01	0.000000000000000000e+00
7.847567242246666410e+02	9.260710503985535302e-01	0.000000000000000000e+00
7.851764336658666252e+02	9.257926969681911089e-01	0.000000000000000000e+00
7.855961431070666094e+02	9.255140616911922136e-01	0.000000000000000000e+00
7.860158525482667073e+02	9.252328579540489706e-01	0.000000000000000000e+00
7.864355619894666916e+02	9.249514700641605636e-01	0.000000000000000000e+00
7.868552714306666758e+02	9.246673862377273734e-01	0.000000000000000000e+00
7.872749808718666600e+02	9.243832309259976121e-01	0.000000000000000000e+00
7.876946903130667579e+02	9.240962373162040500e-01	0.000000000000000000e+00
7.881143997542667421e+02	9.238092437064104878e-01	0.000000000000000000e+00
7.885341091954667263e+02	9.235193674437025546e-01	0.000000000000000000e+00
7.889538186366667105e+02	9.232294346015728070e-01	0.000000000000000000e+00
7.893735280778666947e+02	9.229367339145105875e-01	0.000000000000000000e+00
7.897932375190666789e+02	9.226438327930449601e-01	0.000000000000000000e+00
7.902129469602666632e+02	9.223482953386896721e-01	0.000000000000000000e+00
7.906326564014666474e+02	9.220523974494145847e-01	0.000000000000000000e+00
7.910523658426666316e+02	9.217540119099112417e-01	0.000000000000000000e+00
7.914720752838666158e+02	9.214550894788080537e-01	0.000000000000000000e+00
7.918917847250666000e+02	9.211538456648131756e-01	0.000000000000000000e+00
7.923114941662666979e+02	9.208518717871893022e-01	0.000000000000000000e+00
7.927312036074666821e+02	9.205477607330606604e-01	0.000000000000000000e+00
7.931509130486666663e+02	9.202427095267675661e-01	0.000000000000000000e+00
7.935706224898667642e+02	9.199357235774811015e-01	0.000000000000000000e+00
7.939903319310667484e+02	9.196275703343355090e-01	0.000000000000000000e+00
7.944100413722667327e+02	9.193177032237959123e-01	0.000000000000000000e+00
7.948297508134667169e+02	9.190064245584744773e-01	0.000000000000000000e+00
7.952494602546667011e+02	9.186936714790966407e-01	0.000000000000000000e+00
7.956691696958666853e+02	9.183792454751664724e-01	0.000000000000000000e+00
7.960888791370666695e+02	9.180636031387068297e-01	0.000000000000000000e+00
7.965085885782666537e+02	9.177460094914917654e-01	0.000000000000000000e+00
7.969282980194666379e+02	9.174274761810153889e-01	0.000000000000000000e+00
7.973480074606666221e+02	9.171066963365842595e-01	0.000000000000000000e+00
7.977677169018666063e+02	9.167852719495338532e-01	0.000000000000000000e+00
7.981874263430667042e+02	9.164612892396133415e-01	0.000000000000000000e+00
7.986071357842666885e+02	9.161369753220873768e-01	0.000000000000000000e+00
7.990268452254666727e+02	9.158097750943610116e-01	0.000000000000000000e+00
7.994465546666666569e+02	9.154825748666346463e-01	0.000000000000000000e+00
