# lambda  Re(R_ZmaxTE(0,0),ZmaxTE(0,0))    Im(R_ZmaxTE(0,0),ZmaxTE(0,0)), 
3.797371134666668127e+02	9.664866574884403358e-05	0.000000000000000000e+00
3.801568229078667969e+02	3.014056678688273316e-04	0.000000000000000000e+00
3.805765323490668379e+02	9.389610359022842762e-04	0.000000000000000000e+00
3.809962417902668221e+02	2.006543101045575941e-03	0.000000000000000000e+00
3.814159512314668063e+02	3.499187666050506372e-03	0.000000000000000000e+00
3.818356606726667906e+02	5.409822086902873681e-03	0.000000000000000000e+00
3.822553701138668316e+02	7.729370398915621186e-03	0.000000000000000000e+00
3.826750795550668158e+02	1.044687716325657691e-02	0.000000000000000000e+00
3.830947889962668000e+02	1.354964743276481851e-02	0.000000000000000000e+00
3.835144984374667843e+02	1.702340003788197637e-02	0.000000000000000000e+00
3.839342078786668253e+02	2.085243127641793134e-02	0.000000000000000000e+00
3.843539173198668095e+02	2.501978605328060087e-02	0.000000000000000000e+00
3.847736267610667937e+02	2.950743355393010969e-02	0.000000000000000000e+00
3.851933362022668348e+02	3.429644464146754113e-02	0.000000000000000000e+00
3.856130456434668190e+02	3.936870982664529561e-02	0.000000000000000000e+00
3.860327550846668032e+02	4.470312274978433670e-02	0.000000000000000000e+00
3.864524645258667874e+02	5.027785844267595311e-02	0.000000000000000000e+00
3.868721739670668285e+02	5.607217218089154132e-02	0.000000000000000000e+00
3.872918834082668127e+02	6.206525512762081642e-02	0.000000000000000000e+00
3.877115928494667969e+02	6.823637354522778253e-02	0.000000000000000000e+00
3.881313022906667811e+02	7.456499681019522485e-02	0.000000000000000000e+00
3.885510117318668222e+02	8.103091356905596510e-02	0.000000000000000000e+00
3.889707211730668064e+02	8.761433564053609790e-02	0.000000000000000000e+00
3.893904306142667906e+02	9.429598951420106734e-02	0.000000000000000000e+00
3.898101400554668317e+02	1.010571955148792528e-01	0.000000000000000000e+00
3.902298494966668159e+02	1.078799348929197210e-01	0.000000000000000000e+00
3.906495589378668001e+02	1.147469052618923513e-01	0.000000000000000000e+00
3.910692683790667843e+02	1.216415649376842018e-01	0.000000000000000000e+00
3.914889778202668253e+02	1.285481668371071806e-01	0.000000000000000000e+00
3.919086872614668096e+02	1.354517826716201689e-01	0.000000000000000000e+00
3.923283967026667938e+02	1.423383182247463796e-01	0.000000000000000000e+00
3.927481061438668348e+02	1.491945205327315227e-01	0.000000000000000000e+00
3.931678155850668190e+02	1.560079777995714290e-01	0.000000000000000000e+00
3.935875250262668033e+02	1.627671128726014549e-01	0.000000000000000000e+00
3.940072344674667875e+02	1.694609052409883354e-01	0.000000000000000000e+00
3.944269439086668285e+02	1.760788668255734435e-01	0.000000000000000000e+00
3.948466533498668127e+02	1.826123168928141249e-01	0.000000000000000000e+00
3.952663627910667969e+02	1.890528483394011694e-01	0.000000000000000000e+00
3.956860722322667812e+02	1.953927900700060671e-01	0.000000000000000000e+00
3.961057816734668222e+02	2.016251770711773028e-01	0.000000000000000000e+00
3.965254911146668064e+02	2.077437188335466145e-01	0.000000000000000000e+00
3.969452005558667906e+02	2.137427666125798487e-01	0.000000000000000000e+00
3.973649099970668317e+02	2.196172799640789541e-01	0.000000000000000000e+00
3.977846194382668159e+02	2.253627929385388362e-01	0.000000000000000000e+00
3.982043288794668001e+02	2.309753802689344104e-01	0.000000000000000000e+00
3.986240383206667843e+02	2.364516238399217707e-01	0.000000000000000000e+00
3.990437477618668254e+02	2.417885796832387746e-01	0.000000000000000000e+00
3.994634572030668096e+02	2.469837457042812767e-01	0.000000000000000000e+00
3.998831666442667938e+02	2.520334730082380292e-01	0.000000000000000000e+00
4.003028760854667780e+02	2.569348817713864030e-01	0.000000000000000000e+00
4.007225855266668191e+02	2.616890732837068301e-01	0.000000000000000000e+00
4.011422949678668033e+02	2.662950329723258736e-01	0.000000000000000000e+00
4.015620044090667875e+02	2.707520417976436167e-01	0.000000000000000000e+00
4.019817138502668286e+02	2.750596507410767444e-01	0.000000000000000000e+00
4.024014232914668128e+02	2.792176566609133603e-01	0.000000000000000000e+00
4.028211327326667970e+02	2.832260795203175863e-01	0.000000000000000000e+00
4.032408421738667812e+02	2.870851409789463293e-01	0.000000000000000000e+00
4.036605516150668223e+02	2.907904294394839106e-01	0.000000000000000000e+00
4.040802610562668065e+02	2.943461750757334627e-01	0.000000000000000000e+00
4.044999704974667907e+02	2.977540975273071933e-01	0.000000000000000000e+00
4.049196799386668317e+02	3.010150556412073963e-01	0.000000000000000000e+00
4.053393893798668159e+02	3.041300209059816795e-01	0.000000000000000000e+00
4.057590988210668002e+02	3.071000636167049436e-01	0.000000000000000000e+00
4.061788082622667844e+02	3.099262315840100035e-01	0.000000000000000000e+00
4.065985177034668254e+02	3.126031419207294659e-01	0.000000000000000000e+00
4.070182271446668096e+02	3.151387293099384146e-01	0.000000000000000000e+00
4.074379365858667938e+02	3.175343556257459454e-01	0.000000000000000000e+00
4.078576460270667781e+02	3.197914265828766811e-01	0.000000000000000000e+00
4.082773554682668191e+02	3.219113838879265610e-01	0.000000000000000000e+00
4.086970649094668033e+02	3.238944643074783136e-01	0.000000000000000000e+00
4.091167743506667875e+02	3.257371302908756983e-01	0.000000000000000000e+00
4.095364837918668286e+02	3.274471242244736402e-01	0.000000000000000000e+00
4.099561932330668128e+02	3.290259769879390062e-01	0.000000000000000000e+00
4.103759026742667970e+02	3.304752262473621416e-01	0.000000000000000000e+00
4.107956121154667812e+02	3.317964128095801657e-01	0.000000000000000000e+00
4.112153215566668223e+02	3.329835417606602510e-01	0.000000000000000000e+00
4.116350309978668065e+02	3.340452525218668423e-01	0.000000000000000000e+00
4.120547404390667907e+02	3.349835159517382532e-01	0.000000000000000000e+00
4.124744498802667749e+02	3.357998642856552807e-01	0.000000000000000000e+00
4.128941593214668160e+02	3.364942979146945956e-01	0.000000000000000000e+00
4.133138687626668002e+02	3.370630563614855912e-01	0.000000000000000000e+00
4.137335782038667844e+02	3.375144640922499994e-01	0.000000000000000000e+00
4.141532876450668255e+02	3.378500201957984617e-01	0.000000000000000000e+00
4.145729970862668097e+02	3.380712131394655318e-01	0.000000000000000000e+00
4.149927065274667939e+02	3.381729023276910384e-01	0.000000000000000000e+00
4.154124159686667781e+02	3.381612270253930297e-01	0.000000000000000000e+00
4.158321254098668192e+02	3.380396404111545849e-01	0.000000000000000000e+00
4.162518348510668034e+02	3.378095984372667115e-01	0.000000000000000000e+00
4.166715442922667876e+02	3.374669559802263574e-01	0.000000000000000000e+00
4.170912537334668286e+02	3.370155818965679950e-01	0.000000000000000000e+00
4.175109631746668128e+02	3.364601507864364849e-01	0.000000000000000000e+00
4.179306726158667971e+02	3.358021029339121055e-01	0.000000000000000000e+00
4.183503820570667813e+02	3.350363493433434758e-01	0.000000000000000000e+00
4.187700914982668223e+02	3.341685110707121598e-01	0.000000000000000000e+00
4.191898009394668065e+02	3.332024712072286787e-01	0.000000000000000000e+00
4.196095103806667908e+02	3.321395303006539068e-01	0.000000000000000000e+00
4.200292198218668318e+02	3.309724339474889310e-01	0.000000000000000000e+00
4.204489292630668160e+02	3.297116286181073219e-01	0.000000000000000000e+00
4.208686387042668002e+02	3.283585923419089503e-01	0.000000000000000000e+00
4.212883481454667844e+02	3.269105710819146804e-01	0.000000000000000000e+00
4.217080575866667687e+02	3.253686167357484060e-01	0.000000000000000000e+00
4.221277670278668097e+02	3.237391028515573810e-01	0.000000000000000000e+00
4.225474764690667939e+02	3.220229859516717807e-01	0.000000000000000000e+00
4.229671859102667781e+02	3.202140622933992153e-01	0.000000000000000000e+00
4.233868953514668192e+02	3.183224537457597925e-01	0.000000000000000000e+00
4.238066047926668034e+02	3.163497584726133738e-01	0.000000000000000000e+00
4.242263142338667876e+02	3.142906854507850900e-01	0.000000000000000000e+00
4.246460236750667718e+02	3.121521393825635871e-01	0.000000000000000000e+00
4.250657331162668129e+02	3.099377053775203561e-01	0.000000000000000000e+00
4.254854425574667971e+02	3.076437642373195946e-01	0.000000000000000000e+00
4.259051519986667813e+02	3.052743457874658728e-01	0.000000000000000000e+00
4.263248614398668224e+02	3.028345316868826798e-01	0.000000000000000000e+00
4.267445708810668066e+02	3.003215238820760580e-01	0.000000000000000000e+00
4.271642803222667908e+02	2.977383064207337893e-01	0.000000000000000000e+00
4.275839897634667750e+02	2.950904983793789516e-01	0.000000000000000000e+00
4.280036992046668161e+02	2.923754234868018442e-01	0.000000000000000000e+00
4.284234086458668003e+02	2.895965474586248978e-01	0.000000000000000000e+00
4.288431180870667845e+02	2.867592027358752405e-01	0.000000000000000000e+00
4.292628275282668255e+02	2.838603174032057197e-01	0.000000000000000000e+00
4.296825369694668098e+02	2.809050020866269981e-01	0.000000000000000000e+00
4.301022464106667940e+02	2.778976445750146462e-01	0.000000000000000000e+00
4.305219558518667782e+02	2.748344747324075188e-01	0.000000000000000000e+00
4.309416652930668192e+02	2.717229796896550864e-01	0.000000000000000000e+00
4.313613747342668034e+02	2.685654189118256152e-01	0.000000000000000000e+00
4.317810841754667877e+02	2.653594474004863923e-01	0.000000000000000000e+00
4.322007936166667719e+02	2.621129830750469347e-01	0.000000000000000000e+00
4.326205030578668129e+02	2.588257911784601628e-01	0.000000000000000000e+00
4.330402124990667971e+02	2.554997849420699296e-01	0.000000000000000000e+00
4.334599219402667813e+02	2.521403745928216256e-01	0.000000000000000000e+00
4.338796313814667656e+02	2.487461178448844012e-01	0.000000000000000000e+00
4.342993408226668066e+02	2.453226019716172601e-01	0.000000000000000000e+00
4.347190502638667908e+02	2.418720171464180946e-01	0.000000000000000000e+00
4.351387597050667750e+02	2.383950246778357152e-01	0.000000000000000000e+00
4.355584691462668161e+02	2.348970117906189481e-01	0.000000000000000000e+00
4.359781785874668003e+02	2.313782144579611399e-01	0.000000000000000000e+00
4.363978880286667845e+02	2.278426969581512362e-01	0.000000000000000000e+00
4.368175974698667687e+02	2.242929942600017379e-01	0.000000000000000000e+00
4.372373069110668098e+02	2.207308443329988601e-01	0.000000000000000000e+00
4.376570163522667940e+02	2.171601322118142385e-01	0.000000000000000000e+00
4.380767257934667782e+02	2.135824372778557245e-01	0.000000000000000000e+00
4.384964352346668193e+02	2.100011049994999213e-01	0.000000000000000000e+00
4.389161446758668035e+02	2.064184440899999029e-01	0.000000000000000000e+00
4.393358541170667877e+02	2.028372521414992802e-01	0.000000000000000000e+00
4.397555635582667719e+02	1.992597042904861171e-01	0.000000000000000000e+00
4.401752729994668130e+02	1.956892710460543805e-01	0.000000000000000000e+00
4.405949824406667972e+02	1.921272721098102598e-01	0.000000000000000000e+00
4.410146918818667814e+02	1.885775517987149930e-01	0.000000000000000000e+00
4.414344013230668224e+02	1.850414669682351743e-01	0.000000000000000000e+00
4.418541107642668067e+02	1.815220595543753923e-01	0.000000000000000000e+00
4.422738202054667909e+02	1.780218645732400962e-01	0.000000000000000000e+00
4.426935296466667751e+02	1.745422178908730415e-01	0.000000000000000000e+00
4.431132390878668161e+02	1.710875349932180489e-01	0.000000000000000000e+00
4.435329485290668003e+02	1.676567945929268721e-01	0.000000000000000000e+00
4.439526579702667846e+02	1.642568358526217964e-01	0.000000000000000000e+00
4.443723674114668256e+02	1.608845192942118252e-01	0.000000000000000000e+00
4.447920768526668098e+02	1.575473050974939282e-01	0.000000000000000000e+00
4.452117862938667940e+02	1.542422282019314528e-01	0.000000000000000000e+00
4.456314957350667783e+02	1.509755597017314876e-01	0.000000000000000000e+00
4.460512051762667625e+02	1.477456805702823672e-01	0.000000000000000000e+00
4.464709146174668035e+02	1.445572016086870415e-01	0.000000000000000000e+00
4.468906240586667877e+02	1.414099027108858264e-01	0.000000000000000000e+00
4.473103334998667719e+02	1.383067321517229831e-01	0.000000000000000000e+00
4.477300429410668130e+02	1.352487832597424888e-01	0.000000000000000000e+00
4.481497523822667972e+02	1.322374761442529079e-01	0.000000000000000000e+00
4.485694618234667814e+02	1.292750031624366192e-01	0.000000000000000000e+00
4.489891712646667656e+02	1.263615167712950071e-01	0.000000000000000000e+00
4.494088807058668067e+02	1.234999769550605697e-01	0.000000000000000000e+00
4.498285901470667909e+02	1.206896423451906813e-01	0.000000000000000000e+00
4.502482995882667751e+02	1.179338063448315682e-01	0.000000000000000000e+00
4.506680090294668162e+02	1.152313059013096719e-01	0.000000000000000000e+00
4.510877184706668004e+02	1.125852469953500939e-01	0.000000000000000000e+00
4.515074279118667846e+02	1.099945984979830843e-01	0.000000000000000000e+00
4.519271373530667688e+02	1.074616892946853586e-01	0.000000000000000000e+00
4.523468467942668099e+02	1.049862369418529257e-01	0.000000000000000000e+00
4.527665562354667941e+02	1.025691537240125961e-01	0.000000000000000000e+00
4.531862656766667783e+02	1.002115664800381223e-01	0.000000000000000000e+00
4.536059751178668193e+02	9.791230124665985246e-02	0.000000000000000000e+00
4.540256845590668036e+02	9.567457878138684035e-02	0.000000000000000000e+00
4.544453940002667878e+02	9.349445890138187443e-02	0.000000000000000000e+00
4.548651034414667720e+02	9.137794527154759205e-02	0.000000000000000000e+00
4.552848128826667562e+02	8.931766051251487093e-02	0.000000000000000000e+00
4.557045223238667973e+02	8.732306559556970993e-02	0.000000000000000000e+00
4.561242317650667815e+02	8.538297344203270300e-02	0.000000000000000000e+00
4.565439412062668225e+02	8.351013066651821748e-02	0.000000000000000000e+00
4.569636506474668067e+02	8.169195837822923467e-02	0.000000000000000000e+00
4.573833600886667909e+02	7.993819943210531132e-02	0.000000000000000000e+00
4.578030695298667752e+02	7.824123968743756929e-02	0.000000000000000000e+00
4.582227789710667594e+02	7.660528816972145272e-02	0.000000000000000000e+00
4.586424884122668004e+02	7.502832873786918766e-02	0.000000000000000000e+00
4.590621978534667846e+02	7.350847082107775377e-02	0.000000000000000000e+00
4.594819072946667688e+02	7.204984663707127146e-02	0.000000000000000000e+00
4.599016167358668099e+02	7.064398861867074442e-02	0.000000000000000000e+00
4.603213261770667941e+02	6.930163888605914146e-02	0.000000000000000000e+00
4.607410356182667783e+02	6.801062890819518925e-02	0.000000000000000000e+00
4.611607450594667625e+02	6.677889641528335363e-02	0.000000000000000000e+00
4.615804545006668036e+02	6.560062504432544184e-02	0.000000000000000000e+00
4.620001639418667878e+02	6.447628084328406450e-02	0.000000000000000000e+00
4.624198733830667720e+02	6.340797875142234474e-02	0.000000000000000000e+00
4.628395828242668131e+02	6.238809225153486154e-02	0.000000000000000000e+00
4.632592922654667973e+02	6.142677603732343145e-02	0.000000000000000000e+00
4.636790017066667815e+02	6.051257653060035380e-02	0.000000000000000000e+00
4.640987111478667657e+02	5.965089555481468964e-02	0.000000000000000000e+00
4.645184205890668068e+02	5.883930497544668375e-02	0.000000000000000000e+00
4.649381300302667910e+02	5.807413326343358745e-02	0.000000000000000000e+00
4.653578394714667752e+02	5.736206492403873869e-02	0.000000000000000000e+00
4.657775489126668162e+02	5.669377642873846268e-02	0.000000000000000000e+00
4.661972583538668005e+02	5.607474581124508028e-02	0.000000000000000000e+00
4.666169677950667847e+02	5.550163636119905680e-02	0.000000000000000000e+00
4.670366772362667689e+02	5.497145065974180095e-02	0.000000000000000000e+00
4.674563866774667531e+02	5.449068149789301069e-02	0.000000000000000000e+00
4.678760961186667942e+02	5.405065207379126935e-02	0.000000000000000000e+00
4.682958055598667784e+02	5.365553772787957226e-02	0.000000000000000000e+00
4.687155150010668194e+02	5.330412729741561273e-02	0.000000000000000000e+00
4.691352244422668036e+02	5.299195541403647902e-02	0.000000000000000000e+00
4.695549338834667878e+02	5.272627224761686215e-02	0.000000000000000000e+00
4.699746433246667721e+02	5.249960052599718374e-02	0.000000000000000000e+00
4.703943527658667563e+02	5.231306856261102450e-02	0.000000000000000000e+00
4.708140622070667973e+02	5.217017033427275713e-02	0.000000000000000000e+00
4.712337716482667815e+02	5.206468049869641956e-02	0.000000000000000000e+00
4.716534810894667658e+02	5.200072633317439491e-02	0.000000000000000000e+00
4.720731905306668068e+02	5.197726444783753313e-02	0.000000000000000000e+00
4.724928999718667910e+02	5.199068202705751235e-02	0.000000000000000000e+00
4.729126094130667752e+02	5.204703299293669816e-02	0.000000000000000000e+00
4.733323188542667594e+02	5.214174061749413808e-02	0.000000000000000000e+00
4.737520282954668005e+02	5.227328140672456852e-02	0.000000000000000000e+00
4.741717377366667847e+02	5.244930035630562815e-02	0.000000000000000000e+00
4.745914471778667689e+02	5.266253903595571190e-02	0.000000000000000000e+00
4.750111566190668100e+02	5.291405398335087551e-02	0.000000000000000000e+00
4.754308660602667942e+02	5.320997565800863333e-02	0.000000000000000000e+00
4.758505755014667784e+02	5.354393845843700983e-02	0.000000000000000000e+00
4.762702849426667626e+02	5.391793064002640967e-02	0.000000000000000000e+00
4.766899943838667468e+02	5.433722561146690083e-02	0.000000000000000000e+00
4.771097038250667879e+02	5.479614887898158482e-02	0.000000000000000000e+00
4.775294132662667721e+02	5.529710945043141146e-02	0.000000000000000000e+00
4.779491227074668132e+02	5.584554628212477778e-02	0.000000000000000000e+00
4.783688321486667974e+02	5.643593947521625964e-02	0.000000000000000000e+00
4.787885415898667816e+02	5.707063618493991852e-02	0.000000000000000000e+00
4.792082510310667658e+02	5.775642625309335143e-02	0.000000000000000000e+00
4.796279604722667500e+02	5.848732967026556984e-02	0.000000000000000000e+00
4.800476699134667911e+02	5.926501110372251607e-02	0.000000000000000000e+00
4.804673793546667753e+02	6.009909011100596221e-02	0.000000000000000000e+00
4.808870887958667595e+02	6.098237006461044996e-02	0.000000000000000000e+00
4.813067982370668005e+02	6.191628914080030827e-02	0.000000000000000000e+00
4.817265076782667848e+02	6.291134653908515839e-02	0.000000000000000000e+00
4.821462171194667690e+02	6.396203632417929441e-02	0.000000000000000000e+00
4.825659265606667532e+02	6.506884676990007388e-02	0.000000000000000000e+00
4.829856360018667942e+02	6.624055934742359431e-02	0.000000000000000000e+00
4.834053454430667784e+02	6.747725171075642792e-02	0.000000000000000000e+00
4.838250548842667627e+02	6.877677715539168291e-02	0.000000000000000000e+00
4.842447643254668037e+02	7.014474897404116005e-02	0.000000000000000000e+00
4.846644737666667879e+02	7.159004080753247901e-02	0.000000000000000000e+00
4.850841832078667721e+02	7.310626821042409684e-02	0.000000000000000000e+00
4.855038926490667563e+02	7.469619095024977729e-02	0.000000000000000000e+00
4.859236020902667974e+02	7.637479491890378225e-02	0.000000000000000000e+00
4.863433115314667816e+02	7.813637570062954840e-02	0.000000000000000000e+00
4.867630209726667658e+02	7.998183030993978593e-02	0.000000000000000000e+00
4.871827304138668069e+02	8.191959374446912412e-02	0.000000000000000000e+00
4.876024398550667911e+02	8.396035426305077654e-02	0.000000000000000000e+00
4.880221492962667753e+02	8.609695216000973206e-02	0.000000000000000000e+00
4.884418587374667595e+02	8.833340461677448296e-02	0.000000000000000000e+00
4.888615681786667437e+02	9.068687380479478755e-02	0.000000000000000000e+00
4.892812776198667848e+02	9.315599727062852387e-02	0.000000000000000000e+00
4.897009870610667690e+02	9.573946916730508017e-02	0.000000000000000000e+00
4.901206965022668101e+02	9.844209990185213976e-02	0.000000000000000000e+00
4.905404059434667943e+02	1.012899017299575682e-01	0.000000000000000000e+00
4.909601153846667785e+02	1.042697311356191314e-01	0.000000000000000000e+00
4.913798248258667627e+02	1.073857598765965704e-01	0.000000000000000000e+00
4.917995342670667469e+02	1.106457817817025485e-01	0.000000000000000000e+00
4.922192437082667880e+02	1.140769191471418115e-01	0.000000000000000000e+00
4.926389531494667722e+02	1.176629465127285307e-01	0.000000000000000000e+00
4.930586625906667564e+02	1.214098200824940688e-01	0.000000000000000000e+00
4.934783720318667974e+02	1.253266287269893531e-01	0.000000000000000000e+00
4.938980814730667817e+02	1.294428685887965003e-01	0.000000000000000000e+00
4.943177909142667659e+02	1.337396493359241101e-01	0.000000000000000000e+00
4.947375003554667501e+02	1.382229000917545303e-01	0.000000000000000000e+00
4.951572097966667911e+02	1.428983984359792903e-01	0.000000000000000000e+00
4.955769192378667753e+02	1.478038169129300694e-01	0.000000000000000000e+00
4.959966286790667596e+02	1.529140058072829267e-01	0.000000000000000000e+00
4.964163381202668006e+02	1.582330342117517497e-01	0.000000000000000000e+00
4.968360475614667848e+02	1.637649197108730914e-01	0.000000000000000000e+00
4.972557570026667690e+02	1.695370711971402322e-01	0.000000000000000000e+00
4.976754664438667533e+02	1.755380605719455145e-01	0.000000000000000000e+00
4.980951758850667943e+02	1.817586242392599805e-01	0.000000000000000000e+00
4.985148853262667785e+02	1.881982076089134814e-01	0.000000000000000000e+00
4.989345947674667627e+02	1.948627810883715450e-01	0.000000000000000000e+00
4.993543042086668038e+02	2.017632158394577768e-01	0.000000000000000000e+00
4.997740136498667880e+02	2.088676527152906193e-01	0.000000000000000000e+00
5.001937230910667722e+02	2.161663666781416249e-01	0.000000000000000000e+00
5.006134325322667564e+02	2.236466681717028948e-01	0.000000000000000000e+00
5.010331419734667406e+02	2.313055355499912535e-01	0.000000000000000000e+00
5.014528514146667817e+02	2.391136912247226465e-01	0.000000000000000000e+00
5.018725608558667659e+02	2.470364421833914914e-01	0.000000000000000000e+00
5.022922702970668070e+02	2.550440359300045201e-01	0.000000000000000000e+00
5.027119797382667912e+02	2.631018504540247327e-01	0.000000000000000000e+00
5.031316891794667754e+02	2.711662683357499715e-01	0.000000000000000000e+00
5.035513986206667596e+02	2.791836308836351810e-01	0.000000000000000000e+00
5.039711080618667438e+02	2.871013736176375453e-01	0.000000000000000000e+00
5.043908175030667849e+02	2.948615773238194571e-01	0.000000000000000000e+00
5.048105269442667691e+02	3.024009825914569238e-01	0.000000000000000000e+00
5.052302363854667533e+02	3.096195555422471268e-01	0.000000000000000000e+00
5.056499458266667943e+02	3.164428708248334665e-01	0.000000000000000000e+00
5.060696552678667786e+02	3.228088099816104894e-01	0.000000000000000000e+00
5.064893647090667628e+02	3.286375239739033338e-01	0.000000000000000000e+00
5.069090741502667470e+02	3.338479348665358559e-01	0.000000000000000000e+00
5.073287835914667880e+02	3.383349309524051884e-01	0.000000000000000000e+00
5.077484930326667723e+02	3.419535433494590992e-01	0.000000000000000000e+00
5.081682024738668133e+02	3.447025430328738427e-01	0.000000000000000000e+00
5.085879119150667975e+02	3.465138086159566533e-01	0.000000000000000000e+00
5.090076213562667817e+02	3.473268564236138833e-01	0.000000000000000000e+00
5.094273307974667659e+02	3.470905070455150288e-01	0.000000000000000000e+00
5.098470402386667502e+02	3.456941310540621037e-01	0.000000000000000000e+00
5.102667496798667344e+02	3.431072775092826044e-01	0.000000000000000000e+00
5.106864591210667754e+02	3.393885116856062423e-01	0.000000000000000000e+00
5.111061685622667596e+02	3.345409395064948277e-01	0.000000000000000000e+00
5.115258780034668007e+02	3.285820369597756696e-01	0.000000000000000000e+00
5.119455874446667849e+02	3.215437438390655878e-01	0.000000000000000000e+00
5.123652968858667691e+02	3.134306059822460910e-01	0.000000000000000000e+00
5.127850063270667533e+02	3.042824273216000464e-01	0.000000000000000000e+00
5.132047157682667375e+02	2.942556093448780441e-01	0.000000000000000000e+00
5.136244252094668354e+02	2.834416980228786631e-01	0.000000000000000000e+00
5.140441346506668197e+02	2.719456143155761785e-01	0.000000000000000000e+00
5.144638440918668039e+02	2.598856519660022180e-01	0.000000000000000000e+00
5.148835535330667881e+02	2.473935473042793709e-01	0.000000000000000000e+00
5.153032629742667723e+02	2.346043495375544075e-01	0.000000000000000000e+00
5.157229724154667565e+02	2.217128008075609225e-01	0.000000000000000000e+00
5.161426818566667407e+02	2.089006450698027706e-01	0.000000000000000000e+00
5.165623912978667249e+02	1.963515864493003416e-01	0.000000000000000000e+00
5.169821007390667091e+02	1.842559035953103275e-01	0.000000000000000000e+00
5.174018101802668070e+02	1.728052607829315135e-01	0.000000000000000000e+00
5.178215196214667912e+02	1.621856118989197515e-01	0.000000000000000000e+00
5.182412290626667755e+02	1.526259310920183854e-01	0.000000000000000000e+00
5.186609385038667597e+02	1.442919184754401785e-01	0.000000000000000000e+00
5.190806479450667439e+02	1.372281882786185736e-01	0.000000000000000000e+00
5.195003573862667281e+02	1.314882893631756644e-01	0.000000000000000000e+00
5.199200668274668260e+02	1.270738040975195049e-01	0.000000000000000000e+00
5.203397762686668102e+02	1.239332435762324769e-01	0.000000000000000000e+00
5.207594857098667944e+02	1.219657753205355688e-01	0.000000000000000000e+00
5.211791951510667786e+02	1.210295051210032030e-01	0.000000000000000000e+00
5.215989045922667628e+02	1.209787201727196421e-01	0.000000000000000000e+00
5.220186140334667471e+02	1.216147575942704007e-01	0.000000000000000000e+00
5.224383234746667313e+02	1.227039110532242433e-01	0.000000000000000000e+00
5.228580329158667155e+02	1.240717610556248268e-01	0.000000000000000000e+00
5.232777423570666997e+02	1.255642292716211972e-01	0.000000000000000000e+00
5.236974517982667976e+02	1.270523156042904500e-01	0.000000000000000000e+00
5.241171612394667818e+02	1.284338624042486998e-01	0.000000000000000000e+00
5.245368706806667660e+02	1.296329234915000184e-01	0.000000000000000000e+00
5.249565801218667502e+02	1.305974491409891969e-01	0.000000000000000000e+00
5.253762895630667344e+02	1.312918434651271504e-01	0.000000000000000000e+00
5.257959990042668323e+02	1.316864742051989112e-01	0.000000000000000000e+00
5.262157084454668166e+02	1.318008133414574068e-01	0.000000000000000000e+00
5.266354178866668008e+02	1.316446780576695508e-01	0.000000000000000000e+00
5.270551273278667850e+02	1.312341060003801574e-01	0.000000000000000000e+00
5.274748367690667692e+02	1.305891082802294323e-01	0.000000000000000000e+00
5.278945462102667534e+02	1.297319042450238991e-01	0.000000000000000000e+00
5.283142556514667376e+02	1.286855845214831262e-01	0.000000000000000000e+00
5.287339650926667218e+02	1.274731363671225415e-01	0.000000000000000000e+00
5.291536745338667060e+02	1.261167638482970088e-01	0.000000000000000000e+00
5.295733839750668039e+02	1.246374402153117844e-01	0.000000000000000000e+00
5.299930934162667882e+02	1.230538688696167643e-01	0.000000000000000000e+00
5.304128028574667724e+02	1.213807552262646666e-01	0.000000000000000000e+00
5.308325122986667566e+02	1.196400685054051088e-01	0.000000000000000000e+00
5.312522217398667408e+02	1.178459754515165936e-01	0.000000000000000000e+00
5.316719311810667250e+02	1.160110814574617510e-01	0.000000000000000000e+00
5.320916406222668229e+02	1.141465292709960277e-01	0.000000000000000000e+00
5.325113500634668071e+02	1.122621104835731243e-01	0.000000000000000000e+00
5.329310595046667913e+02	1.103663821064488210e-01	0.000000000000000000e+00
5.333507689458667755e+02	1.084667829066824768e-01	0.000000000000000000e+00
5.337704783870667598e+02	1.065697459493641364e-01	0.000000000000000000e+00
5.341901878282667440e+02	1.046808050993469075e-01	0.000000000000000000e+00
5.346098972694667282e+02	1.028046941821125909e-01	0.000000000000000000e+00
5.350296067106667124e+02	1.009454381753968344e-01	0.000000000000000000e+00
5.354493161518666966e+02	9.910643626925244587e-02	0.000000000000000000e+00
5.358690255930667945e+02	9.729053694574771316e-02	0.000000000000000000e+00
5.362887350342667787e+02	9.550088933897372956e-02	0.000000000000000000e+00
5.367084444754667629e+02	9.373934094318643606e-02	0.000000000000000000e+00
5.371281539166667471e+02	9.200684943043557773e-02	0.000000000000000000e+00
5.375478633578667313e+02	9.030462583486938144e-02	0.000000000000000000e+00
5.379675727990668292e+02	8.863360948833820530e-02	0.000000000000000000e+00
5.383872822402668135e+02	8.699450403882867666e-02	0.000000000000000000e+00
5.388069916814667977e+02	8.538780919955450688e-02	0.000000000000000000e+00
5.392267011226667819e+02	8.381384868944910527e-02	0.000000000000000000e+00
5.396464105638667661e+02	8.227279478732442419e-02	0.000000000000000000e+00
5.400661200050667503e+02	8.076468988337706656e-02	0.000000000000000000e+00
5.404858294462667345e+02	7.928946537433702313e-02	0.000000000000000000e+00
5.409055388874667187e+02	7.784695821311907182e-02	0.000000000000000000e+00
5.413252483286667029e+02	7.643692539082644344e-02	0.000000000000000000e+00
5.417449577698668008e+02	7.505905659859531120e-02	0.000000000000000000e+00
5.421646672110667851e+02	7.371298528908939995e-02	0.000000000000000000e+00
5.425843766522667693e+02	7.239829833241517854e-02	0.000000000000000000e+00
5.430040860934667535e+02	7.111454443873996278e-02	0.000000000000000000e+00
5.434237955346667377e+02	6.986124149973214903e-02	0.000000000000000000e+00
5.438435049758667219e+02	6.863788298300452229e-02	0.000000000000000000e+00
5.442632144170668198e+02	6.744394349776942910e-02	0.000000000000000000e+00
5.446829238582668040e+02	6.627888363577745523e-02	0.000000000000000000e+00
5.451026332994667882e+02	6.514215417908053585e-02	0.000000000000000000e+00
5.455223427406667724e+02	6.403319975511405360e-02	0.000000000000000000e+00
5.459420521818667567e+02	6.295146200983021967e-02	0.000000000000000000e+00
5.463617616230667409e+02	6.189638236101799307e-02	0.000000000000000000e+00
5.467814710642667251e+02	6.086740438637981698e-02	0.000000000000000000e+00
5.472011805054667093e+02	5.986397589427273208e-02	0.000000000000000000e+00
5.476208899466666935e+02	5.888555071916448669e-02	0.000000000000000000e+00
5.480405993878667914e+02	5.793159027870722899e-02	0.000000000000000000e+00
5.484603088290667756e+02	5.700156492481327913e-02	0.000000000000000000e+00
5.488800182702667598e+02	5.609495511712764282e-02	0.000000000000000000e+00
5.492997277114667440e+02	5.521125244382669300e-02	0.000000000000000000e+00
5.497194371526667283e+02	5.434996051158164088e-02	0.000000000000000000e+00
5.501391465938668262e+02	5.351059572385251373e-02	0.000000000000000000e+00
5.505588560350668104e+02	5.269268796430864876e-02	0.000000000000000000e+00
5.509785654762667946e+02	5.189578120009509521e-02	0.000000000000000000e+00
5.513982749174667788e+02	5.111943401784784652e-02	0.000000000000000000e+00
5.518179843586667630e+02	5.036322010376149960e-02	0.000000000000000000e+00
5.522376937998667472e+02	4.962672867759900658e-02	0.000000000000000000e+00
5.526574032410667314e+02	4.890956488931211960e-02	0.000000000000000000e+00
5.530771126822667156e+02	4.821135018584088439e-02	0.000000000000000000e+00
5.534968221234666998e+02	4.753172265471695968e-02	0.000000000000000000e+00
5.539165315646667977e+02	4.687033735023937719e-02	0.000000000000000000e+00
5.543362410058667820e+02	4.622686660725644492e-02	0.000000000000000000e+00
5.547559504470667662e+02	4.560100034691684512e-02	0.000000000000000000e+00
5.551756598882667504e+02	4.499244637817223502e-02	0.000000000000000000e+00
5.555953693294667346e+02	4.440093069827551198e-02	0.000000000000000000e+00
5.560150787706667188e+02	4.382619779505069618e-02	0.000000000000000000e+00
5.564347882118668167e+02	4.326801095327111740e-02	0.000000000000000000e+00
5.568544976530668009e+02	4.272615256708203746e-02	0.000000000000000000e+00
5.572742070942667851e+02	4.220042446002980618e-02	0.000000000000000000e+00
5.576939165354667693e+02	4.169064821390433551e-02	0.000000000000000000e+00
5.581136259766667536e+02	4.119666550725558513e-02	0.000000000000000000e+00
5.585333354178667378e+02	4.071833846410961161e-02	0.000000000000000000e+00
5.589530448590667220e+02	4.025555001306678482e-02	0.000000000000000000e+00
5.593727543002667062e+02	3.980820425662546375e-02	0.000000000000000000e+00
5.597924637414666904e+02	3.937622685021374691e-02	0.000000000000000000e+00
5.602121731826667883e+02	3.895956539004166025e-02	0.000000000000000000e+00
5.606318826238667725e+02	3.855818980849522182e-02	0.000000000000000000e+00
5.610515920650667567e+02	3.817209277537401968e-02	0.000000000000000000e+00
5.614713015062667409e+02	3.780129010283580365e-02	0.000000000000000000e+00
5.618910109474667252e+02	3.744582115144041295e-02	0.000000000000000000e+00
5.623107203886668231e+02	3.710574923419133336e-02	0.000000000000000000e+00
5.627304298298668073e+02	3.678116201495728460e-02	0.000000000000000000e+00
5.631501392710667915e+02	3.647217189712362306e-02	0.000000000000000000e+00
5.635698487122667757e+02	3.617891639779174939e-02	0.000000000000000000e+00
5.639895581534667599e+02	3.590155850232196189e-02	0.000000000000000000e+00
5.644092675946667441e+02	3.564028699353702367e-02	0.000000000000000000e+00
5.648289770358667283e+02	3.539531674949535772e-02	0.000000000000000000e+00
5.652486864770667125e+02	3.516688900345586039e-02	0.000000000000000000e+00
5.656683959182666968e+02	3.495527155954350484e-02	0.000000000000000000e+00
5.660881053594667947e+02	3.476075895776804814e-02	0.000000000000000000e+00
5.665078148006667789e+02	3.458413807760794129e-02	0.000000000000000000e+00
5.669275242418667631e+02	3.442596208715192202e-02	0.000000000000000000e+00
5.673472336830667473e+02	3.428602803861663384e-02	0.000000000000000000e+00
5.677669431242667315e+02	3.416474693211803138e-02	0.000000000000000000e+00
5.681866525654667157e+02	3.406255682892251474e-02	0.000000000000000000e+00
5.686063620066668136e+02	3.397992264386390932e-02	0.000000000000000000e+00
5.690260714478667978e+02	3.391733591322725755e-02	0.000000000000000000e+00
5.694457808890667820e+02	3.387531457376508071e-02	0.000000000000000000e+00
5.698654903302667663e+02	3.385440280476371272e-02	0.000000000000000000e+00
5.702851997714667505e+02	3.385517100546268920e-02	0.000000000000000000e+00
5.707049092126667347e+02	3.387821600506774056e-02	0.000000000000000000e+00
5.711246186538667189e+02	3.392416163227313791e-02	0.000000000000000000e+00
5.715443280950667031e+02	3.399365980542368854e-02	0.000000000000000000e+00
5.719640375362666873e+02	3.408739234245219268e-02	0.000000000000000000e+00
5.723837469774667852e+02	3.420607373007458069e-02	0.000000000000000000e+00
5.728034564186667694e+02	3.435045513220137681e-02	0.000000000000000000e+00
5.732231658598667536e+02	3.452346341117483453e-02	0.000000000000000000e+00
5.736428753010667378e+02	3.472435957271795964e-02	0.000000000000000000e+00
5.740625847422667221e+02	3.495377642847169453e-02	0.000000000000000000e+00
5.744822941834668200e+02	3.521273551384832695e-02	0.000000000000000000e+00
5.749020036246668042e+02	3.550236042203583353e-02	0.000000000000000000e+00
5.753217130658667884e+02	3.582389891546179650e-02	0.000000000000000000e+00
5.757414225070667726e+02	3.617874780279983077e-02	0.000000000000000000e+00
5.761611319482667568e+02	3.656847952019410403e-02	0.000000000000000000e+00
5.765808413894667410e+02	3.699486871996827964e-02	0.000000000000000000e+00
5.770005508306667252e+02	3.745991651082821589e-02	0.000000000000000000e+00
5.774202602718667094e+02	3.796586940298599805e-02	0.000000000000000000e+00
5.778399697130666937e+02	3.851522957524996377e-02	0.000000000000000000e+00
5.782596791542667916e+02	3.911537497410341735e-02	0.000000000000000000e+00
5.786793885954667758e+02	3.976653750161664169e-02	0.000000000000000000e+00
5.790990980366667600e+02	4.047107121508861094e-02	0.000000000000000000e+00
5.795188074778667442e+02	4.123233591583065627e-02	0.000000000000000000e+00
5.799385169190667284e+02	4.205371327733047754e-02	0.000000000000000000e+00
5.803582263602667126e+02	4.293854747986366321e-02	0.000000000000000000e+00
5.807779358014668105e+02	4.389011169464410167e-02	0.000000000000000000e+00
5.811976452426667947e+02	4.491161081002013888e-02	0.000000000000000000e+00
5.816173546838667789e+02	4.600622528548480028e-02	0.000000000000000000e+00
5.820370641250667632e+02	4.717719481687475402e-02	0.000000000000000000e+00
5.824567735662667474e+02	4.843459369984727536e-02	0.000000000000000000e+00
5.828764830074667316e+02	4.978133572264720891e-02	0.000000000000000000e+00
5.832961924486667158e+02	5.121759940186685484e-02	0.000000000000000000e+00
5.837159018898667000e+02	5.274836334251647302e-02	0.000000000000000000e+00
5.841356113310666842e+02	5.437905899812768562e-02	0.000000000000000000e+00
5.845553207722667821e+02	5.611547168205831271e-02	0.000000000000000000e+00
5.849750302134667663e+02	5.796360982732907258e-02	0.000000000000000000e+00
5.853947396546667505e+02	5.992955857960563515e-02	0.000000000000000000e+00
5.858144490958667348e+02	6.201933216882749705e-02	0.000000000000000000e+00
5.862341585370667190e+02	6.424950875326036759e-02	0.000000000000000000e+00
5.866538679782668169e+02	6.662640170502301395e-02	0.000000000000000000e+00
5.870735774194668011e+02	6.914541134264985678e-02	0.000000000000000000e+00
5.874932868606667853e+02	7.181085428148605010e-02	0.000000000000000000e+00
5.879129963018667695e+02	7.462653477580552530e-02	0.000000000000000000e+00
5.883327057430667537e+02	7.759574218365315745e-02	0.000000000000000000e+00
5.887524151842667379e+02	8.072125246117033137e-02	0.000000000000000000e+00
5.891721246254667221e+02	8.400533063497662989e-02	0.000000000000000000e+00
5.895918340666667063e+02	8.745708476854757718e-02	0.000000000000000000e+00
5.900115435078666906e+02	9.109091167875077444e-02	0.000000000000000000e+00
5.904312529490666748e+02	9.488734025820147466e-02	0.000000000000000000e+00
5.908509623902667727e+02	9.884604484799325297e-02	0.000000000000000000e+00
5.912706718314667569e+02	1.029660581938763864e-01	0.000000000000000000e+00
5.916903812726667411e+02	1.072457324602260759e-01	0.000000000000000000e+00
5.921100907138667253e+02	1.116826985550447848e-01	0.000000000000000000e+00
5.925298001550667095e+02	1.162738247127665936e-01	0.000000000000000000e+00
5.929495095962668074e+02	1.210323138489759892e-01	0.000000000000000000e+00
5.933692190374667916e+02	1.259438233557541309e-01	0.000000000000000000e+00
5.937889284786667758e+02	1.309916078454458344e-01	0.000000000000000000e+00
5.942086379198667601e+02	1.361679343660323616e-01	0.000000000000000000e+00
5.946283473610667443e+02	1.414640107722299478e-01	0.000000000000000000e+00
5.950480568022667285e+02	1.468699703707531112e-01	0.000000000000000000e+00
5.954677662434667127e+02	1.523748639431317664e-01	0.000000000000000000e+00
5.958874756846666969e+02	1.579736150253931715e-01	0.000000000000000000e+00
5.963071851258666811e+02	1.636473116683814510e-01	0.000000000000000000e+00
5.967268945670667790e+02	1.693718351488116836e-01	0.000000000000000000e+00
5.971466040082667632e+02	1.751306543341745736e-01	0.000000000000000000e+00
5.975663134494667474e+02	1.809063019212548973e-01	0.000000000000000000e+00
5.979860228906667317e+02	1.866804516409064918e-01	0.000000000000000000e+00
5.984057323318667159e+02	1.924339998382153527e-01	0.000000000000000000e+00
5.988254417730668138e+02	1.981349977960629727e-01	0.000000000000000000e+00
5.992451512142667980e+02	2.037604376689692853e-01	0.000000000000000000e+00
5.996648606554667822e+02	2.092910894266716559e-01	0.000000000000000000e+00
6.000845700966667664e+02	2.147053184732489184e-01	0.000000000000000000e+00
6.005042795378667506e+02	2.199815158071875554e-01	0.000000000000000000e+00
6.009239889790667348e+02	2.250982218625121045e-01	0.000000000000000000e+00
6.013436984202667190e+02	2.300159522504358345e-01	0.000000000000000000e+00
6.017634078614667033e+02	2.346918350073360915e-01	0.000000000000000000e+00
6.021831173026666875e+02	2.391333833879201176e-01	0.000000000000000000e+00
6.026028267438666717e+02	2.433219429848536564e-01	0.000000000000000000e+00
6.030225361850667696e+02	2.472398965166111018e-01	0.000000000000000000e+00
6.034422456262667538e+02	2.508707287624610816e-01	0.000000000000000000e+00
6.038619550674667380e+02	2.541782634781473704e-01	0.000000000000000000e+00
6.042816645086667222e+02	2.571031674654825072e-01	0.000000000000000000e+00
6.047013739498667064e+02	2.596908613261193488e-01	0.000000000000000000e+00
6.051210833910668043e+02	2.619317852990735163e-01	0.000000000000000000e+00
6.055407928322667885e+02	2.638178243442651505e-01	0.000000000000000000e+00
6.059605022734667727e+02	2.653422847931961592e-01	0.000000000000000000e+00
6.063802117146667570e+02	2.664606824405397756e-01	0.000000000000000000e+00
6.067999211558667412e+02	2.671463558217468393e-01	0.000000000000000000e+00
6.072196305970667254e+02	2.674581940892320486e-01	0.000000000000000000e+00
6.076393400382667096e+02	2.673971671247611370e-01	0.000000000000000000e+00
6.080590494794666938e+02	2.669654996898845889e-01	0.000000000000000000e+00
6.084787589206666780e+02	2.661666220264036209e-01	0.000000000000000000e+00
6.088984683618667759e+02	2.649304249382705145e-01	0.000000000000000000e+00
6.093181778030667601e+02	2.633169329609338916e-01	0.000000000000000000e+00
6.097378872442667443e+02	2.613608375831626973e-01	0.000000000000000000e+00
6.101575966854667286e+02	2.590722942991814381e-01	0.000000000000000000e+00
6.105773061266667128e+02	2.564624740539893089e-01	0.000000000000000000e+00
6.109970155678666970e+02	2.535180866217598972e-01	0.000000000000000000e+00
6.114167250090667949e+02	2.502252102613484186e-01	0.000000000000000000e+00
6.118364344502667791e+02	2.466645696436502444e-01	0.000000000000000000e+00
6.122561438914667633e+02	2.428537181989629534e-01	0.000000000000000000e+00
6.126758533326667475e+02	2.388110731362823036e-01	0.000000000000000000e+00
6.130955627738667317e+02	2.345549005043727486e-01	0.000000000000000000e+00
6.135152722150667159e+02	2.300599966641044547e-01	0.000000000000000000e+00
6.139349816562667002e+02	2.254143918539960323e-01	0.000000000000000000e+00
6.143546910974666844e+02	2.206416014950131621e-01	0.000000000000000000e+00
6.147744005386666686e+02	2.157654279545778708e-01	0.000000000000000000e+00
6.151941099798667665e+02	2.108099099738636739e-01	0.000000000000000000e+00
6.156138194210667507e+02	2.057968885531741288e-01	0.000000000000000000e+00
6.160335288622667349e+02	2.007752889032453913e-01	0.000000000000000000e+00
6.164532383034667191e+02	1.957703834078368121e-01	0.000000000000000000e+00
6.168729477446667033e+02	1.908050413187969141e-01	0.000000000000000000e+00
6.172926571858668012e+02	1.859013152229793409e-01	0.000000000000000000e+00
6.177123666270667854e+02	1.811179935239979888e-01	0.000000000000000000e+00
6.181320760682667697e+02	1.764579028659693793e-01	0.000000000000000000e+00
6.185517855094667539e+02	1.719333932060071179e-01	0.000000000000000000e+00
6.189714949506667381e+02	1.675580434949463238e-01	0.000000000000000000e+00
6.193912043918667223e+02	1.633475213618935662e-01	0.000000000000000000e+00
6.198109138330667065e+02	1.593722020220496860e-01	0.000000000000000000e+00
6.202306232742666907e+02	1.555818304575694033e-01	0.000000000000000000e+00
6.206503327154666749e+02	1.519790666353133812e-01	0.000000000000000000e+00
6.210700421566667728e+02	1.485653313747394566e-01	0.000000000000000000e+00
6.214897515978667570e+02	1.453630792595135834e-01	0.000000000000000000e+00
6.219094610390667413e+02	1.423931183620136265e-01	0.000000000000000000e+00
6.223291704802667255e+02	1.396022484969988153e-01	0.000000000000000000e+00
6.227488799214667097e+02	1.369845324902980721e-01	0.000000000000000000e+00
6.231685893626666939e+02	1.345335765233579839e-01	0.000000000000000000e+00
6.235882988038667918e+02	1.322815053105116934e-01	0.000000000000000000e+00
6.240080082450667760e+02	1.301907385876953094e-01	0.000000000000000000e+00
6.244277176862667602e+02	1.282342840402714290e-01	0.000000000000000000e+00
6.248474271274667444e+02	1.264038355533155800e-01	0.000000000000000000e+00
6.252671365686667286e+02	1.246982178119945689e-01	0.000000000000000000e+00
6.256868460098667128e+02	1.231312738839161897e-01	0.000000000000000000e+00
6.261065554510666971e+02	1.216564241216997605e-01	0.000000000000000000e+00
6.265262648922666813e+02	1.202664544817640402e-01	0.000000000000000000e+00
6.269459743334666655e+02	1.189544058793019915e-01	0.000000000000000000e+00
6.273656837746667634e+02	1.177316482225765765e-01	0.000000000000000000e+00
6.277853932158667476e+02	1.165738009127680191e-01	0.000000000000000000e+00
6.282051026570667318e+02	1.154682423790288903e-01	0.000000000000000000e+00
6.286248120982667160e+02	1.144100981030969633e-01	0.000000000000000000e+00
6.290445215394667002e+02	1.134006614762038678e-01	0.000000000000000000e+00
6.294642309806667981e+02	1.124353223519617972e-01	0.000000000000000000e+00
6.298839404218667823e+02	1.114999688433781500e-01	0.000000000000000000e+00
6.303036498630667666e+02	1.105915862195464144e-01	0.000000000000000000e+00
6.307233593042667508e+02	1.097084449113587129e-01	0.000000000000000000e+00
6.311430687454667350e+02	1.088526215786762841e-01	0.000000000000000000e+00
6.315627781866667192e+02	1.080130656298195213e-01	0.000000000000000000e+00
6.319824876278667034e+02	1.071880905269396306e-01	0.000000000000000000e+00
6.324021970690666876e+02	1.063760868456752606e-01	0.000000000000000000e+00
6.328219065102666718e+02	1.055793429921270815e-01	0.000000000000000000e+00
6.332416159514667697e+02	1.047914674697110610e-01	0.000000000000000000e+00
6.336613253926667539e+02	1.040113253017406758e-01	0.000000000000000000e+00
6.340810348338667382e+02	1.032380974043990568e-01	0.000000000000000000e+00
6.345007442750667224e+02	1.024729305028120457e-01	0.000000000000000000e+00
6.349204537162667066e+02	1.017129597139252162e-01	0.000000000000000000e+00
6.353401631574666908e+02	1.009573369153874550e-01	0.000000000000000000e+00
6.357598725986667887e+02	1.002056992019417642e-01	0.000000000000000000e+00
6.361795820398667729e+02	9.945892235422232330e-02	0.000000000000000000e+00
6.365992914810667571e+02	9.871561008573670470e-02	0.000000000000000000e+00
6.370190009222667413e+02	9.797526489938594707e-02	0.000000000000000000e+00
6.374387103634667255e+02	9.723776793557947773e-02	0.000000000000000000e+00
6.378584198046667098e+02	9.650410323974584204e-02	0.000000000000000000e+00
6.382781292458666940e+02	9.577337580886857715e-02	0.000000000000000000e+00
6.386978386870666782e+02	9.504531003072455575e-02	0.000000000000000000e+00
6.391175481282666624e+02	9.431990613285695657e-02	0.000000000000000000e+00
6.395372575694666466e+02	9.359847850974470362e-02	0.000000000000000000e+00
6.399569670106667445e+02	9.288004996228038657e-02	0.000000000000000000e+00
6.403766764518667287e+02	9.216449819315603031e-02	0.000000000000000000e+00
6.407963858930667129e+02	9.145189557945797298e-02	0.000000000000000000e+00
6.412160953342668108e+02	9.074401939254107818e-02	0.000000000000000000e+00
6.416358047754667950e+02	9.003937598490593941e-02	0.000000000000000000e+00
6.420555142166667792e+02	8.933803104964627151e-02	0.000000000000000000e+00
6.424752236578667635e+02	8.864045479020045415e-02	0.000000000000000000e+00
6.428949330990667477e+02	8.794801823663972451e-02	0.000000000000000000e+00
6.433146425402667319e+02	8.725928048458464481e-02	0.000000000000000000e+00
6.437343519814667161e+02	8.657430189491557848e-02	0.000000000000000000e+00
6.441540614226667003e+02	8.589418141234270165e-02	0.000000000000000000e+00
6.445737708638666845e+02	8.521937153780280438e-02	0.000000000000000000e+00
6.449934803050666687e+02	8.454869018646628265e-02	0.000000000000000000e+00
6.454131897462666529e+02	8.388218536273545078e-02	0.000000000000000000e+00
6.458328991874667508e+02	8.322185424761156802e-02	0.000000000000000000e+00
6.462526086286667351e+02	8.256663629372472391e-02	0.000000000000000000e+00
6.466723180698667193e+02	8.191590036203053038e-02	0.000000000000000000e+00
6.470920275110667035e+02	8.126990271839369673e-02	0.000000000000000000e+00
6.475117369522668014e+02	8.063114719324379620e-02	0.000000000000000000e+00
6.479314463934667856e+02	7.999711976404878799e-02	0.000000000000000000e+00
6.483511558346667698e+02	7.936784014766207207e-02	0.000000000000000000e+00
6.487708652758667540e+02	7.874475187145969779e-02	0.000000000000000000e+00
6.491905747170667382e+02	7.812818972274709894e-02	0.000000000000000000e+00
6.496102841582667224e+02	7.751654832557172692e-02	0.000000000000000000e+00
6.500299935994667067e+02	7.690983569943794784e-02	0.000000000000000000e+00
6.504497030406666909e+02	7.631096922859496867e-02	0.000000000000000000e+00
6.508694124818666751e+02	7.571748932410722610e-02	0.000000000000000000e+00
6.512891219230666593e+02	7.512904500557920917e-02	0.000000000000000000e+00
6.517088313642666435e+02	7.454685378729015988e-02	0.000000000000000000e+00
6.521285408054667414e+02	7.397189752442012711e-02	0.000000000000000000e+00
6.525482502466667256e+02	7.340203604418836514e-02	0.000000000000000000e+00
6.529679596878667098e+02	7.283725899637270851e-02	0.000000000000000000e+00
6.533876691290668077e+02	7.228059747587203820e-02	0.000000000000000000e+00
6.538073785702667919e+02	7.172949492218597123e-02	0.000000000000000000e+00
6.542270880114667762e+02	7.118348725845174974e-02	0.000000000000000000e+00
6.546467974526667604e+02	7.064404854493321062e-02	0.000000000000000000e+00
6.550665068938667446e+02	7.011176007082965678e-02	0.000000000000000000e+00
6.554862163350667288e+02	6.958454322870889774e-02	0.000000000000000000e+00
6.559059257762667130e+02	6.906239034736286198e-02	0.000000000000000000e+00
6.563256352174666972e+02	6.854886719563214881e-02	0.000000000000000000e+00
6.567453446586666814e+02	6.804036429929376240e-02	0.000000000000000000e+00
6.571650540998666656e+02	6.753685641287847374e-02	0.000000000000000000e+00
6.575847635410666499e+02	6.704059214513945208e-02	0.000000000000000000e+00
6.580044729822667477e+02	6.655064345531241932e-02	0.000000000000000000e+00
6.584241824234667320e+02	6.606561243909438164e-02	0.000000000000000000e+00
6.588438918646667162e+02	6.558649066863597721e-02	0.000000000000000000e+00
6.592636013058667004e+02	6.511486761721591021e-02	0.000000000000000000e+00
6.596833107470667983e+02	6.464806742930420680e-02	0.000000000000000000e+00
6.601030201882667825e+02	6.418606195656668956e-02	0.000000000000000000e+00
6.605227296294667667e+02	6.373235230615974245e-02	0.000000000000000000e+00
6.609424390706667509e+02	6.328348442381337424e-02	0.000000000000000000e+00
6.613621485118667351e+02	6.283930165906373433e-02	0.000000000000000000e+00
6.617818579530667193e+02	6.240227257966058511e-02	0.000000000000000000e+00
6.622015673942667036e+02	6.197099656108870369e-02	0.000000000000000000e+00
6.626212768354666878e+02	6.154428635075179926e-02	0.000000000000000000e+00
6.630409862766666720e+02	6.112369035996494115e-02	0.000000000000000000e+00
6.634606957178666562e+02	6.070963305570612617e-02	0.000000000000000000e+00
6.638804051590666404e+02	6.030001522174586320e-02	0.000000000000000000e+00
6.643001146002667383e+02	5.989557837821748304e-02	0.000000000000000000e+00
6.647198240414667225e+02	5.949834190308384008e-02	0.000000000000000000e+00
6.651395334826667067e+02	5.910541380610653123e-02	0.000000000000000000e+00
6.655592429238668046e+02	5.871684100911379184e-02	0.000000000000000000e+00
6.659789523650667888e+02	5.833600959472277220e-02	0.000000000000000000e+00
6.663986618062667731e+02	5.795935262432030943e-02	0.000000000000000000e+00
6.668183712474667573e+02	5.758684309708376331e-02	0.000000000000000000e+00
6.672380806886667415e+02	5.722147813884510825e-02	0.000000000000000000e+00
6.676577901298667257e+02	5.686066324930700439e-02	0.000000000000000000e+00
6.680774995710667099e+02	5.650386160049980511e-02	0.000000000000000000e+00
6.684972090122666941e+02	5.615355967610086152e-02	0.000000000000000000e+00
6.689169184534666783e+02	5.580815207954841622e-02	0.000000000000000000e+00
6.693366278946666625e+02	5.546662376657054971e-02	0.000000000000000000e+00
6.697563373358666468e+02	5.513104896512822928e-02	0.000000000000000000e+00
6.701760467770667447e+02	5.480061208575884996e-02	0.000000000000000000e+00
6.705957562182667289e+02	5.447392180108193843e-02	0.000000000000000000e+00
6.710154656594667131e+02	5.415273399265981003e-02	0.000000000000000000e+00
6.714351751006666973e+02	5.383683277642049153e-02	0.000000000000000000e+00
6.718548845418667952e+02	5.352454756097509841e-02	0.000000000000000000e+00
6.722745939830667794e+02	5.321740494047700470e-02	0.000000000000000000e+00
6.726943034242667636e+02	5.291560860490882728e-02	0.000000000000000000e+00
6.731140128654667478e+02	5.261730042982872002e-02	0.000000000000000000e+00
6.735337223066667320e+02	5.232386171864388674e-02	0.000000000000000000e+00
6.739534317478667163e+02	5.203574601836412350e-02	0.000000000000000000e+00
6.743731411890667005e+02	5.175099390707499358e-02	0.000000000000000000e+00
6.747928506302666847e+02	5.147092025227269219e-02	0.000000000000000000e+00
6.752125600714666689e+02	5.119606932683089251e-02	0.000000000000000000e+00
6.756322695126666531e+02	5.092446108105079527e-02	0.000000000000000000e+00
6.760519789538666373e+02	5.065741768818450563e-02	0.000000000000000000e+00
6.764716883950667352e+02	5.039542555103431604e-02	0.000000000000000000e+00
6.768913978362667194e+02	5.013655913656993313e-02	0.000000000000000000e+00
6.773111072774667036e+02	4.988221666862438508e-02	0.000000000000000000e+00
6.777308167186668015e+02	4.963268838870392441e-02	0.000000000000000000e+00
6.781505261598667857e+02	4.938617302999653152e-02	0.000000000000000000e+00
6.785702356010667700e+02	4.914420880177685497e-02	0.000000000000000000e+00
6.789899450422667542e+02	4.890676142271388471e-02	0.000000000000000000e+00
6.794096544834667384e+02	4.867221844890455562e-02	0.000000000000000000e+00
6.798293639246667226e+02	4.844231744322121530e-02	0.000000000000000000e+00
6.802490733658667068e+02	4.821658067943372650e-02	0.000000000000000000e+00
6.806687828070666910e+02	4.799364415924314148e-02	0.000000000000000000e+00
6.810884922482666752e+02	4.777549988862456881e-02	0.000000000000000000e+00
6.815082016894666594e+02	4.756111663252473448e-02	0.000000000000000000e+00
6.819279111306666437e+02	4.734943383041727294e-02	0.000000000000000000e+00
6.823476205718667416e+02	4.714274906575508656e-02	0.000000000000000000e+00
6.827673300130667258e+02	4.693937573581749567e-02	0.000000000000000000e+00
6.831870394542667100e+02	4.673860741769122334e-02	0.000000000000000000e+00
6.836067488954666942e+02	4.654309480322845610e-02	0.000000000000000000e+00
6.840264583366667921e+02	4.635040155880367635e-02	0.000000000000000000e+00
6.844461677778667763e+02	4.616037049065644521e-02	0.000000000000000000e+00
6.848658772190667605e+02	4.597560474408152187e-02	0.000000000000000000e+00
6.852855866602667447e+02	4.579327558944909504e-02	0.000000000000000000e+00
6.857052961014667289e+02	4.561400526352405588e-02	0.000000000000000000e+00
6.861250055426667132e+02	4.543938496425654894e-02	0.000000000000000000e+00
6.865447149838666974e+02	4.526711776145921767e-02	0.000000000000000000e+00
6.869644244250666816e+02	4.509834760588717767e-02	0.000000000000000000e+00
6.873841338662666658e+02	4.493358034916603710e-02	0.000000000000000000e+00
6.878038433074666500e+02	4.477108675660001341e-02	0.000000000000000000e+00
6.882235527486666342e+02	4.461256757364721881e-02	0.000000000000000000e+00
6.886432621898667321e+02	4.445737477564077472e-02	0.000000000000000000e+00
6.890629716310667163e+02	4.430438012713152490e-02	0.000000000000000000e+00
6.894826810722667005e+02	4.415587439786113066e-02	0.000000000000000000e+00
6.899023905134667984e+02	4.400999114163563208e-02	0.000000000000000000e+00
6.903220999546667827e+02	4.386640679497785106e-02	0.000000000000000000e+00
6.907418093958667669e+02	4.372751643810562916e-02	0.000000000000000000e+00
6.911615188370667511e+02	4.359069128193396314e-02	0.000000000000000000e+00
6.915812282782667353e+02	4.345678660533378729e-02	0.000000000000000000e+00
6.920009377194667195e+02	4.332678104651163653e-02	0.000000000000000000e+00
6.924206471606667037e+02	4.319877580475506296e-02	0.000000000000000000e+00
6.928403566018666879e+02	4.307434364886639916e-02	0.000000000000000000e+00
6.932600660430666721e+02	4.295299437612570131e-02	0.000000000000000000e+00
6.936797754842666563e+02	4.283358388145231538e-02	0.000000000000000000e+00
6.940994849254666406e+02	4.271842970001730327e-02	0.000000000000000000e+00
6.945191943666667385e+02	4.260552116507792392e-02	0.000000000000000000e+00
6.949389038078667227e+02	4.249493703093460556e-02	0.000000000000000000e+00
6.953586132490667069e+02	4.238843515216036972e-02	0.000000000000000000e+00
6.957783226902666911e+02	4.228376452641188082e-02	0.000000000000000000e+00
6.961980321314667890e+02	4.218219080689258882e-02	0.000000000000000000e+00
6.966177415726667732e+02	4.208378884009859877e-02	0.000000000000000000e+00
6.970374510138667574e+02	4.198716577232057545e-02	0.000000000000000000e+00
6.974571604550667416e+02	4.189444075497310294e-02	0.000000000000000000e+00
6.978768698962667258e+02	4.180395792065130095e-02	0.000000000000000000e+00
6.982965793374667101e+02	4.171560090695762557e-02	0.000000000000000000e+00
6.987162887786666943e+02	4.163118007560145245e-02	0.000000000000000000e+00
6.991359982198666785e+02	4.154844784048374734e-02	0.000000000000000000e+00
6.995557076610666627e+02	4.146872299406177687e-02	0.000000000000000000e+00
6.999754171022666469e+02	4.139194053824689357e-02	0.000000000000000000e+00
7.003951265434666311e+02	4.131680242021941452e-02	0.000000000000000000e+00
7.008148359846667290e+02	4.124558352183495952e-02	0.000000000000000000e+00
7.012345454258667132e+02	4.117629269475004544e-02	0.000000000000000000e+00
7.016542548670666974e+02	4.110928418951685648e-02	0.000000000000000000e+00
7.020739643082667953e+02	4.104578022023662454e-02	0.000000000000000000e+00
7.024936737494667796e+02	4.098384626904866962e-02	0.000000000000000000e+00
7.029133831906667638e+02	4.092518334692011456e-02	0.000000000000000000e+00
7.033330926318667480e+02	4.086895069885452397e-02	0.000000000000000000e+00
7.037528020730667322e+02	4.081442713661688482e-02	0.000000000000000000e+00
7.041725115142667164e+02	4.076384716529609514e-02	0.000000000000000000e+00
7.045922209554667006e+02	4.071477326829436166e-02	0.000000000000000000e+00
7.050119303966666848e+02	4.066847254448340693e-02	0.000000000000000000e+00
7.054316398378666690e+02	4.062498365650019094e-02	0.000000000000000000e+00
7.058513492790666533e+02	4.058296803958288262e-02	0.000000000000000000e+00
7.062710587202666375e+02	4.054483132370689108e-02	0.000000000000000000e+00
7.066907681614667354e+02	4.050834405596404758e-02	0.000000000000000000e+00
7.071104776026667196e+02	4.047427355788588837e-02	0.000000000000000000e+00
7.075301870438667038e+02	4.044328711915631119e-02	0.000000000000000000e+00
7.079498964850666880e+02	4.041372457662920081e-02	0.000000000000000000e+00
7.083696059262667859e+02	4.038776858999277436e-02	0.000000000000000000e+00
7.087893153674667701e+02	4.036367061964370867e-02	0.000000000000000000e+00
7.092090248086667543e+02	4.034176883059845814e-02	0.000000000000000000e+00
7.096287342498667385e+02	4.032312313145207383e-02	0.000000000000000000e+00
7.100484436910667227e+02	4.030586212587083939e-02	0.000000000000000000e+00
7.104681531322667070e+02	4.029207868407200244e-02	0.000000000000000000e+00
7.108878625734666912e+02	4.028025663817112745e-02	0.000000000000000000e+00
7.113075720146666754e+02	4.027054437385380048e-02	0.000000000000000000e+00
7.117272814558666596e+02	4.026416653104469140e-02	0.000000000000000000e+00
7.121469908970666438e+02	4.025914456480968878e-02	0.000000000000000000e+00
7.125667003382666280e+02	4.025761797591786290e-02	0.000000000000000000e+00
7.129864097794667259e+02	4.025805325142414737e-02	0.000000000000000000e+00
7.134061192206667101e+02	4.026064967341237005e-02	0.000000000000000000e+00
7.138258286618666943e+02	4.026656802293488574e-02	0.000000000000000000e+00
7.142455381030666786e+02	4.027382402469677214e-02	0.000000000000000000e+00
7.146652475442667765e+02	4.028475033175854536e-02	0.000000000000000000e+00
7.150849569854667607e+02	4.029753309239111903e-02	0.000000000000000000e+00
7.155046664266667449e+02	4.031267666332746108e-02	0.000000000000000000e+00
7.159243758678667291e+02	4.033103635203643539e-02	0.000000000000000000e+00
7.163440853090667133e+02	4.035072604862807027e-02	0.000000000000000000e+00
7.167637947502666975e+02	4.037443743448473205e-02	0.000000000000000000e+00
7.171835041914666817e+02	4.039978334328880871e-02	0.000000000000000000e+00
7.176032136326666659e+02	4.042785785088413852e-02	0.000000000000000000e+00
7.180229230738666502e+02	4.045893862556273340e-02	0.000000000000000000e+00
7.184426325150666344e+02	4.049143806223604036e-02	0.000000000000000000e+00
7.188623419562667323e+02	4.052834512147922980e-02	0.000000000000000000e+00
7.192820513974667165e+02	4.056661280804769315e-02	0.000000000000000000e+00
7.197017608386667007e+02	4.060817656695546451e-02	0.000000000000000000e+00
7.201214702798666849e+02	4.065240955033854603e-02	0.000000000000000000e+00
7.205411797210667828e+02	4.069862790729832092e-02	0.000000000000000000e+00
7.209608891622667670e+02	4.074895068042679036e-02	0.000000000000000000e+00
7.213805986034667512e+02	4.080065491801634914e-02	0.000000000000000000e+00
7.218003080446667354e+02	4.085646641175310484e-02	0.000000000000000000e+00
7.222200174858667197e+02	4.091444250233694513e-02	0.000000000000000000e+00
7.226397269270667039e+02	4.097520793687788043e-02	0.000000000000000000e+00
7.230594363682666881e+02	4.103961216375429794e-02	0.000000000000000000e+00
7.234791458094666723e+02	4.110544605400325013e-02	0.000000000000000000e+00
7.238988552506666565e+02	4.117644563071563152e-02	0.000000000000000000e+00
7.243185646918666407e+02	4.124890139069393308e-02	0.000000000000000000e+00
7.247382741330666249e+02	4.132523918251040235e-02	0.000000000000000000e+00
7.251579835742667228e+02	4.140451746220065454e-02	0.000000000000000000e+00
7.255776930154667070e+02	4.148629849479979620e-02	0.000000000000000000e+00
7.259974024566666913e+02	4.157257827674501471e-02	0.000000000000000000e+00
7.264171118978666755e+02	4.166033626795411643e-02	0.000000000000000000e+00
7.268368213390667734e+02	4.175338709031663903e-02	0.000000000000000000e+00
7.272565307802667576e+02	4.184836445315359699e-02	0.000000000000000000e+00
7.276762402214667418e+02	4.194723108917381565e-02	0.000000000000000000e+00
7.280959496626667260e+02	4.204957887947126383e-02	0.000000000000000000e+00
7.285156591038667102e+02	4.215436631488933550e-02	0.000000000000000000e+00
7.289353685450666944e+02	4.226420563174990847e-02	0.000000000000000000e+00
7.293550779862666786e+02	4.237554964545448000e-02	0.000000000000000000e+00
7.297747874274666628e+02	4.249240677894853407e-02	0.000000000000000000e+00
7.301944968686666471e+02	4.261131405137930789e-02	0.000000000000000000e+00
7.306142063098666313e+02	4.273425609082449894e-02	0.000000000000000000e+00
7.310339157510667292e+02	4.286070997921424125e-02	0.000000000000000000e+00
7.314536251922667134e+02	4.298971210834907908e-02	0.000000000000000000e+00
7.318733346334666976e+02	4.312360845930524739e-02	0.000000000000000000e+00
7.322930440746666818e+02	4.325890479304070335e-02	0.000000000000000000e+00
7.327127535158667797e+02	4.339971900229053908e-02	0.000000000000000000e+00
7.331324629570667639e+02	4.354213766329650265e-02	0.000000000000000000e+00
7.335521723982667481e+02	4.368856420362177834e-02	0.000000000000000000e+00
7.339718818394667323e+02	4.383772192618778929e-02	0.000000000000000000e+00
7.343915912806667166e+02	4.398946021055339523e-02	0.000000000000000000e+00
7.348113007218667008e+02	4.414484006084752610e-02	0.000000000000000000e+00
7.352310101630666850e+02	4.430150685198026850e-02	0.000000000000000000e+00
7.356507196042666692e+02	4.446245971063624708e-02	0.000000000000000000e+00
7.360704290454666534e+02	4.462428837098493528e-02	0.000000000000000000e+00
7.364901384866666376e+02	4.478934845820944227e-02	0.000000000000000000e+00
7.369098479278666218e+02	4.495571296526366251e-02	0.000000000000000000e+00
7.373295573690667197e+02	4.512410678542849024e-02	0.000000000000000000e+00
7.377492668102667039e+02	4.529412504452126620e-02	0.000000000000000000e+00
7.381689762514666882e+02	4.546521961897737746e-02	0.000000000000000000e+00
7.385886856926666724e+02	4.563797469425640019e-02	0.000000000000000000e+00
7.390083951338667703e+02	4.581113982958626846e-02	0.000000000000000000e+00
7.394281045750667545e+02	4.598571490879614643e-02	0.000000000000000000e+00
7.398478140162667387e+02	4.616046691140306829e-02	0.000000000000000000e+00
7.402675234574667229e+02	4.633588407872409748e-02	0.000000000000000000e+00
7.406872328986667071e+02	4.651143634519003256e-02	0.000000000000000000e+00
7.411069423398666913e+02	4.668718658386443454e-02	0.000000000000000000e+00
7.415266517810666755e+02	4.686289030451913640e-02	0.000000000000000000e+00
7.419463612222666598e+02	4.703856268003869107e-02	0.000000000000000000e+00
7.423660706634666440e+02	4.721394143739174321e-02	0.000000000000000000e+00
7.427857801046666282e+02	4.738924003406377178e-02	0.000000000000000000e+00
7.432054895458666124e+02	4.756400913007087505e-02	0.000000000000000000e+00
7.436251989870667103e+02	4.773867235414450128e-02	0.000000000000000000e+00
7.440449084282666945e+02	4.791283096267969638e-02	0.000000000000000000e+00
7.444646178694666787e+02	4.808681735098072063e-02	0.000000000000000000e+00
7.448843273106667766e+02	4.826045007318965907e-02	0.000000000000000000e+00
7.453040367518667608e+02	4.843390486716455529e-02	0.000000000000000000e+00
7.457237461930667450e+02	4.860718218618138853e-02	0.000000000000000000e+00
7.461434556342667292e+02	4.878039181602399077e-02	0.000000000000000000e+00
7.465631650754667135e+02	4.895356810975440287e-02	0.000000000000000000e+00
7.469828745166666977e+02	4.912692541305821448e-02	0.000000000000000000e+00
7.474025839578666819e+02	4.930031832200987285e-02	0.000000000000000000e+00
7.478222933990666661e+02	4.947428639440061560e-02	0.000000000000000000e+00
7.482420028402666503e+02	4.964840510123866985e-02	0.000000000000000000e+00
7.486617122814666345e+02	4.982333416310285451e-02	0.000000000000000000e+00
7.490814217226666187e+02	4.999868068303730401e-02	0.000000000000000000e+00
7.495011311638667166e+02	5.017495790845618447e-02	0.000000000000000000e+00
7.499208406050667008e+02	5.035203031415226571e-02	0.000000000000000000e+00
7.503405500462666851e+02	5.053003611815660989e-02	0.000000000000000000e+00
7.507602594874666693e+02	5.070930961882119670e-02	0.000000000000000000e+00
7.511799689286667672e+02	5.088940542874825085e-02	0.000000000000000000e+00
7.515996783698667514e+02	5.107131798866517552e-02	0.000000000000000000e+00
7.520193878110667356e+02	5.125383861053409845e-02	0.000000000000000000e+00
7.524390972522667198e+02	5.143878195985653046e-02	0.000000000000000000e+00
7.528588066934667040e+02	5.162409965021339669e-02	0.000000000000000000e+00
7.532785161346666882e+02	5.181234583236150187e-02	0.000000000000000000e+00
7.536982255758666724e+02	5.200108991685633425e-02	0.000000000000000000e+00
7.541179350170666567e+02	5.219256805449503517e-02	0.000000000000000000e+00
7.545376444582666409e+02	5.238501142274047673e-02	0.000000000000000000e+00
7.549573538994666251e+02	5.257992190814252814e-02	0.000000000000000000e+00
7.553770633406666093e+02	5.277628853181878105e-02	0.000000000000000000e+00
7.557967727818667072e+02	5.297479917814393313e-02	0.000000000000000000e+00
7.562164822230666914e+02	5.317526751476736591e-02	0.000000000000000000e+00
7.566361916642666756e+02	5.337751570513219607e-02	0.000000000000000000e+00
7.570559011054667735e+02	5.358222280120166631e-02	0.000000000000000000e+00
7.574756105466667577e+02	5.378831795519550818e-02	0.000000000000000000e+00
7.578953199878667419e+02	5.399736380866601571e-02	0.000000000000000000e+00
7.583150294290667262e+02	5.420738996096597512e-02	0.000000000000000000e+00
7.587347388702667104e+02	5.442084183619328580e-02	0.000000000000000000e+00
7.591544483114666946e+02	5.463486018052861326e-02	0.000000000000000000e+00
7.595741577526666788e+02	5.485275667671998118e-02	0.000000000000000000e+00
7.599938671938666630e+02	5.507105592898733915e-02	0.000000000000000000e+00
7.604135766350666472e+02	5.529316273349269700e-02	0.000000000000000000e+00
7.608332860762666314e+02	5.551590588989324671e-02	0.000000000000000000e+00
7.612529955174666156e+02	5.574207452366309462e-02	0.000000000000000000e+00
7.616727049586667135e+02	5.596924920963741723e-02	0.000000000000000000e+00
7.620924143998666977e+02	5.619947152244099409e-02	0.000000000000000000e+00
7.625121238410666820e+02	5.643104746940089816e-02	0.000000000000000000e+00
7.629318332822666662e+02	5.666530234903022212e-02	0.000000000000000000e+00
7.633515427234667641e+02	5.690123366731127119e-02	0.000000000000000000e+00
7.637712521646667483e+02	5.713948832618827300e-02	0.000000000000000000e+00
7.641909616058667325e+02	5.737971541095621131e-02	0.000000000000000000e+00
7.646106710470667167e+02	5.762192646325166312e-02	0.000000000000000000e+00
7.650303804882667009e+02	5.786637757262528409e-02	0.000000000000000000e+00
7.654500899294666851e+02	5.811249192143148196e-02	0.000000000000000000e+00
7.658697993706666693e+02	5.836108446789912280e-02	0.000000000000000000e+00
7.662895088118666536e+02	5.861104002308055450e-02	0.000000000000000000e+00
7.667092182530666378e+02	5.886368161840473123e-02	0.000000000000000000e+00
7.671289276942666220e+02	5.911740786558142280e-02	0.000000000000000000e+00
7.675486371354666062e+02	5.937399715682668139e-02	0.000000000000000000e+00
7.679683465766667041e+02	5.963141559697305444e-02	0.000000000000000000e+00
7.683880560178666883e+02	5.989184292792803371e-02	0.000000000000000000e+00
7.688077654590666725e+02	6.015286740573784485e-02	0.000000000000000000e+00
7.692274749002667704e+02	6.041701533426765275e-02	0.000000000000000000e+00
7.696471843414667546e+02	6.068155227180098421e-02	0.000000000000000000e+00
7.700668937826667388e+02	6.094929596994975302e-02	0.000000000000000000e+00
7.704866032238667231e+02	6.121724452046128917e-02	0.000000000000000000e+00
7.709063126650667073e+02	6.148845208058736217e-02	0.000000000000000000e+00
7.713260221062666915e+02	6.175979634011421332e-02	0.000000000000000000e+00
7.717457315474666757e+02	6.203423688279680048e-02	0.000000000000000000e+00
7.721654409886666599e+02	6.230888316010573663e-02	0.000000000000000000e+00
7.725851504298666441e+02	6.258638977215918997e-02	0.000000000000000000e+00
7.730048598710666283e+02	6.286419330915994641e-02	0.000000000000000000e+00
7.734245693122666125e+02	6.314463644468575054e-02	0.000000000000000000e+00
7.738442787534667104e+02	6.342544612213983635e-02	0.000000000000000000e+00
7.742639881946666947e+02	6.370868895340525695e-02	0.000000000000000000e+00
7.746836976358666789e+02	6.399234739515249903e-02	0.000000000000000000e+00
7.751034070770666631e+02	6.427824571874057868e-02	0.000000000000000000e+00
7.755231165182667610e+02	6.456458937926830288e-02	0.000000000000000000e+00
7.759428259594667452e+02	6.485299150881861097e-02	0.000000000000000000e+00
7.763625354006667294e+02	6.514185075240916389e-02	0.000000000000000000e+00
7.767822448418667136e+02	6.543259740369612720e-02	0.000000000000000000e+00
7.772019542830666978e+02	6.572379658211832676e-02	0.000000000000000000e+00
7.776216637242666820e+02	6.601672075565666320e-02	0.000000000000000000e+00
7.780413731654666663e+02	6.631007829028208456e-02	0.000000000000000000e+00
7.784610826066666505e+02	6.660500515618136830e-02	0.000000000000000000e+00
7.788807920478666347e+02	6.690033362948044626e-02	0.000000000000000000e+00
7.793005014890666189e+02	6.719708041887542671e-02	0.000000000000000000e+00
7.797202109302666031e+02	6.749418667944447059e-02	0.000000000000000000e+00
7.801399203714667010e+02	6.779256258651443490e-02	0.000000000000000000e+00
7.805596298126666852e+02	6.809124787109469001e-02	0.000000000000000000e+00
7.809793392538666694e+02	6.839105396940139969e-02	0.000000000000000000e+00
7.813990486950667673e+02	6.869111404473202120e-02	0.000000000000000000e+00
7.818187581362667515e+02	6.899214322139407551e-02	0.000000000000000000e+00
7.822384675774667357e+02	6.929336854820226932e-02	0.000000000000000000e+00
7.826581770186667200e+02	6.959540545921302779e-02	0.000000000000000000e+00
7.830778864598667042e+02	6.989758138014490196e-02	0.000000000000000000e+00
7.834975959010666884e+02	7.020040242999242563e-02	0.000000000000000000e+00
7.839173053422666726e+02	7.050330938284245230e-02	0.000000000000000000e+00
7.843370147834666568e+02	7.080668273142336211e-02	0.000000000000000000e+00
7.847567242246666410e+02	7.111009648859030474e-02	0.000000000000000000e+00
7.851764336658666252e+02	7.141378208826887342e-02	0.000000000000000000e+00
7.855961431070666094e+02	7.171747402296620166e-02	0.000000000000000000e+00
7.860158525482667073e+02	7.202122368850394363e-02	0.000000000000000000e+00
7.864355619894666916e+02	7.232496106787847379e-02	0.000000000000000000e+00
7.868552714306666758e+02	7.262851858180385811e-02	0.000000000000000000e+00
7.872749808718666600e+02	7.293206488673546761e-02	0.000000000000000000e+00
7.876946903130667579e+02	7.323516614258936130e-02	0.000000000000000000e+00
7.881143997542667421e+02	7.353826739844317173e-02	0.000000000000000000e+00
7.885341091954667263e+02	7.384065459931374309e-02	0.000000000000000000e+00
7.889538186366667105e+02	7.414302778503252533e-02	0.000000000000000000e+00
7.893735280778666947e+02	7.444446163115842063e-02	0.000000000000000000e+00
7.897932375190666789e+02	7.474582745469793288e-02	0.000000000000000000e+00
7.902129469602666632e+02	7.504605503277635148e-02	0.000000000000000000e+00
7.906326564014666474e+02	7.534612699188375506e-02	0.000000000000000000e+00
7.910523658426666316e+02	7.564489344716515684e-02	0.000000000000000000e+00
7.914720752838666158e+02	7.594337814497524597e-02	0.000000000000000000e+00
7.918917847250666000e+02	7.624042716620252347e-02	0.000000000000000000e+00
7.923114941662666979e+02	7.653702467412724919e-02	0.000000000000000000e+00
7.927312036074666821e+02	7.683209899781204277e-02	0.000000000000000000e+00
7.931509130486666663e+02	7.712650326689132751e-02	0.000000000000000000e+00
7.935706224898667642e+02	7.741934519814278048e-02	0.000000000000000000e+00
7.939903319310667484e+02	7.771124451977681757e-02	0.000000000000000000e+00
7.944100413722667327e+02	7.800159646658352819e-02	0.000000000000000000e+00
7.948297508134667169e+02	7.829067398320732618e-02	0.000000000000000000e+00
7.952494602546667011e+02	7.857827900082173245e-02	0.000000000000000000e+00
7.956691696958666853e+02	7.886421326676681942e-02	0.000000000000000000e+00
7.960888791370666695e+02	7.914881560860455301e-02	0.000000000000000000e+00
7.965085885782666537e+02	7.943128120101462797e-02	0.000000000000000000e+00
7.969282980194666379e+02	7.971262687228275468e-02	0.000000000000000000e+00
7.973480074606666221e+02	7.999129505154288500e-02	0.000000000000000000e+00
7.977677169018666063e+02	8.026913236165396370e-02	0.000000000000000000e+00
7.981874263430667042e+02	8.054367178038804309e-02	0.000000000000000000e+00
7.986071357842666885e+02	8.081775189011138061e-02	0.000000000000000000e+00
7.990268452254666727e+02	8.108782934935000741e-02	0.000000000000000000e+00
7.994465546666666569e+02	8.135790680858863422e-02	0.000000000000000000e+00
