# lambda  Re(T_ZminTE(0,0),ZmaxTE(0,0))    Im(T_ZminTE(0,0),ZmaxTE(0,0)), 
3.797371134666668127e+02	7.273467002415202609e-01	0.000000000000000000e+00
3.801568229078667969e+02	7.290184702665634120e-01	0.000000000000000000e+00
3.805765323490668379e+02	7.307026151886196752e-01	0.000000000000000000e+00
3.809962417902668221e+02	7.323987482661007409e-01	0.000000000000000000e+00
3.814159512314668063e+02	7.341064673166962651e-01	0.000000000000000000e+00
3.818356606726667906e+02	7.358253557671843303e-01	0.000000000000000000e+00
3.822553701138668316e+02	7.375549837225335859e-01	0.000000000000000000e+00
3.826750795550668158e+02	7.392949090369161924e-01	0.000000000000000000e+00
3.830947889962668000e+02	7.410446783687620886e-01	0.000000000000000000e+00
3.835144984374667843e+02	7.428038282024930217e-01	0.000000000000000000e+00
3.839342078786668253e+02	7.445718858197256651e-01	0.000000000000000000e+00
3.843539173198668095e+02	7.463483702038560264e-01	0.000000000000000000e+00
3.847736267610667937e+02	7.481327928631391622e-01	0.000000000000000000e+00
3.851933362022668348e+02	7.499246585588567049e-01	0.000000000000000000e+00
3.856130456434668190e+02	7.517235038551270954e-01	0.000000000000000000e+00
3.860327550846668032e+02	7.535287993762352921e-01	0.000000000000000000e+00
3.864524645258667874e+02	7.553400022937571956e-01	0.000000000000000000e+00
3.868721739670668285e+02	7.571565967320724733e-01	0.000000000000000000e+00
3.872918834082668127e+02	7.589780620123564026e-01	0.000000000000000000e+00
3.877115928494667969e+02	7.608038726466961332e-01	0.000000000000000000e+00
3.881313022906667811e+02	7.626334982079570057e-01	0.000000000000000000e+00
3.885510117318668222e+02	7.644664030807034605e-01	0.000000000000000000e+00
3.889707211730668064e+02	7.663020461007468143e-01	0.000000000000000000e+00
3.893904306142667906e+02	7.681398800928298520e-01	0.000000000000000000e+00
3.898101400554668317e+02	7.699793513177710658e-01	0.000000000000000000e+00
3.902298494966668159e+02	7.718198988418513151e-01	0.000000000000000000e+00
3.906495589378668001e+02	7.736609538426252319e-01	0.000000000000000000e+00
3.910692683790667843e+02	7.755019388662522939e-01	0.000000000000000000e+00
3.914889778202668253e+02	7.773422670522552869e-01	0.000000000000000000e+00
3.919086872614668096e+02	7.791813413420667356e-01	0.000000000000000000e+00
3.923283967026667938e+02	7.810185536879664658e-01	0.000000000000000000e+00
3.927481061438668348e+02	7.828532842790379975e-01	0.000000000000000000e+00
3.931678155850668190e+02	7.846849008004614934e-01	0.000000000000000000e+00
3.935875250262668033e+02	7.865127577421737737e-01	0.000000000000000000e+00
3.940072344674667875e+02	7.883361777386235225e-01	0.000000000000000000e+00
3.944269439086668285e+02	7.901544494044199229e-01	0.000000000000000000e+00
3.948466533498668127e+02	7.919669141866210182e-01	0.000000000000000000e+00
3.952663627910667969e+02	7.937728649216645449e-01	0.000000000000000000e+00
3.956860722322667812e+02	7.955715788525059562e-01	0.000000000000000000e+00
3.961057816734668222e+02	7.973623175292765541e-01	0.000000000000000000e+00
3.965254911146668064e+02	7.991443268506676079e-01	0.000000000000000000e+00
3.969452005558667906e+02	8.009168372544157588e-01	0.000000000000000000e+00
3.973649099970668317e+02	8.026790640635816931e-01	0.000000000000000000e+00
3.977846194382668159e+02	8.044302079942450279e-01	0.000000000000000000e+00
3.982043288794668001e+02	8.061694558286746082e-01	0.000000000000000000e+00
3.986240383206667843e+02	8.078959812566052223e-01	0.000000000000000000e+00
3.990437477618668254e+02	8.096089458859498933e-01	0.000000000000000000e+00
3.994634572030668096e+02	8.113075004227030540e-01	0.000000000000000000e+00
3.998831666442667938e+02	8.129906130486116433e-01	0.000000000000000000e+00
4.003028760854667780e+02	8.146572564079406220e-01	0.000000000000000000e+00
4.007225855266668191e+02	8.163068109981744813e-01	0.000000000000000000e+00
4.011422949678668033e+02	8.179383942977033195e-01	0.000000000000000000e+00
4.015620044090667875e+02	8.195511214281224754e-01	0.000000000000000000e+00
4.019817138502668286e+02	8.211441073398483281e-01	0.000000000000000000e+00
4.024014232914668128e+02	8.227164691319124312e-01	0.000000000000000000e+00
4.028211327326667970e+02	8.242673284943462519e-01	0.000000000000000000e+00
4.032408421738667812e+02	8.257958142608118335e-01	0.000000000000000000e+00
4.036605516150668223e+02	8.273002800936191115e-01	0.000000000000000000e+00
4.040802610562668065e+02	8.287803987006833184e-01	0.000000000000000000e+00
4.044999704974667907e+02	8.302354886174185822e-01	0.000000000000000000e+00
4.049196799386668317e+02	8.316647329847659531e-01	0.000000000000000000e+00
4.053393893798668159e+02	8.330673368677489199e-01	0.000000000000000000e+00
4.057590988210668002e+02	8.344425302417713963e-01	0.000000000000000000e+00
4.061788082622667844e+02	8.357895489465467787e-01	0.000000000000000000e+00
4.065985177034668254e+02	8.371062887834775923e-01	0.000000000000000000e+00
4.070182271446668096e+02	8.383933692986286212e-01	0.000000000000000000e+00
4.074379365858667938e+02	8.396501526779989177e-01	0.000000000000000000e+00
4.078576460270667781e+02	8.408760418016129057e-01	0.000000000000000000e+00
4.082773554682668191e+02	8.420704829726068930e-01	0.000000000000000000e+00
4.086970649094668033e+02	8.432326697393702775e-01	0.000000000000000000e+00
4.091167743506667875e+02	8.443608676901506183e-01	0.000000000000000000e+00
4.095364837918668286e+02	8.454561411568450868e-01	0.000000000000000000e+00
4.099561932330668128e+02	8.465181444382592346e-01	0.000000000000000000e+00
4.103759026742667970e+02	8.475465882211327129e-01	0.000000000000000000e+00
4.107956121154667812e+02	8.485412412913820868e-01	0.000000000000000000e+00
4.112153215566668223e+02	8.494998713920504096e-01	0.000000000000000000e+00
4.116350309978668065e+02	8.504242449436731910e-01	0.000000000000000000e+00
4.120547404390667907e+02	8.513144449048178908e-01	0.000000000000000000e+00
4.124744498802667749e+02	8.521705023850133509e-01	0.000000000000000000e+00
4.128941593214668160e+02	8.529920784085154306e-01	0.000000000000000000e+00
4.133138687626668002e+02	8.537778102303216210e-01	0.000000000000000000e+00
4.137335782038667844e+02	8.545298697931000831e-01	0.000000000000000000e+00
4.141532876450668255e+02	8.552485678431306360e-01	0.000000000000000000e+00
4.145729970862668097e+02	8.559342798062309354e-01	0.000000000000000000e+00
4.149927065274667939e+02	8.565855430437788742e-01	0.000000000000000000e+00
4.154124159686667781e+02	8.572042298355184720e-01	0.000000000000000000e+00
4.158321254098668192e+02	8.577915008839243072e-01	0.000000000000000000e+00
4.162518348510668034e+02	8.583480032506981550e-01	0.000000000000000000e+00
4.166715442922667876e+02	8.588728939833761844e-01	0.000000000000000000e+00
4.170912537334668286e+02	8.593676788732990124e-01	0.000000000000000000e+00
4.175109631746668128e+02	8.598341049009528003e-01	0.000000000000000000e+00
4.179306726158667971e+02	8.602730617415080827e-01	0.000000000000000000e+00
4.183503820570667813e+02	8.606838260998289636e-01	0.000000000000000000e+00
4.187700914982668223e+02	8.610685753649295338e-01	0.000000000000000000e+00
4.191898009394668065e+02	8.614289957316692004e-01	0.000000000000000000e+00
4.196095103806667908e+02	8.617661378135210715e-01	0.000000000000000000e+00
4.200292198218668318e+02	8.620792080402694957e-01	0.000000000000000000e+00
4.204489292630668160e+02	8.623715439911266989e-01	0.000000000000000000e+00
4.208686387042668002e+02	8.626443439347996067e-01	0.000000000000000000e+00
4.212883481454667844e+02	8.628980278838351836e-01	0.000000000000000000e+00
4.217080575866667687e+02	8.631339372605298932e-01	0.000000000000000000e+00
4.221277670278668097e+02	8.633543238531443675e-01	0.000000000000000000e+00
4.225474764690667939e+02	8.635603813855630140e-01	0.000000000000000000e+00
4.229671859102667781e+02	8.637523791400707474e-01	0.000000000000000000e+00
4.233868953514668192e+02	8.639330478661270130e-01	0.000000000000000000e+00
4.238066047926668034e+02	8.641036893131974761e-01	0.000000000000000000e+00
4.242263142338667876e+02	8.642649768596090132e-01	0.000000000000000000e+00
4.246460236750667718e+02	8.644189726377394800e-01	0.000000000000000000e+00
4.250657331162668129e+02	8.645671663804228579e-01	0.000000000000000000e+00
4.254854425574667971e+02	8.647106114348321881e-01	0.000000000000000000e+00
4.259051519986667813e+02	8.648509402737214469e-01	0.000000000000000000e+00
4.263248614398668224e+02	8.649895785733103803e-01	0.000000000000000000e+00
4.267445708810668066e+02	8.651277978669371649e-01	0.000000000000000000e+00
4.271642803222667908e+02	8.652670496515538767e-01	0.000000000000000000e+00
4.275839897634667750e+02	8.654084924818729041e-01	0.000000000000000000e+00
4.280036992046668161e+02	8.655535812287675768e-01	0.000000000000000000e+00
4.284234086458668003e+02	8.657035774960999408e-01	0.000000000000000000e+00
4.288431180870667845e+02	8.658593126684843710e-01	0.000000000000000000e+00
4.292628275282668255e+02	8.660225062111182037e-01	0.000000000000000000e+00
4.296825369694668098e+02	8.661939831716056748e-01	0.000000000000000000e+00
4.301022464106667940e+02	8.663743240807738610e-01	0.000000000000000000e+00
4.305219558518667782e+02	8.665656871826964425e-01	0.000000000000000000e+00
4.309416652930668192e+02	8.667680202528028621e-01	0.000000000000000000e+00
4.313613747342668034e+02	8.669820552293840965e-01	0.000000000000000000e+00
4.317810841754667877e+02	8.672099943682685108e-01	0.000000000000000000e+00
4.322007936166667719e+02	8.674509665584806406e-01	0.000000000000000000e+00
4.326205030578668129e+02	8.677064386632939996e-01	0.000000000000000000e+00
4.330402124990667971e+02	8.679773606091496507e-01	0.000000000000000000e+00
4.334599219402667813e+02	8.682629736398947973e-01	0.000000000000000000e+00
4.338796313814667656e+02	8.685656032565155504e-01	0.000000000000000000e+00
4.342993408226668066e+02	8.688842033484667216e-01	0.000000000000000000e+00
4.347190502638667908e+02	8.692191303867080610e-01	0.000000000000000000e+00
4.351387597050667750e+02	8.695719997716764293e-01	0.000000000000000000e+00
4.355584691462668161e+02	8.699409486923850299e-01	0.000000000000000000e+00
4.359781785874668003e+02	8.703279354007746882e-01	0.000000000000000000e+00
4.363978880286667845e+02	8.707317950229022108e-01	0.000000000000000000e+00
4.368175974698667687e+02	8.711522940027158768e-01	0.000000000000000000e+00
4.372373069110668098e+02	8.715906510001394381e-01	0.000000000000000000e+00
4.376570163522667940e+02	8.720445203909191756e-01	0.000000000000000000e+00
4.380767257934667782e+02	8.725157317796295997e-01	0.000000000000000000e+00
4.384964352346668193e+02	8.730021308867403906e-01	0.000000000000000000e+00
4.389161446758668035e+02	8.735038295406929443e-01	0.000000000000000000e+00
4.393358541170667877e+02	8.740205031231961241e-01	0.000000000000000000e+00
4.397555635582667719e+02	8.745502589650735459e-01	0.000000000000000000e+00
4.401752729994668130e+02	8.750941667205724972e-01	0.000000000000000000e+00
4.405949824406667972e+02	8.756492488621128167e-01	0.000000000000000000e+00
4.410146918818667814e+02	8.762160915680700102e-01	0.000000000000000000e+00
4.414344013230668224e+02	8.767924499063790567e-01	0.000000000000000000e+00
4.418541107642668067e+02	8.773776291639527880e-01	0.000000000000000000e+00
4.422738202054667909e+02	8.779701792774350366e-01	0.000000000000000000e+00
4.426935296466667751e+02	8.785684528650563596e-01	0.000000000000000000e+00
4.431132390878668161e+02	8.791712376906325455e-01	0.000000000000000000e+00
4.435329485290668003e+02	8.797764990955194708e-01	0.000000000000000000e+00
4.439526579702667846e+02	8.803826654453965617e-01	0.000000000000000000e+00
4.443723674114668256e+02	8.809878457011866004e-01	0.000000000000000000e+00
4.447920768526668098e+02	8.815896939303706770e-01	0.000000000000000000e+00
4.452117862938667940e+02	8.821866287547106555e-01	0.000000000000000000e+00
4.456314957350667783e+02	8.827757133897007336e-01	0.000000000000000000e+00
4.460512051762667625e+02	8.833553146888640795e-01	0.000000000000000000e+00
4.464709146174668035e+02	8.839222697392080663e-01	0.000000000000000000e+00
4.468906240586667877e+02	8.844745566686603722e-01	0.000000000000000000e+00
4.473103334998667719e+02	8.850091092548796334e-01	0.000000000000000000e+00
4.477300429410668130e+02	8.855232640568618807e-01	0.000000000000000000e+00
4.481497523822667972e+02	8.860142978573144479e-01	0.000000000000000000e+00
4.485694618234667814e+02	8.864787725387032191e-01	0.000000000000000000e+00
4.489891712646667656e+02	8.869144515500276826e-01	0.000000000000000000e+00
4.494088807058668067e+02	8.873171472866711040e-01	0.000000000000000000e+00
4.498285901470667909e+02	8.876851258998869065e-01	0.000000000000000000e+00
4.502482995882667751e+02	8.880136723094264051e-01	0.000000000000000000e+00
4.506680090294668162e+02	8.883014238531841134e-01	0.000000000000000000e+00
4.510877184706668004e+02	8.885435892730478846e-01	0.000000000000000000e+00
4.515074279118667846e+02	8.887388895620825791e-01	0.000000000000000000e+00
4.519271373530667688e+02	8.888831537834993579e-01	0.000000000000000000e+00
4.523468467942668099e+02	8.889747556330546141e-01	0.000000000000000000e+00
4.527665562354667941e+02	8.890110693925448171e-01	0.000000000000000000e+00
4.531862656766667783e+02	8.889895934873343064e-01	0.000000000000000000e+00
4.536059751178668193e+02	8.889103293528557437e-01	0.000000000000000000e+00
4.540256845590668036e+02	8.887693695804123051e-01	0.000000000000000000e+00
4.544453940002667878e+02	8.885704313795507181e-01	0.000000000000000000e+00
4.548651034414667720e+02	8.883078218220524791e-01	0.000000000000000000e+00
4.552848128826667562e+02	8.879898214517308874e-01	0.000000000000000000e+00
4.557045223238667973e+02	8.876089343038552348e-01	0.000000000000000000e+00
4.561242317650667815e+02	8.871780350515204860e-01	0.000000000000000000e+00
4.565439412062668225e+02	8.866891148728746064e-01	0.000000000000000000e+00
4.569636506474668067e+02	8.861567580287662560e-01	0.000000000000000000e+00
4.573833600886667909e+02	8.855785096206935103e-01	0.000000000000000000e+00
4.578030695298667752e+02	8.849651667446326586e-01	0.000000000000000000e+00
4.582227789710667594e+02	8.843207977520080032e-01	0.000000000000000000e+00
4.586424884122668004e+02	8.836533379797496535e-01	0.000000000000000000e+00
4.590621978534667846e+02	8.829708979707322491e-01	0.000000000000000000e+00
4.594819072946667688e+02	8.822804967231326900e-01	0.000000000000000000e+00
4.599016167358668099e+02	8.815903570473668793e-01	0.000000000000000000e+00
4.603213261770667941e+02	8.809092065544140704e-01	0.000000000000000000e+00
4.607410356182667783e+02	8.802420685647430743e-01	0.000000000000000000e+00
4.611607450594667625e+02	8.795980353175036903e-01	0.000000000000000000e+00
4.615804545006668036e+02	8.789804008224177956e-01	0.000000000000000000e+00
4.620001639418667878e+02	8.783940191892573024e-01	0.000000000000000000e+00
4.624198733830667720e+02	8.778437027431847950e-01	0.000000000000000000e+00
4.628395828242668131e+02	8.773265220618374771e-01	0.000000000000000000e+00
4.632592922654667973e+02	8.768502798073644078e-01	0.000000000000000000e+00
4.636790017066667815e+02	8.764064159031870194e-01	0.000000000000000000e+00
4.640987111478667657e+02	8.759966221974192502e-01	0.000000000000000000e+00
4.645184205890668068e+02	8.756161574437226758e-01	0.000000000000000000e+00
4.649381300302667910e+02	8.752589408617179600e-01	0.000000000000000000e+00
4.653578394714667752e+02	8.749225050623090638e-01	0.000000000000000000e+00
4.657775489126668162e+02	8.745976179590547739e-01	0.000000000000000000e+00
4.661972583538668005e+02	8.742788735040952774e-01	0.000000000000000000e+00
4.666169677950667847e+02	8.739588696586955141e-01	0.000000000000000000e+00
4.670366772362667689e+02	8.736310390877469745e-01	0.000000000000000000e+00
4.674563866774667531e+02	8.732859023406970289e-01	0.000000000000000000e+00
4.678760961186667942e+02	8.729195629203558848e-01	0.000000000000000000e+00
4.682958055598667784e+02	8.725225958212503574e-01	0.000000000000000000e+00
4.687155150010668194e+02	8.720886983285575100e-01	0.000000000000000000e+00
4.691352244422668036e+02	8.716156597052459043e-01	0.000000000000000000e+00
4.695549338834667878e+02	8.710890593194816622e-01	0.000000000000000000e+00
4.699746433246667721e+02	8.705117821970933534e-01	0.000000000000000000e+00
4.703943527658667563e+02	8.698772577744151580e-01	0.000000000000000000e+00
4.708140622070667973e+02	8.691749989669163012e-01	0.000000000000000000e+00
4.712337716482667815e+02	8.684103372914391272e-01	0.000000000000000000e+00
4.716534810894667658e+02	8.675721363681159204e-01	0.000000000000000000e+00
4.720731905306668068e+02	8.666583876957347776e-01	0.000000000000000000e+00
4.724928999718667910e+02	8.656728068148313859e-01	0.000000000000000000e+00
4.729126094130667752e+02	8.646003515193281252e-01	0.000000000000000000e+00
4.733323188542667594e+02	8.634477243159425219e-01	0.000000000000000000e+00
4.737520282954668005e+02	8.622161729792152673e-01	0.000000000000000000e+00
4.741717377366667847e+02	8.608870981562970481e-01	0.000000000000000000e+00
4.745914471778667689e+02	8.594748585403649832e-01	0.000000000000000000e+00
4.750111566190668100e+02	8.579759394619229651e-01	0.000000000000000000e+00
4.754308660602667942e+02	8.563752538116843338e-01	0.000000000000000000e+00
4.758505755014667784e+02	8.546865913939860615e-01	0.000000000000000000e+00
4.762702849426667626e+02	8.529047994444634018e-01	0.000000000000000000e+00
4.766899943838667468e+02	8.510171347117394536e-01	0.000000000000000000e+00
4.771097038250667879e+02	8.490366113447355145e-01	0.000000000000000000e+00
4.775294132662667721e+02	8.469574877058810847e-01	0.000000000000000000e+00
4.779491227074668132e+02	8.447670297417119167e-01	0.000000000000000000e+00
4.783688321486667974e+02	8.424783068047011492e-01	0.000000000000000000e+00
4.787885415898667816e+02	8.400860244724389636e-01	0.000000000000000000e+00
4.792082510310667658e+02	8.375746478882079016e-01	0.000000000000000000e+00
4.796279604722667500e+02	8.349584612069528289e-01	0.000000000000000000e+00
4.800476699134667911e+02	8.322339444436649414e-01	0.000000000000000000e+00
4.804673793546667753e+02	8.293793194917835621e-01	0.000000000000000000e+00
4.808870887958667595e+02	8.264116260252513113e-01	0.000000000000000000e+00
4.813067982370668005e+02	8.233279398995195786e-01	0.000000000000000000e+00
4.817265076782667848e+02	8.201047129313804307e-01	0.000000000000000000e+00
4.821462171194667690e+02	8.167549328293082223e-01	0.000000000000000000e+00
4.825659265606667532e+02	8.132778310927545329e-01	0.000000000000000000e+00
4.829856360018667942e+02	8.096538580116993122e-01	0.000000000000000000e+00
4.834053454430667784e+02	8.058831572973135238e-01	0.000000000000000000e+00
4.838250548842667627e+02	8.019708107158369792e-01	0.000000000000000000e+00
4.842447643254668037e+02	7.979043501942273409e-01	0.000000000000000000e+00
4.846644737666667879e+02	7.936639447519350243e-01	0.000000000000000000e+00
4.850841832078667721e+02	7.892640231920615701e-01	0.000000000000000000e+00
4.855038926490667563e+02	7.846983800835113376e-01	0.000000000000000000e+00
4.859236020902667974e+02	7.799332393434380561e-01	0.000000000000000000e+00
4.863433115314667816e+02	7.749812954015704580e-01	0.000000000000000000e+00
4.867630209726667658e+02	7.698403484421102450e-01	0.000000000000000000e+00
4.871827304138668069e+02	7.644911377133377650e-01	0.000000000000000000e+00
4.876024398550667911e+02	7.589091979278275168e-01	0.000000000000000000e+00
4.880221492962667753e+02	7.531103524107820579e-01	0.000000000000000000e+00
4.884418587374667595e+02	7.470851584500116660e-01	0.000000000000000000e+00
4.888615681786667437e+02	7.407942472277690982e-01	0.000000000000000000e+00
4.892812776198667848e+02	7.342402549431177317e-01	0.000000000000000000e+00
4.897009870610667690e+02	7.274257519720752629e-01	0.000000000000000000e+00
4.901206965022668101e+02	7.203394236138694895e-01	0.000000000000000000e+00
4.905404059434667943e+02	7.129215177146629445e-01	0.000000000000000000e+00
4.909601153846667785e+02	7.052017778159691552e-01	0.000000000000000000e+00
4.913798248258667627e+02	6.971705239280655553e-01	0.000000000000000000e+00
4.917995342670667469e+02	6.888099077680550630e-01	0.000000000000000000e+00
4.922192437082667880e+02	6.800580817196104633e-01	0.000000000000000000e+00
4.926389531494667722e+02	6.709525404605828358e-01	0.000000000000000000e+00
4.930586625906667564e+02	6.614802837728535057e-01	0.000000000000000000e+00
4.934783720318667974e+02	6.516214969953706415e-01	0.000000000000000000e+00
4.938980814730667817e+02	6.413106859029409357e-01	0.000000000000000000e+00
4.943177909142667659e+02	6.305925131379163107e-01	0.000000000000000000e+00
4.947375003554667501e+02	6.194556962801247568e-01	0.000000000000000000e+00
4.951572097966667911e+02	6.078898293384019658e-01	0.000000000000000000e+00
4.955769192378667753e+02	5.958150023414321428e-01	0.000000000000000000e+00
4.959966286790667596e+02	5.832912318233354210e-01	0.000000000000000000e+00
4.964163381202668006e+02	5.703141262408945034e-01	0.000000000000000000e+00
4.968360475614667848e+02	5.568801639862492880e-01	0.000000000000000000e+00
4.972557570026667690e+02	5.429378661993405908e-01	0.000000000000000000e+00
4.976754664438667533e+02	5.285194096504046701e-01	0.000000000000000000e+00
4.980951758850667943e+02	5.136521273649633512e-01	0.000000000000000000e+00
4.985148853262667785e+02	4.983456561548343933e-01	0.000000000000000000e+00
4.989345947674667627e+02	4.825980763240327875e-01	0.000000000000000000e+00
4.993543042086668038e+02	4.664006620503564071e-01	0.000000000000000000e+00
4.997740136498667880e+02	4.498261969868029841e-01	0.000000000000000000e+00
5.001937230910667722e+02	4.329042463759737447e-01	0.000000000000000000e+00
5.006134325322667564e+02	4.156697097905332483e-01	0.000000000000000000e+00
5.010331419734667406e+02	3.981428939249015420e-01	0.000000000000000000e+00
5.014528514146667817e+02	3.803875653320936134e-01	0.000000000000000000e+00
5.018725608558667659e+02	3.624723363227662087e-01	0.000000000000000000e+00
5.022922702970668070e+02	3.444555814937642624e-01	0.000000000000000000e+00
5.027119797382667912e+02	3.264005253730144496e-01	0.000000000000000000e+00
5.031316891794667754e+02	3.083856677330190088e-01	0.000000000000000000e+00
5.035513986206667596e+02	2.904912162251128693e-01	0.000000000000000000e+00
5.039711080618667438e+02	2.727904407162227152e-01	0.000000000000000000e+00
5.043908175030667849e+02	2.553596646189348340e-01	0.000000000000000000e+00
5.048105269442667691e+02	2.382757131194651601e-01	0.000000000000000000e+00
5.052302363854667533e+02	2.216582973964323633e-01	0.000000000000000000e+00
5.056499458266667943e+02	2.055772672489625530e-01	0.000000000000000000e+00
5.060696552678667786e+02	1.900802534293599133e-01	0.000000000000000000e+00
5.064893647090667628e+02	1.752323787465337734e-01	0.000000000000000000e+00
5.069090741502667470e+02	1.610930661615863069e-01	0.000000000000000000e+00
5.073287835914667880e+02	1.477401342813044471e-01	0.000000000000000000e+00
5.077484930326667723e+02	1.352811807863928961e-01	0.000000000000000000e+00
5.081682024738668133e+02	1.236728152059296676e-01	0.000000000000000000e+00
5.085879119150667975e+02	1.129420260238870183e-01	0.000000000000000000e+00
5.090076213562667817e+02	1.031078235393582815e-01	0.000000000000000000e+00
5.094273307974667659e+02	9.418161964209628700e-02	0.000000000000000000e+00
5.098470402386667502e+02	8.622503815605725430e-02	0.000000000000000000e+00
5.102667496798667344e+02	7.923519990205778185e-02	0.000000000000000000e+00
5.106864591210667754e+02	7.314665137989728727e-02	0.000000000000000000e+00
5.111061685622667596e+02	6.794884617483258615e-02	0.000000000000000000e+00
5.115258780034668007e+02	6.362987802243316726e-02	0.000000000000000000e+00
5.119455874446667849e+02	6.017822217081602448e-02	0.000000000000000000e+00
5.123652968858667691e+02	5.762132533763015402e-02	0.000000000000000000e+00
5.127850063270667533e+02	5.598184712949450664e-02	0.000000000000000000e+00
5.132047157682667375e+02	5.519713665659963658e-02	0.000000000000000000e+00
5.136244252094668354e+02	5.527828705873599063e-02	0.000000000000000000e+00
5.140441346506668197e+02	5.624607478737577576e-02	0.000000000000000000e+00
5.144638440918668039e+02	5.813204965138718538e-02	0.000000000000000000e+00
5.148835535330667881e+02	6.097911242520488023e-02	0.000000000000000000e+00
5.153032629742667723e+02	6.492991630026988259e-02	0.000000000000000000e+00
5.157229724154667565e+02	7.000452041641809509e-02	0.000000000000000000e+00
5.161426818566667407e+02	7.624594972288059602e-02	0.000000000000000000e+00
5.165623912978667249e+02	8.373128770503063256e-02	0.000000000000000000e+00
5.169821007390667091e+02	9.253577323299015667e-02	0.000000000000000000e+00
5.174018101802668070e+02	1.027263941585550011e-01	0.000000000000000000e+00
5.178215196214667912e+02	1.143545043424740726e-01	0.000000000000000000e+00
5.182412290626667755e+02	1.275208060984127645e-01	0.000000000000000000e+00
5.186609385038667597e+02	1.422210283606973880e-01	0.000000000000000000e+00
5.190806479450667439e+02	1.583244301762561923e-01	0.000000000000000000e+00
5.195003573862667281e+02	1.757374122820246076e-01	0.000000000000000000e+00
5.199200668274668260e+02	1.943239937012995466e-01	0.000000000000000000e+00
5.203397762686668102e+02	2.139092963000577274e-01	0.000000000000000000e+00
5.207594857098667944e+02	2.342865223718681444e-01	0.000000000000000000e+00
5.211791951510667786e+02	2.552268088306562377e-01	0.000000000000000000e+00
5.215989045922667628e+02	2.764937561572571867e-01	0.000000000000000000e+00
5.220186140334667471e+02	2.978241881433772997e-01	0.000000000000000000e+00
5.224383234746667313e+02	3.189831203808519144e-01	0.000000000000000000e+00
5.228580329158667155e+02	3.397764850433395156e-01	0.000000000000000000e+00
5.232777423570666997e+02	3.600405982059118326e-01	0.000000000000000000e+00
5.236974517982667976e+02	3.796450554106743369e-01	0.000000000000000000e+00
5.241171612394667818e+02	3.984930004507401535e-01	0.000000000000000000e+00
5.245368706806667660e+02	4.165192698699606844e-01	0.000000000000000000e+00
5.249565801218667502e+02	4.336870323217461576e-01	0.000000000000000000e+00
5.253762895630667344e+02	4.499708407221323370e-01	0.000000000000000000e+00
5.257959990042668323e+02	4.653334469542290130e-01	0.000000000000000000e+00
5.262157084454668166e+02	4.798592640171109869e-01	0.000000000000000000e+00
5.266354178866668008e+02	4.935823494462220351e-01	0.000000000000000000e+00
5.270551273278667850e+02	5.065432469149883099e-01	0.000000000000000000e+00
5.274748367690667692e+02	5.187862226446442460e-01	0.000000000000000000e+00
5.278945462102667534e+02	5.303570940959680957e-01	0.000000000000000000e+00
5.283142556514667376e+02	5.413015950035942048e-01	0.000000000000000000e+00
5.287339650926667218e+02	5.516642017869671788e-01	0.000000000000000000e+00
5.291536745338667060e+02	5.614873404472662255e-01	0.000000000000000000e+00
5.295733839750668039e+02	5.708108957197507438e-01	0.000000000000000000e+00
5.299930934162667882e+02	5.796680782043176494e-01	0.000000000000000000e+00
5.304128028574667724e+02	5.880736993711279670e-01	0.000000000000000000e+00
5.308325122986667566e+02	5.960864380686864417e-01	0.000000000000000000e+00
5.312522217398667408e+02	6.037343523516957022e-01	0.000000000000000000e+00
5.316719311810667250e+02	6.110429805891857136e-01	0.000000000000000000e+00
5.320916406222668229e+02	6.180355357940637839e-01	0.000000000000000000e+00
5.325113500634668071e+02	6.247331074135525908e-01	0.000000000000000000e+00
5.329310595046667913e+02	6.311548604584179545e-01	0.000000000000000000e+00
5.333507689458667755e+02	6.373182253781715101e-01	0.000000000000000000e+00
5.337704783870667598e+02	6.432390747358126548e-01	0.000000000000000000e+00
5.341901878282667440e+02	6.489318846632864402e-01	0.000000000000000000e+00
5.346098972694667282e+02	6.544098804366581534e-01	0.000000000000000000e+00
5.350296067106667124e+02	6.596851664265478421e-01	0.000000000000000000e+00
5.354493161518666966e+02	6.647688412625827326e-01	0.000000000000000000e+00
5.358690255930667945e+02	6.696710993881105356e-01	0.000000000000000000e+00
5.362887350342667787e+02	6.743966593877263049e-01	0.000000000000000000e+00
5.367084444754667629e+02	6.789560098426471457e-01	0.000000000000000000e+00
5.371281539166667471e+02	6.833608019043835302e-01	0.000000000000000000e+00
5.375478633578667313e+02	6.876183084158383751e-01	0.000000000000000000e+00
5.379675727990668292e+02	6.917352593405053929e-01	0.000000000000000000e+00
5.383872822402668135e+02	6.957178875335653379e-01	0.000000000000000000e+00
5.388069916814667977e+02	6.995719694605899708e-01	0.000000000000000000e+00
5.392267011226667819e+02	7.033028615821786955e-01	0.000000000000000000e+00
5.396464105638667661e+02	7.069155330162204542e-01	0.000000000000000000e+00
5.400661200050667503e+02	7.104145949946973904e-01	0.000000000000000000e+00
5.404858294462667345e+02	7.138043275492860218e-01	0.000000000000000000e+00
5.409055388874667187e+02	7.170887037890717464e-01	0.000000000000000000e+00
5.413252483286667029e+02	7.202714120735920211e-01	0.000000000000000000e+00
5.417449577698668008e+02	7.233558763340275366e-01	0.000000000000000000e+00
5.421646672110667851e+02	7.263452747534970833e-01	0.000000000000000000e+00
5.425843766522667693e+02	7.292425569829074083e-01	0.000000000000000000e+00
5.430040860934667535e+02	7.320504600404642570e-01	0.000000000000000000e+00
5.434237955346667377e+02	7.347715230198751390e-01	0.000000000000000000e+00
5.438435049758667219e+02	7.374081007134490884e-01	0.000000000000000000e+00
5.442632144170668198e+02	7.399623762410337813e-01	0.000000000000000000e+00
5.446829238582668040e+02	7.424363727632925514e-01	0.000000000000000000e+00
5.451026332994667882e+02	7.448319643477315788e-01	0.000000000000000000e+00
5.455223427406667724e+02	7.471508860476282488e-01	0.000000000000000000e+00
5.459420521818667567e+02	7.493947432472196635e-01	0.000000000000000000e+00
5.463617616230667409e+02	7.515650203209163216e-01	0.000000000000000000e+00
5.467814710642667251e+02	7.536630886496150650e-01	0.000000000000000000e+00
5.472011805054667093e+02	7.556902140332225626e-01	0.000000000000000000e+00
5.476208899466666935e+02	7.576475635351722637e-01	0.000000000000000000e+00
5.480405993878667914e+02	7.595362117917635603e-01	0.000000000000000000e+00
5.484603088290667756e+02	7.613571468166152600e-01	0.000000000000000000e+00
5.488800182702667598e+02	7.631112753283116890e-01	0.000000000000000000e+00
5.492997277114667440e+02	7.647994276272300773e-01	0.000000000000000000e+00
5.497194371526667283e+02	7.664223620457815134e-01	0.000000000000000000e+00
5.501391465938668262e+02	7.679807689945716831e-01	0.000000000000000000e+00
5.505588560350668104e+02	7.694752746255005826e-01	0.000000000000000000e+00
5.509785654762667946e+02	7.709064441313435712e-01	0.000000000000000000e+00
5.513982749174667788e+02	7.722747847000983601e-01	0.000000000000000000e+00
5.518179843586667630e+02	7.735807481410656994e-01	0.000000000000000000e+00
5.522376937998667472e+02	7.748247331985390618e-01	0.000000000000000000e+00
5.526574032410667314e+02	7.760070875678415359e-01	0.000000000000000000e+00
5.530771126822667156e+02	7.771281096274391675e-01	0.000000000000000000e+00
5.534968221234666998e+02	7.781880498998752227e-01	0.000000000000000000e+00
5.539165315646667977e+02	7.791871122533696736e-01	0.000000000000000000e+00
5.543362410058667820e+02	7.801254548550422552e-01	0.000000000000000000e+00
5.547559504470667662e+02	7.810031908859214056e-01	0.000000000000000000e+00
5.551756598882667504e+02	7.818203890270963852e-01	0.000000000000000000e+00
5.555953693294667346e+02	7.825770737256712017e-01	0.000000000000000000e+00
5.560150787706667188e+02	7.832732252484680968e-01	0.000000000000000000e+00
5.564347882118668167e+02	7.839087795307709827e-01	0.000000000000000000e+00
5.568544976530668009e+02	7.844836278267970364e-01	0.000000000000000000e+00
5.572742070942667851e+02	7.849976161679876885e-01	0.000000000000000000e+00
5.576939165354667693e+02	7.854505446346807807e-01	0.000000000000000000e+00
5.581136259766667536e+02	7.858421664461903156e-01	0.000000000000000000e+00
5.585333354178667378e+02	7.861721868738530405e-01	0.000000000000000000e+00
5.589530448590667220e+02	7.864402619811511341e-01	0.000000000000000000e+00
5.593727543002667062e+02	7.866459971946073715e-01	0.000000000000000000e+00
5.597924637414666904e+02	7.867889457087616778e-01	0.000000000000000000e+00
5.602121731826667883e+02	7.868686067281960295e-01	0.000000000000000000e+00
5.606318826238667725e+02	7.868844235492766792e-01	0.000000000000000000e+00
5.610515920650667567e+02	7.868357814839939124e-01	0.000000000000000000e+00
5.614713015062667409e+02	7.867220056280684881e-01	0.000000000000000000e+00
5.618910109474667252e+02	7.865423584752933017e-01	0.000000000000000000e+00
5.623107203886668231e+02	7.862960373799597891e-01	0.000000000000000000e+00
5.627304298298668073e+02	7.859821718691155645e-01	0.000000000000000000e+00
5.631501392710667915e+02	7.855998208063800226e-01	0.000000000000000000e+00
5.635698487122667757e+02	7.851479694090790495e-01	0.000000000000000000e+00
5.639895581534667599e+02	7.846255261205355991e-01	0.000000000000000000e+00
5.644092675946667441e+02	7.840313193395563873e-01	0.000000000000000000e+00
5.648289770358667283e+02	7.833640940093681282e-01	0.000000000000000000e+00
5.652486864770667125e+02	7.826225080686137758e-01	0.000000000000000000e+00
5.656683959182666968e+02	7.818051287674239180e-01	0.000000000000000000e+00
5.660881053594667947e+02	7.809104288521262482e-01	0.000000000000000000e+00
5.665078148006667789e+02	7.799346695232464155e-01	0.000000000000000000e+00
5.669275242418667631e+02	7.788751802274140879e-01	0.000000000000000000e+00
5.673472336830667473e+02	7.777327463565572030e-01	0.000000000000000000e+00
5.677669431242667315e+02	7.765053806751829324e-01	0.000000000000000000e+00
5.681866525654667157e+02	7.751909768813822765e-01	0.000000000000000000e+00
5.686063620066668136e+02	7.737873048701178202e-01	0.000000000000000000e+00
5.690260714478667978e+02	7.722920059081327393e-01	0.000000000000000000e+00
5.694457808890667820e+02	7.707025877346975751e-01	0.000000000000000000e+00
5.698654903302667663e+02	7.690164196047272194e-01	0.000000000000000000e+00
5.702851997714667505e+02	7.672307272933565070e-01	0.000000000000000000e+00
5.707049092126667347e+02	7.653425880838623518e-01	0.000000000000000000e+00
5.711246186538667189e+02	7.633489257638772507e-01	0.000000000000000000e+00
5.715443280950667031e+02	7.612465056581392275e-01	0.000000000000000000e+00
5.719640375362666873e+02	7.590319297295379242e-01	0.000000000000000000e+00
5.723837469774667852e+02	7.567016317839616590e-01	0.000000000000000000e+00
5.728034564186667694e+02	7.542518728183237320e-01	0.000000000000000000e+00
5.732231658598667536e+02	7.516687876872875096e-01	0.000000000000000000e+00
5.736428753010667378e+02	7.489556539987958228e-01	0.000000000000000000e+00
5.740625847422667221e+02	7.461095074739323429e-01	0.000000000000000000e+00
5.744822941834668200e+02	7.431257656136758261e-01	0.000000000000000000e+00
5.749020036246668042e+02	7.399996474263990098e-01	0.000000000000000000e+00
5.753217130658667884e+02	7.367261709617195509e-01	0.000000000000000000e+00
5.757414225070667726e+02	7.333001515448013263e-01	0.000000000000000000e+00
5.761611319482667568e+02	7.297162008163136093e-01	0.000000000000000000e+00
5.765808413894667410e+02	7.259687266902039582e-01	0.000000000000000000e+00
5.770005508306667252e+02	7.220519343476566876e-01	0.000000000000000000e+00
5.774202602718667094e+02	7.179598283908162903e-01	0.000000000000000000e+00
5.778399697130666937e+02	7.136862162837518397e-01	0.000000000000000000e+00
5.782596791542667916e+02	7.092065572529969719e-01	0.000000000000000000e+00
5.786793885954667758e+02	7.045265003871779008e-01	0.000000000000000000e+00
5.790990980366667600e+02	6.996428557458908015e-01	0.000000000000000000e+00
5.795188074778667442e+02	6.945485681049472504e-01	0.000000000000000000e+00
5.799385169190667284e+02	6.892364348726356393e-01	0.000000000000000000e+00
5.803582263602667126e+02	6.836991244897503428e-01	0.000000000000000000e+00
5.807779358014668105e+02	6.779291978647331574e-01	0.000000000000000000e+00
5.811976452426667947e+02	6.719191330325763323e-01	0.000000000000000000e+00
5.816173546838667789e+02	6.656613532073858419e-01	0.000000000000000000e+00
5.820370641250667632e+02	6.591482583741899992e-01	0.000000000000000000e+00
5.824567735662667474e+02	6.523508224071417061e-01	0.000000000000000000e+00
5.828764830074667316e+02	6.452657908023893274e-01	0.000000000000000000e+00
5.832961924486667158e+02	6.378998694965591909e-01	0.000000000000000000e+00
5.837159018898667000e+02	6.302458297207028659e-01	0.000000000000000000e+00
5.841356113310666842e+02	6.222967075733466524e-01	0.000000000000000000e+00
5.845553207722667821e+02	6.140458729564785001e-01	0.000000000000000000e+00
5.849750302134667663e+02	6.054871035716530292e-01	0.000000000000000000e+00
5.853947396546667505e+02	5.966146637318148205e-01	0.000000000000000000e+00
5.858144490958667348e+02	5.874233876657420916e-01	0.000000000000000000e+00
5.862341585370667190e+02	5.778828950452163937e-01	0.000000000000000000e+00
5.866538679782668169e+02	5.679899929079927912e-01	0.000000000000000000e+00
5.870735774194668011e+02	5.577658606600016666e-01	0.000000000000000000e+00
5.874932868606667853e+02	5.472093677359386454e-01	0.000000000000000000e+00
5.879129963018667695e+02	5.363206153301454115e-01	0.000000000000000000e+00
5.883327057430667537e+02	5.251010531561185468e-01	0.000000000000000000e+00
5.887524151842667379e+02	5.135535947205860374e-01	0.000000000000000000e+00
5.891721246254667221e+02	5.016827298661863388e-01	0.000000000000000000e+00
5.895918340666667063e+02	4.894807007479368699e-01	0.000000000000000000e+00
5.900115435078666906e+02	4.769336684855521313e-01	0.000000000000000000e+00
5.904312529490666748e+02	4.640922909882889136e-01	0.000000000000000000e+00
5.908509623902667727e+02	4.509704060752697252e-01	0.000000000000000000e+00
5.912706718314667569e+02	4.375841022019466009e-01	0.000000000000000000e+00
5.916903812726667411e+02	4.239517618742785210e-01	0.000000000000000000e+00
5.921100907138667253e+02	4.100940858943161738e-01	0.000000000000000000e+00
5.925298001550667095e+02	3.960340986422206111e-01	0.000000000000000000e+00
5.929495095962668074e+02	3.817806835174338831e-01	0.000000000000000000e+00
5.933692190374667916e+02	3.673803826693331498e-01	0.000000000000000000e+00
5.937889284786667758e+02	3.528770164070103021e-01	0.000000000000000000e+00
5.942086379198667601e+02	3.383047855371151824e-01	0.000000000000000000e+00
5.946283473610667443e+02	3.236996916898090548e-01	0.000000000000000000e+00
5.950480568022667285e+02	3.090993236837253910e-01	0.000000000000000000e+00
5.954677662434667127e+02	2.945426276049097347e-01	0.000000000000000000e+00
5.958874756846666969e+02	2.800841078767047354e-01	0.000000000000000000e+00
5.963071851258666811e+02	2.657811935335925857e-01	0.000000000000000000e+00
5.967268945670667790e+02	2.516669079618014115e-01	0.000000000000000000e+00
5.971466040082667632e+02	2.377828426550407936e-01	0.000000000000000000e+00
5.975663134494667474e+02	2.241698158179112332e-01	0.000000000000000000e+00
5.979860228906667317e+02	2.108675395300953215e-01	0.000000000000000000e+00
5.984057323318667159e+02	1.979143055060663958e-01	0.000000000000000000e+00
5.988254417730668138e+02	1.854204906111355244e-01	0.000000000000000000e+00
5.992451512142667980e+02	1.733855650875470722e-01	0.000000000000000000e+00
5.996648606554667822e+02	1.618186013244735932e-01	0.000000000000000000e+00
6.000845700966667664e+02	1.507456136400750768e-01	0.000000000000000000e+00
6.005042795378667506e+02	1.401893530149318223e-01	0.000000000000000000e+00
6.009239889790667348e+02	1.301692332048494938e-01	0.000000000000000000e+00
6.013436984202667190e+02	1.207507103164448259e-01	0.000000000000000000e+00
6.017634078614667033e+02	1.119857580707884492e-01	0.000000000000000000e+00
6.021831173026666875e+02	1.037972473390746109e-01	0.000000000000000000e+00
6.026028267438666717e+02	9.618687716189967818e-02	0.000000000000000000e+00
6.030225361850667696e+02	8.915339046891507246e-02	0.000000000000000000e+00
6.034422456262667538e+02	8.269280661541861255e-02	0.000000000000000000e+00
6.038619550674667380e+02	7.683442172395575642e-02	0.000000000000000000e+00
6.042816645086667222e+02	7.163355725851863753e-02	0.000000000000000000e+00
6.047013739498667064e+02	6.697230845543081235e-02	0.000000000000000000e+00
6.051210833910668043e+02	6.283718131997401146e-02	0.000000000000000000e+00
6.055407928322667885e+02	5.921427828842531355e-02	0.000000000000000000e+00
6.059605022734667727e+02	5.608958965745507869e-02	0.000000000000000000e+00
6.063802117146667570e+02	5.349840915774841527e-02	0.000000000000000000e+00
6.067999211558667412e+02	5.145001809336315068e-02	0.000000000000000000e+00
6.072196305970667254e+02	4.985680399881135816e-02	0.000000000000000000e+00
6.076393400382667096e+02	4.871117726415907095e-02	0.000000000000000000e+00
6.080590494794666938e+02	4.800789929695206681e-02	0.000000000000000000e+00
6.084787589206666780e+02	4.774419769667603841e-02	0.000000000000000000e+00
6.088984683618667759e+02	4.801576529695275597e-02	0.000000000000000000e+00
6.093181778030667601e+02	4.877166751466207456e-02	0.000000000000000000e+00
6.097378872442667443e+02	4.999307290987238528e-02	0.000000000000000000e+00
6.101575966854667286e+02	5.169575397520922294e-02	0.000000000000000000e+00
6.105773061266667128e+02	5.389858369415254785e-02	0.000000000000000000e+00
6.109970155678666970e+02	5.667340496282615575e-02	0.000000000000000000e+00
6.114167250090667949e+02	6.013287511315604239e-02	0.000000000000000000e+00
6.118364344502667791e+02	6.419979179328508256e-02	0.000000000000000000e+00
6.122561438914667633e+02	6.890725748317270971e-02	0.000000000000000000e+00
6.126758533326667475e+02	7.428865247891830448e-02	0.000000000000000000e+00
6.130955627738667317e+02	8.038140308478508578e-02	0.000000000000000000e+00
6.135152722150667159e+02	8.746201458818514407e-02	0.000000000000000000e+00
6.139349816562667002e+02	9.534012935001133504e-02	0.000000000000000000e+00
6.143546910974666844e+02	1.040364217975807554e-01	0.000000000000000000e+00
6.147744005386666686e+02	1.135663491528910857e-01	0.000000000000000000e+00
6.151941099798667665e+02	1.239402348427195988e-01	0.000000000000000000e+00
6.156138194210667507e+02	1.354064962271580852e-01	0.000000000000000000e+00
6.160335288622667349e+02	1.477286867008141269e-01	0.000000000000000000e+00
6.164532383034667191e+02	1.608485448866304179e-01	0.000000000000000000e+00
6.168729477446667033e+02	1.747306047976424637e-01	0.000000000000000000e+00
6.172926571858668012e+02	1.893330251871808978e-01	0.000000000000000000e+00
6.177123666270667854e+02	2.047789537120797698e-01	0.000000000000000000e+00
6.181320760682667697e+02	2.207882051835132475e-01	0.000000000000000000e+00
6.185517855094667539e+02	2.372683852651196468e-01	0.000000000000000000e+00
6.189714949506667381e+02	2.541454657312531840e-01	0.000000000000000000e+00
6.193912043918667223e+02	2.713480366259787280e-01	0.000000000000000000e+00
6.198109138330667065e+02	2.888187630267467498e-01	0.000000000000000000e+00
6.202306232742666907e+02	3.063759952174109347e-01	0.000000000000000000e+00
6.206503327154666749e+02	3.239494910608359812e-01	0.000000000000000000e+00
6.210700421566667728e+02	3.414725403139260429e-01	0.000000000000000000e+00
6.214897515978667570e+02	3.588562026508710368e-01	0.000000000000000000e+00
6.219094610390667413e+02	3.759749387648139707e-01	0.000000000000000000e+00
6.223291704802667255e+02	3.928182353225885270e-01	0.000000000000000000e+00
6.227488799214667097e+02	4.093483668689052446e-01	0.000000000000000000e+00
6.231685893626666939e+02	4.255314164421136747e-01	0.000000000000000000e+00
6.235882988038667918e+02	4.412238149845860713e-01	0.000000000000000000e+00
6.240080082450667760e+02	4.564474874923357128e-01	0.000000000000000000e+00
6.244277176862667602e+02	4.712377124127250516e-01	0.000000000000000000e+00
6.248474271274667444e+02	4.855861108340580601e-01	0.000000000000000000e+00
6.252671365686667286e+02	4.994557560824390285e-01	0.000000000000000000e+00
6.256868460098667128e+02	5.127228571851938366e-01	0.000000000000000000e+00
6.261065554510666971e+02	5.255427029819336182e-01	0.000000000000000000e+00
6.265262648922666813e+02	5.379213503669161289e-01	0.000000000000000000e+00
6.269459743334666655e+02	5.498655767617747214e-01	0.000000000000000000e+00
6.273656837746667634e+02	5.612570799618299411e-01	0.000000000000000000e+00
6.277853932158667476e+02	5.721969914571456428e-01	0.000000000000000000e+00
6.282051026570667318e+02	5.827433020326944213e-01	0.000000000000000000e+00
6.286248120982667160e+02	5.929074218126166862e-01	0.000000000000000000e+00
6.290445215394667002e+02	6.026414673671481870e-01	0.000000000000000000e+00
6.294642309806667981e+02	6.119352324307381075e-01	0.000000000000000000e+00
6.298839404218667823e+02	6.208973974193109369e-01	0.000000000000000000e+00
6.303036498630667666e+02	6.295395931833550618e-01	0.000000000000000000e+00
6.307233593042667508e+02	6.378565008829709670e-01	0.000000000000000000e+00
6.311430687454667350e+02	6.457714599173874914e-01	0.000000000000000000e+00
6.315627781866667192e+02	6.534147502650500261e-01	0.000000000000000000e+00
6.319824876278667034e+02	6.607964710872266112e-01	0.000000000000000000e+00
6.324021970690666876e+02	6.679264892731163750e-01	0.000000000000000000e+00
6.328219065102666718e+02	6.747173187876402967e-01	0.000000000000000000e+00
6.332416159514667697e+02	6.812817589377284655e-01	0.000000000000000000e+00
6.336613253926667539e+02	6.876342795735114199e-01	0.000000000000000000e+00
6.340810348338667382e+02	6.937828605013659500e-01	0.000000000000000000e+00
6.345007442750667224e+02	6.996637086973438446e-01	0.000000000000000000e+00
6.349204537162667066e+02	7.053506853189108750e-01	0.000000000000000000e+00
6.353401631574666908e+02	7.108659984109381158e-01	0.000000000000000000e+00
6.357598725986667887e+02	7.162159101891205637e-01	0.000000000000000000e+00
6.361795820398667729e+02	7.213497660106789056e-01	0.000000000000000000e+00
6.365992914810667571e+02	7.263220579782486697e-01	0.000000000000000000e+00
6.370190009222667413e+02	7.311545886828083596e-01	0.000000000000000000e+00
6.374387103634667255e+02	7.358522107995537631e-01	0.000000000000000000e+00
6.378584198046667098e+02	7.403706315100662128e-01	0.000000000000000000e+00
6.382781292458666940e+02	7.447574580210108985e-01	0.000000000000000000e+00
6.386978386870666782e+02	7.490295617622495516e-01	0.000000000000000000e+00
6.391175481282666624e+02	7.531906922943438776e-01	0.000000000000000000e+00
6.395372575694666466e+02	7.571986900660385711e-01	0.000000000000000000e+00
6.399569670106667445e+02	7.611018716327815348e-01	0.000000000000000000e+00
6.403766764518667287e+02	7.649099390132604315e-01	0.000000000000000000e+00
6.407963858930667129e+02	7.686251635348956279e-01	0.000000000000000000e+00
6.412160953342668108e+02	7.722068355340102608e-01	0.000000000000000000e+00
6.416358047754667950e+02	7.757065047785974832e-01	0.000000000000000000e+00
6.420555142166667792e+02	7.791264510675554034e-01	0.000000000000000000e+00
6.424752236578667635e+02	7.824605972739934190e-01	0.000000000000000000e+00
6.428949330990667477e+02	7.856893463989397253e-01	0.000000000000000000e+00
6.433146425402667319e+02	7.888487272214095292e-01	0.000000000000000000e+00
6.437343519814667161e+02	7.919405271230726129e-01	0.000000000000000000e+00
6.441540614226667003e+02	7.949505774520234658e-01	0.000000000000000000e+00
6.445737708638666845e+02	7.978791512004868025e-01	0.000000000000000000e+00
6.449934803050666687e+02	8.007483727812313434e-01	0.000000000000000000e+00
6.454131897462666529e+02	8.035596579861565836e-01	0.000000000000000000e+00
6.458328991874667508e+02	8.062911421113337918e-01	0.000000000000000000e+00
6.462526086286667351e+02	8.089615593246390901e-01	0.000000000000000000e+00
6.466723180698667193e+02	8.115806290746767626e-01	0.000000000000000000e+00
6.470920275110667035e+02	8.141471904159456319e-01	0.000000000000000000e+00
6.475117369522668014e+02	8.166389814850973927e-01	0.000000000000000000e+00
6.479314463934667856e+02	8.190849686160508458e-01	0.000000000000000000e+00
6.483511558346667698e+02	8.214860633067009310e-01	0.000000000000000000e+00
6.487708652758667540e+02	8.238310351979742929e-01	0.000000000000000000e+00
6.491905747170667382e+02	8.261202777647745910e-01	0.000000000000000000e+00
6.496102841582667224e+02	8.283691372445789458e-01	0.000000000000000000e+00
6.500299935994667067e+02	8.305783603245534552e-01	0.000000000000000000e+00
6.504497030406666909e+02	8.327275365107268401e-01	0.000000000000000000e+00
6.508694124818666751e+02	8.348375091454637298e-01	0.000000000000000000e+00
6.512891219230666593e+02	8.369115500120540840e-01	0.000000000000000000e+00
6.517088313642666435e+02	8.389421888446589870e-01	0.000000000000000000e+00
6.521285408054667414e+02	8.409248095774845000e-01	0.000000000000000000e+00
6.525482502466667256e+02	8.428746811697511720e-01	0.000000000000000000e+00
6.529679596878667098e+02	8.447923154055885231e-01	0.000000000000000000e+00
6.533876691290668077e+02	8.466603365639394640e-01	0.000000000000000000e+00
6.538073785702667919e+02	8.484956305788395881e-01	0.000000000000000000e+00
6.542270880114667762e+02	8.503013526335523320e-01	0.000000000000000000e+00
6.546467974526667604e+02	8.520697535510876053e-01	0.000000000000000000e+00
6.550665068938667446e+02	8.537988736007680046e-01	0.000000000000000000e+00
6.554862163350667288e+02	8.555007470488875665e-01	0.000000000000000000e+00
6.559059257762667130e+02	8.571756705360704665e-01	0.000000000000000000e+00
6.563256352174666972e+02	8.588060253724567605e-01	0.000000000000000000e+00
6.567453446586666814e+02	8.604111763526083312e-01	0.000000000000000000e+00
6.571650540998666656e+02	8.619914342703369758e-01	0.000000000000000000e+00
6.575847635410666499e+02	8.635362919961184769e-01	0.000000000000000000e+00
6.580044729822667477e+02	8.650510591565664376e-01	0.000000000000000000e+00
6.584241824234667320e+02	8.665426957067713376e-01	0.000000000000000000e+00
6.588438918646667162e+02	8.680068468988788588e-01	0.000000000000000000e+00
6.592636013058667004e+02	8.694369058728479427e-01	0.000000000000000000e+00
6.596833107470667983e+02	8.708454082063219470e-01	0.000000000000000000e+00
6.601030201882667825e+02	8.722325896332070450e-01	0.000000000000000000e+00
6.605227296294667667e+02	8.735836116237444271e-01	0.000000000000000000e+00
6.609424390706667509e+02	8.749139372704731743e-01	0.000000000000000000e+00
6.613621485118667351e+02	8.762243271810313816e-01	0.000000000000000000e+00
6.617818579530667193e+02	8.775047007350744721e-01	0.000000000000000000e+00
6.622015673942667036e+02	8.787613580081303777e-01	0.000000000000000000e+00
6.626212768354666878e+02	8.799993360560285360e-01	0.000000000000000000e+00
6.630409862766666720e+02	8.812125307281931663e-01	0.000000000000000000e+00
6.634606957178666562e+02	8.823996454486141561e-01	0.000000000000000000e+00
6.638804051590666404e+02	8.835692279878961664e-01	0.000000000000000000e+00
6.643001146002667383e+02	8.847184623785999680e-01	0.000000000000000000e+00
6.647198240414667225e+02	8.858398331898759137e-01	0.000000000000000000e+00
6.651395334826667067e+02	8.869447251432276413e-01	0.000000000000000000e+00
6.655592429238668046e+02	8.880330013065629302e-01	0.000000000000000000e+00
6.659789523650667888e+02	8.890921454633838872e-01	0.000000000000000000e+00
6.663986618062667731e+02	8.901357832650816926e-01	0.000000000000000000e+00
6.668183712474667573e+02	8.911640427971964096e-01	0.000000000000000000e+00
6.672380806886667415e+02	8.921661068639727965e-01	0.000000000000000000e+00
6.676577901298667257e+02	8.931516939455984572e-01	0.000000000000000000e+00
6.680774995710667099e+02	8.941227910498300568e-01	0.000000000000000000e+00
6.684972090122666941e+02	8.950706333080192811e-01	0.000000000000000000e+00
6.689169184534666783e+02	8.960011693561207302e-01	0.000000000000000000e+00
6.693366278946666625e+02	8.969180436617926189e-01	0.000000000000000000e+00
6.697563373358666468e+02	8.978141072186658356e-01	0.000000000000000000e+00
6.701760467770667447e+02	8.986924122364824408e-01	0.000000000000000000e+00
6.705957562182667289e+02	8.995578304024001159e-01	0.000000000000000000e+00
6.710154656594667131e+02	9.004044394694555864e-01	0.000000000000000000e+00
6.714351751006666973e+02	9.012331735117724563e-01	0.000000000000000000e+00
6.718548845418667952e+02	9.020497477327003022e-01	0.000000000000000000e+00
6.722745939830667794e+02	9.028491202296118345e-01	0.000000000000000000e+00
6.726943034242667636e+02	9.036307995440973073e-01	0.000000000000000000e+00
6.731140128654667478e+02	9.044010026910260791e-01	0.000000000000000000e+00
6.735337223066667320e+02	9.051552605298948118e-01	0.000000000000000000e+00
6.739534317478667163e+02	9.058922707249178474e-01	0.000000000000000000e+00
6.743731411890667005e+02	9.066184487020579885e-01	0.000000000000000000e+00
6.747928506302666847e+02	9.073296260962810944e-01	0.000000000000000000e+00
6.752125600714666689e+02	9.080242328599472668e-01	0.000000000000000000e+00
6.756322695126666531e+02	9.087086146720191326e-01	0.000000000000000000e+00
6.760519789538666373e+02	9.093786647693348213e-01	0.000000000000000000e+00
6.764716883950667352e+02	9.100330225840980169e-01	0.000000000000000000e+00
6.768913978362667194e+02	9.106777285320255544e-01	0.000000000000000000e+00
6.773111072774667036e+02	9.113085286330535606e-01	0.000000000000000000e+00
6.777308167186668015e+02	9.119246878620770325e-01	0.000000000000000000e+00
6.781505261598667857e+02	9.125317362210054739e-01	0.000000000000000000e+00
6.785702356010667700e+02	9.131250918115696447e-01	0.000000000000000000e+00
6.789899450422667542e+02	9.137050044748942224e-01	0.000000000000000000e+00
6.794096544834667384e+02	9.142763169536846091e-01	0.000000000000000000e+00
6.798293639246667226e+02	9.148339647506453787e-01	0.000000000000000000e+00
6.802490733658667068e+02	9.153794892595562560e-01	0.000000000000000000e+00
6.806687828070666910e+02	9.159168954940288820e-01	0.000000000000000000e+00
6.810884922482666752e+02	9.164405056794421300e-01	0.000000000000000000e+00
6.815082016894666594e+02	9.169534107547736568e-01	0.000000000000000000e+00
6.819279111306666437e+02	9.174586520466739836e-01	0.000000000000000000e+00
6.823476205718667416e+02	9.179498298433337311e-01	0.000000000000000000e+00
6.827673300130667258e+02	9.184317978067473298e-01	0.000000000000000000e+00
6.831870394542667100e+02	9.189065302856913586e-01	0.000000000000000000e+00
6.836067488954666942e+02	9.193668170079846158e-01	0.000000000000000000e+00
6.840264583366667921e+02	9.198194466036292427e-01	0.000000000000000000e+00
6.844461677778667763e+02	9.202648459951350279e-01	0.000000000000000000e+00
6.848658772190667605e+02	9.206961176565134908e-01	0.000000000000000000e+00
6.852855866602667447e+02	9.211209265331506968e-01	0.000000000000000000e+00
6.857052961014667289e+02	9.215376283146620162e-01	0.000000000000000000e+00
6.861250055426667132e+02	9.219421582334549337e-01	0.000000000000000000e+00
6.865447149838666974e+02	9.223405851935402300e-01	0.000000000000000000e+00
6.869644244250666816e+02	9.227299730791124199e-01	0.000000000000000000e+00
6.873841338662666658e+02	9.231091457301366932e-01	0.000000000000000000e+00
6.878038433074666500e+02	9.234825528319869914e-01	0.000000000000000000e+00
6.882235527486666342e+02	9.238459477337116477e-01	0.000000000000000000e+00
6.886432621898667321e+02	9.242010718547146730e-01	0.000000000000000000e+00
6.890629716310667163e+02	9.245507464363036387e-01	0.000000000000000000e+00
6.894826810722667005e+02	9.248894064025426909e-01	0.000000000000000000e+00
6.899023905134667984e+02	9.252217169855083689e-01	0.000000000000000000e+00
6.903220999546667827e+02	9.255484615787739067e-01	0.000000000000000000e+00
6.907418093958667669e+02	9.258639937745417603e-01	0.000000000000000000e+00
6.911615188370667511e+02	9.261746540676081274e-01	0.000000000000000000e+00
6.915812282782667353e+02	9.264784327023297683e-01	0.000000000000000000e+00
6.920009377194667195e+02	9.267731490265888050e-01	0.000000000000000000e+00
6.924206471606667037e+02	9.270632525791990819e-01	0.000000000000000000e+00
6.928403566018666879e+02	9.273451657256303049e-01	0.000000000000000000e+00
6.932600660430666721e+02	9.276201098912956189e-01	0.000000000000000000e+00
6.936797754842666563e+02	9.278906826650897832e-01	0.000000000000000000e+00
6.940994849254666406e+02	9.281517677117256948e-01	0.000000000000000000e+00
6.945191943666667385e+02	9.284079169505720097e-01	0.000000000000000000e+00
6.949389038078667227e+02	9.286589572839972773e-01	0.000000000000000000e+00
6.953586132490667069e+02	9.289011508833807662e-01	0.000000000000000000e+00
6.957783226902666911e+02	9.291394182133038138e-01	0.000000000000000000e+00
6.961980321314667890e+02	9.293710685519246395e-01	0.000000000000000000e+00
6.966177415726667732e+02	9.295960374298462003e-01	0.000000000000000000e+00
6.970374510138667574e+02	9.298172740158471283e-01	0.000000000000000000e+00
6.974571604550667416e+02	9.300304148875923049e-01	0.000000000000000000e+00
6.978768698962667258e+02	9.302389646618657304e-01	0.000000000000000000e+00
6.982965793374667101e+02	9.304431616024947393e-01	0.000000000000000000e+00
6.987162887786666943e+02	9.306394122162138238e-01	0.000000000000000000e+00
6.991359982198666785e+02	9.308322905271876335e-01	0.000000000000000000e+00
6.995557076610666627e+02	9.310191827897018602e-01	0.000000000000000000e+00
6.999754171022666469e+02	9.312003003528723788e-01	0.000000000000000000e+00
7.003951265434666311e+02	9.313781994859074986e-01	0.000000000000000000e+00
7.008148359846667290e+02	9.315485140529325969e-01	0.000000000000000000e+00
7.012345454258667132e+02	9.317151491598223423e-01	0.000000000000000000e+00
7.016542548670666974e+02	9.318774287678921464e-01	0.000000000000000000e+00
7.020739643082667953e+02	9.320331128029916146e-01	0.000000000000000000e+00
7.024936737494667796e+02	9.321858650481665842e-01	0.000000000000000000e+00
7.029133831906667638e+02	9.323325457247398917e-01	0.000000000000000000e+00
7.033330926318667480e+02	9.324747770056515117e-01	0.000000000000000000e+00
7.037528020730667322e+02	9.326138792571320169e-01	0.000000000000000000e+00
7.041725115142667164e+02	9.327458595130403429e-01	0.000000000000000000e+00
7.045922209554667006e+02	9.328751522648912609e-01	0.000000000000000000e+00
7.050119303966666848e+02	9.329995043644944142e-01	0.000000000000000000e+00
7.054316398378666690e+02	9.331189142098346156e-01	0.000000000000000000e+00
7.058513492790666533e+02	9.332357391736310070e-01	0.000000000000000000e+00
7.062710587202666375e+02	9.333458375116937544e-01	0.000000000000000000e+00
7.066907681614667354e+02	9.334531135730967932e-01	0.000000000000000000e+00
7.071104776026667196e+02	9.335562544377153937e-01	0.000000000000000000e+00
7.075301870438667038e+02	9.336541885592206658e-01	0.000000000000000000e+00
7.079498964850666880e+02	9.337497288314721144e-01	0.000000000000000000e+00
7.083696059262667859e+02	9.338392612719481622e-01	0.000000000000000000e+00
7.087893153674667701e+02	9.339257399014907479e-01	0.000000000000000000e+00
7.092090248086667543e+02	9.340086089165627881e-01	0.000000000000000000e+00
7.096287342498667385e+02	9.340861980196675241e-01	0.000000000000000000e+00
7.100484436910667227e+02	9.341615545824415445e-01	0.000000000000000000e+00
7.104681531322667070e+02	9.342313483253245066e-01	0.000000000000000000e+00
7.108878625734666912e+02	9.342980474576014771e-01	0.000000000000000000e+00
7.113075720146666754e+02	9.343614178623778077e-01	0.000000000000000000e+00
7.117272814558666596e+02	9.344196003834595032e-01	0.000000000000000000e+00
7.121469908970666438e+02	9.344756866949094354e-01	0.000000000000000000e+00
7.125667003382666280e+02	9.345264116401317267e-01	0.000000000000000000e+00
7.129864097794667259e+02	9.345741709538408770e-01	0.000000000000000000e+00
7.134061192206667101e+02	9.346186633933880605e-01	0.000000000000000000e+00
7.138258286618666943e+02	9.346582089587290865e-01	0.000000000000000000e+00
7.142455381030666786e+02	9.346957742037962369e-01	0.000000000000000000e+00
7.146652475442667765e+02	9.347279576146748648e-01	0.000000000000000000e+00
7.150849569854667607e+02	9.347574620864188555e-01	0.000000000000000000e+00
7.155046664266667449e+02	9.347835598114433431e-01	0.000000000000000000e+00
7.159243758678667291e+02	9.348050930414861792e-01	0.000000000000000000e+00
7.163440853090667133e+02	9.348247456267387845e-01	0.000000000000000000e+00
7.167637947502666975e+02	9.348387883562443434e-01	0.000000000000000000e+00
7.171835041914666817e+02	9.348505919119673990e-01	0.000000000000000000e+00
7.176032136326666659e+02	9.348586574921019521e-01	0.000000000000000000e+00
7.180229230738666502e+02	9.348626817520837573e-01	0.000000000000000000e+00
7.184426325150666344e+02	9.348647989069580611e-01	0.000000000000000000e+00
7.188623419562667323e+02	9.348611067678612718e-01	0.000000000000000000e+00
7.192820513974667165e+02	9.348556556286653496e-01	0.000000000000000000e+00
7.197017608386667007e+02	9.348459490034386477e-01	0.000000000000000000e+00
7.201214702798666849e+02	9.348328696898687840e-01	0.000000000000000000e+00
7.205411797210667828e+02	9.348172817651345667e-01	0.000000000000000000e+00
7.209608891622667670e+02	9.347966228467063932e-01	0.000000000000000000e+00
7.213805986034667512e+02	9.347742781618654240e-01	0.000000000000000000e+00
7.218003080446667354e+02	9.347469758109941962e-01	0.000000000000000000e+00
7.222200174858667197e+02	9.347171227633551682e-01	0.000000000000000000e+00
7.226397269270667039e+02	9.346839828354704949e-01	0.000000000000000000e+00
7.230594363682666881e+02	9.346466595126673438e-01	0.000000000000000000e+00
7.234791458094666723e+02	9.346076925548510994e-01	0.000000000000000000e+00
7.238988552506666565e+02	9.345629338523606666e-01	0.000000000000000000e+00
7.243185646918666407e+02	9.345165824919914321e-01	0.000000000000000000e+00
7.247382741330666249e+02	9.344659870207863150e-01	0.000000000000000000e+00
7.251579835742667228e+02	9.344122562368015750e-01	0.000000000000000000e+00
7.255776930154667070e+02	9.343558568775612860e-01	0.000000000000000000e+00
7.259974024566666913e+02	9.342947762297082459e-01	0.000000000000000000e+00
7.264171118978666755e+02	9.342321670541779977e-01	0.000000000000000000e+00
7.268368213390667734e+02	9.341641765733306180e-01	0.000000000000000000e+00
7.272565307802667576e+02	9.340942687329817362e-01	0.000000000000000000e+00
7.276762402214667418e+02	9.340204901538702309e-01	0.000000000000000000e+00
7.280959496626667260e+02	9.339433112777214552e-01	0.000000000000000000e+00
7.285156591038667102e+02	9.338637494224185653e-01	0.000000000000000000e+00
7.289353685450666944e+02	9.337793272701118141e-01	0.000000000000000000e+00
7.293550779862666786e+02	9.336934630167199600e-01	0.000000000000000000e+00
7.297747874274666628e+02	9.336023501213940312e-01	0.000000000000000000e+00
7.301944968686666471e+02	9.335092943231135809e-01	0.000000000000000000e+00
7.306142063098666313e+02	9.334124148031265333e-01	0.000000000000000000e+00
7.310339157510667292e+02	9.333121976086158345e-01	0.000000000000000000e+00
7.314536251922667134e+02	9.332095585564598172e-01	0.000000000000000000e+00
7.318733346334666976e+02	9.331022119029562800e-01	0.000000000000000000e+00
7.322930440746666818e+02	9.329935115643226418e-01	0.000000000000000000e+00
7.327127535158667797e+02	9.328793796219061463e-01	0.000000000000000000e+00
7.331324629570667639e+02	9.327636094907614250e-01	0.000000000000000000e+00
7.335521723982667481e+02	9.326437472062069078e-01	0.000000000000000000e+00
7.339718818394667323e+02	9.325209452470388793e-01	0.000000000000000000e+00
7.343915912806667166e+02	9.323953657317277655e-01	0.000000000000000000e+00
7.348113007218667008e+02	9.322655730784429329e-01	0.000000000000000000e+00
7.352310101630666850e+02	9.321342914889632070e-01	0.000000000000000000e+00
7.356507196042666692e+02	9.319975527909755142e-01	0.000000000000000000e+00
7.360704290454666534e+02	9.318595813643339998e-01	0.000000000000000000e+00
7.364901384866666376e+02	9.317169502728311903e-01	0.000000000000000000e+00
7.369098479278666218e+02	9.315721114407130576e-01	0.000000000000000000e+00
7.373295573690667197e+02	9.314238379805146462e-01	0.000000000000000000e+00
7.377492668102667039e+02	9.312721859613972697e-01	0.000000000000000000e+00
7.381689762514666882e+02	9.311182953879041380e-01	0.000000000000000000e+00
7.385886856926666724e+02	9.309598888726043908e-01	0.000000000000000000e+00
7.390083951338667703e+02	9.308003488294502858e-01	0.000000000000000000e+00
7.394281045750667545e+02	9.306353117680696840e-01	0.000000000000000000e+00
7.398478140162667387e+02	9.304691143148949850e-01	0.000000000000000000e+00
7.402675234574667229e+02	9.302985542297070864e-01	0.000000000000000000e+00
7.406872328986667071e+02	9.301257693024812534e-01	0.000000000000000000e+00
7.411069423398666913e+02	9.299497241259613300e-01	0.000000000000000000e+00
7.415266517810666755e+02	9.297704267181922111e-01	0.000000000000000000e+00
7.419463612222666598e+02	9.295889378665761482e-01	0.000000000000000000e+00
7.423660706634666440e+02	9.294032081401120138e-01	0.000000000000000000e+00
7.427857801046666282e+02	9.292163206126166086e-01	0.000000000000000000e+00
7.432054895458666124e+02	9.290242439769325067e-01	0.000000000000000000e+00
7.436251989870667103e+02	9.288312087400596440e-01	0.000000000000000000e+00
7.440449084282666945e+02	9.286336736002407388e-01	0.000000000000000000e+00
7.444646178694666787e+02	9.284344219751864413e-01	0.000000000000000000e+00
7.448843273106667766e+02	9.282316454296813957e-01	0.000000000000000000e+00
7.453040367518667608e+02	9.280262748919483329e-01	0.000000000000000000e+00
7.457237461930667450e+02	9.278183169702370892e-01	0.000000000000000000e+00
7.461434556342667292e+02	9.276069302153467921e-01	0.000000000000000000e+00
7.465631650754667135e+02	9.273938548009502680e-01	0.000000000000000000e+00
7.469828745166666977e+02	9.271765596784428132e-01	0.000000000000000000e+00
7.474025839578666819e+02	9.269584345145280846e-01	0.000000000000000000e+00
7.478222933990666661e+02	9.267353439296708295e-01	0.000000000000000000e+00
7.482420028402666503e+02	9.265114784619253863e-01	0.000000000000000000e+00
7.486617122814666345e+02	9.262834723906298029e-01	0.000000000000000000e+00
7.490814217226666187e+02	9.260539727040536517e-01	0.000000000000000000e+00
7.495011311638667166e+02	9.258211430640470585e-01	0.000000000000000000e+00
7.499208406050667008e+02	9.255861326157841518e-01	0.000000000000000000e+00
7.503405500462666851e+02	9.253485622917353437e-01	0.000000000000000000e+00
7.507602594874666693e+02	9.251081689666973418e-01	0.000000000000000000e+00
7.511799689286667672e+02	9.248659444623762438e-01	0.000000000000000000e+00
7.515996783698667514e+02	9.246203003355690786e-01	0.000000000000000000e+00
7.520193878110667356e+02	9.243735116691524922e-01	0.000000000000000000e+00
7.524390972522667198e+02	9.241227527376447703e-01	0.000000000000000000e+00
7.528588066934667040e+02	9.238713927233018763e-01	0.000000000000000000e+00
7.532785161346666882e+02	9.236157592021789764e-01	0.000000000000000000e+00
7.536982255758666724e+02	9.233594671888515348e-01	0.000000000000000000e+00
7.541179350170666567e+02	9.230995593004547306e-01	0.000000000000000000e+00
7.545376444582666409e+02	9.228384782526694030e-01	0.000000000000000000e+00
7.549573538994666251e+02	9.225743986244052675e-01	0.000000000000000000e+00
7.553770633406666093e+02	9.223086742701561702e-01	0.000000000000000000e+00
7.557967727818667072e+02	9.220405282161101557e-01	0.000000000000000000e+00
7.562164822230666914e+02	9.217703086564408288e-01	0.000000000000000000e+00
7.566361916642666756e+02	9.214982039483674559e-01	0.000000000000000000e+00
7.570559011054667735e+02	9.212236392402908258e-01	0.000000000000000000e+00
7.574756105466667577e+02	9.209476858565556201e-01	0.000000000000000000e+00
7.578953199878667419e+02	9.206689275700342678e-01	0.000000000000000000e+00
7.583150294290667262e+02	9.203892374221221973e-01	0.000000000000000000e+00
7.587347388702667104e+02	9.201064381717006802e-01	0.000000000000000000e+00
7.591544483114666946e+02	9.198231248077437527e-01	0.000000000000000000e+00
7.595741577526666788e+02	9.195364377595302008e-01	0.000000000000000000e+00
7.599938671938666630e+02	9.192494086271354448e-01	0.000000000000000000e+00
7.604135766350666472e+02	9.189591943990889078e-01	0.000000000000000000e+00
7.608332860762666314e+02	9.186684669211503396e-01	0.000000000000000000e+00
7.612529955174666156e+02	9.183749766229803990e-01	0.000000000000000000e+00
7.616727049586667135e+02	9.180807022131169948e-01	0.000000000000000000e+00
7.620924143998666977e+02	9.177840524992457727e-01	0.000000000000000000e+00
7.625121238410666820e+02	9.174863813350608854e-01	0.000000000000000000e+00
7.629318332822666662e+02	9.171866886522830331e-01	0.000000000000000000e+00
7.633515427234667641e+02	9.168857690942793237e-01	0.000000000000000000e+00
7.637712521646667483e+02	9.165831492360497768e-01	0.000000000000000000e+00
7.641909616058667325e+02	9.162791272259308561e-01	0.000000000000000000e+00
7.646106710470667167e+02	9.159736948592404060e-01	0.000000000000000000e+00
7.650303804882667009e+02	9.156667132979910972e-01	0.000000000000000000e+00
7.654500899294666851e+02	9.153585814618204752e-01	0.000000000000000000e+00
7.658697993706666693e+02	9.150487795679209668e-01	0.000000000000000000e+00
7.662895088118666536e+02	9.147380591422704654e-01	0.000000000000000000e+00
7.667092182530666378e+02	9.144255717903084779e-01	0.000000000000000000e+00
7.671289276942666220e+02	9.141123709345285731e-01	0.000000000000000000e+00
7.675486371354666062e+02	9.137973279743942800e-01	0.000000000000000000e+00
7.679683465766667041e+02	9.134817515335433846e-01	0.000000000000000000e+00
7.683880560178666883e+02	9.131642770902834716e-01	0.000000000000000000e+00
7.688077654590666725e+02	9.128464259679609505e-01	0.000000000000000000e+00
7.692274749002667704e+02	9.125266377222834846e-01	0.000000000000000000e+00
7.696471843414667546e+02	9.122066082183011293e-01	0.000000000000000000e+00
7.700668937826667388e+02	9.118846166675899090e-01	0.000000000000000000e+00
7.704866032238667231e+02	9.115624997785836126e-01	0.000000000000000000e+00
7.709063126650667073e+02	9.112384074781987309e-01	0.000000000000000000e+00
7.713260221062666915e+02	9.109142325594292711e-01	0.000000000000000000e+00
7.717457315474666757e+02	9.105881889436208132e-01	0.000000000000000000e+00
7.721654409886666599e+02	9.102620209363992965e-01	0.000000000000000000e+00
7.725851504298666441e+02	9.099341235115919746e-01	0.000000000000000000e+00
7.730048598710666283e+02	9.096060449061083020e-01	0.000000000000000000e+00
7.734245693122666125e+02	9.092763556436199712e-01	0.000000000000000000e+00
7.738442787534667104e+02	9.089464386679187990e-01	0.000000000000000000e+00
7.742639881946666947e+02	9.086150101017860248e-01	0.000000000000000000e+00
7.746836976358666789e+02	9.082833159102090548e-01	0.000000000000000000e+00
7.751034070770666631e+02	9.079501901628008742e-01	0.000000000000000000e+00
7.755231165182667610e+02	9.076167680046195452e-01	0.000000000000000000e+00
7.759428259594667452e+02	9.072819757548515884e-01	0.000000000000000000e+00
7.763625354006667294e+02	9.069468621224126004e-01	0.000000000000000000e+00
7.767822448418667136e+02	9.066104215122977594e-01	0.000000000000000000e+00
7.772019542830666978e+02	9.062736392679380248e-01	0.000000000000000000e+00
7.776216637242666820e+02	9.059355547427688782e-01	0.000000000000000000e+00
7.780413731654666663e+02	9.055971122236958770e-01	0.000000000000000000e+00
7.784610826066666505e+02	9.052573733006629153e-01	0.000000000000000000e+00
7.788807920478666347e+02	9.049172634009441385e-01	0.000000000000000000e+00
7.793005014890666189e+02	9.045758433605135540e-01	0.000000000000000000e+00
7.797202109302666031e+02	9.042340425893129474e-01	0.000000000000000000e+00
7.801399203714667010e+02	9.038908970830547007e-01	0.000000000000000000e+00
7.805596298126666852e+02	9.035473645982117219e-01	0.000000000000000000e+00
7.809793392538666694e+02	9.032024301662482380e-01	0.000000000000000000e+00
7.813990486950667673e+02	9.028571067823721874e-01	0.000000000000000000e+00
7.818187581362667515e+02	9.025102992728430973e-01	0.000000000000000000e+00
7.822384675774667357e+02	9.021631064430827296e-01	0.000000000000000000e+00
7.826581770186667200e+02	9.018143193253816969e-01	0.000000000000000000e+00
7.830778864598667042e+02	9.014651580961740018e-01	0.000000000000000000e+00
7.834975959010666884e+02	9.011142606588692372e-01	0.000000000000000000e+00
7.839173053422666726e+02	9.007630105970665380e-01	0.000000000000000000e+00
7.843370147834666568e+02	9.004098460205715027e-01	0.000000000000000000e+00
7.847567242246666410e+02	9.000563641125407521e-01	0.000000000000000000e+00
7.851764336658666252e+02	8.997007474056927245e-01	0.000000000000000000e+00
7.855961431070666094e+02	8.993448669282290142e-01	0.000000000000000000e+00
7.860158525482667073e+02	8.989865827168703749e-01	0.000000000000000000e+00
7.864355619894666916e+02	8.986281120800364564e-01	0.000000000000000000e+00
7.868552714306666758e+02	8.982669122346251811e-01	0.000000000000000000e+00
7.872749808718666600e+02	8.979056337970331425e-01	0.000000000000000000e+00
7.876946903130667579e+02	8.975412348850911881e-01	0.000000000000000000e+00
7.881143997542667421e+02	8.971768359731493447e-01	0.000000000000000000e+00
7.885341091954667263e+02	8.968089842905738740e-01	0.000000000000000000e+00
7.889538186366667105e+02	8.964410648385610081e-01	0.000000000000000000e+00
7.893735280778666947e+02	8.960695245875680559e-01	0.000000000000000000e+00
7.897932375190666789e+02	8.956977221352229179e-01	0.000000000000000000e+00
7.902129469602666632e+02	8.953221459960080120e-01	0.000000000000000000e+00
7.906326564014666474e+02	8.949460539247839908e-01	0.000000000000000000e+00
7.910523658426666316e+02	8.945660601228201392e-01	0.000000000000000000e+00
7.914720752838666158e+02	8.941852242384623617e-01	0.000000000000000000e+00
7.918917847250666000e+02	8.938003949818826843e-01	0.000000000000000000e+00
7.923114941662666979e+02	8.934143098291617013e-01	0.000000000000000000e+00
7.927312036074666821e+02	8.930241897117269234e-01	0.000000000000000000e+00
7.931509130486666663e+02	8.926322945977955836e-01	0.000000000000000000e+00
7.935706224898667642e+02	8.922363889716521390e-01	0.000000000000000000e+00
7.939903319310667484e+02	8.918380636720465438e-01	0.000000000000000000e+00
7.944100413722667327e+02	8.914358369960426742e-01	0.000000000000000000e+00
7.948297508134667169e+02	8.910303971154880376e-01	0.000000000000000000e+00
7.952494602546667011e+02	8.906212712862908720e-01	0.000000000000000000e+00
7.956691696958666853e+02	8.902079632438574253e-01	0.000000000000000000e+00
7.960888791370666695e+02	8.897913159189514420e-01	0.000000000000000000e+00
7.965085885782666537e+02	8.893693115246203984e-01	0.000000000000000000e+00
7.969282980194666379e+02	8.889444744484515937e-01	0.000000000000000000e+00
7.973480074606666221e+02	8.885128650356448610e-01	0.000000000000000000e+00
7.977677169018666063e+02	8.880791223825772462e-01	0.000000000000000000e+00
7.981874263430667042e+02	8.876369124580149039e-01	0.000000000000000000e+00
7.986071357842666885e+02	8.871934992084924421e-01	0.000000000000000000e+00
7.990268452254666727e+02	8.867395995780722462e-01	0.000000000000000000e+00
7.994465546666666569e+02	8.862856999476520503e-01	0.000000000000000000e+00
