wavelength_nm	final_result_transmittance	cst_average_transmittance
3.7973711347e+02	8.5819244385e-01	8.4902687867e-01
3.8015682291e+02	8.5946492242e-01	8.5061872005e-01
3.8057653235e+02	8.5968529877e-01	8.5210110744e-01
3.8099624179e+02	8.6004066082e-01	8.5347153743e-01
3.8141595123e+02	8.6104970363e-01	8.5472750664e-01
3.8183566067e+02	8.6110794514e-01	8.5586657127e-01
3.8225537011e+02	8.6195844214e-01	8.5688640674e-01
3.8267507956e+02	8.6254000670e-01	8.5778494676e-01
3.8309478900e+02	8.6265278125e-01	8.5856030385e-01
3.8351449844e+02	8.6343998036e-01	8.5921076934e-01
3.8393420788e+02	8.6395812255e-01	8.5973497232e-01
3.8435391732e+02	8.6420225706e-01	8.6013189952e-01
3.8477362676e+02	8.6387205448e-01	8.6040083567e-01
3.8519333620e+02	8.6409341872e-01	8.6054146290e-01
3.8561304564e+02	8.6385501350e-01	8.6055308580e-01
3.8603275508e+02	8.6430686604e-01	8.6043645938e-01
3.8645246453e+02	8.6426017889e-01	8.6019317309e-01
3.8687217397e+02	8.6357562643e-01	8.5982453823e-01
3.8729188341e+02	8.6319701640e-01	8.5933234294e-01
3.8771159285e+02	8.6281048826e-01	8.5871877273e-01
3.8813130229e+02	8.6268693646e-01	8.5798648993e-01
3.8855101173e+02	8.6175820273e-01	8.5713853439e-01
3.8897072117e+02	8.6142397920e-01	8.5617828369e-01
3.8939043061e+02	8.6060865923e-01	8.5510951281e-01
3.8981014006e+02	8.5944083162e-01	8.5393635432e-01
3.9022984950e+02	8.5885996858e-01	8.5266311963e-01
3.9064955894e+02	8.5774519107e-01	8.5129459699e-01
3.9106926838e+02	8.5644646517e-01	8.4983559450e-01
3.9148897782e+02	8.5510958939e-01	8.4829123815e-01
3.9190868726e+02	8.5394639927e-01	8.4666675329e-01
3.9232839670e+02	8.5279775475e-01	8.4496752421e-01
3.9274810614e+02	8.5167950863e-01	8.4319903453e-01
3.9316781559e+02	8.4990060573e-01	8.4136674802e-01
3.9358752503e+02	8.4828740123e-01	8.3947614829e-01
3.9400723447e+02	8.4669022970e-01	8.3753261964e-01
3.9442694391e+02	8.4486501355e-01	8.3554144700e-01
3.9484665335e+02	8.4338502064e-01	8.3350839218e-01
3.9526636279e+02	8.4136424050e-01	8.3143874009e-01
3.9568607223e+02	8.3948954831e-01	8.2933759689e-01
3.9610578167e+02	8.3751393926e-01	8.2721002897e-01
3.9652549111e+02	8.3512975065e-01	8.2506082455e-01
3.9694520056e+02	8.3293063862e-01	8.2289465268e-01
3.9736491000e+02	8.3104599164e-01	8.2071596384e-01
3.9778461944e+02	8.2907337986e-01	8.1852900982e-01
3.9820432888e+02	8.2742062597e-01	8.1633784374e-01
3.9862403832e+02	8.2479783758e-01	8.1414624055e-01
3.9904374776e+02	8.2223829497e-01	8.1195791562e-01
3.9946345720e+02	8.1993199719e-01	8.0977618694e-01
3.9988316664e+02	8.1796806736e-01	8.0760437250e-01
4.0030287609e+02	8.1522370535e-01	8.0544571082e-01
4.0072258553e+02	8.1350366269e-01	8.0330272516e-01
4.0114229497e+02	8.1136236953e-01	8.0117797852e-01
4.0156200441e+02	8.0924031854e-01	7.9907383521e-01
4.0198171385e+02	8.0690452882e-01	7.9699246089e-01
4.0240142329e+02	8.0469694345e-01	7.9493580262e-01
4.0282113273e+02	8.0262740309e-01	7.9290564855e-01
4.0324084217e+02	8.0052639334e-01	7.9090366761e-01
4.0366055162e+02	7.9880214298e-01	7.8893236319e-01
4.0408026106e+02	7.9657220932e-01	7.8699239095e-01
4.0449997050e+02	7.9503607343e-01	7.8508472443e-01
4.0491967994e+02	7.9335515314e-01	7.8321047624e-01
4.0533938938e+02	7.9073850853e-01	7.8137054046e-01
4.0575909882e+02	7.8894559360e-01	7.7956577142e-01
4.0617880826e+02	7.8695796595e-01	7.7779694398e-01
4.0659851770e+02	7.8599426469e-01	7.7606644233e-01
4.0701822714e+02	7.8438986318e-01	7.7437311411e-01
4.0743793659e+02	7.8182151333e-01	7.7271753550e-01
4.0785764603e+02	7.8022045773e-01	7.7109998465e-01
4.0827735547e+02	7.7819324913e-01	7.6952091853e-01
4.0869706491e+02	7.7655020341e-01	7.6798091332e-01
4.0911677435e+02	7.7557635023e-01	7.6648171743e-01
4.0953648379e+02	7.7371764967e-01	7.6502174139e-01
4.0995619323e+02	7.7210801266e-01	7.6360116402e-01
4.1037590267e+02	7.7029561587e-01	7.6222004493e-01
4.1079561212e+02	7.6887182378e-01	7.6087844372e-01
4.1121532156e+02	7.6853270185e-01	7.5957886378e-01
4.1163503100e+02	7.6731458020e-01	7.5831911961e-01
4.1205474044e+02	7.6582363146e-01	7.5709901253e-01
4.1247444988e+02	7.6358673679e-01	7.5591858228e-01
4.1289415932e+02	7.6307672957e-01	7.5477830569e-01
4.1331386876e+02	7.6114376484e-01	7.5367983182e-01
4.1373357820e+02	7.6055109972e-01	7.5262095531e-01
4.1415328765e+02	7.6002264293e-01	7.5160151720e-01
4.1457299709e+02	7.5825840640e-01	7.5062145789e-01
4.1499270653e+02	7.5694960314e-01	7.4968294303e-01
4.1541241597e+02	7.5617622917e-01	7.4878434340e-01
4.1583212541e+02	7.5495665849e-01	7.4792480469e-01
4.1625183485e+02	7.5428699987e-01	7.4710422754e-01
4.1667154429e+02	7.5377855587e-01	7.4632445971e-01
4.1709125373e+02	7.5201129527e-01	7.4558452765e-01
4.1751096317e+02	7.5174878935e-01	7.4488313993e-01
4.1793067262e+02	7.5112586306e-01	7.4422007799e-01
4.1835038206e+02	7.5068064767e-01	7.4359768629e-01
4.1877009150e+02	7.4907142601e-01	7.4301423629e-01
4.1918980094e+02	7.4933133443e-01	7.4246863524e-01
4.1960951038e+02	7.4861603152e-01	7.4196068446e-01
4.2002921982e+02	7.4835638372e-01	7.4149364233e-01
4.2044892926e+02	7.4782963468e-01	7.4106385310e-01
4.2086863870e+02	7.4724080091e-01	7.4067099889e-01
4.2128834815e+02	7.4710107265e-01	7.4031664928e-01
4.2170805759e+02	7.4740641490e-01	7.4000070492e-01
4.2212776703e+02	7.4666513791e-01	7.3972103993e-01
4.2254747647e+02	7.4570002214e-01	7.3947755496e-01
4.2296718591e+02	7.4528903522e-01	7.3927328984e-01
4.2338689535e+02	7.4576341370e-01	7.3910439014e-01
4.2380660479e+02	7.4456281991e-01	7.3897051811e-01
4.2422631423e+02	7.4511527472e-01	7.3887447516e-01
4.2464602368e+02	7.4428219186e-01	7.3881363869e-01
4.2506573312e+02	7.4395644800e-01	7.3878681660e-01
4.2548544256e+02	7.4227231967e-01	7.3879609505e-01
4.2590515200e+02	7.4292772872e-01	7.3884014289e-01
4.2632486144e+02	7.4201691281e-01	7.3891707261e-01
4.2674457088e+02	7.4231696099e-01	7.3902867238e-01
4.2716428032e+02	7.4227547331e-01	7.3917408784e-01
4.2758398976e+02	7.4196087740e-01	7.3935105403e-01
4.2800369920e+02	7.4151326542e-01	7.3956147830e-01
4.2842340865e+02	7.4235313779e-01	7.3980418841e-01
4.2884311809e+02	7.4216281262e-01	7.4007707834e-01
4.2926282753e+02	7.4164481509e-01	7.4038229386e-01
4.2968253697e+02	7.4228089991e-01	7.4071786801e-01
4.3010224641e+02	7.4225979923e-01	7.4108201265e-01
4.3052195585e+02	7.4221945827e-01	7.4147758881e-01
4.3094166529e+02	7.4253095597e-01	7.4190109968e-01
4.3136137473e+02	7.4292545155e-01	7.4235190948e-01
4.3178108418e+02	7.4252094114e-01	7.4283238252e-01
4.3220079362e+02	7.4360969519e-01	7.4333840609e-01
4.3262050306e+02	7.4355399753e-01	7.4387107293e-01
4.3304021250e+02	7.4352234675e-01	7.4443014463e-01
4.3345992194e+02	7.4436186048e-01	7.4501291911e-01
4.3387963138e+02	7.4507777640e-01	7.4562152227e-01
4.3429934082e+02	7.4593024208e-01	7.4625309308e-01
4.3471905026e+02	7.4657355985e-01	7.4690705538e-01
4.3513875971e+02	7.4649053886e-01	7.4758444230e-01
4.3555846915e+02	7.4755542827e-01	7.4828187625e-01
4.3597817859e+02	7.4757534260e-01	7.4900100629e-01
4.3639788803e+02	7.4809879046e-01	7.4973954757e-01
4.3681759747e+02	7.4886953917e-01	7.5049662590e-01
4.3723730691e+02	7.4921870282e-01	7.5127291679e-01
4.3765701635e+02	7.4931384872e-01	7.5206536055e-01
4.3807672579e+02	7.5145339748e-01	7.5287538767e-01
4.3849643523e+02	7.5125428205e-01	7.5370035569e-01
4.3891614468e+02	7.5281209007e-01	7.5454010566e-01
4.3933585412e+02	7.5296459951e-01	7.5539398193e-01
4.3975556356e+02	7.5518948933e-01	7.5626001755e-01
4.4017527300e+02	7.5567956506e-01	7.5713898738e-01
4.4059498244e+02	7.5636664733e-01	7.5802814960e-01
4.4101469188e+02	7.5768218572e-01	7.5892800093e-01
4.4143440132e+02	7.5901660539e-01	7.5983655453e-01
4.4185411076e+02	7.5996699464e-01	7.6075335344e-01
4.4227382021e+02	7.6066944636e-01	7.6167734464e-01
4.4269352965e+02	7.6136765729e-01	7.6260733604e-01
4.4311323909e+02	7.6283367382e-01	7.6354269187e-01
4.4353294853e+02	7.6333247373e-01	7.6448194186e-01
4.4395265797e+02	7.6450232068e-01	7.6542460918e-01
4.4437236741e+02	7.6469939568e-01	7.6636922359e-01
4.4479207685e+02	7.6600662709e-01	7.6731508970e-01
4.4521178629e+02	7.6687877186e-01	7.6826101542e-01
4.4563149574e+02	7.6765393379e-01	7.6920600732e-01
4.4605120518e+02	7.6817762437e-01	7.7014915148e-01
4.4647091462e+02	7.6960813272e-01	7.7108929555e-01
4.4689062406e+02	7.7050250568e-01	7.7202556531e-01
4.4731033350e+02	7.7246773218e-01	7.7295690775e-01
4.4773004294e+02	7.7205163417e-01	7.7388232946e-01
4.4814975238e+02	7.7256608756e-01	7.7480093638e-01
4.4856946182e+02	7.7376175209e-01	7.7571155628e-01
4.4898917126e+02	7.7407235273e-01	7.7661351363e-01
4.4940888071e+02	7.7437945271e-01	7.7750555674e-01
4.4982859015e+02	7.7576882909e-01	7.7838714918e-01
4.5024829959e+02	7.7648563460e-01	7.7925692002e-01
4.5066800903e+02	7.7710606551e-01	7.8011445204e-01
4.5108771847e+02	7.7791591740e-01	7.8095843395e-01
4.5150742791e+02	7.7877500839e-01	7.8178842862e-01
4.5192713735e+02	7.7986943994e-01	7.8260328372e-01
4.5234684679e+02	7.7995517805e-01	7.8340244293e-01
4.5276655624e+02	7.8080394850e-01	7.8418507179e-01
4.5318626568e+02	7.8234739062e-01	7.8495025635e-01
4.5360597512e+02	7.8245764645e-01	7.8569777807e-01
4.5402568456e+02	7.8275500932e-01	7.8642610709e-01
4.5444539400e+02	7.8337030130e-01	7.8713591894e-01
4.5486510344e+02	7.8434465259e-01	7.8782476981e-01
4.5528481288e+02	7.8568873331e-01	7.8849454721e-01
4.5570452232e+02	7.8627066905e-01	7.8914153576e-01
4.5612423177e+02	7.8633862648e-01	7.8976913293e-01
4.5654394121e+02	7.8674822646e-01	7.9037229220e-01
4.5696365065e+02	7.8733312678e-01	7.9095516602e-01
4.5738336009e+02	7.8766411406e-01	7.9151358207e-01
4.5780306953e+02	7.8852897771e-01	7.9205008348e-01
4.5822277897e+02	7.8843361304e-01	7.9256256421e-01
4.5864248841e+02	7.8949522886e-01	7.9305136204e-01
4.5906219785e+02	7.8929847807e-01	7.9351693392e-01
4.5948190729e+02	7.8975213336e-01	7.9395715396e-01
4.5990161674e+02	7.9051144184e-01	7.9437518120e-01
4.6032132618e+02	7.9148458186e-01	7.9476614793e-01
4.6074103562e+02	7.9068990468e-01	7.9513498147e-01
4.6116074506e+02	7.9171700775e-01	7.9547786713e-01
4.6158045450e+02	7.9241317880e-01	7.9579708974e-01
4.6200016394e+02	7.9256563553e-01	7.9609223207e-01
4.6241987338e+02	7.9226029092e-01	7.9636210203e-01
4.6283958282e+02	7.9231811971e-01	7.9660995801e-01
4.6325929227e+02	7.9274618685e-01	7.9683095217e-01
4.6367900171e+02	7.9276275578e-01	7.9703021049e-01
4.6409871115e+02	7.9311786963e-01	7.9720513026e-01
4.6451842059e+02	7.9377422836e-01	7.9735674461e-01
4.6493813003e+02	7.9337037653e-01	7.9748670260e-01
4.6535783947e+02	7.9331427942e-01	7.9759184519e-01
4.6577754891e+02	7.9362433524e-01	7.9767654339e-01
4.6619725835e+02	7.9332131672e-01	7.9773829381e-01
4.6661696780e+02	7.9375105473e-01	7.9777866602e-01
4.6703667724e+02	7.9324448700e-01	7.9779918989e-01
4.6745638668e+02	7.9399501615e-01	7.9779702425e-01
4.6787609612e+02	7.9272902770e-01	7.9777632157e-01
4.6829580556e+02	7.9313200585e-01	7.9773537318e-01
4.6871551500e+02	7.9330009216e-01	7.9767497381e-01
4.6913522444e+02	7.9301082799e-01	7.9759740829e-01
4.6955493388e+02	7.9185974958e-01	7.9749977589e-01
4.6997464332e+02	7.9253250082e-01	7.9738569260e-01
4.7039435277e+02	7.9219287336e-01	7.9725505908e-01
4.7081406221e+02	7.9192215527e-01	7.9710688194e-01
4.7123377165e+02	7.9215545079e-01	7.9694402218e-01
4.7165348109e+02	7.9252545405e-01	7.9676542679e-01
4.7207319053e+02	7.9169486719e-01	7.9657196999e-01
4.7249289997e+02	7.9114264570e-01	7.9636553923e-01
4.7291260941e+02	7.9126975697e-01	7.9614454508e-01
4.7333231885e+02	7.9047559005e-01	7.9591115316e-01
4.7375202830e+02	7.8992861133e-01	7.9566641649e-01
4.7417173774e+02	7.8981709884e-01	7.9540862640e-01
4.7459144718e+02	7.8976208156e-01	7.9514064391e-01
4.7501115662e+02	7.8932078040e-01	7.9486268759e-01
4.7543086606e+02	7.8892840042e-01	7.9457394282e-01
4.7585057550e+02	7.8859485026e-01	7.9427665472e-01
4.7627028494e+02	7.8908573499e-01	7.9397092263e-01
4.7668999438e+02	7.8787078805e-01	7.9365648826e-01
4.7710970383e+02	7.8830432183e-01	7.9333508015e-01
4.7752941327e+02	7.8734178655e-01	7.9300689697e-01
4.7794912271e+02	7.8722238669e-01	7.9267185926e-01
4.7836883215e+02	7.8645331272e-01	7.9233137767e-01
4.7878854159e+02	7.8547698750e-01	7.9198575020e-01
4.7920825103e+02	7.8576266703e-01	7.9163491726e-01
4.7962796047e+02	7.8486514100e-01	7.9128013055e-01
4.8004766991e+02	7.8501713167e-01	7.9092176755e-01
4.8046737935e+02	7.8470235618e-01	7.9055978854e-01
4.8088708880e+02	7.8399663695e-01	7.9019524654e-01
4.8130679824e+02	7.8348337759e-01	7.8982847929e-01
4.8172650768e+02	7.8277772390e-01	7.8945966562e-01
4.8214621712e+02	7.8259222275e-01	7.8908952077e-01
4.8256592656e+02	7.8178377213e-01	7.8871838252e-01
4.8298563600e+02	7.8239658038e-01	7.8834664822e-01
4.8340534544e+02	7.8093028569e-01	7.8797473510e-01
4.8382505488e+02	7.8112163688e-01	7.8760302067e-01
4.8424476433e+02	7.7993766680e-01	7.8723184268e-01
4.8466447377e+02	7.7937965390e-01	7.8686165810e-01
4.8508418321e+02	7.7903456712e-01	7.8649272521e-01
4.8550389265e+02	7.7857615050e-01	7.8612528245e-01
4.8592360209e+02	7.7799411349e-01	7.8575994571e-01
4.8634331153e+02	7.7806055368e-01	7.8539677461e-01
4.8676302097e+02	7.7789825589e-01	7.8503600756e-01
4.8718273041e+02	7.7724040942e-01	7.8467806180e-01
4.8760243986e+02	7.7678341506e-01	7.8432337443e-01
4.8802214930e+02	7.7691989927e-01	7.8397184610e-01
4.8844185874e+02	7.7628506028e-01	7.8362369537e-01
4.8886156818e+02	7.7647101698e-01	7.8327961763e-01
4.8928127762e+02	7.7543760060e-01	7.8293955326e-01
4.8970098706e+02	7.7518922192e-01	7.8260352214e-01
4.9012069650e+02	7.7513670927e-01	7.8227168322e-01
4.9054040594e+02	7.7438718060e-01	7.8194493055e-01
4.9096011538e+02	7.7425896984e-01	7.8162276745e-01
4.9137982483e+02	7.7394908695e-01	7.8130531311e-01
4.9179953427e+02	7.7398776604e-01	7.8099278609e-01
4.9221924371e+02	7.7358733495e-01	7.8068598111e-01
4.9263895315e+02	7.7272657895e-01	7.8038430214e-01
4.9305866259e+02	7.7168357673e-01	7.8008786837e-01
4.9347837203e+02	7.7184527431e-01	7.7979683876e-01
4.9389808147e+02	7.7152751037e-01	7.7951204777e-01
4.9431779091e+02	7.7076936642e-01	7.7923278014e-01
4.9473750036e+02	7.7109198578e-01	7.7895909548e-01
4.9515720980e+02	7.7069645686e-01	7.7869111300e-01
4.9557691924e+02	7.7056399448e-01	7.7842974663e-01
4.9599662868e+02	7.6985600038e-01	7.7817420165e-01
4.9641633812e+02	7.7000408899e-01	7.7792447805e-01
4.9683604756e+02	7.6943643525e-01	7.7768065532e-01
4.9725575700e+02	7.6879377829e-01	7.7744338910e-01
4.9767546644e+02	7.6845825488e-01	7.7721234163e-01
4.9809517589e+02	7.6867705144e-01	7.7698729436e-01
4.9851488533e+02	7.6818943867e-01	7.7676816781e-01
4.9893459477e+02	7.6835810894e-01	7.7655527989e-01
4.9935430421e+02	7.6811486765e-01	7.7634900808e-01
4.9977401365e+02	7.6791906529e-01	7.7614873648e-01
5.0019372309e+02	7.6719934177e-01	7.7595442533e-01
5.0061343253e+02	7.6743864938e-01	7.7576603492e-01
5.0103314197e+02	7.6768738024e-01	7.7558410168e-01
5.0145285141e+02	7.6713913790e-01	7.7540838718e-01
5.0187256086e+02	7.6757305869e-01	7.7523851395e-01
5.0229227030e+02	7.6758879292e-01	7.7507444223e-01
5.0271197974e+02	7.6742983119e-01	7.7491613229e-01
5.0313168918e+02	7.6766084610e-01	7.7476414045e-01
5.0355139862e+02	7.6693010168e-01	7.7461800973e-01
5.0397110806e+02	7.6683324658e-01	7.7447746197e-01
5.0439081750e+02	7.6687561439e-01	7.7434243759e-01
5.0481052694e+02	7.6641679947e-01	7.7421285709e-01
5.0523023639e+02	7.6686755805e-01	7.7408917745e-01
5.0564994583e+02	7.6615537892e-01	7.7397102118e-01
5.0606965527e+02	7.6669892953e-01	7.7385811011e-01
5.0648936471e+02	7.6589980630e-01	7.7375032504e-01
5.0690907415e+02	7.6609640659e-01	7.7364760637e-01
5.0732878359e+02	7.6609778400e-01	7.7355001370e-01
5.0774849303e+02	7.6518329527e-01	7.7345776558e-01
5.0816820247e+02	7.6496005612e-01	7.7337030570e-01
5.0858791192e+02	7.6481312836e-01	7.7328749498e-01
5.0900762136e+02	7.6477849549e-01	7.7320921421e-01
5.0942733080e+02	7.6544915535e-01	7.7313544353e-01
5.0984704024e+02	7.6456065185e-01	7.7306628227e-01
5.1026674968e+02	7.6563738630e-01	7.7300163110e-01
5.1068645912e+02	7.6532531029e-01	7.7294111252e-01
5.1110616856e+02	7.6471132345e-01	7.7288458745e-01
5.1152587800e+02	7.6499897180e-01	7.7283195655e-01
5.1194558744e+02	7.6569634660e-01	7.7278310061e-01
5.1236529689e+02	7.6545804921e-01	7.7273805936e-01
5.1278500633e+02	7.6597663299e-01	7.7269683282e-01
5.1320471577e+02	7.6494932737e-01	7.7265900373e-01
5.1362442521e+02	7.6556047068e-01	7.7262445291e-01
5.1404413465e+02	7.6554138031e-01	7.7259308100e-01
5.1446384409e+02	7.6592085658e-01	7.7256472905e-01
5.1488355353e+02	7.6544338727e-01	7.7253929774e-01
5.1530326297e+02	7.6557087269e-01	7.7251686653e-01
5.1572297242e+02	7.6566923081e-01	7.7249717712e-01
5.1614268186e+02	7.6582818528e-01	7.7247999112e-01
5.1656239130e+02	7.6662292856e-01	7.7246520917e-01
5.1698210074e+02	7.6561788566e-01	7.7245267232e-01
5.1740181018e+02	7.6529536364e-01	7.7244232098e-01
5.1782151962e+02	7.6627936756e-01	7.7243395646e-01
5.1824122906e+02	7.6566055964e-01	7.7242755890e-01
5.1866093850e+02	7.6509715631e-01	7.7242304881e-01
5.1908064795e+02	7.6494111490e-01	7.7242012819e-01
5.1950035739e+02	7.6532160436e-01	7.7241869768e-01
5.1992006683e+02	7.6539997972e-01	7.7241865794e-01
5.2033977627e+02	7.6516598822e-01	7.7241986990e-01
5.2075948571e+02	7.6489717413e-01	7.7242223422e-01
5.2117919515e+02	7.6500427619e-01	7.7242559195e-01
5.2159890459e+02	7.6465693800e-01	7.7242988348e-01
5.2201861403e+02	7.6521330848e-01	7.7243496974e-01
5.2243832347e+02	7.6503104166e-01	7.7244071166e-01
5.2285803292e+02	7.6589178957e-01	7.7244697014e-01
5.2327774236e+02	7.6538840391e-01	7.7245366573e-01
5.2369745180e+02	7.6610486982e-01	7.7246061961e-01
5.2411716124e+02	7.6512265391e-01	7.7246781190e-01
5.2453687068e+02	7.6554900540e-01	7.7247508367e-01
5.2495658012e+02	7.6565038581e-01	7.7248233557e-01
5.2537628956e+02	7.6542143257e-01	7.7248948812e-01
5.2579599900e+02	7.6447855297e-01	7.7249638240e-01
5.2621570845e+02	7.6530944080e-01	7.7250293891e-01
5.2663541789e+02	7.6480730676e-01	7.7250903845e-01
5.2705512733e+02	7.6488036653e-01	7.7251464128e-01
5.2747483677e+02	7.6512609931e-01	7.7251962821e-01
5.2789454621e+02	7.6500882474e-01	7.7252386014e-01
5.2831425565e+02	7.6550154191e-01	7.7252731721e-01
5.2873396509e+02	7.6560163320e-01	7.7252990007e-01
5.2915367453e+02	7.6555854205e-01	7.7253150940e-01
5.2957338398e+02	7.6512116775e-01	7.7253206571e-01
5.2999309342e+02	7.6524477914e-01	7.7253146966e-01
5.3041280286e+02	7.6611428981e-01	7.7252958218e-01
5.3083251230e+02	7.6602459109e-01	7.7252638340e-01
5.3125222174e+02	7.6493630256e-01	7.7252183358e-01
5.3167193118e+02	7.6450109986e-01	7.7251585325e-01
5.3209164062e+02	7.6484981770e-01	7.7250834306e-01
5.3251135006e+02	7.6540791659e-01	7.7249924342e-01
5.3293105950e+02	7.6412764392e-01	7.7248849471e-01
5.3335076895e+02	7.6544004650e-01	7.7247607708e-01
5.3377047839e+02	7.6536423499e-01	7.7246183157e-01
5.3419018783e+02	7.6417160205e-01	7.7244577805e-01
5.3460989727e+02	7.6448635218e-01	7.7242779732e-01
5.3502960671e+02	7.6513534293e-01	7.7240788937e-01
5.3544931615e+02	7.6469322658e-01	7.7238595486e-01
5.3586902559e+02	7.6488588957e-01	7.7236195405e-01
5.3628873503e+02	7.6412139422e-01	7.7233574788e-01
5.3670844448e+02	7.6523526045e-01	7.7230729659e-01
5.3712815392e+02	7.6591357351e-01	7.7227660020e-01
5.3754786336e+02	7.6460026183e-01	7.7224361897e-01
5.3796757280e+02	7.6618283338e-01	7.7220825354e-01
5.3838728224e+02	7.6750576424e-01	7.7217046420e-01
5.3880699168e+02	7.6748442727e-01	7.7213021119e-01
5.3922670112e+02	7.5688185982e-01	7.7208739519e-01
5.3964641056e+02	7.6058269203e-01	7.7204201619e-01
5.4006612001e+02	7.6164237710e-01	7.7199397484e-01
5.4048582945e+02	7.6121337284e-01	7.7194319169e-01
5.4090553889e+02	7.6236631289e-01	7.7188964685e-01
5.4132524833e+02	7.6154734269e-01	7.7183326085e-01
5.4174495777e+02	7.6219314974e-01	7.7177391450e-01
5.4216466721e+02	7.6125003174e-01	7.7171160777e-01
5.4258437665e+02	7.6130391134e-01	7.7164622148e-01
5.4300408609e+02	7.6145970700e-01	7.7157765627e-01
5.4342379553e+02	7.6139096438e-01	7.7150589228e-01
5.4384350498e+02	7.6198017473e-01	7.7143077056e-01
5.4426321442e+02	7.6256986188e-01	7.7135225137e-01
5.4468292386e+02	7.6209622670e-01	7.7127019564e-01
5.4510263330e+02	7.6223038737e-01	7.7118452390e-01
5.4552234274e+02	7.6229000502e-01	7.7109511693e-01
5.4594205218e+02	7.6273498220e-01	7.7100183566e-01
5.4636176162e+02	7.6215118260e-01	7.7090460062e-01
5.4678147106e+02	7.6221155788e-01	7.7080321312e-01
5.4720118051e+02	7.6364463369e-01	7.7069759369e-01
5.4762088995e+02	7.6354778291e-01	7.7058754365e-01
5.4804059939e+02	7.6260542645e-01	7.7047294378e-01
5.4846030883e+02	7.6251978056e-01	7.7035359542e-01
5.4888001827e+02	7.6311397325e-01	7.7022929986e-01
5.4929972771e+02	7.6304292949e-01	7.7009987831e-01
5.4971943715e+02	7.6298660849e-01	7.6996511221e-01
5.5013914659e+02	7.6320212382e-01	7.6982482274e-01
5.5055885604e+02	7.6299415346e-01	7.6967873176e-01
5.5097856548e+02	7.6260710794e-01	7.6952662071e-01
5.5139827492e+02	7.6300190357e-01	7.6936817169e-01
5.5181798436e+02	7.6269072947e-01	7.6920314630e-01
5.5223769380e+02	7.6305457668e-01	7.6903124650e-01
5.5265740324e+02	7.6354926067e-01	7.6885213455e-01
5.5307711268e+02	7.6191077500e-01	7.6866547267e-01
5.5349682212e+02	7.6254885774e-01	7.6847094297e-01
5.5391653156e+02	7.6239957478e-01	7.6826810837e-01
5.5433624101e+02	7.6180643080e-01	7.6805659135e-01
5.5475595045e+02	7.6124599178e-01	7.6783595483e-01
5.5517565989e+02	7.6160681266e-01	7.6760574182e-01
5.5559536933e+02	7.6171242471e-01	7.6736549536e-01
5.5601507877e+02	7.6188439269e-01	7.6711467902e-01
5.5643478821e+02	7.6207177660e-01	7.6685279608e-01
5.5685449765e+02	7.6144611335e-01	7.6657921076e-01
5.5727420709e+02	7.6106163065e-01	7.6629336675e-01
5.5769391654e+02	7.6064443066e-01	7.6599458853e-01
5.5811362598e+02	7.6036532162e-01	7.6568226020e-01
5.5853333542e+02	7.6042258100e-01	7.6535562674e-01
5.5895304486e+02	7.6015998128e-01	7.6501395305e-01
5.5937275430e+02	7.6154483818e-01	7.6465638479e-01
5.5979246374e+02	7.6202867487e-01	7.6428216696e-01
5.6021217318e+02	7.6078739825e-01	7.6389034589e-01
5.6063188262e+02	7.6163980431e-01	7.6347998778e-01
5.6105159207e+02	7.5991332999e-01	7.6305015882e-01
5.6147130151e+02	7.6002639209e-01	7.6259972652e-01
5.6189101095e+02	7.5999811147e-01	7.6212763786e-01
5.6231072039e+02	7.5806622152e-01	7.6163276037e-01
5.6273042983e+02	7.5848947707e-01	7.6111376286e-01
5.6315013927e+02	7.5938360347e-01	7.6056941350e-01
5.6356984871e+02	7.5872912096e-01	7.5999838114e-01
5.6398955815e+02	7.5806296640e-01	7.5939911604e-01
5.6440926759e+02	7.5815668132e-01	7.5877022743e-01
5.6482897704e+02	7.5760233726e-01	7.5811000665e-01
5.6524868648e+02	7.5655445997e-01	7.5741682450e-01
5.6566839592e+02	7.5620436675e-01	7.5668885310e-01
5.6608810536e+02	7.5726984426e-01	7.5592428446e-01
5.6650781480e+02	7.5559424755e-01	7.5512003899e-01
5.6692752424e+02	7.5450236676e-01	7.5427343448e-01
5.6734723368e+02	7.5560311314e-01	7.5338357687e-01
5.6776694312e+02	7.5367676603e-01	7.5244808197e-01
5.6818665257e+02	7.5523559436e-01	7.5146450599e-01
5.6860636201e+02	7.5416320293e-01	7.5043024619e-01
5.6902607145e+02	7.5396247850e-01	7.4934260050e-01
5.6944578089e+02	7.5226022920e-01	7.4819862843e-01
5.6986549033e+02	7.5171171353e-01	7.4699536959e-01
5.7028519977e+02	7.5126172990e-01	7.4572962523e-01
5.7070490921e+02	7.4981835914e-01	7.4439807733e-01
5.7112461865e+02	7.4906405546e-01	7.4299724897e-01
5.7154432810e+02	7.4814115762e-01	7.4152342478e-01
5.7196403754e+02	7.4783898318e-01	7.3997280995e-01
5.7238374698e+02	7.4641284884e-01	7.3834141095e-01
5.7280345642e+02	7.4587161688e-01	7.3662493626e-01
5.7322316586e+02	7.4387354018e-01	7.3481172323e-01
5.7364287530e+02	7.4394416674e-01	7.3290230831e-01
5.7406258474e+02	7.4173530670e-01	7.3089287678e-01
5.7448229418e+02	7.4010505474e-01	7.2877828280e-01
5.7490200362e+02	7.3865476616e-01	7.2655326128e-01
5.7532171307e+02	7.3919307770e-01	7.2421232859e-01
5.7574142251e+02	7.3658679280e-01	7.2174970309e-01
5.7616113195e+02	7.3458797150e-01	7.1915942430e-01
5.7658084139e+02	7.3400418189e-01	7.1643523375e-01
5.7700055083e+02	7.3251866447e-01	7.1357055505e-01
5.7742026027e+02	7.3016647193e-01	7.1055833499e-01
5.7783996971e+02	7.2915283656e-01	7.0739108324e-01
5.7825967915e+02	7.2681345812e-01	7.0404434204e-01
5.7867938860e+02	7.2296745590e-01	7.0051858823e-01
5.7909909804e+02	7.1965307321e-01	6.9680549701e-01
5.7951880748e+02	7.1433646601e-01	6.9289127986e-01
5.7993851692e+02	7.1487704236e-01	6.8875932693e-01
5.8035822636e+02	7.1641793950e-01	6.8438980977e-01
5.8077793580e+02	7.1305492281e-01	6.7975940307e-01
5.8119764524e+02	7.0915693018e-01	6.7484172185e-01
5.8161735468e+02	7.0541551005e-01	6.6960847378e-01
5.8203706413e+02	7.0224833000e-01	6.6403098901e-01
5.8245677357e+02	6.9894896664e-01	6.5805166960e-01
5.8287648301e+02	6.9327809717e-01	6.5165440241e-01
5.8329619245e+02	6.8967626136e-01	6.4484671752e-01
5.8371590189e+02	6.8493202476e-01	6.3762160142e-01
5.8413561133e+02	6.7948138207e-01	6.2997525930e-01
5.8455532077e+02	6.7375316182e-01	6.2190502882e-01
5.8497503021e+02	6.6865267194e-01	6.1340785027e-01
5.8539473965e+02	6.6389108384e-01	6.0447915395e-01
5.8581444910e+02	6.5609182445e-01	5.9511264165e-01
5.8623415854e+02	6.5017648810e-01	5.8526436488e-01
5.8665386798e+02	6.4148018206e-01	5.7492587964e-01
5.8707357742e+02	6.3433050563e-01	5.6412345171e-01
5.8749328686e+02	6.2593190607e-01	5.5285539230e-01
5.8791299630e+02	6.1872453924e-01	5.4112579425e-01
5.8833270574e+02	6.0876390869e-01	5.2894473076e-01
5.8875241518e+02	5.9738927629e-01	5.1631917556e-01
5.8917212463e+02	5.8781281757e-01	5.0322410464e-01
5.8959183407e+02	5.7690354572e-01	4.8947915435e-01
5.9001154351e+02	5.6333401374e-01	4.7435095906e-01
5.9043125295e+02	5.5197863229e-01	4.5770735542e-01
5.9085096239e+02	5.3944979553e-01	4.4033823411e-01
5.9127067183e+02	5.2660189887e-01	4.2278766632e-01
5.9169038127e+02	5.1440957636e-01	4.0519090494e-01
5.9211009071e+02	4.9969439666e-01	3.8741785288e-01
5.9252980016e+02	4.8487096524e-01	3.6935912569e-01
5.9294950960e+02	4.6971581479e-01	3.5095209877e-01
5.9336921904e+02	4.5325176793e-01	3.3225501577e-01
5.9378892848e+02	4.3786670863e-01	3.1335433324e-01
5.9420863792e+02	4.1900872964e-01	2.9432960351e-01
5.9462834736e+02	4.0060439943e-01	2.7527214090e-01
5.9504805680e+02	3.8403352967e-01	2.5628289084e-01
5.9546776624e+02	3.6592407283e-01	2.3747068147e-01
5.9588747568e+02	3.4587764134e-01	2.1899786592e-01
5.9630718513e+02	3.2740545599e-01	2.0103269815e-01
5.9672689457e+02	3.0769451303e-01	1.8366639316e-01
5.9714660401e+02	2.8751060188e-01	1.6701668998e-01
5.9756631345e+02	2.6991488006e-01	1.5119395653e-01
5.9798602289e+02	2.5217506540e-01	1.3629845778e-01
5.9840573233e+02	2.2746774702e-01	1.2241775542e-01
5.9882544177e+02	2.1769867477e-01	1.0981872678e-01
5.9924515121e+02	1.9820206147e-01	9.8429188132e-02
5.9966486066e+02	1.8136470840e-01	8.8200710714e-02
6.0008457010e+02	1.6611425679e-01	7.9119026661e-02
6.0050427954e+02	1.5263578091e-01	7.1149696906e-02
6.0092398898e+02	1.4102767853e-01	6.4240145187e-02
6.0134369842e+02	1.2985603482e-01	5.8397868027e-02
6.0176340786e+02	1.1926547653e-01	5.3559790055e-02
6.0218311730e+02	1.1178714447e-01	4.9489532908e-02
6.0260282674e+02	1.0400410404e-01	4.6100900819e-02
6.0302253619e+02	1.0135464559e-01	4.3314788491e-02
6.0344224563e+02	9.4810937546e-02	4.1061054915e-02
6.0386195507e+02	8.7883489988e-02	3.9307141056e-02
6.0428166451e+02	8.3991451995e-02	3.8048223903e-02
6.0470137395e+02	8.0501685483e-02	3.7178742389e-02
6.0512108339e+02	7.4126430743e-02	3.6690132072e-02
6.0554079283e+02	7.5753811404e-02	3.6581892520e-02
6.0596050227e+02	7.0108677443e-02	3.6860231310e-02
6.0638021171e+02	6.9943280149e-02	3.7581374248e-02
6.0679992116e+02	6.7458774541e-02	3.8795009255e-02
6.0721963060e+02	6.7153813358e-02	4.0453478694e-02
6.0763934004e+02	6.6465748168e-02	4.2571725945e-02
6.0805904948e+02	6.5901990680e-02	4.5162389676e-02
6.0847875892e+02	6.5513261450e-02	4.8235516995e-02
6.0889846836e+02	6.4952533032e-02	5.1902379841e-02
6.0931817780e+02	6.6552667982e-02	5.6095505754e-02
6.0973788724e+02	6.6326014806e-02	6.0773665706e-02
6.1015759669e+02	6.7215385563e-02	6.5927166492e-02
6.1057730613e+02	6.9081759693e-02	7.1543360750e-02
6.1099701557e+02	7.0983959061e-02	7.7643704911e-02
6.1141672501e+02	7.3823460028e-02	8.4249312679e-02
6.1183643445e+02	7.4561272663e-02	9.1243227323e-02
6.1225614389e+02	7.9471257053e-02	9.8600365222e-02
6.1267585333e+02	8.4112836729e-02	1.0629498214e-01
6.1309556277e+02	8.6333386765e-02	1.1430222789e-01
6.1351527222e+02	9.2005165455e-02	1.2266642600e-01
6.1393498166e+02	9.7425776957e-02	1.3126646727e-01
6.1435469110e+02	1.0268270185e-01	1.4007765551e-01
6.1477440054e+02	1.1157418455e-01	1.4907663564e-01
6.1519410998e+02	1.1643404354e-01	1.5824146569e-01
6.1561381942e+02	1.2293355038e-01	1.6758583983e-01
6.1603352886e+02	1.3332225542e-01	1.7705069979e-01
6.1645323830e+02	1.4126294657e-01	1.8662016590e-01
6.1687294774e+02	1.4884492715e-01	1.9628522297e-01
6.1729265719e+02	1.5865027891e-01	2.0603874822e-01
6.1771236663e+02	1.6975845206e-01	2.1589890122e-01
6.1813207607e+02	1.7763182445e-01	2.2583281000e-01
6.1855178551e+02	1.8738198586e-01	2.3582367102e-01
6.1897149495e+02	1.9849175372e-01	2.4585072200e-01
6.1939120439e+02	2.1057826153e-01	2.5588626166e-01
6.1981091383e+02	2.2075118384e-01	2.6584591965e-01
6.2023062327e+02	2.3063823297e-01	2.7567329506e-01
6.2065033272e+02	2.4058897340e-01	2.8532545765e-01
6.2107004216e+02	2.5198555367e-01	2.9476726055e-01
6.2148975160e+02	2.6460931738e-01	3.0394110084e-01
6.2190946104e+02	2.7448025947e-01	3.1280507644e-01
6.2232917048e+02	2.8538643747e-01	3.2143467665e-01
6.2274887992e+02	2.9619569972e-01	3.2984396815e-01
6.2316858936e+02	3.0654956073e-01	3.3804792166e-01
6.2358829880e+02	3.1677587069e-01	3.4601788719e-01
6.2400800825e+02	3.2646730993e-01	3.5380340616e-01
6.2442771769e+02	3.3354668473e-01	3.6143497626e-01
6.2484742713e+02	3.4525076415e-01	3.6892029643e-01
6.2526713657e+02	3.5465321666e-01	3.7625707189e-01
6.2568684601e+02	3.6303845304e-01	3.8341774543e-01
6.2610655545e+02	3.7172686202e-01	3.9045145114e-01
6.2652626489e+02	3.7934365960e-01	3.9736095071e-01
6.2694597433e+02	3.8695437268e-01	4.0414875746e-01
6.2736568377e+02	3.9422519567e-01	4.1078122457e-01
6.2778539322e+02	4.0129434900e-01	4.1728499532e-01
6.2820510266e+02	4.1028971467e-01	4.2367497087e-01
6.2862481210e+02	4.1708554019e-01	4.2995291948e-01
6.2904452154e+02	4.2423547868e-01	4.3610232075e-01
6.2946423098e+02	4.3005585296e-01	4.4211609165e-01
6.2988394042e+02	4.3776011600e-01	4.4802492857e-01
6.3030364986e+02	4.4418457093e-01	4.5383060972e-01
6.3072335930e+02	4.4978543672e-01	4.5952917139e-01
6.3114306875e+02	4.5778923647e-01	4.6509061257e-01
6.3156277819e+02	4.6210291061e-01	4.7055616975e-01
6.3198248763e+02	4.6719487232e-01	4.7592762113e-01
6.3240219707e+02	4.7401897827e-01	4.8120671511e-01
6.3282190651e+02	4.8035310792e-01	4.8635687431e-01
6.3324161595e+02	4.8334043298e-01	4.9141780535e-01
6.3366132539e+02	4.8902751400e-01	4.9639364084e-01
6.3408103483e+02	4.9360247664e-01	5.0128600001e-01
6.3450074428e+02	4.9768798306e-01	5.0606517990e-01
6.3492045372e+02	5.0358068252e-01	5.1075959206e-01
6.3534016316e+02	5.0915135780e-01	5.1537741224e-01
6.3575987260e+02	5.1320693206e-01	5.1992020011e-01
6.3617958204e+02	5.1649823048e-01	5.2436202765e-01
6.3659929148e+02	5.2007723930e-01	5.2872598171e-01
6.3701900092e+02	5.2787661021e-01	5.3302128116e-01
6.3743871036e+02	5.3039341927e-01	5.3724929690e-01
6.3785841980e+02	5.3509287187e-01	5.4138555129e-01
6.3827812925e+02	5.4058630771e-01	5.4545243581e-01
6.3869783869e+02	5.4400182633e-01	5.4945790768e-01
6.3911754813e+02	5.4836827670e-01	5.5340311925e-01
6.3953725757e+02	5.5067514588e-01	5.5726316571e-01
6.3995696701e+02	5.5629565008e-01	5.6106336912e-01
6.4037667645e+02	5.6034313635e-01	5.6480865677e-01
6.4079638589e+02	5.6634025584e-01	5.6849961480e-01
6.4121609533e+02	5.6749013745e-01	5.7211066286e-01
6.4163580478e+02	5.7120164115e-01	5.7567155361e-01
6.4205551422e+02	5.7623645129e-01	5.7918323080e-01
6.4247522366e+02	5.7902322393e-01	5.8264131347e-01
6.4289493310e+02	5.8346196968e-01	5.8603223165e-01
6.4331464254e+02	5.8706128266e-01	5.8937821786e-01
6.4373435198e+02	5.9080514640e-01	5.9268008669e-01
6.4415406142e+02	5.9413387286e-01	5.9592796365e-01
6.4457377086e+02	5.9792637059e-01	5.9912107388e-01
6.4499348031e+02	6.0095005984e-01	6.0227388144e-01
6.4541318975e+02	6.0537915030e-01	6.0538708170e-01
6.4583289919e+02	6.0744495526e-01	6.0844503840e-01
6.4625260863e+02	6.0971924997e-01	6.1146020889e-01
6.4667231807e+02	6.1330219899e-01	6.1443910996e-01
6.4709202751e+02	6.1720138159e-01	6.1738071839e-01
6.4751173695e+02	6.1979032301e-01	6.2026866277e-01
6.4793144639e+02	6.2270919691e-01	6.2312340736e-01
6.4835115583e+02	6.2607335724e-01	6.2594548861e-01
6.4877086528e+02	6.2965385606e-01	6.2872646252e-01
6.4919057472e+02	6.3246964986e-01	6.3146632910e-01
6.4961028416e+02	6.3566161316e-01	6.3417623440e-01
6.5002999360e+02	6.4056275289e-01	6.3685661554e-01
6.5044970304e+02	6.4122092098e-01	6.3949209452e-01
6.5086941248e+02	6.4402026487e-01	6.4209802945e-01
6.5128912192e+02	6.4771442182e-01	6.4467684428e-01
6.5170883136e+02	6.5002312887e-01	6.4722283681e-01
6.5212854081e+02	6.5288109104e-01	6.4973237117e-01
6.5254825025e+02	6.5571688188e-01	6.5221699079e-01
6.5296795969e+02	6.5713872674e-01	6.5467699369e-01
6.5338766913e+02	6.6000401982e-01	6.5709910790e-01
6.5380737857e+02	6.6214556709e-01	6.5949614843e-01
6.5422708801e+02	6.6306305687e-01	6.6187055906e-01
6.5464679745e+02	6.6623878469e-01	6.6421633959e-01
6.5506650689e+02	6.6939880213e-01	6.6653199991e-01
6.5548621634e+02	6.6972853015e-01	6.6882671913e-01
6.5590592578e+02	6.7267547588e-01	6.7110079527e-01
6.5632563522e+02	6.7423656239e-01	6.7334067822e-01
6.5674534466e+02	6.7708731295e-01	6.7556124926e-01
6.5716505410e+02	6.7973507256e-01	6.7776272694e-01
6.5758476354e+02	6.8162333497e-01	6.7993712425e-01
6.5800447298e+02	6.8287181141e-01	6.8208853404e-01
6.5842418242e+02	6.8557344157e-01	6.8422228098e-01
6.5884389186e+02	6.8725859377e-01	6.8633506695e-01
6.5926360131e+02	6.8836519588e-01	6.8842190504e-01
6.5968331075e+02	6.9163806422e-01	6.9049241145e-01
6.6010302019e+02	6.9186055281e-01	6.9254670540e-01
6.6052272963e+02	6.9536292004e-01	6.9457364082e-01
6.6094243907e+02	6.9628809829e-01	6.9658495982e-01
6.6136214851e+02	6.9830833566e-01	6.9858129819e-01
6.6178185795e+02	6.9903474631e-01	7.0055502653e-01
6.6220156739e+02	7.0200716831e-01	7.0251101255e-01
6.6262127684e+02	7.0362597695e-01	7.0445301135e-01
6.6304098628e+02	7.0506181216e-01	7.0637651285e-01
6.6346069572e+02	7.0685226442e-01	7.0828062296e-01
6.6388040516e+02	7.0812938351e-01	7.1017171939e-01
6.6430011460e+02	7.0969953278e-01	7.1204775572e-01
6.6471982404e+02	7.1158129874e-01	7.1390320857e-01
6.6513953348e+02	7.1360756916e-01	7.1574652195e-01
6.6555924292e+02	7.1475738161e-01	7.1757761637e-01
6.6597895237e+02	7.1774008254e-01	7.1938737233e-01
6.6639866181e+02	7.1878499815e-01	7.2118578355e-01
6.6681837125e+02	7.2090677942e-01	7.2297296921e-01
6.6723808069e+02	7.2249662227e-01	7.2474110126e-01
6.6765779013e+02	7.2450892287e-01	7.2649729252e-01
6.6807749957e+02	7.2572524946e-01	7.2824297349e-01
6.6849720901e+02	7.2833168685e-01	7.2997184594e-01
6.6891691845e+02	7.3138472143e-01	7.3168824116e-01
6.6933662789e+02	7.3265585612e-01	7.3339480162e-01
6.6975633734e+02	7.3469842417e-01	7.3508640130e-01
6.7017604678e+02	7.3649670681e-01	7.3676526546e-01
6.7059575622e+02	7.3805639177e-01	7.3843491077e-01
6.7101546566e+02	7.4020820000e-01	7.4009110530e-01
6.7143517510e+02	7.4216208254e-01	7.4173454444e-01
6.7185488454e+02	7.4359930572e-01	7.4336930116e-01
6.7227459398e+02	7.4567536924e-01	7.4499181906e-01
6.7269430342e+02	7.4714850673e-01	7.4660176039e-01
6.7311401287e+02	7.4967568629e-01	7.4820353587e-01
6.7353372231e+02	7.5083694466e-01	7.4979398648e-01
6.7395343175e+02	7.5227660770e-01	7.5137221813e-01
6.7437314119e+02	7.5449457996e-01	7.5294274092e-01
6.7479285063e+02	7.5691998349e-01	7.5450263421e-01
6.7521256007e+02	7.5728545363e-01	7.5605078538e-01
6.7563226951e+02	7.5919224885e-01	7.5759168466e-01
6.7605197895e+02	7.6055298740e-01	7.5912243128e-01
6.7647168840e+02	7.6224664487e-01	7.6064203183e-01
6.7689139784e+02	7.6398930331e-01	7.6215477784e-01
6.7731110728e+02	7.6585129209e-01	7.6365764936e-01
6.7773081672e+02	7.6709509450e-01	7.6515010993e-01
6.7815052616e+02	7.6889874796e-01	7.6663613319e-01
6.7857023560e+02	7.6959887482e-01	7.6811236143e-01
6.7898994504e+02	7.7207269929e-01	7.6957899332e-01
6.7940965448e+02	7.7277348174e-01	7.7103948593e-01
6.7982936392e+02	7.7441838666e-01	7.7249018351e-01
6.8024907337e+02	7.7516994873e-01	7.7393219868e-01
6.8066878281e+02	7.7650833682e-01	7.7536841234e-01
6.8108849225e+02	7.7783552031e-01	7.7679463228e-01
6.8150820169e+02	7.7970338816e-01	7.7821314335e-01
6.8192791113e+02	7.8096530913e-01	7.7962611119e-01
6.8234762057e+02	7.8182171525e-01	7.8102886677e-01
6.8276733001e+02	7.8358761787e-01	7.8242488702e-01
6.8318703945e+02	7.8466435697e-01	7.8381564220e-01
6.8360674890e+02	7.8593116518e-01	7.8519580762e-01
6.8402645834e+02	7.8642831978e-01	7.8657031059e-01
6.8444616778e+02	7.8791469502e-01	7.8793950876e-01
6.8486587722e+02	7.8879994094e-01	7.8929819663e-01
6.8528558666e+02	7.9119748578e-01	7.9065205654e-01
6.8570529610e+02	7.9212826648e-01	7.9199987650e-01
6.8612500554e+02	7.9364747734e-01	7.9333853722e-01
6.8654471498e+02	7.9434820019e-01	7.9467260838e-01
6.8696442443e+02	7.9619193496e-01	7.9599980513e-01
6.8738413387e+02	7.9641370834e-01	7.9731919368e-01
6.8780384331e+02	7.9830900644e-01	7.9863419135e-01
6.8822355275e+02	7.9985367208e-01	7.9994148016e-01
6.8864326219e+02	8.0065729271e-01	8.0124233166e-01
6.8906297163e+02	8.0133167214e-01	8.0253893137e-01
6.8948268107e+02	8.0323235754e-01	8.0382694801e-01
6.8990239051e+02	8.0449654332e-01	8.0510989825e-01
6.9032209995e+02	8.0587609647e-01	8.0638845762e-01
6.9074180940e+02	8.0636362840e-01	8.0765805642e-01
6.9116151884e+02	8.0802825616e-01	8.0892374118e-01
6.9158122828e+02	8.0877016294e-01	8.1018386285e-01
6.9200093772e+02	8.1019432032e-01	8.1143659353e-01
6.9242064716e+02	8.1145022164e-01	8.1268554926e-01
6.9284035660e+02	8.1264514982e-01	8.1392776966e-01
6.9326006604e+02	8.1285875794e-01	8.1516414881e-01
6.9367977548e+02	8.1500816941e-01	8.1639691194e-01
6.9409948493e+02	8.1602942366e-01	8.1762166818e-01
6.9451919437e+02	8.1685084071e-01	8.1884223223e-01
6.9493890381e+02	8.1769907475e-01	8.2005842527e-01
6.9535861325e+02	8.1885967488e-01	8.2126698891e-01
6.9577832269e+02	8.2025200852e-01	8.2247213523e-01
6.9619803213e+02	8.2152680318e-01	8.2367149989e-01
6.9661774157e+02	8.2240732154e-01	8.2486498356e-01
6.9703745101e+02	8.2384667313e-01	8.2605512937e-01
6.9745716046e+02	8.2511539533e-01	8.2723806302e-01
6.9787686990e+02	8.2586016293e-01	8.2841682434e-01
6.9829657934e+02	8.2696893920e-01	8.2959165176e-01
6.9871628878e+02	8.2833098897e-01	8.3075920741e-01
6.9913599822e+02	8.2931026586e-01	8.3192362388e-01
6.9955570766e+02	8.3028115768e-01	8.3308249712e-01
6.9997541710e+02	8.3174237574e-01	8.3423592647e-01
7.0039512654e+02	8.3260848991e-01	8.3538633585e-01
7.0081483598e+02	8.3412434433e-01	8.3652951320e-01
7.0123454543e+02	8.3456854670e-01	8.3766919374e-01
7.0165425487e+02	8.3636278089e-01	8.3880460262e-01
7.0207396431e+02	8.3640134240e-01	8.3993363380e-01
7.0249367375e+02	8.3768576458e-01	8.4105974436e-01
7.0291338319e+02	8.3886877451e-01	8.4217989445e-01
7.0333309263e+02	8.4012282386e-01	8.4329559406e-01
7.0375280207e+02	8.4126143143e-01	8.4440819422e-01
7.0417251151e+02	8.4208232885e-01	8.4551354249e-01
7.0459222096e+02	8.4315406468e-01	8.4661614895e-01
7.0501193040e+02	8.4421926425e-01	8.4771370888e-01
7.0543163984e+02	8.4505009496e-01	8.4880618254e-01
7.0585134928e+02	8.4615890177e-01	8.4989593426e-01
7.0627105872e+02	8.4726345741e-01	8.5097867250e-01
7.0669076816e+02	8.4779694131e-01	8.5205839078e-01
7.0711047760e+02	8.4863735437e-01	8.5313375791e-01
7.0753018704e+02	8.4989647411e-01	8.5420358181e-01
7.0794989649e+02	8.5154647619e-01	8.5527080297e-01
7.0836960593e+02	8.5219755184e-01	8.5633152723e-01
7.0878931537e+02	8.5305586319e-01	8.5738895337e-01
7.0920902481e+02	8.5442268100e-01	8.5844240586e-01
7.0962873425e+02	8.5582251231e-01	8.5949005683e-01
7.1004844369e+02	8.5615275856e-01	8.6053524415e-01
7.1046815313e+02	8.5743406344e-01	8.6157421271e-01
7.1088786257e+02	8.5833951392e-01	8.6260974407e-01
7.1130757201e+02	8.5935971209e-01	8.6364152034e-01
7.1172728146e+02	8.6016598737e-01	8.6466743549e-01
7.1214699090e+02	8.6126164626e-01	8.6569096645e-01
7.1256670034e+02	8.6218318888e-01	8.6670837800e-01
7.1298640978e+02	8.6318044045e-01	8.6772235235e-01
7.1340611922e+02	8.6402545606e-01	8.6873261134e-01
7.1382582866e+02	8.6536936117e-01	8.6973710855e-01
7.1424553810e+02	8.6612205562e-01	8.7073932091e-01
7.1466524754e+02	8.6666161073e-01	8.7173527479e-01
7.1508495699e+02	8.6768918262e-01	8.7272806962e-01
7.1550466643e+02	8.6883746912e-01	8.7371683121e-01
7.1592437587e+02	8.6963808237e-01	8.7470022837e-01
7.1634408531e+02	8.7123089481e-01	8.7568138043e-01
7.1676379475e+02	8.7198495934e-01	8.7665587664e-01
7.1718350419e+02	8.7234792628e-01	8.7762769063e-01
7.1760321363e+02	8.7383300628e-01	8.7859503428e-01
7.1802292307e+02	8.7457413825e-01	8.7955751022e-01
7.1844263252e+02	8.7501492456e-01	8.8051768144e-01
7.1886234196e+02	8.7677975438e-01	8.8147083918e-01
7.1928205140e+02	8.7727775321e-01	8.8242187103e-01
7.1970176084e+02	8.7840450027e-01	8.8336771727e-01
7.2012147028e+02	8.7944373210e-01	8.8430945079e-01
7.2054117972e+02	8.8054276495e-01	8.8524812460e-01
7.2096088916e+02	8.8122149053e-01	8.8618055979e-01
7.2138059860e+02	8.8179347633e-01	8.8711094856e-01
7.2180030804e+02	8.8253364946e-01	8.8803519805e-01
7.2222001749e+02	8.8363590074e-01	8.8895632823e-01
7.2263972693e+02	8.8496879698e-01	8.8987338543e-01
7.2305943637e+02	8.8591483540e-01	8.9078523715e-01
7.2347914581e+02	8.8644157429e-01	8.9169504245e-01
7.2389885525e+02	8.8740447965e-01	8.9259759585e-01
7.2431856469e+02	8.8825086544e-01	8.9349816243e-01
7.2473827413e+02	8.8896237598e-01	8.9439342419e-01
7.2515798357e+02	8.8967000063e-01	8.9528475205e-01
7.2557769302e+02	8.9045243572e-01	8.9617270231e-01
7.2599740246e+02	8.9096878432e-01	8.9705471198e-01
7.2641711190e+02	8.9258646055e-01	8.9793481429e-01
7.2683682134e+02	8.9331181583e-01	8.9880808194e-01
7.2725653078e+02	8.9355868108e-01	8.9967886607e-01
7.2767624022e+02	8.9490839355e-01	9.0054474274e-01
7.2809594966e+02	8.9581853533e-01	9.0140624841e-01
7.2851565910e+02	8.9648886193e-01	9.0226469437e-01
7.2893536855e+02	8.9753175844e-01	9.0311690172e-01
7.2935507799e+02	8.9846492315e-01	9.0396722158e-01
7.2977478743e+02	8.9964301629e-01	9.0481076638e-01
7.3019449687e+02	9.0036716212e-01	9.0565174818e-01
7.3061420631e+02	9.0118660322e-01	9.0648776293e-01
7.3103391575e+02	9.0197017073e-01	9.0731940667e-01
7.3145362519e+02	9.0272018246e-01	9.0814787149e-01
7.3187333463e+02	9.0374668153e-01	9.0897013744e-01
7.3229304407e+02	9.0404687590e-01	9.0979059537e-01
7.3271275352e+02	9.0529198955e-01	9.1060386101e-01
7.3313246296e+02	9.0583377416e-01	9.1141494115e-01
7.3355217240e+02	9.0716834811e-01	9.1222051779e-01
7.3397188184e+02	9.0754995365e-01	9.1302220027e-01
7.3439159128e+02	9.0834192482e-01	9.1382008791e-01
7.3481130072e+02	9.0928151543e-01	9.1461225351e-01
7.3523101016e+02	9.0973614790e-01	9.1540243228e-01
7.3565071960e+02	9.1066451014e-01	9.1618512074e-01
7.3607042905e+02	9.1191534542e-01	9.1696610053e-01
7.3649013849e+02	9.1235612561e-01	9.1774064302e-01
7.3690984793e+02	9.1310929688e-01	9.1851212581e-01
7.3732955737e+02	9.1402655222e-01	9.1927882036e-01
7.3774926681e+02	9.1481178855e-01	9.2004072666e-01
7.3816897625e+02	9.1555476821e-01	9.2079947392e-01
7.3858868569e+02	9.1585207451e-01	9.2155182362e-01
7.3900839513e+02	9.1706589789e-01	9.2230254412e-01
7.3942810458e+02	9.1825586868e-01	9.2304533720e-01
7.3984781402e+02	9.1858355212e-01	9.2378646135e-01
7.4026752346e+02	9.1984445722e-01	9.2452122768e-01
7.4068723290e+02	9.2041465501e-01	9.2525265614e-01
7.4110694234e+02	9.2085047660e-01	9.2597929637e-01
7.4152665178e+02	9.2184991705e-01	9.2670106888e-01
7.4194636122e+02	9.2261560447e-01	9.2741956313e-01
7.4236607066e+02	9.2324814437e-01	9.2813162009e-01
7.4278578010e+02	9.2436137211e-01	9.2884190877e-01
7.4320548955e+02	9.2510602050e-01	9.2954419057e-01
7.4362519899e+02	9.2581752895e-01	9.3024500211e-01
7.4404490843e+02	9.2685731893e-01	9.3093874057e-01
7.4446461787e+02	9.2710528816e-01	9.3162975709e-01
7.4488432731e+02	9.2802903600e-01	9.3231515090e-01
7.4530403675e+02	9.2888214994e-01	9.3299633265e-01
7.4572374619e+02	9.2944948691e-01	9.3367332220e-01
7.4614345563e+02	9.3026762254e-01	9.3434464931e-01
7.4656316508e+02	9.3118207271e-01	9.3501317501e-01
7.4698287452e+02	9.3162394647e-01	9.3567462762e-01
7.4740258396e+02	9.3278710944e-01	9.3633464972e-01
7.4782229340e+02	9.3324786761e-01	9.3698614836e-01
7.4824200284e+02	9.3419927008e-01	9.3763629595e-01
7.4866171228e+02	9.3494336260e-01	9.3827919165e-01
7.4908142172e+02	9.3555903606e-01	9.3891938527e-01
7.4950113116e+02	9.3642896466e-01	9.3955359856e-01
7.4992084061e+02	9.3681377977e-01	9.4018379847e-01
7.5034055005e+02	9.3786823147e-01	9.4080932935e-01
7.5076025949e+02	9.3858886652e-01	9.4142949581e-01
7.5117996893e+02	9.3925651110e-01	9.4204626481e-01
7.5159967837e+02	9.4005919792e-01	9.4265641769e-01
7.5201938781e+02	9.4073894139e-01	9.4326434533e-01
7.5243909725e+02	9.4117429126e-01	9.4386442502e-01
7.5285880669e+02	9.4208903943e-01	9.4446327289e-01
7.5327851613e+02	9.4258005860e-01	9.4505345821e-01
7.5369822558e+02	9.4305292880e-01	9.4564223289e-01
7.5411793502e+02	9.4375279551e-01	9.4622345765e-01
7.5453764446e+02	9.4458273219e-01	9.4680209955e-01
7.5495735390e+02	9.4509484544e-01	9.4737430414e-01
7.5537706334e+02	9.4561390602e-01	9.4794283311e-01
7.5579677278e+02	9.4643500077e-01	9.4850599766e-01
7.5621648222e+02	9.4698678201e-01	9.4906435410e-01
7.5663619166e+02	9.4722584812e-01	9.4961837928e-01
7.5705590111e+02	9.4796233124e-01	9.5016658306e-01
7.5747561055e+02	9.4876781149e-01	9.5071144899e-01
7.5789531999e+02	9.4928335563e-01	9.5124942064e-01
7.5831502943e+02	9.4990124672e-01	9.5178510745e-01
7.5873473887e+02	9.5026731287e-01	9.5231286685e-01
7.5915444831e+02	9.5074479916e-01	9.5283931494e-01
7.5957415775e+02	9.5147436863e-01	9.5335682233e-01
7.5999386719e+02	9.5203181191e-01	9.5387341579e-01
7.6041357664e+02	9.5275545294e-01	9.5438124736e-01
7.6083328608e+02	9.5305726977e-01	9.5488762856e-01
7.6125299552e+02	9.5351261301e-01	9.5538608233e-01
7.6167270496e+02	9.5386318304e-01	9.5588221153e-01
7.6209241440e+02	9.5453555436e-01	9.5637126764e-01
7.6251212384e+02	9.5514693608e-01	9.5685714483e-01
7.6293183328e+02	9.5585150419e-01	9.5733678341e-01
7.6335154272e+02	9.5624337735e-01	9.5781242847e-01
7.6377125216e+02	9.5676637878e-01	9.5828257004e-01
7.6419096161e+02	9.5718221134e-01	9.5874796311e-01
7.6461067105e+02	9.5780361262e-01	9.5920858781e-01
7.6503038049e+02	9.5796876555e-01	9.5966376861e-01
7.6545008993e+02	9.5853563699e-01	9.6011483669e-01
7.6586979937e+02	9.5917348133e-01	9.6055974563e-01
7.6628950881e+02	9.5968737110e-01	9.6100127697e-01
7.6670921825e+02	9.6010385925e-01	9.6143593391e-01
7.6712892769e+02	9.6064562705e-01	9.6186784903e-01
7.6754863714e+02	9.6086090399e-01	9.6229233344e-01
7.6796834658e+02	9.6158511773e-01	9.6271463235e-01
7.6838805602e+02	9.6181863240e-01	9.6312886477e-01
7.6880776546e+02	9.6246907144e-01	9.6354152759e-01
7.6922747490e+02	9.6295112012e-01	9.6394558748e-01
7.6964718434e+02	9.6323445741e-01	9.6434857448e-01
7.7006689378e+02	9.6371644649e-01	9.6474248171e-01
7.7048660322e+02	9.6407923483e-01	9.6513577302e-01
7.7090631267e+02	9.6444481897e-01	9.6551954746e-01
7.7132602211e+02	9.6518458015e-01	9.6590290467e-01
7.7174573155e+02	9.6541971445e-01	9.6627684434e-01
7.7216544099e+02	9.6591970289e-01	9.6665008863e-01
7.7258515043e+02	9.6606434282e-01	9.6701433261e-01
7.7300485987e+02	9.6664884472e-01	9.6737756332e-01
7.7342456931e+02	9.6705306549e-01	9.6773211161e-01
7.7384427875e+02	9.6751902205e-01	9.6808536847e-01
7.7426398819e+02	9.6792239727e-01	9.6843020121e-01
7.7468369764e+02	9.6821467803e-01	9.6877350410e-01
7.7510340708e+02	9.6860057815e-01	9.6910864115e-01
7.7552311652e+02	9.6881734509e-01	9.6944204966e-01
7.7594282596e+02	9.6924902737e-01	9.6976751089e-01
7.7636253540e+02	9.6970514984e-01	9.7009106477e-01
7.7678224484e+02	9.6984263277e-01	9.7040687005e-01
7.7720195428e+02	9.7030239087e-01	9.7072066863e-01
7.7762166372e+02	9.7061814219e-01	9.7102681796e-01
7.7804137317e+02	9.7089057598e-01	9.7133090099e-01
7.7846108261e+02	9.7131081588e-01	9.7162743409e-01
7.7888079205e+02	9.7170310625e-01	9.7192186117e-01
7.7930050149e+02	9.7204656636e-01	9.7220885754e-01
7.7972021093e+02	9.7224908878e-01	9.7249370813e-01
7.8013992037e+02	9.7272964166e-01	9.7277112802e-01
7.8055962981e+02	9.7300660509e-01	9.7304652135e-01
7.8097933925e+02	9.7324402380e-01	9.7331446409e-01
7.8139904870e+02	9.7341644814e-01	9.7358043989e-01
7.8181875814e+02	9.7366587615e-01	9.7383894523e-01
7.8223846758e+02	9.7409308099e-01	9.7409562270e-01
7.8265817702e+02	9.7427790208e-01	9.7434475025e-01
7.8307788646e+02	9.7456860930e-01	9.7459224860e-01
7.8349759590e+02	9.7485910204e-01	9.7483207782e-01
7.8391730534e+02	9.7510034484e-01	9.7507047653e-01
7.8433701478e+02	9.7543583594e-01	9.7530104717e-01
7.8475672422e+02	9.7559470728e-01	9.7553046544e-01
7.8517643367e+02	9.7591494066e-01	9.7575191657e-01
7.8559614311e+02	9.7599382171e-01	9.7597249349e-01
7.8601585255e+02	9.7631101546e-01	9.7618490458e-01
7.8643556199e+02	9.7656620450e-01	9.7639673948e-01
7.8685527143e+02	9.7681634771e-01	9.7660019000e-01
7.8727498087e+02	9.7707707010e-01	9.7680346171e-01
7.8769469031e+02	9.7715389512e-01	9.7699807088e-01
7.8811439975e+02	9.7745698969e-01	9.7719271978e-01
7.8853410920e+02	9.7751593457e-01	9.7737882535e-01
7.8895381864e+02	9.7791606833e-01	9.7756475210e-01
7.8937352808e+02	9.7803783212e-01	9.7774269183e-01
7.8979323752e+02	9.7831720428e-01	9.7792005539e-01
7.9021294696e+02	9.7837078511e-01	9.7809000810e-01
7.9063265640e+02	9.7859647076e-01	9.7825894753e-01
7.9105236584e+02	9.7893607428e-01	9.7842111190e-01
7.9147207528e+02	9.7895332095e-01	9.7858178616e-01
7.9189178473e+02	9.7922521831e-01	9.7873634100e-01
7.9231149417e+02	9.7930603655e-01	9.7888892889e-01
7.9273120361e+02	9.7945052485e-01	9.7903603315e-01
7.9315091305e+02	9.7962277024e-01	9.7918073336e-01
7.9357062249e+02	9.7978514650e-01	9.7932064533e-01
7.9399033193e+02	9.7997449723e-01	9.7945765654e-01
7.9441004137e+02	9.8013693172e-01	9.7959053516e-01
7.9482975081e+02	9.8018216848e-01	9.7972009579e-01
7.9524946025e+02	9.8022604365e-01	9.7984619935e-01
7.9566916970e+02	9.8039101778e-01	9.7996848822e-01
7.9608887914e+02	9.8055189848e-01	9.8008807500e-01
7.9650858858e+02	9.8055189848e-01	9.8020337025e-01
7.9692829802e+02	9.8070932068e-01	9.8031665881e-01
7.9734800746e+02	9.8089473777e-01	9.8042521874e-01
7.9776771690e+02	9.8094547026e-01	9.8053246737e-01
7.9818742634e+02	9.8100340192e-01	9.8063455025e-01
7.9860713578e+02	9.8112135806e-01	9.8073601723e-01
7.9902684523e+02	9.8105091029e-01	9.8083196084e-01
7.9944655467e+02	9.8091286421e-01	9.8092794418e-01
