wavelength_nm	ideal_target_transmittance	tandem_response_transmittance
3.7973711347e+02	9.8013597727e-01	9.7372639179e-01
3.8015682291e+02	9.8001337051e-01	9.7129219770e-01
3.8057653235e+02	9.7988957167e-01	9.6846026182e-01
3.8099624179e+02	9.7976452112e-01	9.6510368586e-01
3.8141595123e+02	9.7963833809e-01	9.6121788025e-01
3.8183566067e+02	9.7951084375e-01	9.5670515299e-01
3.8225537011e+02	9.7938215733e-01	9.5182847977e-01
3.8267507956e+02	9.7925215960e-01	9.4679623842e-01
3.8309478900e+02	9.7912091017e-01	9.4119465351e-01
3.8351449844e+02	9.7898834944e-01	9.3569481373e-01
3.8393420788e+02	9.7885447741e-01	9.2989921570e-01
3.8435391732e+02	9.7871929407e-01	9.2383116484e-01
3.8477362676e+02	9.7858273983e-01	9.1780638695e-01
3.8519333620e+02	9.7844475508e-01	9.1138768196e-01
3.8561304564e+02	9.7830545902e-01	9.0492308140e-01
3.8603275508e+02	9.7816473246e-01	8.9822578430e-01
3.8645246453e+02	9.7802257538e-01	8.9150601625e-01
3.8687217397e+02	9.7787892818e-01	8.8485962152e-01
3.8729188341e+02	9.7773385048e-01	8.7771695852e-01
3.8771159285e+02	9.7758728266e-01	8.7055754662e-01
3.8813130229e+02	9.7743916512e-01	8.6380922794e-01
3.8855101173e+02	9.7728955746e-01	8.5662132502e-01
3.8897072117e+02	9.7713840008e-01	8.4975278378e-01
3.8939043061e+02	9.7698563337e-01	8.4306091070e-01
3.8981014006e+02	9.7683131695e-01	8.3617752790e-01
3.9022984950e+02	9.7667533159e-01	8.2945841551e-01
3.9064955894e+02	9.7651773691e-01	8.2242619991e-01
3.9106926838e+02	9.7635841370e-01	8.1597250700e-01
3.9148897782e+02	9.7619748116e-01	8.0972629786e-01
3.9190868726e+02	9.7603476048e-01	8.0321323872e-01
3.9232839670e+02	9.7587031126e-01	7.9707419872e-01
3.9274810614e+02	9.7570413351e-01	7.9098826647e-01
3.9316781559e+02	9.7553610802e-01	7.8459656239e-01
3.9358752503e+02	9.7536629438e-01	7.7948361635e-01
3.9400723447e+02	9.7519463301e-01	7.7343237400e-01
3.9442694391e+02	9.7502106428e-01	7.6803493500e-01
3.9484665335e+02	9.7484564781e-01	7.6284635067e-01
3.9526636279e+02	9.7466826439e-01	7.5767201185e-01
3.9568607223e+02	9.7448891401e-01	7.5226080418e-01
3.9610578167e+02	9.7430759668e-01	7.4727141857e-01
3.9652549111e+02	9.7412425280e-01	7.4270451069e-01
3.9694520056e+02	9.7393888235e-01	7.3799997568e-01
3.9736491000e+02	9.7375136614e-01	7.3313176632e-01
3.9778461944e+02	9.7356176376e-01	7.2990238667e-01
3.9820432888e+02	9.7337001562e-01	7.2558325529e-01
3.9862403832e+02	9.7317612171e-01	7.2158658504e-01
3.9904374776e+02	9.7297996283e-01	7.1810460091e-01
3.9946345720e+02	9.7278159857e-01	7.1456098557e-01
3.9988316664e+02	9.7258090973e-01	7.1160107851e-01
4.0030287609e+02	9.7237795591e-01	7.0811742544e-01
4.0072258553e+02	9.7217261791e-01	7.0573520660e-01
4.0114229497e+02	9.7196483612e-01	7.0284980536e-01
4.0156200441e+02	9.7175467014e-01	7.0081603527e-01
4.0198171385e+02	9.7154206038e-01	6.9835674763e-01
4.0240142329e+02	9.7132688761e-01	6.9636893272e-01
4.0282113273e+02	9.7110921144e-01	6.9373828173e-01
4.0324084217e+02	9.7088891268e-01	6.9233709574e-01
4.0366055162e+02	9.7066599131e-01	6.9114649296e-01
4.0408026106e+02	9.7044038773e-01	6.8919646740e-01
4.0449997050e+02	9.7021204233e-01	6.8790602684e-01
4.0491967994e+02	9.6998095512e-01	6.8539416790e-01
4.0533938938e+02	9.6974706650e-01	6.8394428492e-01
4.0575909882e+02	9.6951025724e-01	6.8454551697e-01
4.0617880826e+02	9.6927064657e-01	6.8340015411e-01
4.0659851770e+02	9.6902799606e-01	6.8367111683e-01
4.0701822714e+02	9.6878236532e-01	6.8277335167e-01
4.0743793659e+02	9.6853369474e-01	6.8192899227e-01
4.0785764603e+02	9.6828192472e-01	6.8118143082e-01
4.0827735547e+02	9.6802693605e-01	6.8091475964e-01
4.0869706491e+02	9.6776878834e-01	6.8211889267e-01
4.0911677435e+02	9.6750736237e-01	6.8222296238e-01
4.0953648379e+02	9.6724259853e-01	6.8359738588e-01
4.0995619323e+02	9.6697449684e-01	6.8448698521e-01
4.1037590267e+02	9.6670287848e-01	6.8559473753e-01
4.1079561212e+02	9.6642780304e-01	6.8636941910e-01
4.1121532156e+02	9.6614921093e-01	6.8821698427e-01
4.1163503100e+02	9.6586692333e-01	6.8933427334e-01
4.1205474044e+02	9.6558094025e-01	6.9118684530e-01
4.1247444988e+02	9.6529126167e-01	6.9273656607e-01
4.1289415932e+02	9.6499770880e-01	6.9432979822e-01
4.1331386876e+02	9.6470028162e-01	6.9615429640e-01
4.1373357820e+02	9.6439886093e-01	6.9799113274e-01
4.1415328765e+02	9.6409344673e-01	7.0051783323e-01
4.1457299709e+02	9.6378391981e-01	7.0204681158e-01
4.1499270653e+02	9.6347022057e-01	7.0456558466e-01
4.1541241597e+02	9.6315222979e-01	7.0646381378e-01
4.1583212541e+02	9.6282988787e-01	7.1148812771e-01
4.1625183485e+02	9.6250313520e-01	7.1291673183e-01
4.1667154429e+02	9.6217191219e-01	7.1668678522e-01
4.1709125373e+02	9.6183609962e-01	7.2053980827e-01
4.1751096317e+02	9.6149563789e-01	7.2415816784e-01
4.1793067262e+02	9.6115034819e-01	7.2679477930e-01
4.1835038206e+02	9.6080023050e-01	7.3096239567e-01
4.1877009150e+02	9.6044522524e-01	7.3622906208e-01
4.1918980094e+02	9.6008509398e-01	7.3951303959e-01
4.1960951038e+02	9.5971989632e-01	7.4300456047e-01
4.2002921982e+02	9.5934945345e-01	7.4764257669e-01
4.2044892926e+02	9.5897364616e-01	7.5196194649e-01
4.2086863870e+02	9.5859241486e-01	7.5718313456e-01
4.2128834815e+02	9.5820564032e-01	7.6108521223e-01
4.2170805759e+02	9.5781320333e-01	7.6565259695e-01
4.2212776703e+02	9.5741498470e-01	7.7090340853e-01
4.2254747647e+02	9.5701092482e-01	7.7520871162e-01
4.2296718591e+02	9.5660078526e-01	7.8001713753e-01
4.2338689535e+02	9.5618456602e-01	7.8454405069e-01
4.2380660479e+02	9.5576214790e-01	7.8945320845e-01
4.2422631423e+02	9.5533329248e-01	7.9383057356e-01
4.2464602368e+02	9.5489794016e-01	7.9871064425e-01
4.2506573312e+02	9.5445597172e-01	8.0303961039e-01
4.2548544256e+02	9.5400720835e-01	8.0761450529e-01
4.2590515200e+02	9.5355153084e-01	8.1204086542e-01
4.2632486144e+02	9.5308876038e-01	8.1731694937e-01
4.2674457088e+02	9.5261883736e-01	8.2146310806e-01
4.2716428032e+02	9.5214152336e-01	8.2615679502e-01
4.2758398976e+02	9.5165669918e-01	8.3123654127e-01
4.2800369920e+02	9.5116418600e-01	8.3570307493e-01
4.2842340865e+02	9.5066386461e-01	8.4024840593e-01
4.2884311809e+02	9.5015549660e-01	8.4394568205e-01
4.2926282753e+02	9.4963896275e-01	8.4818226099e-01
4.2968253697e+02	9.4911408424e-01	8.5295015574e-01
4.3010224641e+02	9.4858062267e-01	8.5764747858e-01
4.3052195585e+02	9.4803845882e-01	8.5926139355e-01
4.3094166529e+02	9.4748735428e-01	8.6629819870e-01
4.3136137473e+02	9.4692718983e-01	8.7054932117e-01
4.3178108418e+02	9.4635760784e-01	8.7560057640e-01
4.3220079362e+02	9.4577854872e-01	8.7924706936e-01
4.3262050306e+02	9.4518971443e-01	8.8313269615e-01
4.3304021250e+02	9.4459086657e-01	8.8641399145e-01
4.3345992194e+02	9.4398188591e-01	8.8900268078e-01
4.3387963138e+02	9.4336241484e-01	8.9238935709e-01
4.3429934082e+02	9.4273233414e-01	8.9543145895e-01
4.3471905026e+02	9.4209128618e-01	8.9799165726e-01
4.3513875971e+02	9.4143903255e-01	9.0043872595e-01
4.3555846915e+02	9.4077539444e-01	9.0325015783e-01
4.3597817859e+02	9.4010001421e-01	9.0572971106e-01
4.3639788803e+02	9.3941265345e-01	9.0840345621e-01
4.3681759747e+02	9.3871301413e-01	9.1031646729e-01
4.3723730691e+02	9.3800079823e-01	9.1238141060e-01
4.3765701635e+02	9.3727570772e-01	9.1448616982e-01
4.3807672579e+02	9.3653744459e-01	9.1628968716e-01
4.3849643523e+02	9.3578565121e-01	9.1828161478e-01
4.3891614468e+02	9.3502002954e-01	9.2006349564e-01
4.3933585412e+02	9.3424028158e-01	9.2168021202e-01
4.3975556356e+02	9.3344593048e-01	9.2293989658e-01
4.4017527300e+02	9.3263673782e-01	9.2463260889e-01
4.4059498244e+02	9.3181222677e-01	9.2580282688e-01
4.4101469188e+02	9.3097209930e-01	9.2714184523e-01
4.4143440132e+02	9.3011587858e-01	9.2787200212e-01
4.4185411076e+02	9.2924320698e-01	9.2866575718e-01
4.4227382021e+02	9.2835366726e-01	9.2973363400e-01
4.4269352965e+02	9.2744684219e-01	9.2975866795e-01
4.4311323909e+02	9.2652219534e-01	9.3003326654e-01
4.4353294853e+02	9.2557930946e-01	9.2997282743e-01
4.4395265797e+02	9.2461770773e-01	9.3040627241e-01
4.4437236741e+02	9.2363691330e-01	9.3261861801e-01
4.4479207685e+02	9.2263633013e-01	9.2899227142e-01
4.4521178629e+02	9.2161554098e-01	9.2830860615e-01
4.4563149574e+02	9.2057400942e-01	9.2937123775e-01
4.4605120518e+02	9.1951102018e-01	9.2912638187e-01
4.4647091462e+02	9.1842615604e-01	9.2777001858e-01
4.4689062406e+02	9.1731870174e-01	9.2718887329e-01
4.4731033350e+02	9.1618806124e-01	9.2698377371e-01
4.4773004294e+02	9.1503363848e-01	9.2687201500e-01
4.4814975238e+02	9.1385471821e-01	9.2606675625e-01
4.4856946182e+02	9.1265064478e-01	9.2476367950e-01
4.4898917126e+02	9.1142070293e-01	9.2365884781e-01
4.4940888071e+02	9.1016411781e-01	9.2188727856e-01
4.4982859015e+02	9.0888011456e-01	9.2013323307e-01
4.5024829959e+02	9.0756803751e-01	9.1825377941e-01
4.5066800903e+02	9.0622693300e-01	9.1664272547e-01
4.5108771847e+02	9.0485596657e-01	9.1420859098e-01
4.5150742791e+02	9.0345430374e-01	9.1167879105e-01
4.5192713735e+02	9.0202105045e-01	9.0965169668e-01
4.5234684679e+02	9.0055525303e-01	9.0649622679e-01
4.5276655624e+02	8.9905595779e-01	9.0349602699e-01
4.5318626568e+02	8.9752209187e-01	8.9993023872e-01
4.5360597512e+02	8.9595264196e-01	8.9710086584e-01
4.5402568456e+02	8.9434659481e-01	8.9309257269e-01
4.5444539400e+02	8.9270269871e-01	8.8909804821e-01
4.5486510344e+02	8.9101994038e-01	8.8520479202e-01
4.5528481288e+02	8.8929694891e-01	8.8092756271e-01
4.5570452232e+02	8.8753259182e-01	8.7646305561e-01
4.5612423177e+02	8.8572555780e-01	8.7164866924e-01
4.5654394121e+02	8.8387441635e-01	8.6725187302e-01
4.5696365065e+02	8.8197785616e-01	8.6317521334e-01
4.5738336009e+02	8.8003438711e-01	8.5845100880e-01
4.5780306953e+02	8.7804251909e-01	8.5344409943e-01
4.5822277897e+02	8.7600070238e-01	8.5085856915e-01
4.5864248841e+02	8.7390726805e-01	8.4613972902e-01
4.5906219785e+02	8.7176054716e-01	8.4016424417e-01
4.5948190729e+02	8.6955875158e-01	8.3537501097e-01
4.5990161674e+02	8.6730009317e-01	8.3033722639e-01
4.6032132618e+02	8.6498272419e-01	8.2366299629e-01
4.6074103562e+02	8.6260461807e-01	8.2101327181e-01
4.6116074506e+02	8.6016374826e-01	8.1654924154e-01
4.6158045450e+02	8.5765796900e-01	8.1090217829e-01
4.6200016394e+02	8.5508507490e-01	8.0561667681e-01
4.6241987338e+02	8.5244280100e-01	8.0102837086e-01
4.6283958282e+02	8.4972876310e-01	7.9539316893e-01
4.6325929227e+02	8.4694039822e-01	7.9068851471e-01
4.6367900171e+02	8.4407520294e-01	7.8454786539e-01
4.6409871115e+02	8.4113043547e-01	7.7882730961e-01
4.6451842059e+02	8.3810335398e-01	7.7312171459e-01
4.6493813003e+02	8.3499097824e-01	7.6793634892e-01
4.6535783947e+02	8.3179038763e-01	7.6167607307e-01
4.6577754891e+02	8.2849830389e-01	7.5524246693e-01
4.6619725835e+02	8.2511156797e-01	7.4911516905e-01
4.6661696780e+02	8.2162672281e-01	7.4283695221e-01
4.6703667724e+02	8.1804025173e-01	7.3609977961e-01
4.6745638668e+02	8.1434839964e-01	7.2944968939e-01
4.6787609612e+02	8.1054741144e-01	7.2264862061e-01
4.6829580556e+02	8.0663329363e-01	7.1603918076e-01
4.6871551500e+02	8.0260181427e-01	7.0824593306e-01
4.6913522444e+02	7.9844880104e-01	7.0136636496e-01
4.6955493388e+02	7.9416966438e-01	6.9320380688e-01
4.6997464332e+02	7.8975975513e-01	6.8606019020e-01
4.7039435277e+02	7.8521430492e-01	6.7932546139e-01
4.7081406221e+02	7.8052818775e-01	6.7173826694e-01
4.7123377165e+02	7.7569627762e-01	6.6398644447e-01
4.7165348109e+02	7.7071309090e-01	6.5568280220e-01
4.7207319053e+02	7.6557302475e-01	6.4747893810e-01
4.7249289997e+02	7.6027023792e-01	6.3756281137e-01
4.7291260941e+02	7.5479876995e-01	6.3045060635e-01
4.7333231885e+02	7.4915218353e-01	6.2012588978e-01
4.7375202830e+02	7.4332416058e-01	6.0994511843e-01
4.7417173774e+02	7.3730796576e-01	6.0339045525e-01
4.7459144718e+02	7.3109662533e-01	5.9928071499e-01
4.7501115662e+02	7.2468304634e-01	5.8657199144e-01
4.7543086606e+02	7.1805977821e-01	5.7552856207e-01
4.7585057550e+02	7.1121937037e-01	5.6553727388e-01
4.7627028494e+02	7.0415389538e-01	5.5393320322e-01
4.7668999438e+02	6.9685548544e-01	5.4282617569e-01
4.7710970383e+02	6.8931579590e-01	5.3289258480e-01
4.7752941327e+02	6.8152654171e-01	5.1791536808e-01
4.7794912271e+02	6.7347919941e-01	5.0984370708e-01
4.7836883215e+02	6.6516500711e-01	4.9561718106e-01
4.7878854159e+02	6.5657514334e-01	4.8358958960e-01
4.7920825103e+02	6.4770078659e-01	4.7079256177e-01
4.7962796047e+02	6.3853299618e-01	4.5752573013e-01
4.8004766991e+02	6.2906271219e-01	4.4294202328e-01
4.8046737935e+02	6.1928111315e-01	4.3077820539e-01
4.8088708880e+02	6.0917931795e-01	4.1690412164e-01
4.8130679824e+02	5.9874874353e-01	4.0287280083e-01
4.8172650768e+02	5.8798092604e-01	3.8971936703e-01
4.8214621712e+02	5.7686781883e-01	3.7452676892e-01
4.8256592656e+02	5.6540179253e-01	3.6106622219e-01
4.8298563600e+02	5.5357587337e-01	3.4674662352e-01
4.8340534544e+02	5.4138356447e-01	3.3280423284e-01
4.8382505488e+02	5.2881944180e-01	3.1922847033e-01
4.8424476433e+02	5.1587891579e-01	3.0579352379e-01
4.8466447377e+02	5.0255870819e-01	2.9260236025e-01
4.8508418321e+02	4.8885679245e-01	2.7871188521e-01
4.8550389265e+02	4.7477295995e-01	2.6600453258e-01
4.8592360209e+02	4.6030870080e-01	2.5346130133e-01
4.8634331153e+02	4.4546771049e-01	2.4092058837e-01
4.8676302097e+02	4.3025609851e-01	2.2854268551e-01
4.8718273041e+02	4.1468268633e-01	2.1849443018e-01
4.8760243986e+02	3.9875939488e-01	2.0859131217e-01
4.8802214930e+02	3.8250145316e-01	1.9860896468e-01
4.8844185874e+02	3.6592787504e-01	1.8949136138e-01
4.8886156818e+02	3.4906175733e-01	1.8237024546e-01
4.8928127762e+02	3.3193069696e-01	1.7710094154e-01
4.8970098706e+02	3.1456702948e-01	1.7179678380e-01
4.9012069650e+02	2.9700821638e-01	1.6798572242e-01
4.9054040594e+02	2.7929717302e-01	1.6424606740e-01
4.9096011538e+02	2.6148247719e-01	1.5506848693e-01
4.9137982483e+02	2.4361862242e-01	1.5436251462e-01
4.9179953427e+02	2.2576604784e-01	1.5389704704e-01
4.9221924371e+02	2.0799128711e-01	1.5111966431e-01
4.9263895315e+02	1.9036677480e-01	1.5053795278e-01
4.9305866259e+02	1.7297074199e-01	1.5044635534e-01
4.9347837203e+02	1.5588682890e-01	1.5043081343e-01
4.9389808147e+02	1.3920357823e-01	1.4976549149e-01
4.9431779091e+02	1.2301373482e-01	1.4950577915e-01
4.9473750036e+02	1.0741347075e-01	1.5017294884e-01
4.9515720980e+02	9.2501282692e-02	1.4977888763e-01
4.9557691924e+02	7.8376829624e-02	1.5056250989e-01
4.9599662868e+02	6.5139576793e-02	1.5034066141e-01
4.9641633812e+02	5.2887294441e-02	1.5140730143e-01
4.9683604756e+02	4.1714467108e-02	1.5102212131e-01
4.9725575700e+02	3.1710650772e-02	1.5082180500e-01
4.9767546644e+02	2.2958779708e-02	1.4865130186e-01
4.9809517589e+02	1.5533539467e-02	1.4549368620e-01
4.9851488533e+02	9.4998208806e-03	1.4470368624e-01
4.9893459477e+02	4.9113268033e-03	1.4295537770e-01
4.9935430421e+02	1.8093738472e-03	1.4204840362e-01
4.9977401365e+02	2.2195404745e-04	1.3981473446e-01
5.0019372309e+02	1.6308251361e-04	1.3722945750e-01
5.0061343253e+02	1.6324644675e-03	1.3437362015e-01
5.0103314197e+02	4.6154949814e-03	1.3061469793e-01
5.0145285141e+02	9.0835914016e-03	1.2673394382e-01
5.0187256086e+02	1.4994844794e-02	1.2365007401e-01
5.0229227030e+02	2.2294964641e-02	1.2011065334e-01
5.0271197974e+02	3.0918467790e-02	1.1638365686e-01
5.0313168918e+02	4.0790084749e-02	1.1380501837e-01
5.0355139862e+02	5.1826301962e-02	1.1195237935e-01
5.0397110806e+02	6.3937000930e-02	1.0989339650e-01
5.0439081750e+02	7.7027149498e-02	1.1040812731e-01
5.0481052694e+02	9.0998448431e-02	1.1324279755e-01
5.0523023639e+02	1.0575092584e-01	1.1363486946e-01
5.0564994583e+02	1.2118445337e-01	1.1652436852e-01
5.0606965527e+02	1.3720010221e-01	1.1967239529e-01
5.0648936471e+02	1.5370133519e-01	1.2149585038e-01
5.0690907415e+02	1.7059500515e-01	1.2363204360e-01
5.0732878359e+02	1.8779230118e-01	1.3250322640e-01
5.0774849303e+02	2.0520932972e-01	1.4184491336e-01
5.0816820247e+02	2.2276763618e-01	1.5347532928e-01
5.0858791192e+02	2.4039463699e-01	1.6548573971e-01
5.0900762136e+02	2.5802367926e-01	1.7966556549e-01
5.0942733080e+02	2.7559423447e-01	1.9395653903e-01
5.0984704024e+02	2.9305180907e-01	2.1345740557e-01
5.1026674968e+02	3.1034782529e-01	2.3094087839e-01
5.1068645912e+02	3.2743942738e-01	2.5070431828e-01
5.1110616856e+02	3.4428921342e-01	2.7109724283e-01
5.1152587800e+02	3.6086490750e-01	2.9043200612e-01
5.1194558744e+02	3.7713909149e-01	3.1289938092e-01
5.1236529689e+02	3.9308878779e-01	3.3372202516e-01
5.1278500633e+02	4.0869513154e-01	3.5500055552e-01
5.1320471577e+02	4.2394307256e-01	3.7546291947e-01
5.1362442521e+02	4.3882083893e-01	3.9589381218e-01
5.1404413465e+02	4.5331981778e-01	4.1444855928e-01
5.1446384409e+02	4.6743407845e-01	4.3318140507e-01
5.1488355353e+02	4.8116013408e-01	4.5193997025e-01
5.1530326297e+02	4.9449658394e-01	4.6806570888e-01
5.1572297242e+02	5.0744390488e-01	4.8475736380e-01
5.1614268186e+02	5.2000427246e-01	4.9971026182e-01
5.1656239130e+02	5.3218108416e-01	5.1378947496e-01
5.1698210074e+02	5.4397904873e-01	5.2778393030e-01
5.1740181018e+02	5.5540388823e-01	5.4164797068e-01
5.1782151962e+02	5.6646209955e-01	5.5405634642e-01
5.1824122906e+02	5.7716077566e-01	5.6386452913e-01
5.1866093850e+02	5.8750772476e-01	5.7914251089e-01
5.1908064795e+02	5.9751111269e-01	5.9009182453e-01
5.1950035739e+02	6.0717934370e-01	5.9883868694e-01
5.1992006683e+02	6.1652123928e-01	6.0907834768e-01
5.2033977627e+02	6.2554568052e-01	6.2050324678e-01
5.2075948571e+02	6.3426154852e-01	6.2678587437e-01
5.2117919515e+02	6.4267796278e-01	6.3928169012e-01
5.2159890459e+02	6.5080380440e-01	6.4860558510e-01
5.2201861403e+02	6.5864801407e-01	6.5086376667e-01
5.2243832347e+02	6.6621947289e-01	6.5975892544e-01
5.2285803292e+02	6.7352676392e-01	6.6704827547e-01
5.2327774236e+02	6.8057852983e-01	6.7455577850e-01
5.2369745180e+02	6.8738299608e-01	6.8154364824e-01
5.2411716124e+02	6.9394844770e-01	6.8944031000e-01
5.2453687068e+02	7.0028281212e-01	6.9539326429e-01
5.2495658012e+02	7.0639383793e-01	7.0115530491e-01
5.2537628956e+02	7.1228897572e-01	7.0714086294e-01
5.2579599900e+02	7.1797561646e-01	7.1236079931e-01
5.2621570845e+02	7.2346079350e-01	7.1898800135e-01
5.2663541789e+02	7.2875136137e-01	7.2401493788e-01
5.2705512733e+02	7.3385387659e-01	7.2843462229e-01
5.2747483677e+02	7.3877471685e-01	7.3352080584e-01
5.2789454621e+02	7.4352008104e-01	7.3732656240e-01
5.2831425565e+02	7.4809592962e-01	7.4295568466e-01
5.2873396509e+02	7.5250780582e-01	7.4668109417e-01
5.2915367453e+02	7.5676137209e-01	7.5135618448e-01
5.2957338398e+02	7.6086181402e-01	7.5415050983e-01
5.2999309342e+02	7.6481419802e-01	7.5755101442e-01
5.3041280286e+02	7.6862347126e-01	7.6131367683e-01
5.3083251230e+02	7.7229422331e-01	7.6456564665e-01
5.3125222174e+02	7.7583098412e-01	7.6756107807e-01
5.3167193118e+02	7.7923798561e-01	7.6964557171e-01
5.3209164062e+02	7.8251945972e-01	7.7254331112e-01
5.3251135006e+02	7.8567928076e-01	7.7417606115e-01
5.3293105950e+02	7.8872126341e-01	7.7772837877e-01
5.3335076895e+02	7.9164904356e-01	7.7826589346e-01
5.3377047839e+02	7.9446601868e-01	7.8021776676e-01
5.3419018783e+02	7.9717558622e-01	7.8675198555e-01
5.3460989727e+02	7.9978090525e-01	7.8726822138e-01
5.3502960671e+02	8.0228495598e-01	7.8827619553e-01
5.3544931615e+02	8.0469065905e-01	7.9923748970e-01
5.3586902559e+02	8.0700081587e-01	7.9353201389e-01
5.3628873503e+02	8.0921804905e-01	7.9653424025e-01
5.3670844448e+02	8.1134480238e-01	8.0087250471e-01
5.3712815392e+02	8.1338357925e-01	8.0202734470e-01
5.3754786336e+02	8.1533664465e-01	8.0269134045e-01
5.3796757280e+02	8.1720608473e-01	8.0499684811e-01
5.3838728224e+02	8.1899410486e-01	8.0673807859e-01
5.3880699168e+02	8.2070267200e-01	8.0863076448e-01
5.3922670112e+02	8.2233351469e-01	8.0954921246e-01
5.3964641056e+02	8.2388859987e-01	8.1160706282e-01
5.4006612001e+02	8.2536947727e-01	8.1274044514e-01
5.4048582945e+02	8.2677775621e-01	8.1402665377e-01
5.4090553889e+02	8.2811504602e-01	8.1449151039e-01
5.4132524833e+02	8.2938265800e-01	8.1487536430e-01
5.4174495777e+02	8.3058208227e-01	8.1729596853e-01
5.4216466721e+02	8.3171445131e-01	8.1806516647e-01
5.4258437665e+02	8.3278101683e-01	8.1863641739e-01
5.4300408609e+02	8.3378291130e-01	8.1962853670e-01
5.4342379553e+02	8.3472114801e-01	8.2029986382e-01
5.4384350498e+02	8.3559668064e-01	8.2122308016e-01
5.4426321442e+02	8.3641052246e-01	8.2190620899e-01
5.4468292386e+02	8.3716344833e-01	8.2243740559e-01
5.4510263330e+02	8.3785617352e-01	8.2313203812e-01
5.4552234274e+02	8.3848953247e-01	8.2379949093e-01
5.4594205218e+02	8.3906412125e-01	8.2429957390e-01
5.4636176162e+02	8.3958047628e-01	8.2538938522e-01
5.4678147106e+02	8.4003919363e-01	8.2522451878e-01
5.4720118051e+02	8.4044075012e-01	8.2581973076e-01
5.4762088995e+02	8.4078550339e-01	8.2640391588e-01
5.4804059939e+02	8.4107375145e-01	8.2683980465e-01
5.4846030883e+02	8.4130591154e-01	8.2791453600e-01
5.4888001827e+02	8.4148216248e-01	8.2687008381e-01
5.4929972771e+02	8.4160268307e-01	8.2676482201e-01
5.4971943715e+02	8.4166759253e-01	8.2699882984e-01
5.5013914659e+02	8.4167695045e-01	8.2552444935e-01
5.5055885604e+02	8.4163075686e-01	8.3183830976e-01
5.5097856548e+02	8.4152901173e-01	8.2727986574e-01
5.5139827492e+02	8.4137153625e-01	8.2364994287e-01
5.5181798436e+02	8.4115827084e-01	8.2591712475e-01
5.5223769380e+02	8.4088891745e-01	8.2620990276e-01
5.5265740324e+02	8.4056323767e-01	8.2316285372e-01
5.5307711268e+02	8.4018087387e-01	8.2205396891e-01
5.5349682212e+02	8.3974146843e-01	8.2082337141e-01
5.5391653156e+02	8.3924460411e-01	8.1939041615e-01
5.5433624101e+02	8.3868968487e-01	8.1770962477e-01
5.5475595045e+02	8.3807617426e-01	8.1712496281e-01
5.5517565989e+02	8.3740353584e-01	8.1453126669e-01
5.5559536933e+02	8.3667099476e-01	8.1313985586e-01
5.5601507877e+02	8.3587777615e-01	8.1183767319e-01
5.5643478821e+02	8.3502310514e-01	8.1005334854e-01
5.5685449765e+02	8.3410608768e-01	8.0772441626e-01
5.5727420709e+02	8.3312577009e-01	8.0630570650e-01
5.5769391654e+02	8.3208107948e-01	8.0435949564e-01
5.5811362598e+02	8.3097100258e-01	8.0252557993e-01
5.5853333542e+02	8.2979434729e-01	8.0054467916e-01
5.5895304486e+02	8.2854986191e-01	7.9821884632e-01
5.5937275430e+02	8.2723623514e-01	7.9591691494e-01
5.5979246374e+02	8.2585197687e-01	7.9379045963e-01
5.6021217318e+02	8.2439571619e-01	7.9079854488e-01
5.6063188262e+02	8.2286590338e-01	7.8824156523e-01
5.6105159207e+02	8.2126075029e-01	7.8552961349e-01
5.6147130151e+02	8.1957858801e-01	7.8187841177e-01
5.6189101095e+02	8.1781756878e-01	7.7863854170e-01
5.6231072039e+02	8.1597572565e-01	7.7535790205e-01
5.6273042983e+02	8.1405109167e-01	7.7141720057e-01
5.6315013927e+02	8.1204146147e-01	7.6830041409e-01
5.6356984871e+02	8.0994462967e-01	7.6458197832e-01
5.6398955815e+02	8.0775815248e-01	7.6023572683e-01
5.6440926759e+02	8.0547958612e-01	7.5580567122e-01
5.6482897704e+02	8.0310636759e-01	7.5135713816e-01
5.6524868648e+02	8.0063575506e-01	7.4775826931e-01
5.6566839592e+02	7.9806494713e-01	7.4374288321e-01
5.6608810536e+02	7.9539084435e-01	7.3871678114e-01
5.6650781480e+02	7.9261040688e-01	7.3393166065e-01
5.6692752424e+02	7.8972035646e-01	7.3037624359e-01
5.6734723368e+02	7.8671723604e-01	7.2541183233e-01
5.6776694312e+02	7.8359752893e-01	7.1960759163e-01
5.6818665257e+02	7.8035748005e-01	7.1551877260e-01
5.6860636201e+02	7.7699321508e-01	7.1103870869e-01
5.6902607145e+02	7.7350062132e-01	7.0396673679e-01
5.6944578089e+02	7.6987552643e-01	7.0045578480e-01
5.6986549033e+02	7.6611346006e-01	6.9378530979e-01
5.7028519977e+02	7.6220983267e-01	6.8840575218e-01
5.7070490921e+02	7.5815981627e-01	6.8083900213e-01
5.7112461865e+02	7.5395846367e-01	6.7583167553e-01
5.7154432810e+02	7.4960047007e-01	6.6837322712e-01
5.7196403754e+02	7.4508053064e-01	6.6096240282e-01
5.7238374698e+02	7.4039292336e-01	6.5381890535e-01
5.7280345642e+02	7.3553186655e-01	6.4579981565e-01
5.7322316586e+02	7.3049128056e-01	6.3723760843e-01
5.7364287530e+02	7.2526478767e-01	6.2846446037e-01
5.7406258474e+02	7.1984595060e-01	6.2013655901e-01
5.7448229418e+02	7.1422797441e-01	6.1180812120e-01
5.7490200362e+02	7.0840388536e-01	6.0264861584e-01
5.7532171307e+02	7.0236641169e-01	5.9189087152e-01
5.7574142251e+02	6.9610816240e-01	5.8322930336e-01
5.7616113195e+02	6.8962144852e-01	5.7290148735e-01
5.7658084139e+02	6.8289840221e-01	5.6281334162e-01
5.7700055083e+02	6.7593091726e-01	5.5048596859e-01
5.7742026027e+02	6.6871064901e-01	5.3945124149e-01
5.7783996971e+02	6.6122919321e-01	5.2698457241e-01
5.7825967915e+02	6.5347784758e-01	5.1557135582e-01
5.7867938860e+02	6.4544785023e-01	5.0179606676e-01
5.7909909804e+02	6.3713037968e-01	4.8942726851e-01
5.7951880748e+02	6.2851643562e-01	4.7650140524e-01
5.7993851692e+02	6.1959695816e-01	4.6352702379e-01
5.8035822636e+02	6.1036300659e-01	4.4900211692e-01
5.8077793580e+02	6.0080569983e-01	4.3564808369e-01
5.8119764524e+02	5.9091621637e-01	4.2206126451e-01
5.8161735468e+02	5.8068597317e-01	4.0813460946e-01
5.8203706413e+02	5.7010668516e-01	3.9253875613e-01
5.8245677357e+02	5.5917042494e-01	3.7709012628e-01
5.8287648301e+02	5.4786992073e-01	3.6170110106e-01
5.8329619245e+02	5.3619831800e-01	3.4615167975e-01
5.8371590189e+02	5.2414971590e-01	3.3004599810e-01
5.8413561133e+02	5.1171904802e-01	3.1348061562e-01
5.8455532077e+02	4.9890241027e-01	2.9770392179e-01
5.8497503021e+02	4.8569720984e-01	2.8149688244e-01
5.8539473965e+02	4.7210240364e-01	2.6628443599e-01
5.8581444910e+02	4.5811864734e-01	2.5114879012e-01
5.8623415854e+02	4.4374877214e-01	2.3510500789e-01
5.8665386798e+02	4.2899778485e-01	2.2284291685e-01
5.8707357742e+02	4.1387343407e-01	2.1385081112e-01
5.8749328686e+02	3.9838632941e-01	2.0386517048e-01
5.8791299630e+02	3.8255041838e-01	1.9067408144e-01
5.8833270574e+02	3.6638319492e-01	1.8100693822e-01
5.8875241518e+02	3.4990626574e-01	1.7196284235e-01
5.8917212463e+02	3.3314549923e-01	1.6393247247e-01
5.8959183407e+02	3.1613147259e-01	1.5631179512e-01
5.9001154351e+02	2.9889979959e-01	1.5138050914e-01
5.9043125295e+02	2.8149151802e-01	1.4436507225e-01
5.9085096239e+02	2.6395323873e-01	1.3737237453e-01
5.9127067183e+02	2.4633744359e-01	1.3339167833e-01
5.9169038127e+02	2.2870261967e-01	1.2923161685e-01
5.9211009071e+02	2.1111334860e-01	1.2441477925e-01
5.9252980016e+02	1.9364024699e-01	1.2098040432e-01
5.9294950960e+02	1.7635980248e-01	1.1639872938e-01
5.9336921904e+02	1.5935413539e-01	1.1247528344e-01
5.9378892848e+02	1.4271047711e-01	1.0880318284e-01
5.9420863792e+02	1.2652058899e-01	1.0538010299e-01
5.9462834736e+02	1.1087995768e-01	1.0158013552e-01
5.9504805680e+02	9.5886856318e-02	9.7710795701e-02
5.9546776624e+02	8.1641145051e-02	9.4344407320e-02
5.9588747568e+02	6.8243011832e-02	9.0802900493e-02
5.9630718513e+02	5.5791482329e-02	8.7722145021e-02
5.9672689457e+02	4.4382885098e-02	8.4317967296e-02
5.9714660401e+02	3.4109175205e-02	8.0751553178e-02
5.9756631345e+02	2.5056283921e-02	7.7278442681e-02
5.9798602289e+02	1.7302433029e-02	7.4193924665e-02
5.9840573233e+02	1.0916568339e-02	7.1008272469e-02
5.9882544177e+02	5.9568965808e-03	6.7836768925e-02
5.9924515121e+02	2.4696178734e-03	6.4594991505e-02
5.9966486066e+02	4.8789221910e-04	6.1582271010e-02
6.0008457010e+02	3.1087813113e-05	5.8346923441e-02
6.0050427954e+02	1.1043378618e-03	5.5371589959e-02
6.0092398898e+02	3.6984279286e-03	5.2599247545e-02
6.0134369842e+02	7.7900183387e-03	5.1632143557e-02
6.0176340786e+02	1.3342189603e-02	4.9413911998e-02
6.0218311730e+02	2.0305292681e-02	4.7296863049e-02
6.0260282674e+02	2.8618056327e-02	4.5539546758e-02
6.0302253619e+02	3.8208931684e-02	4.5735232532e-02
6.0344224563e+02	4.8997581005e-02	4.5243125409e-02
6.0386195507e+02	6.0896497220e-02	4.4975299388e-02
6.0428166451e+02	7.3812663555e-02	4.4410653412e-02
6.0470137395e+02	8.7649248540e-02	4.3453317136e-02
6.0512108339e+02	1.0230717063e-01	4.4973924756e-02
6.0554079283e+02	1.1768668145e-01	4.4345539063e-02
6.0596050227e+02	1.3368874788e-01	4.5359913260e-02
6.0638021171e+02	1.5021631122e-01	4.6831212938e-02
6.0679992116e+02	1.6717533767e-01	4.7745939344e-02
6.0721963060e+02	1.8447579443e-01	5.0915710628e-02
6.0763934004e+02	2.0203234255e-01	5.2674118429e-02
6.0805904948e+02	2.1976487339e-01	5.5841211230e-02
6.0847875892e+02	2.3759895563e-01	5.8527871966e-02
6.0889846836e+02	2.5546607375e-01	6.2015663832e-02
6.0931817780e+02	2.7330368757e-01	6.6008038819e-02
6.0973788724e+02	2.9105538130e-01	7.1459308267e-02
6.1015759669e+02	3.0867055058e-01	7.5626313686e-02
6.1057730613e+02	3.2610443234e-01	8.1949628890e-02
6.1099701557e+02	3.4331774712e-01	8.7346702814e-02
6.1141672501e+02	3.6027643085e-01	9.5343515277e-02
6.1183643445e+02	3.7695136666e-01	1.0401340574e-01
6.1225614389e+02	3.9331796765e-01	1.1211290956e-01
6.1267585333e+02	4.0935590863e-01	1.2176591903e-01
6.1309556277e+02	4.2504870892e-01	1.3230645657e-01
6.1351527222e+02	4.4038334489e-01	1.4371642470e-01
6.1393498166e+02	4.5535001159e-01	1.5574491024e-01
6.1435469110e+02	4.6994173527e-01	1.6833910346e-01
6.1477440054e+02	4.8415404558e-01	1.8263030052e-01
6.1519410998e+02	4.9798467755e-01	1.9581580162e-01
6.1561381942e+02	5.1143336296e-01	2.1053510904e-01
6.1603352886e+02	5.2450150251e-01	2.2660952806e-01
6.1645323830e+02	5.3719204664e-01	2.4152567983e-01
6.1687294774e+02	5.4950904846e-01	2.5798490644e-01
6.1729265719e+02	5.6145775318e-01	2.7348637581e-01
6.1771236663e+02	5.7304424047e-01	2.9250890017e-01
6.1813207607e+02	5.8427542448e-01	3.0802720785e-01
6.1855178551e+02	5.9515869617e-01	3.2136473060e-01
6.1897149495e+02	6.0570198298e-01	3.3668977022e-01
6.1939120439e+02	6.1591362953e-01	3.5668724775e-01
6.1981091383e+02	6.2580215931e-01	3.6868774891e-01
6.2023062327e+02	6.3537633419e-01	3.8389858603e-01
6.2065033272e+02	6.4464503527e-01	4.0116971731e-01
6.2107004216e+02	6.5361726284e-01	4.1118499637e-01
6.2148975160e+02	6.6230195761e-01	4.2574220896e-01
6.2190946104e+02	6.7070806026e-01	4.3929553032e-01
6.2232917048e+02	6.7884433270e-01	4.4996908307e-01
6.2274887992e+02	6.8671959639e-01	4.6271049976e-01
6.2316858936e+02	6.9434243441e-01	4.7625738382e-01
6.2358829880e+02	7.0172125101e-01	4.8453637958e-01
6.2400800825e+02	7.0886427164e-01	4.9527433515e-01
6.2442771769e+02	7.1577966213e-01	5.0545907021e-01
6.2484742713e+02	7.2247517109e-01	5.1362699270e-01
6.2526713657e+02	7.2895860672e-01	5.2449816465e-01
6.2568684601e+02	7.3523724079e-01	5.3084284067e-01
6.2610655545e+02	7.4131846428e-01	5.3986918926e-01
6.2652626489e+02	7.4720913172e-01	5.4810625315e-01
6.2694597433e+02	7.5291609764e-01	5.5557763577e-01
6.2736568377e+02	7.5844585896e-01	5.6218570471e-01
6.2778539322e+02	7.6380479336e-01	5.6919300556e-01
6.2820510266e+02	7.6899904013e-01	5.7639288902e-01
6.2862481210e+02	7.7403444052e-01	5.8277380466e-01
6.2904452154e+02	7.7891671658e-01	5.8844339848e-01
6.2946423098e+02	7.8365135193e-01	5.9508949518e-01
6.2988394042e+02	7.8824359179e-01	6.0052037239e-01
6.3030364986e+02	7.9269862175e-01	6.0605996847e-01
6.3072335930e+02	7.9702132940e-01	6.1098790169e-01
6.3114306875e+02	8.0121630430e-01	6.1613762379e-01
6.3156277819e+02	8.0528825521e-01	6.2172389030e-01
6.3198248763e+02	8.0924141407e-01	6.2650072575e-01
6.3240219707e+02	8.1308013201e-01	6.3007450104e-01
6.3282190651e+02	8.1680828333e-01	6.3482469320e-01
6.3324161595e+02	8.2042986155e-01	6.3812667131e-01
6.3366132539e+02	8.2394856215e-01	6.4167684317e-01
6.3408103483e+02	8.2736796141e-01	6.4599740505e-01
6.3450074428e+02	8.3069151640e-01	6.4953005314e-01
6.3492045372e+02	8.3392262459e-01	6.5352398157e-01
6.3534016316e+02	8.3706432581e-01	6.5695732832e-01
6.3575987260e+02	8.4011983871e-01	6.6199356318e-01
6.3617958204e+02	8.4309202433e-01	6.6434574127e-01
6.3659929148e+02	8.4598374367e-01	6.6955840588e-01
6.3701900092e+02	8.4879767895e-01	6.7537158728e-01
6.3743871036e+02	8.5153645277e-01	6.7247122526e-01
6.3785841980e+02	8.5420268774e-01	6.7678141594e-01
6.3827812925e+02	8.5679864883e-01	6.8011713028e-01
6.3869783869e+02	8.5932683945e-01	6.8282246590e-01
6.3911754813e+02	8.6178928614e-01	6.8636542559e-01
6.3953725757e+02	8.6418831348e-01	6.8790358305e-01
6.3995696701e+02	8.6652594805e-01	6.8664795160e-01
6.4037667645e+02	8.6880415678e-01	6.8982565403e-01
6.4079638589e+02	8.7102490664e-01	6.9712197781e-01
6.4121609533e+02	8.7318998575e-01	6.9778615236e-01
6.4163580478e+02	8.7530118227e-01	6.9863861799e-01
6.4205551422e+02	8.7736022472e-01	7.0185494423e-01
6.4247522366e+02	8.7936872244e-01	7.0259946585e-01
6.4289493310e+02	8.8132834435e-01	7.0423626900e-01
6.4331464254e+02	8.8324052095e-01	7.0636349916e-01
6.4373435198e+02	8.8510680199e-01	7.0752316713e-01
6.4415406142e+02	8.8692855835e-01	7.1036702394e-01
6.4457377086e+02	8.8870716095e-01	7.1231096983e-01
6.4499348031e+02	8.9044392109e-01	7.1440535784e-01
6.4541318975e+02	8.9214015007e-01	7.1538221836e-01
6.4583289919e+02	8.9379698038e-01	7.1645677090e-01
6.4625260863e+02	8.9541566372e-01	7.1923446655e-01
6.4667231807e+02	8.9699733257e-01	7.2100639343e-01
6.4709202751e+02	8.9854305983e-01	7.2212809324e-01
6.4751173695e+02	9.0005391836e-01	7.2397983074e-01
6.4793144639e+02	9.0153086185e-01	7.2649800777e-01
6.4835115583e+02	9.0297496319e-01	7.2749310732e-01
6.4877086528e+02	9.0438717604e-01	7.2945678234e-01
6.4919057472e+02	9.0576833487e-01	7.3109877110e-01
6.4961028416e+02	9.0711945295e-01	7.3261785507e-01
6.5002999360e+02	9.0844124556e-01	7.3420184851e-01
6.5044970304e+02	9.0973460674e-01	7.3648339510e-01
6.5086941248e+02	9.1100031137e-01	7.3752713203e-01
6.5128912192e+02	9.1223913431e-01	7.3965394497e-01
6.5170883136e+02	9.1345185041e-01	7.4117892981e-01
6.5212854081e+02	9.1463917494e-01	7.4182635546e-01
6.5254825025e+02	9.1580176353e-01	7.4455988407e-01
6.5296795969e+02	9.1694033146e-01	7.4658870697e-01
6.5338766913e+02	9.1805553436e-01	7.4770897627e-01
6.5380737857e+02	9.1914796829e-01	7.4878787994e-01
6.5422708801e+02	9.2021822929e-01	7.5080662966e-01
6.5464679745e+02	9.2126697302e-01	7.5131362677e-01
6.5506650689e+02	9.2229467630e-01	7.5265866518e-01
6.5548621634e+02	9.2330199480e-01	7.5439518690e-01
6.5590592578e+02	9.2428940535e-01	7.5581985712e-01
6.5632563522e+02	9.2525744438e-01	7.5707441568e-01
6.5674534466e+02	9.2620652914e-01	7.5912374258e-01
6.5716505410e+02	9.2713725567e-01	7.5961995125e-01
6.5758476354e+02	9.2805010080e-01	7.6142370701e-01
6.5800447298e+02	9.2894542217e-01	7.6228737831e-01
6.5842418242e+02	9.2982369661e-01	7.6412391663e-01
6.5884389186e+02	9.3068540096e-01	7.6584506035e-01
6.5926360131e+02	9.3153089285e-01	7.6587212086e-01
6.5968331075e+02	9.3236064911e-01	7.6755416393e-01
6.6010302019e+02	9.3317496777e-01	7.6890051365e-01
6.6052272963e+02	9.3397426605e-01	7.6988852024e-01
6.6094243907e+02	9.3475890160e-01	7.7111566067e-01
6.6136214851e+02	9.3552923203e-01	7.7241975069e-01
6.6178185795e+02	9.3628567457e-01	7.7435761690e-01
6.6220156739e+02	9.3702846766e-01	7.7536809444e-01
6.6262127684e+02	9.3775790930e-01	7.7630543709e-01
6.6304098628e+02	9.3847441673e-01	7.7760267258e-01
6.6346069572e+02	9.3917828798e-01	7.7844232321e-01
6.6388040516e+02	9.3986976147e-01	7.7952224016e-01
6.6430011460e+02	9.4054913521e-01	7.8036922216e-01
6.6471982404e+02	9.4121670723e-01	7.8224974871e-01
6.6513953348e+02	9.4187277555e-01	7.8268665075e-01
6.6555924292e+02	9.4251751900e-01	7.8391987085e-01
6.6597895237e+02	9.4315129519e-01	7.8502833843e-01
6.6639866181e+02	9.4377434254e-01	7.8599995375e-01
6.6681837125e+02	9.4438683987e-01	7.8709393740e-01
6.6723808069e+02	9.4498908520e-01	7.8839117289e-01
6.6765779013e+02	9.4558125734e-01	7.8900432587e-01
6.6807749957e+02	9.4616359472e-01	7.9058951139e-01
6.6849720901e+02	9.4673633575e-01	7.9141765833e-01
6.6891691845e+02	9.4729965925e-01	7.9287427664e-01
6.6933662789e+02	9.4785380363e-01	7.9438972473e-01
6.6975633734e+02	9.4839894772e-01	7.9513710737e-01
6.7017604678e+02	9.4893532991e-01	7.9618275166e-01
6.7059575622e+02	9.4946306944e-01	7.9757285118e-01
6.7101546566e+02	9.4998240471e-01	7.9834401608e-01
6.7143517510e+02	9.5049351454e-01	7.9905986786e-01
6.7185488454e+02	9.5099651814e-01	8.0034959316e-01
6.7227459398e+02	9.5149165392e-01	8.0156010389e-01
6.7269430342e+02	9.5197904110e-01	8.0276465416e-01
6.7311401287e+02	9.5245885849e-01	8.0408185720e-01
6.7353372231e+02	9.5293122530e-01	8.0424922705e-01
6.7395343175e+02	9.5339637995e-01	8.0574911833e-01
6.7437314119e+02	9.5385444164e-01	8.0652487278e-01
6.7479285063e+02	9.5430552959e-01	8.0798244476e-01
6.7521256007e+02	9.5474976301e-01	8.0873048306e-01
6.7563226951e+02	9.5518732071e-01	8.0933314562e-01
6.7605197895e+02	9.5561832190e-01	8.1081002951e-01
6.7647168840e+02	9.5604294538e-01	8.1176406145e-01
6.7689139784e+02	9.5646125078e-01	8.1258898973e-01
6.7731110728e+02	9.5687341690e-01	8.1382346153e-01
6.7773081672e+02	9.5727950335e-01	8.1467312574e-01
6.7815052616e+02	9.5767968893e-01	8.1536966562e-01
6.7857023560e+02	9.5807403326e-01	8.1600290537e-01
6.7898994504e+02	9.5846271515e-01	8.1736302376e-01
6.7940965448e+02	9.5884579420e-01	8.1810945272e-01
6.7982936392e+02	9.5922344923e-01	8.1894016266e-01
6.8024907337e+02	9.5959568024e-01	8.1925922632e-01
6.8066878281e+02	9.5996266603e-01	8.2011508942e-01
6.8108849225e+02	9.6032446623e-01	8.2127469778e-01
6.8150820169e+02	9.6068120003e-01	8.2159781456e-01
6.8192791113e+02	9.6103292704e-01	8.2306683064e-01
6.8234762057e+02	9.6137982607e-01	8.2321035862e-01
6.8276733001e+02	9.6172189713e-01	8.2392811775e-01
6.8318703945e+02	9.6205931902e-01	8.2498186827e-01
6.8360674890e+02	9.6239209175e-01	8.2549554110e-01
6.8402645834e+02	9.6272033453e-01	8.2629799843e-01
6.8444616778e+02	9.6304410696e-01	8.2693237066e-01
6.8486587722e+02	9.6336352825e-01	8.2732719183e-01
6.8528558666e+02	9.6367865801e-01	8.2830703259e-01
6.8570529610e+02	9.6398961544e-01	8.2916241884e-01
6.8612500554e+02	9.6429640055e-01	8.2980680466e-01
6.8654471498e+02	9.6459919214e-01	8.3014279604e-01
6.8696442443e+02	9.6489793062e-01	8.3100116253e-01
6.8738413387e+02	9.6519273520e-01	8.3153313398e-01
6.8780384331e+02	9.6548378468e-01	8.3248752356e-01
6.8822355275e+02	9.6577095985e-01	8.3310043812e-01
6.8864326219e+02	9.6605449915e-01	8.3344191313e-01
6.8906297163e+02	9.6633434296e-01	8.3421623707e-01
6.8948268107e+02	9.6661061049e-01	8.3499729633e-01
6.8990239051e+02	9.6688336134e-01	8.3578652143e-01
6.9032209995e+02	9.6715265512e-01	8.3602023125e-01
6.9074180940e+02	9.6741855145e-01	8.3678245544e-01
6.9116151884e+02	9.6768110991e-01	8.3760112524e-01
6.9158122828e+02	9.6794033051e-01	8.3818030357e-01
6.9200093772e+02	9.6819633245e-01	8.3916866779e-01
6.9242064716e+02	9.6844923496e-01	8.3977323771e-01
6.9284035660e+02	9.6869891882e-01	8.4025210142e-01
6.9326006604e+02	9.6894556284e-01	8.4087079763e-01
6.9367977548e+02	9.6918922663e-01	8.4201592207e-01
6.9409948493e+02	9.6942985058e-01	8.4200346470e-01
6.9451919437e+02	9.6966761351e-01	8.4316009283e-01
6.9493890381e+02	9.6990245581e-01	8.4370279312e-01
6.9535861325e+02	9.7013449669e-01	8.4405755997e-01
6.9577832269e+02	9.7036373615e-01	8.4489595890e-01
6.9619803213e+02	9.7059023380e-01	8.4550207853e-01
6.9661774157e+02	9.7081410885e-01	8.4663468599e-01
6.9703745101e+02	9.7103524208e-01	8.4750372171e-01
6.9745716046e+02	9.7125381231e-01	8.4814769030e-01
6.9787686990e+02	9.7146981955e-01	8.4853702784e-01
6.9829657934e+02	9.7168332338e-01	8.4945827723e-01
6.9871628878e+02	9.7189432383e-01	8.4961694479e-01
6.9913599822e+02	9.7210288048e-01	8.5102242231e-01
6.9955570766e+02	9.7230899334e-01	8.5145777464e-01
6.9997541710e+02	9.7251278162e-01	8.5221648216e-01
7.0039512654e+02	9.7271424532e-01	8.5258007050e-01
7.0081483598e+02	9.7291338444e-01	8.5351711512e-01
7.0123454543e+02	9.7311025858e-01	8.5430973768e-01
7.0165425487e+02	9.7330492735e-01	8.5480296612e-01
7.0207396431e+02	9.7349745035e-01	8.5555106401e-01
7.0249367375e+02	9.7368770838e-01	8.5642468929e-01
7.0291338319e+02	9.7387593985e-01	8.5683625937e-01
7.0333309263e+02	9.7406202555e-01	8.5776597261e-01
7.0375280207e+02	9.7424608469e-01	8.5769993067e-01
7.0417251151e+02	9.7442805767e-01	8.5876572132e-01
7.0459222096e+02	9.7460806370e-01	8.5936814547e-01
7.0501193040e+02	9.7478610277e-01	8.5982573032e-01
7.0543163984e+02	9.7496217489e-01	8.6077034473e-01
7.0585134928e+02	9.7513639927e-01	8.6116278172e-01
7.0627105872e+02	9.7530865669e-01	8.6185675859e-01
7.0669076816e+02	9.7547912598e-01	8.6260080338e-01
7.0711047760e+02	9.7564768791e-01	8.6312675476e-01
7.0753018704e+02	9.7581452131e-01	8.6363607645e-01
7.0794989649e+02	9.7597956657e-01	8.6392587423e-01
7.0836960593e+02	9.7614282370e-01	8.6483508348e-01
7.0878931537e+02	9.7630441189e-01	8.6536687613e-01
7.0920902481e+02	9.7646421194e-01	8.6565792561e-01
7.0962873425e+02	9.7662240267e-01	8.6634635925e-01
7.1004844369e+02	9.7677892447e-01	8.6707723141e-01
7.1046815313e+02	9.7693383694e-01	8.6765795946e-01
7.1088786257e+02	9.7708708048e-01	8.6758607626e-01
7.1130757201e+02	9.7723883390e-01	8.6864608526e-01
7.1172728146e+02	9.7738897800e-01	8.6933231354e-01
7.1214699090e+02	9.7753757238e-01	8.6965256929e-01
7.1256670034e+02	9.7768461704e-01	8.6995816231e-01
7.1298640978e+02	9.7783023119e-01	8.7054193020e-01
7.1340611922e+02	9.7797429562e-01	8.7129020691e-01
7.1382582866e+02	9.7811698914e-01	8.7166476250e-01
7.1424553810e+02	9.7825819254e-01	8.7198984623e-01
7.1466524754e+02	9.7839796543e-01	8.7263745070e-01
7.1508495699e+02	9.7853636742e-01	8.7347447872e-01
7.1550466643e+02	9.7867339849e-01	8.7370491028e-01
7.1592437587e+02	9.7880905867e-01	8.7449723482e-01
7.1634408531e+02	9.7894340754e-01	8.7494796515e-01
7.1676379475e+02	9.7907638550e-01	8.7535780668e-01
7.1718350419e+02	9.7920811176e-01	8.7592130899e-01
7.1760321363e+02	9.7933846712e-01	8.7632745504e-01
7.1802292307e+02	9.7946763039e-01	8.7676501274e-01
7.1844263252e+02	9.7959548235e-01	8.7735319138e-01
7.1886234196e+02	9.7972214222e-01	8.7779504061e-01
7.1928205140e+02	9.7984755039e-01	8.7822335958e-01
7.1970176084e+02	9.7997176647e-01	8.7892621756e-01
7.2012147028e+02	9.8009479046e-01	8.7955868244e-01
7.2054117972e+02	9.8021668196e-01	8.7983167171e-01
7.2096088916e+02	9.8033732176e-01	8.8027286530e-01
7.2138059860e+02	9.8045688868e-01	8.8089340925e-01
7.2180030804e+02	9.8057532310e-01	8.8167798519e-01
7.2222001749e+02	9.8069262505e-01	8.8184714317e-01
7.2263972693e+02	9.8080879450e-01	8.8205927610e-01
7.2305943637e+02	9.8092395067e-01	8.8262772560e-01
7.2347914581e+02	9.8103797436e-01	8.8309681416e-01
7.2389885525e+02	9.8115098476e-01	8.8376128674e-01
7.2431856469e+02	9.8126292229e-01	8.8399958611e-01
7.2473827413e+02	9.8137378693e-01	8.8464826345e-01
7.2515798357e+02	9.8148369789e-01	8.8507282734e-01
7.2557769302e+02	9.8159259558e-01	8.8531470299e-01
7.2599740246e+02	9.8170047998e-01	8.8570439816e-01
7.2641711190e+02	9.8180735111e-01	8.8631778955e-01
7.2683682134e+02	9.8191326857e-01	8.8663828373e-01
7.2725653078e+02	9.8201829195e-01	8.8718414307e-01
7.2767624022e+02	9.8212230206e-01	8.8780468702e-01
7.2809594966e+02	9.8222541809e-01	8.8796323538e-01
7.2851565910e+02	9.8232758045e-01	8.8867485523e-01
7.2893536855e+02	9.8242884874e-01	8.8897138834e-01
7.2935507799e+02	9.8252916336e-01	8.8929396868e-01
7.2977478743e+02	9.8262864351e-01	8.8997209072e-01
7.3019449687e+02	9.8272722960e-01	8.9029961824e-01
7.3061420631e+02	9.8282498121e-01	8.9080667496e-01
7.3103391575e+02	9.8292183876e-01	8.9094114304e-01
7.3145362519e+02	9.8301786184e-01	8.9157885313e-01
7.3187333463e+02	9.8311305046e-01	8.9189589024e-01
7.3229304407e+02	9.8320734501e-01	8.9229440689e-01
7.3271275352e+02	9.8330092430e-01	8.9254689217e-01
7.3313246296e+02	9.8339360952e-01	8.9340591431e-01
7.3355217240e+02	9.8348557949e-01	8.9375096560e-01
7.3397188184e+02	9.8357671499e-01	8.9398366213e-01
7.3439159128e+02	9.8366701603e-01	8.9444166422e-01
7.3481130072e+02	9.8375660181e-01	8.9491641521e-01
7.3523101016e+02	9.8384547234e-01	8.9509111643e-01
7.3565071960e+02	9.8393350840e-01	8.9566707611e-01
7.3607042905e+02	9.8402082920e-01	8.9603614807e-01
7.3649013849e+02	9.8410743475e-01	8.9624726772e-01
7.3690984793e+02	9.8419326544e-01	8.9681160450e-01
7.3732955737e+02	9.8427844048e-01	8.9716857672e-01
7.3774926681e+02	9.8436284065e-01	8.9762073755e-01
7.3816897625e+02	9.8444658518e-01	8.9819061756e-01
7.3858868569e+02	9.8452961445e-01	8.9824444056e-01
7.3900839513e+02	9.8461192846e-01	8.9887815714e-01
7.3942810458e+02	9.8469358683e-01	8.9921712875e-01
7.3984781402e+02	9.8477458954e-01	8.9962828159e-01
7.4026752346e+02	9.8485493660e-01	8.9931184053e-01
7.4068723290e+02	9.8493456841e-01	8.9986556768e-01
7.4110694234e+02	9.8501360416e-01	8.9990824461e-01
7.4152665178e+02	9.8509198427e-01	9.0018469095e-01
7.4194636122e+02	9.8516970873e-01	9.0063279867e-01
7.4236607066e+02	9.8524683714e-01	9.0109968185e-01
7.4278578010e+02	9.8532336950e-01	9.0132129192e-01
7.4320548955e+02	9.8539924622e-01	9.0176767111e-01
7.4362519899e+02	9.8547446728e-01	9.0251082182e-01
7.4404490843e+02	9.8554915190e-01	9.0240705013e-01
7.4446461787e+02	9.8562324047e-01	9.0269660950e-01
7.4488432731e+02	9.8569673300e-01	9.0299814939e-01
7.4530403675e+02	9.8576962948e-01	9.0342992544e-01
7.4572374619e+02	9.8584192991e-01	9.0344423056e-01
7.4614345563e+02	9.8591369390e-01	9.0438276529e-01
7.4656316508e+02	9.8598492146e-01	9.0441507101e-01
7.4698287452e+02	9.8605555296e-01	9.0448850393e-01
7.4740258396e+02	9.8612564802e-01	9.0509587526e-01
7.4782229340e+02	9.8619514704e-01	9.0523833036e-01
7.4824200284e+02	9.8626416922e-01	9.0555530787e-01
7.4866171228e+02	9.8633265495e-01	9.0570557117e-01
7.4908142172e+02	9.8640054464e-01	9.0608733892e-01
7.4950113116e+02	9.8646795750e-01	9.0611684322e-01
7.4992084061e+02	9.8653489351e-01	9.0657263994e-01
7.5034055005e+02	9.8660129309e-01	9.0692240000e-01
7.5076025949e+02	9.8666715622e-01	9.0733617544e-01
7.5117996893e+02	9.8673254251e-01	9.0735524893e-01
7.5159967837e+02	9.8679739237e-01	9.0772479773e-01
7.5201938781e+02	9.8686176538e-01	9.0817862749e-01
7.5243909725e+02	9.8692572117e-01	9.0832269192e-01
7.5285880669e+02	9.8698914051e-01	9.0868073702e-01
7.5327851613e+02	9.8705208302e-01	9.0897870064e-01
7.5369822558e+02	9.8711454868e-01	9.0915471315e-01
7.5411793502e+02	9.8717653751e-01	9.0954440832e-01
7.5453764446e+02	9.8723810911e-01	9.0989935398e-01
7.5495735390e+02	9.8729920387e-01	9.0988123417e-01
7.5537706334e+02	9.8735982180e-01	9.1031390429e-01
7.5579677278e+02	9.8742002249e-01	9.1059976816e-01
7.5621648222e+02	9.8747974634e-01	9.1071218252e-01
7.5663619166e+02	9.8753905296e-01	9.1085839272e-01
7.5705590111e+02	9.8759794235e-01	9.1109871864e-01
7.5747561055e+02	9.8765635490e-01	9.1137844324e-01
7.5789531999e+02	9.8771440983e-01	9.1156524420e-01
7.5831502943e+02	9.8777198792e-01	9.1189503670e-01
7.5873473887e+02	9.8782914877e-01	9.1233974695e-01
7.5915444831e+02	9.8788595200e-01	9.1265964508e-01
7.5957415775e+02	9.8794227839e-01	9.1278499365e-01
7.5999386719e+02	9.8799824715e-01	9.1304677725e-01
7.6041357664e+02	9.8805379868e-01	9.1317635775e-01
7.6083328608e+02	9.8810893297e-01	9.1306394339e-01
7.6125299552e+02	9.8816370964e-01	9.1376286745e-01
7.6167270496e+02	9.8821806908e-01	9.1389507055e-01
7.6209241440e+02	9.8827207088e-01	9.1416972876e-01
7.6251212384e+02	9.8832565546e-01	9.1432619095e-01
7.6293183328e+02	9.8837888241e-01	9.1465419531e-01
7.6335154272e+02	9.8843169212e-01	9.1514909267e-01
7.6377125216e+02	9.8848420382e-01	9.1536968946e-01
7.6419096161e+02	9.8853629827e-01	9.1543084383e-01
7.6461067105e+02	9.8858803511e-01	9.1546630859e-01
7.6503038049e+02	9.8863941431e-01	9.1588491201e-01
7.6545008993e+02	9.8869043589e-01	9.1614216566e-01
7.6586979937e+02	9.8874109983e-01	9.1641038656e-01
7.6628950881e+02	9.8879140615e-01	9.1633176804e-01
7.6670921825e+02	9.8884141445e-01	9.1673344374e-01
7.6712892769e+02	9.8889100552e-01	9.1679197550e-01
7.6754863714e+02	9.8894029856e-01	9.1713845730e-01
7.6796834658e+02	9.8898923397e-01	9.1731488705e-01
7.6838805602e+02	9.8903787136e-01	9.1774159670e-01
7.6880776546e+02	9.8908615112e-01	9.1802936792e-01
7.6922747490e+02	9.8913413286e-01	9.1804844141e-01
7.6964718434e+02	9.8918175697e-01	9.1797810793e-01
7.7006689378e+02	9.8922902346e-01	9.1873508692e-01
7.7048660322e+02	9.8927605152e-01	9.1882824898e-01
7.7090631267e+02	9.8932272196e-01	9.1899949312e-01
7.7132602211e+02	9.8936903477e-01	9.1900241375e-01
7.7174573155e+02	9.8941510916e-01	9.1930890083e-01
7.7216544099e+02	9.8946082592e-01	9.1969972849e-01
7.7258515043e+02	9.8950630426e-01	9.1985958815e-01
7.7300485987e+02	9.8955142498e-01	9.2018371820e-01
7.7342456931e+02	9.8959624767e-01	9.2037004232e-01
7.7384427875e+02	9.8964077234e-01	9.2045044899e-01
7.7426398819e+02	9.8968499899e-01	9.2062330246e-01
7.7468369764e+02	9.8972898722e-01	9.2106908560e-01
7.7510340708e+02	9.8977261782e-01	9.2113226652e-01
7.7552311652e+02	9.8981601000e-01	9.2123031616e-01
7.7594282596e+02	9.8985910416e-01	9.2143613100e-01
7.7636253540e+02	9.8990190029e-01	9.2171120644e-01
7.7678224484e+02	9.8994445801e-01	9.2208880186e-01
7.7720195428e+02	9.8998671770e-01	9.2216151953e-01
7.7762166372e+02	9.9002867937e-01	9.2248374224e-01
7.7804137317e+02	9.9007040262e-01	9.2258340120e-01
7.7846108261e+02	9.9011182785e-01	9.2299431562e-01
7.7888079205e+02	9.9015301466e-01	9.2300426960e-01
7.7930050149e+02	9.9019390345e-01	9.2340415716e-01
7.7972021093e+02	9.9023455381e-01	9.2332988977e-01
7.8013992037e+02	9.9027490616e-01	9.2355167866e-01
7.8055962981e+02	9.9031507969e-01	9.2383158207e-01
7.8097933925e+02	9.9035495520e-01	9.2398697138e-01
7.8139904870e+02	9.9039453268e-01	9.2410176992e-01
7.8181875814e+02	9.9043393135e-01	9.2442196608e-01
7.8223846758e+02	9.9047303200e-01	9.2461943626e-01
7.8265817702e+02	9.9051195383e-01	9.2479026318e-01
7.8307788646e+02	9.9055057764e-01	9.2499899864e-01
7.8349759590e+02	9.9058896303e-01	9.2498838902e-01
7.8391730534e+02	9.9062711000e-01	9.2529708147e-01
7.8433701478e+02	9.9066501856e-01	9.2540681362e-01
7.8475672422e+02	9.9070268869e-01	9.2570602894e-01
7.8517643367e+02	9.9074012041e-01	9.2597782612e-01
7.8559614311e+02	9.9077731371e-01	9.2597728968e-01
7.8601585255e+02	9.9081432819e-01	9.2616599798e-01
7.8643556199e+02	9.9085104465e-01	9.2645353079e-01
7.8685527143e+02	9.9088758230e-01	9.2640691996e-01
7.8727498087e+02	9.9092388153e-01	9.2674189806e-01
7.8769469031e+02	9.9095994234e-01	9.2674630880e-01
7.8811439975e+02	9.9099582434e-01	9.2693775892e-01
7.8853410920e+02	9.9103140831e-01	9.2725378275e-01
7.8895381864e+02	9.9106687307e-01	9.2724353075e-01
7.8937352808e+02	9.9110203981e-01	9.2766845226e-01
7.8979323752e+02	9.9113702774e-01	9.2757415771e-01
7.9021294696e+02	9.9117183685e-01	9.2765307426e-01
7.9063265640e+02	9.9120640755e-01	9.2795354128e-01
7.9105236584e+02	9.9124073982e-01	9.2816829681e-01
7.9147207528e+02	9.9127489328e-01	9.2810267210e-01
7.9189178473e+02	9.9130886793e-01	9.2824655771e-01
7.9231149417e+02	9.9134260416e-01	9.2866307497e-01
7.9273120361e+02	9.9137610197e-01	9.2860162258e-01
7.9315091305e+02	9.9140948057e-01	9.2866802216e-01
7.9357062249e+02	9.9144262075e-01	9.2902088165e-01
7.9399033193e+02	9.9147558212e-01	9.2907220125e-01
7.9441004137e+02	9.9150830507e-01	9.2917299271e-01
7.9482975081e+02	9.9154084921e-01	9.2945033312e-01
7.9524946025e+02	9.9157321453e-01	9.2945158482e-01
7.9566916970e+02	9.9160540104e-01	9.2966789007e-01
7.9608887914e+02	9.9163740873e-01	9.2972415686e-01
7.9650858858e+02	9.9166917801e-01	9.2994642258e-01
7.9692829802e+02	9.9170082808e-01	9.3000191450e-01
7.9734800746e+02	9.9173223972e-01	9.3003189564e-01
7.9776771690e+02	9.9176347256e-01	9.3022078276e-01
7.9818742634e+02	9.9179452658e-01	9.3023580313e-01
7.9860713578e+02	9.9182540178e-01	9.3058502674e-01
7.9902684523e+02	9.9185615778e-01	9.3055725098e-01
7.9944655467e+02	9.9188667536e-01	9.3051701784e-01
