wavelength_nm	final_result_transmittance	cst_average_transmittance
3.7973712158e+02	8.3596146107e-01	8.7362121588e-01
3.8015682983e+02	8.3502238989e-01	8.7230112502e-01
3.8057653809e+02	8.3340787888e-01	8.7071589515e-01
3.8099624634e+02	8.3213025331e-01	8.6887887262e-01
3.8141595459e+02	8.3085221052e-01	8.6680352435e-01
3.8183566284e+02	8.2863175869e-01	8.6450322652e-01
3.8225537109e+02	8.2605445385e-01	8.6199106136e-01
3.8267507935e+02	8.2388478518e-01	8.5927962411e-01
3.8309478760e+02	8.2149827480e-01	8.5638084216e-01
3.8351449585e+02	8.1859713793e-01	8.5330580739e-01
3.8393420410e+02	8.1552320719e-01	8.5006461994e-01
3.8435391235e+02	8.1299585104e-01	8.4666624630e-01
3.8477362061e+02	8.0957603455e-01	8.4311838894e-01
3.8519332886e+02	8.0625581741e-01	8.3942736764e-01
3.8561303711e+02	8.0209690332e-01	8.3559721409e-01
3.8603274536e+02	7.9916751385e-01	8.3163149348e-01
3.8645245361e+02	7.9500180483e-01	8.2753233578e-01
3.8687216187e+02	7.9100292921e-01	8.2329946491e-01
3.8729187012e+02	7.8704041243e-01	8.1893074862e-01
3.8771157837e+02	7.8244060278e-01	8.1442211331e-01
3.8813131714e+02	7.7732402086e-01	8.0976711541e-01
3.8855102539e+02	7.7251923084e-01	8.0495821900e-01
3.8897073364e+02	7.6723760366e-01	7.9998467473e-01
3.8939044189e+02	7.6206338406e-01	7.9483376976e-01
3.8981015015e+02	7.5585657358e-01	7.8949039579e-01
3.9022985840e+02	7.4980324507e-01	7.8393694688e-01
3.9064956665e+02	7.4350154400e-01	7.7815321195e-01
3.9106927490e+02	7.3665243387e-01	7.7211626604e-01
3.9148898315e+02	7.2973388433e-01	7.6580036033e-01
3.9190869141e+02	7.2212457657e-01	7.5917681472e-01
3.9232839966e+02	7.1457850933e-01	7.5221391827e-01
3.9274810791e+02	7.0586776733e-01	7.4487684082e-01
3.9316781616e+02	6.9644272327e-01	7.3712756695e-01
3.9358752441e+02	6.8697905540e-01	7.2892485863e-01
3.9400723267e+02	6.7711228132e-01	7.2022233294e-01
3.9442694092e+02	6.6631734371e-01	7.1096872669e-01
3.9484664917e+02	6.5549969673e-01	7.0111686031e-01
3.9526635742e+02	6.4338517189e-01	6.9061302713e-01
3.9568606567e+02	6.3000285625e-01	6.7940111545e-01
3.9610577393e+02	6.1659336090e-01	6.6742314238e-01
3.9652548218e+02	6.0148531199e-01	6.5461998064e-01
3.9694519043e+02	5.8624124527e-01	6.4093230971e-01
3.9736489868e+02	5.6955039501e-01	6.2630183340e-01
3.9778460693e+02	5.5249357224e-01	6.1067279471e-01
3.9820431519e+02	5.3422063589e-01	5.9399381927e-01
3.9862402344e+02	5.1466441154e-01	5.7622011048e-01
3.9904376221e+02	4.9488490820e-01	5.5731458244e-01
3.9946347046e+02	4.7292363644e-01	5.3725632906e-01
3.9988317871e+02	4.5040223002e-01	5.1602325628e-01
4.0030288696e+02	4.2750841379e-01	4.9361821863e-01
4.0072259521e+02	4.0556949377e-01	4.7009593753e-01
4.0114230347e+02	3.8362821937e-01	4.4551778667e-01
4.0156201172e+02	3.5277032852e-01	4.1997468137e-01
4.0198171997e+02	3.2242909074e-01	3.9358963022e-01
4.0240142822e+02	2.9623547196e-01	3.6651936570e-01
4.0282113647e+02	2.6863843203e-01	3.3895471499e-01
4.0324084473e+02	2.4280174077e-01	3.1111939193e-01
4.0366055298e+02	2.1797546744e-01	2.8327646708e-01
4.0408026123e+02	1.9326664507e-01	2.5572074465e-01
4.0449996948e+02	1.6924196482e-01	2.2875028873e-01
4.0491967773e+02	1.4684365690e-01	2.0266849728e-01
4.0533938599e+02	1.2776894867e-01	1.7777226111e-01
4.0575909424e+02	1.0816121101e-01	1.5433901010e-01
4.0617880249e+02	9.2282138765e-02	1.3261507455e-01
4.0659851074e+02	7.7392846346e-02	1.1289810392e-01
4.0701821899e+02	6.4905621111e-02	9.5244896634e-02
4.0743792725e+02	5.4590541869e-02	7.9727017573e-02
4.0785763550e+02	4.5249890536e-02	6.6351096610e-02
4.0827734375e+02	3.9231464267e-02	5.5061893712e-02
4.0869705200e+02	3.4562159330e-02	4.5766223507e-02
4.0911676025e+02	3.0591756105e-02	3.8365976815e-02
4.0953649902e+02	2.9185654595e-02	3.2581940379e-02
4.0995620728e+02	2.7546238154e-02	2.8218499405e-02
4.1037591553e+02	2.5990236551e-02	2.5087260332e-02
4.1079562378e+02	2.6486268267e-02	2.3025562915e-02
4.1121533203e+02	2.7948454022e-02	2.1964623308e-02
4.1163504028e+02	3.0604656786e-02	2.1792891564e-02
4.1205474854e+02	3.3598050475e-02	2.2527038696e-02
4.1247445679e+02	3.9806403220e-02	2.4263378336e-02
4.1289416504e+02	4.6960186213e-02	2.7194352879e-02
4.1331387329e+02	5.5616647005e-02	3.1664412142e-02
4.1373358154e+02	6.8016476929e-02	3.7929205450e-02
4.1415328979e+02	8.1439383328e-02	4.6337683706e-02
4.1457299805e+02	9.9194996059e-02	5.7233735315e-02
4.1499270630e+02	1.1953970790e-01	7.1099696075e-02
4.1541241455e+02	1.4267346263e-01	8.8040172188e-02
4.1583212280e+02	1.6871218383e-01	1.0805525937e-01
4.1625183105e+02	1.9572135806e-01	1.3104487089e-01
4.1667153931e+02	2.2525994480e-01	1.5687829466e-01
4.1709124756e+02	2.5375503302e-01	1.8504075080e-01
4.1751095581e+02	2.8445589542e-01	2.1494620235e-01
4.1793066406e+02	3.1526750326e-01	2.4605582118e-01
4.1835037231e+02	3.4308141470e-01	2.7783929036e-01
4.1877008057e+02	3.7256368995e-01	3.0972268219e-01
4.1918978882e+02	4.0187552571e-01	3.4128666162e-01
4.1960949707e+02	4.2891240120e-01	3.7220278807e-01
4.2002920532e+02	4.5515972376e-01	4.0211371269e-01
4.2044894409e+02	4.8075646162e-01	4.3092197516e-01
4.2086865234e+02	5.0603330135e-01	4.5851991451e-01
4.2128836060e+02	5.2803093195e-01	4.8478785100e-01
4.2170806885e+02	5.5114793777e-01	5.0969123301e-01
4.2212777710e+02	5.7139170170e-01	5.3330645273e-01
4.2254748535e+02	5.9048616886e-01	5.5564894520e-01
4.2296719360e+02	6.0924422741e-01	5.7664414284e-01
4.2338690186e+02	6.2655270100e-01	5.9646281755e-01
4.2380661011e+02	6.4050561190e-01	6.1515317464e-01
4.2422631836e+02	6.5684509277e-01	6.3267495694e-01
4.2464602661e+02	6.7108720541e-01	6.4915517154e-01
4.2506573486e+02	6.8512701988e-01	6.6466999224e-01
4.2548544312e+02	6.9699060917e-01	6.7920568261e-01
4.2590515137e+02	7.0928519964e-01	6.9284396384e-01
4.2632485962e+02	7.2040563822e-01	7.0567163096e-01
4.2674456787e+02	7.3102772236e-01	7.1768368818e-01
4.2716427612e+02	7.4093890190e-01	7.2894040890e-01
4.2758398438e+02	7.5001764297e-01	7.3952378849e-01
4.2800369263e+02	7.5825053453e-01	7.4942772685e-01
4.2842340088e+02	7.6646071672e-01	7.5870828936e-01
4.2884310913e+02	7.7397227287e-01	7.6743388226e-01
4.2926281738e+02	7.8081339598e-01	7.7559213217e-01
4.2968252563e+02	7.8753232956e-01	7.8324529732e-01
4.3010223389e+02	7.9326981306e-01	7.9044393960e-01
4.3052194214e+02	7.9914581776e-01	7.9716728084e-01
4.3094165039e+02	8.0370241404e-01	8.0348873516e-01
4.3136138916e+02	8.0924922228e-01	8.0943452112e-01
4.3178109741e+02	8.1308221817e-01	8.1499190272e-01
4.3220080566e+02	8.1980037689e-01	8.2022955974e-01
4.3262051392e+02	8.2229071856e-01	8.2514896296e-01
4.3304022217e+02	8.2662290335e-01	8.2976733999e-01
4.3345993042e+02	8.3087378740e-01	8.3412726146e-01
4.3387963867e+02	8.3462572098e-01	8.3821680456e-01
4.3429934692e+02	8.3849239349e-01	8.4207708165e-01
4.3471905518e+02	8.4169495106e-01	8.4572195012e-01
4.3513876343e+02	8.4489059448e-01	8.4915087834e-01
4.3555847168e+02	8.4823715687e-01	8.5240147693e-01
4.3597817993e+02	8.5060214996e-01	8.5546673435e-01
4.3639788818e+02	8.5393559933e-01	8.5837156811e-01
4.3681759644e+02	8.5605466366e-01	8.6112799501e-01
4.3723730469e+02	8.5816371441e-01	8.6373554011e-01
4.3765701294e+02	8.6019086838e-01	8.6622101769e-01
4.3807672119e+02	8.6445927620e-01	8.6857706061e-01
4.3849642944e+02	8.6527538300e-01	8.7082522179e-01
4.3891613770e+02	8.6725491285e-01	8.7296872703e-01
4.3933584595e+02	8.6915063858e-01	8.7501328290e-01
4.3975555420e+02	8.7067508698e-01	8.7697334482e-01
4.4017526245e+02	8.7224590778e-01	8.7884331768e-01
4.4059497070e+02	8.7413740158e-01	8.8064228045e-01
4.4101467896e+02	8.7563508749e-01	8.8236553835e-01
4.4143438721e+02	8.7721604109e-01	8.8402546686e-01
4.4185412598e+02	8.7922698259e-01	8.8562360500e-01
4.4227383423e+02	8.8025110960e-01	8.8716475669e-01
4.4269354248e+02	8.8227182627e-01	8.8865549965e-01
4.4311325073e+02	8.8375514746e-01	8.9009592520e-01
4.4353295898e+02	8.8544803858e-01	8.9149577305e-01
4.4395266724e+02	8.8661539555e-01	8.9285223022e-01
4.4437237549e+02	8.8790595531e-01	8.9417620391e-01
4.4479208374e+02	8.8964736462e-01	8.9546598251e-01
4.4521179199e+02	8.9108288288e-01	8.9673048830e-01
4.4563150024e+02	8.9183044434e-01	8.9797095403e-01
4.4605120850e+02	8.9316475391e-01	8.9919432542e-01
4.4647091675e+02	8.9445036650e-01	9.0040420437e-01
4.4689062500e+02	8.9564335346e-01	9.0160639080e-01
4.4731033325e+02	8.9727240801e-01	9.0280528045e-01
4.4773004150e+02	8.9772313833e-01	9.0400517516e-01
4.4814974976e+02	8.9898854494e-01	9.0520869417e-01
4.4856945801e+02	8.9994317293e-01	9.0641654723e-01
4.4898916626e+02	9.0055215359e-01	9.0762661812e-01
4.4940887451e+02	9.0200316906e-01	9.0883343945e-01
4.4982858276e+02	9.0286439657e-01	9.1002955131e-01
4.5024829102e+02	9.0429633856e-01	9.1120411995e-01
4.5066799927e+02	9.0485376120e-01	9.1234842664e-01
4.5108770752e+02	9.0657895803e-01	9.1345208227e-01
4.5150741577e+02	9.0758836269e-01	9.1451055590e-01
4.5192712402e+02	9.0828984976e-01	9.1551947233e-01
4.5234683228e+02	9.0962529182e-01	9.1647960198e-01
4.5276657104e+02	9.1025739908e-01	9.1739309832e-01
4.5318627930e+02	9.1116738319e-01	9.1826301215e-01
4.5360598755e+02	9.1192215681e-01	9.1909507826e-01
4.5402569580e+02	9.1292774677e-01	9.1989200530e-01
4.5444540405e+02	9.1379737854e-01	9.2066039690e-01
4.5486511230e+02	9.1506314278e-01	9.2140131095e-01
4.5528482056e+02	9.1650521755e-01	9.2212106484e-01
4.5570452881e+02	9.1748052835e-01	9.2281904764e-01
4.5612423706e+02	9.1892176867e-01	9.2350099178e-01
4.5654394531e+02	9.2055469751e-01	9.2416516258e-01
4.5696365356e+02	9.2177188396e-01	9.2481621862e-01
4.5738336182e+02	9.2228233814e-01	9.2545304968e-01
4.5780307007e+02	9.2351722717e-01	9.2607821740e-01
4.5822277832e+02	9.2405539751e-01	9.2669163186e-01
4.5864248657e+02	9.2468708754e-01	9.2729427922e-01
4.5906219482e+02	9.2318731546e-01	9.2788699374e-01
4.5948190308e+02	9.2219424248e-01	9.2846948151e-01
4.5990161133e+02	9.2224210501e-01	9.2904346645e-01
4.6032131958e+02	9.2295032740e-01	9.2960753656e-01
4.6074102783e+02	9.2301017046e-01	9.3016381324e-01
4.6116073608e+02	9.2374372482e-01	9.3071130250e-01
4.6158044434e+02	9.2585468292e-01	9.3125103326e-01
4.6200015259e+02	9.2565351725e-01	9.3178308371e-01
4.6241986084e+02	9.2605602741e-01	9.3230728412e-01
4.6283956909e+02	9.2665493488e-01	9.3282480137e-01
4.6325927734e+02	9.2756587267e-01	9.3333434201e-01
4.6367901611e+02	9.2783898115e-01	9.3383757898e-01
4.6409872437e+02	9.2876714468e-01	9.3433378307e-01
4.6451843262e+02	9.2916023731e-01	9.3482337544e-01
4.6493814087e+02	9.2998242378e-01	9.3530688960e-01
4.6535784912e+02	9.3033838272e-01	9.3578350099e-01
4.6577755737e+02	9.3087953329e-01	9.3625445864e-01
4.6619726562e+02	9.3156594038e-01	9.3671909074e-01
4.6661697388e+02	9.3223673105e-01	9.3717785615e-01
4.6703668213e+02	9.3230706453e-01	9.3763116263e-01
4.6745639038e+02	9.3312788010e-01	9.3807821213e-01
4.6787609863e+02	9.3327987194e-01	9.3852012479e-01
4.6829580688e+02	9.3419522047e-01	9.3895639594e-01
4.6871551514e+02	9.3483269215e-01	9.3938719939e-01
4.6913522339e+02	9.3491864204e-01	9.3981311285e-01
4.6955493164e+02	9.3576997519e-01	9.4023325798e-01
4.6997463989e+02	9.3628591299e-01	9.4064858514e-01
4.7039434814e+02	9.3668353558e-01	9.4105897834e-01
4.7081405640e+02	9.3709748983e-01	9.4146403786e-01
4.7123376465e+02	9.3766921759e-01	9.4186455261e-01
4.7165347290e+02	9.3821108341e-01	9.4226005497e-01
4.7207318115e+02	9.3846422434e-01	9.4265070823e-01
4.7249288940e+02	9.3903815746e-01	9.4303698113e-01
4.7291259766e+02	9.3956762552e-01	9.4341820356e-01
4.7333230591e+02	9.3984222412e-01	9.4379496197e-01
4.7375201416e+02	9.4017112255e-01	9.4416747956e-01
4.7417175293e+02	9.4045192003e-01	9.4453497025e-01
4.7459146118e+02	9.4122886658e-01	9.4489826634e-01
4.7501116943e+02	9.4188082218e-01	9.4525733605e-01
4.7543087769e+02	9.4240552187e-01	9.4561158548e-01
4.7585058594e+02	9.4238996506e-01	9.4596178093e-01
4.7627029419e+02	9.4312822819e-01	9.4630778649e-01
4.7669000244e+02	9.4358611107e-01	9.4664914952e-01
4.7710971069e+02	9.4393312931e-01	9.4698654187e-01
4.7752941895e+02	9.4420033693e-01	9.4731981366e-01
4.7794912720e+02	9.4473761320e-01	9.4764854873e-01
4.7836883545e+02	9.4504845142e-01	9.4797338029e-01
4.7878854370e+02	9.4538277388e-01	9.4829419440e-01
4.7920825195e+02	9.4572979212e-01	9.4861051143e-01
4.7962796021e+02	9.4634795189e-01	9.4892297924e-01
4.8004766846e+02	9.4668149948e-01	9.4923156889e-01
4.8046737671e+02	9.4690930843e-01	9.4953564015e-01
4.8088708496e+02	9.4767534733e-01	9.4983590709e-01
4.8130679321e+02	9.4787204266e-01	9.5013238133e-01
4.8172650146e+02	9.4829308987e-01	9.5042444645e-01
4.8214620972e+02	9.4865810871e-01	9.5071265325e-01
4.8256591797e+02	9.4924372435e-01	9.5099710574e-01
4.8298562622e+02	9.4952660799e-01	9.5127738716e-01
4.8340533447e+02	9.4978976250e-01	9.5155366442e-01
4.8382504272e+02	9.5024621487e-01	9.5182622505e-01
4.8424475098e+02	9.5084053278e-01	9.5209489988e-01
4.8466445923e+02	9.5087730885e-01	9.5235937973e-01
4.8508419800e+02	9.5136731863e-01	9.5262020225e-01
4.8550390625e+02	9.5153617859e-01	9.5287734212e-01
4.8592361450e+02	9.5213627815e-01	9.5313028085e-01
4.8634332275e+02	9.5246005058e-01	9.5337947733e-01
4.8676303101e+02	9.5270496607e-01	9.5362505890e-01
4.8718273926e+02	9.5283079147e-01	9.5386684526e-01
4.8760244751e+02	9.5319813490e-01	9.5410460812e-01
4.8802215576e+02	9.5352286100e-01	9.5433881364e-01
4.8844186401e+02	9.5374089479e-01	9.5456948059e-01
4.8886157227e+02	9.5405548811e-01	9.5479621147e-01
4.8928128052e+02	9.5417505503e-01	9.5501925421e-01
4.8970098877e+02	9.5479714870e-01	9.5523882985e-01
4.9012069702e+02	9.5511466265e-01	9.5545496166e-01
4.9054040527e+02	9.5527750254e-01	9.5566712245e-01
4.9096011353e+02	9.5549166203e-01	9.5587586552e-01
4.9137982178e+02	9.5590430498e-01	9.5608125113e-01
4.9179953003e+02	9.5563358068e-01	9.5628325724e-01
4.9221923828e+02	9.5616316795e-01	9.5648146125e-01
4.9263894653e+02	9.5632791519e-01	9.5667640523e-01
4.9305865479e+02	9.5643103123e-01	9.5686812032e-01
4.9347836304e+02	9.5702689886e-01	9.5705658275e-01
4.9389807129e+02	9.5709067583e-01	9.5724142150e-01
4.9431777954e+02	9.5716267824e-01	9.5742314183e-01
4.9473748779e+02	9.5749455690e-01	9.5760177853e-01
4.9515719604e+02	9.5783787966e-01	9.5777736711e-01
4.9557690430e+02	9.5810478926e-01	9.5794947312e-01
4.9599664307e+02	9.5815885067e-01	9.5811862034e-01
4.9641635132e+02	9.5837765932e-01	9.5828482996e-01
4.9683605957e+02	9.5882713795e-01	9.5844815241e-01
4.9725576782e+02	9.5899266005e-01	9.5860831623e-01
4.9767547607e+02	9.5889246464e-01	9.5876555039e-01
4.9809518433e+02	9.5916843414e-01	9.5892002656e-01
4.9851489258e+02	9.5939147472e-01	9.5907178421e-01
4.9893460083e+02	9.5976716280e-01	9.5922076187e-01
4.9935430908e+02	9.5958787203e-01	9.5936680725e-01
4.9977401733e+02	9.5960766077e-01	9.5951026590e-01
5.0019372559e+02	9.5977663994e-01	9.5965117768e-01
5.0061343384e+02	9.6018791199e-01	9.5978958240e-01
5.0103314209e+02	9.6009629965e-01	9.5992530225e-01
5.0145285034e+02	9.6051526070e-01	9.6005846263e-01
5.0187255859e+02	9.6073150635e-01	9.6018924633e-01
5.0229226685e+02	9.6082484722e-01	9.6031769232e-01
5.0271197510e+02	9.6086126566e-01	9.6044383928e-01
5.0313168335e+02	9.6162456274e-01	9.6056748956e-01
5.0355139160e+02	9.6145057678e-01	9.6068884519e-01
5.0397109985e+02	9.6169185638e-01	9.6080802644e-01
5.0439080811e+02	9.6173739433e-01	9.6092507021e-01
5.0481051636e+02	9.6207964420e-01	9.6104001292e-01
5.0523022461e+02	9.6211701632e-01	9.6115271409e-01
5.0564993286e+02	9.6211206913e-01	9.6126329081e-01
5.0606964111e+02	9.6239817142e-01	9.6137188239e-01
5.0648937988e+02	9.6229076385e-01	9.6147853057e-01
5.0690908813e+02	9.6241891384e-01	9.6158325335e-01
5.0732879639e+02	9.6266144514e-01	9.6168603442e-01
5.0774850464e+02	9.6269053221e-01	9.6178678113e-01
5.0816821289e+02	9.6255898476e-01	9.6188571583e-01
5.0858792114e+02	9.6245151758e-01	9.6198286943e-01
5.0900762939e+02	9.6262931824e-01	9.6207827221e-01
5.0942733765e+02	9.6264356375e-01	9.6217195387e-01
5.0984704590e+02	9.6253502369e-01	9.6226383921e-01
5.1026675415e+02	9.6286112070e-01	9.6235396176e-01
5.1068646240e+02	9.6271735430e-01	9.6244245622e-01
5.1110617065e+02	9.6288102865e-01	9.6252934977e-01
5.1152587891e+02	9.6308386326e-01	9.6261466906e-01
5.1194558716e+02	9.6292942762e-01	9.6269844023e-01
5.1236529541e+02	9.6326535940e-01	9.6278062437e-01
5.1278503418e+02	9.6327000856e-01	9.6286120727e-01
5.1320471191e+02	9.6327066422e-01	9.6294031220e-01
5.1362445068e+02	9.6362155676e-01	9.6301798599e-01
5.1404412842e+02	9.6375775337e-01	9.6309422974e-01
5.1446386719e+02	9.6397900581e-01	9.6316908862e-01
5.1488354492e+02	9.6404814720e-01	9.6324256366e-01
5.1530328369e+02	9.6408891678e-01	9.6331458975e-01
5.1572296143e+02	9.6437597275e-01	9.6338524165e-01
5.1614270020e+02	9.6456772089e-01	9.6345460185e-01
5.1656237793e+02	9.6457690001e-01	9.6352267137e-01
5.1698211670e+02	9.6454071999e-01	9.6358949080e-01
5.1740179443e+02	9.6465963125e-01	9.6365506124e-01
5.1782153320e+02	9.6469050646e-01	9.6371942202e-01
5.1824121094e+02	9.6485126019e-01	9.6378251568e-01
5.1866094971e+02	9.6485793591e-01	9.6384437911e-01
5.1908062744e+02	9.6457237005e-01	9.6390507836e-01
5.1950036621e+02	9.6470671892e-01	9.6396465033e-01
5.1992004395e+02	9.6477192640e-01	9.6402309660e-01
5.2033978271e+02	9.6472489834e-01	9.6408045304e-01
5.2075946045e+02	9.6456062794e-01	9.6413672146e-01
5.2117919922e+02	9.6465897560e-01	9.6419193676e-01
5.2159887695e+02	9.6461772919e-01	9.6424606166e-01
5.2201861572e+02	9.6454340219e-01	9.6429911514e-01
5.2243829346e+02	9.6466410160e-01	9.6435115789e-01
5.2285803223e+02	9.6458566189e-01	9.6440222291e-01
5.2327777100e+02	9.6454340219e-01	9.6445231999e-01
5.2369744873e+02	9.6439182758e-01	9.6450145959e-01
5.2411718750e+02	9.6452403069e-01	9.6454967319e-01
5.2453686523e+02	9.6472978592e-01	9.6459696400e-01
5.2495660400e+02	9.6464222670e-01	9.6464336269e-01
5.2537628174e+02	9.6462261677e-01	9.6468886002e-01
5.2579602051e+02	9.6466118097e-01	9.6473344130e-01
5.2621569824e+02	9.6474498510e-01	9.6477717084e-01
5.2663543701e+02	9.6458697319e-01	9.6482007771e-01
5.2705511475e+02	9.6476596594e-01	9.6486216568e-01
5.2747485352e+02	9.6470159292e-01	9.6490346303e-01
5.2789453125e+02	9.6503376961e-01	9.6494397371e-01
5.2831427002e+02	9.6515387297e-01	9.6498372523e-01
5.2873394775e+02	9.6486294270e-01	9.6502272163e-01
5.2915368652e+02	9.6523064375e-01	9.6506098969e-01
5.2957336426e+02	9.6492785215e-01	9.6509853350e-01
5.2999310303e+02	9.6525293589e-01	9.6513537283e-01
5.3041278076e+02	9.6548724174e-01	9.6517147792e-01
5.3083251953e+02	9.6539467573e-01	9.6520691673e-01
5.3125219727e+02	9.6576756239e-01	9.6524169330e-01
5.3167193604e+02	9.6557551622e-01	9.6527583199e-01
5.3209161377e+02	9.6554380655e-01	9.6530933680e-01
5.3251135254e+02	9.6570712328e-01	9.6534223129e-01
5.3293103027e+02	9.6553725004e-01	9.6537451934e-01
5.3335076904e+02	9.6566361189e-01	9.6540622372e-01
5.3377050781e+02	9.6550369263e-01	9.6543735266e-01
5.3419018555e+02	9.6550601721e-01	9.6546791464e-01
5.3460992432e+02	9.6589201689e-01	9.6549793103e-01
5.3502960205e+02	9.6555727720e-01	9.6552740544e-01
5.3544934082e+02	9.6582609415e-01	9.6555635843e-01
5.3586901855e+02	9.6577459574e-01	9.6558479338e-01
5.3628875732e+02	9.6554327011e-01	9.6561271597e-01
5.3670843506e+02	9.6576225758e-01	9.6564013391e-01
5.3712817383e+02	9.6556407213e-01	9.6566707706e-01
5.3754785156e+02	9.6568953991e-01	9.6569354817e-01
5.3796759033e+02	9.6551656723e-01	9.6571956519e-01
5.3838726807e+02	9.6564853191e-01	9.6574513055e-01
5.3880700684e+02	9.6676003933e-01	9.6577026135e-01
5.3922668457e+02	9.6440535784e-01	9.6579495967e-01
5.3964642334e+02	9.6543502808e-01	9.6581924178e-01
5.4006610107e+02	9.6567195654e-01	9.6584310938e-01
5.4048583984e+02	9.6575021744e-01	9.6586657792e-01
5.4090551758e+02	9.6552503109e-01	9.6588964870e-01
5.4132525635e+02	9.6575933695e-01	9.6591233633e-01
5.4174493408e+02	9.6585667133e-01	9.6593464175e-01
5.4216467285e+02	9.6596139669e-01	9.6595657871e-01
5.4258435059e+02	9.6571254730e-01	9.6597814776e-01
5.4300408936e+02	9.6595084667e-01	9.6599936185e-01
5.4342376709e+02	9.6575826406e-01	9.6602022109e-01
5.4384350586e+02	9.6583110094e-01	9.6604073763e-01
5.4426324463e+02	9.6590411663e-01	9.6606091411e-01
5.4468292236e+02	9.6596175432e-01	9.6608075312e-01
5.4510266113e+02	9.6592324972e-01	9.6610026554e-01
5.4552233887e+02	9.6606129408e-01	9.6611945057e-01
5.4594207764e+02	9.6610724926e-01	9.6613831828e-01
5.4636175537e+02	9.6596187353e-01	9.6615686748e-01
5.4678149414e+02	9.6594327688e-01	9.6617510750e-01
5.4720117188e+02	9.6603763103e-01	9.6619303674e-01
5.4762091064e+02	9.6625584364e-01	9.6621066378e-01
5.4804058838e+02	9.6655857563e-01	9.6622798664e-01
5.4846032715e+02	9.6647423506e-01	9.6624501318e-01
5.4888000488e+02	9.6641600132e-01	9.6626174104e-01
5.4929974365e+02	9.6659588814e-01	9.6627817739e-01
5.4971942139e+02	9.6658015251e-01	9.6629431949e-01
5.5013916016e+02	9.6666556597e-01	9.6631017382e-01
5.5055883789e+02	9.6673375368e-01	9.6632573730e-01
5.5097857666e+02	9.6675068140e-01	9.6634101574e-01
5.5139825439e+02	9.6678221226e-01	9.6635600573e-01
5.5181799316e+02	9.6674168110e-01	9.6637071242e-01
5.5223767090e+02	9.6668732166e-01	9.6638513209e-01
5.5265740967e+02	9.6693325043e-01	9.6639926928e-01
5.5307708740e+02	9.6665334702e-01	9.6641311994e-01
5.5349682617e+02	9.6665877104e-01	9.6642668801e-01
5.5391650391e+02	9.6684843302e-01	9.6643996916e-01
5.5433624268e+02	9.6680384874e-01	9.6645296674e-01
5.5475592041e+02	9.6660709381e-01	9.6646567616e-01
5.5517565918e+02	9.6682268381e-01	9.6647810020e-01
5.5559539795e+02	9.6678835154e-01	9.6649023577e-01
5.5601507568e+02	9.6684014797e-01	9.6650207985e-01
5.5643481445e+02	9.6675825119e-01	9.6651363430e-01
5.5685449219e+02	9.6686279774e-01	9.6652489406e-01
5.5727423096e+02	9.6695184708e-01	9.6653586045e-01
5.5769390869e+02	9.6677899361e-01	9.6654652824e-01
5.5811364746e+02	9.6691673994e-01	9.6655689823e-01
5.5853332520e+02	9.6709072590e-01	9.6656696502e-01
5.5895306396e+02	9.6701049805e-01	9.6657672892e-01
5.5937274170e+02	9.6691507101e-01	9.6658618438e-01
5.5979248047e+02	9.6704459190e-01	9.6659533125e-01
5.6021215820e+02	9.6704983711e-01	9.6660416384e-01
5.6063189697e+02	9.6695697308e-01	9.6661268155e-01
5.6105157471e+02	9.6681499481e-01	9.6662087860e-01
5.6147131348e+02	9.6684587002e-01	9.6662875392e-01
5.6189099121e+02	9.6691060066e-01	9.6663630166e-01
5.6231072998e+02	9.6676230431e-01	9.6664352033e-01
5.6273040771e+02	9.6692144871e-01	9.6665040403e-01
5.6315014648e+02	9.6684676409e-01	9.6665695086e-01
5.6356982422e+02	9.6674168110e-01	9.6666315487e-01
5.6398956299e+02	9.6672862768e-01	9.6666901378e-01
5.6440924072e+02	9.6684128046e-01	9.6667452163e-01
5.6482897949e+02	9.6681398153e-01	9.6667967574e-01
5.6524865723e+02	9.6703064442e-01	9.6668447018e-01
5.6566839600e+02	9.6705704927e-01	9.6668890192e-01
5.6608813477e+02	9.6718376875e-01	9.6669296561e-01
5.6650781250e+02	9.6694725752e-01	9.6669664630e-01
5.6692755127e+02	9.6696376801e-01	9.6669993627e-01
5.6734722900e+02	9.6709835529e-01	9.6670284234e-01
5.6776696777e+02	9.6708440781e-01	9.6670536043e-01
5.6818664551e+02	9.6711581945e-01	9.6670748493e-01
5.6860638428e+02	9.6709007025e-01	9.6670921145e-01
5.6902606201e+02	9.6731448174e-01	9.6671053448e-01
5.6944580078e+02	9.6682459116e-01	9.6671144934e-01
5.6986547852e+02	9.6705621481e-01	9.6671195069e-01
5.7028521729e+02	9.6693581343e-01	9.6671203352e-01
5.7070489502e+02	9.6701580286e-01	9.6671169268e-01
5.7112463379e+02	9.6679627895e-01	9.6671092290e-01
5.7154431152e+02	9.6689164639e-01	9.6670971921e-01
5.7196405029e+02	9.6693956852e-01	9.6670807607e-01
5.7238372803e+02	9.6672451496e-01	9.6670598876e-01
5.7280346680e+02	9.6665000916e-01	9.6670345148e-01
5.7322314453e+02	9.6667915583e-01	9.6670042399e-01
5.7364288330e+02	9.6662068367e-01	9.6669692871e-01
5.7406256104e+02	9.6658414602e-01	9.6669296663e-01
5.7448229980e+02	9.6631449461e-01	9.6668853143e-01
5.7490197754e+02	9.6636033058e-01	9.6668361917e-01
5.7532171631e+02	9.6639877558e-01	9.6667822333e-01
5.7574139404e+02	9.6627306938e-01	9.6667234029e-01
5.7616113281e+02	9.6589869261e-01	9.6666596331e-01
5.7658087158e+02	9.6603238583e-01	9.6665908812e-01
5.7700054932e+02	9.6589022875e-01	9.6665171088e-01
5.7742028809e+02	9.6573644876e-01	9.6664382445e-01
5.7783996582e+02	9.6574980021e-01	9.6663542629e-01
5.7825970459e+02	9.6594476700e-01	9.6662646056e-01
5.7867938232e+02	9.6579235792e-01	9.6661696098e-01
5.7909912109e+02	9.6557891369e-01	9.6660693018e-01
5.7951879883e+02	9.6555024385e-01	9.6659636647e-01
5.7993853760e+02	9.6582549810e-01	9.6658526217e-01
5.8035821533e+02	9.6561014652e-01	9.6657361605e-01
5.8077795410e+02	9.6574068069e-01	9.6656142027e-01
5.8119763184e+02	9.6560114622e-01	9.6654867410e-01
5.8161737061e+02	9.6564531326e-01	9.6653536960e-01
5.8203704834e+02	9.6579629183e-01	9.6652150651e-01
5.8245678711e+02	9.6599113941e-01	9.6650703193e-01
5.8287646484e+02	9.6575433016e-01	9.6649195799e-01
5.8329620361e+02	9.6584087610e-01	9.6647630680e-01
5.8371588135e+02	9.6594262123e-01	9.6646007920e-01
5.8413562012e+02	9.6609938145e-01	9.6644326693e-01
5.8455529785e+02	9.6598047018e-01	9.6642587138e-01
5.8497503662e+02	9.6599465609e-01	9.6640788420e-01
5.8539471436e+02	9.6586078405e-01	9.6638930737e-01
5.8581445312e+02	9.6614754200e-01	9.6637013247e-01
5.8623413086e+02	9.6616649628e-01	9.6635031455e-01
5.8665386963e+02	9.6631282568e-01	9.6632984661e-01
5.8707354736e+02	9.6634256840e-01	9.6630877520e-01
5.8749328613e+02	9.6605342627e-01	9.6628709178e-01
5.8791302490e+02	9.6643882990e-01	9.6626479694e-01
5.8833270264e+02	9.6624237299e-01	9.6624189193e-01
5.8875244141e+02	9.6642917395e-01	9.6621836797e-01
5.8917211914e+02	9.6606731415e-01	9.6619423006e-01
5.8959185791e+02	9.6596622467e-01	9.6616944111e-01
5.9001153564e+02	9.6603739262e-01	9.6614395627e-01
5.9043127441e+02	9.6575278044e-01	9.6611784298e-01
5.9085095215e+02	9.6579140425e-01	9.6609110766e-01
5.9127069092e+02	9.6578502655e-01	9.6606374146e-01
5.9169036865e+02	9.6583253145e-01	9.6603575147e-01
5.9211010742e+02	9.6589189768e-01	9.6600712881e-01
5.9252978516e+02	9.6572130919e-01	9.6597788124e-01
5.9294952393e+02	9.6583050489e-01	9.6594792433e-01
5.9336920166e+02	9.6582394838e-01	9.6591729763e-01
5.9378894043e+02	9.6574759483e-01	9.6588603461e-01
5.9420861816e+02	9.6573323011e-01	9.6585414456e-01
5.9462835693e+02	9.6550637484e-01	9.6582161858e-01
5.9504803467e+02	9.6560025215e-01	9.6578846663e-01
5.9546777344e+02	9.6547889709e-01	9.6575467981e-01
5.9588745117e+02	9.6547424793e-01	9.6572020441e-01
5.9630718994e+02	9.6562361717e-01	9.6568503075e-01
5.9672686768e+02	9.6527802944e-01	9.6564923382e-01
5.9714660645e+02	9.6521687508e-01	9.6561280478e-01
5.9756628418e+02	9.6543234587e-01	9.6557575581e-01
5.9798602295e+02	9.6522051096e-01	9.6553807802e-01
5.9840576172e+02	9.6525573730e-01	9.6549977865e-01
5.9882543945e+02	9.6507173777e-01	9.6546076115e-01
5.9924517822e+02	9.6522819996e-01	9.6542108834e-01
5.9966485596e+02	9.6500909328e-01	9.6538080611e-01
6.0008459473e+02	9.6501022577e-01	9.6533990545e-01
6.0050427246e+02	9.6486812830e-01	9.6529840123e-01
6.0092401123e+02	9.6485346556e-01	9.6525628440e-01
6.0134368896e+02	9.6477192640e-01	9.6521351832e-01
6.0176342773e+02	9.6484541893e-01	9.6517005648e-01
6.0218310547e+02	9.6458733082e-01	9.6512600460e-01
6.0260284424e+02	9.6456158161e-01	9.6508135371e-01
6.0302252197e+02	9.6458864212e-01	9.6503612077e-01
6.0344226074e+02	9.6460884809e-01	9.6499029670e-01
6.0386193848e+02	9.6455985308e-01	9.6494386191e-01
6.0428167725e+02	9.6433538198e-01	9.6489673725e-01
6.0470135498e+02	9.6453267336e-01	9.6484904891e-01
6.0512109375e+02	9.6434956789e-01	9.6480078787e-01
6.0554077148e+02	9.6430414915e-01	9.6475197306e-01
6.0596051025e+02	9.6393978596e-01	9.6470259534e-01
6.0638018799e+02	9.6411782503e-01	9.6465261692e-01
6.0679992676e+02	9.6392947435e-01	9.6460199871e-01
6.0721960449e+02	9.6385818720e-01	9.6455084965e-01
6.0763934326e+02	9.6396207809e-01	9.6449916058e-01
6.0805902100e+02	9.6385073662e-01	9.6444695225e-01
6.0847875977e+02	9.6373128891e-01	9.6439421538e-01
6.0889849854e+02	9.6374422312e-01	9.6434085588e-01
6.0931817627e+02	9.6359032393e-01	9.6428696134e-01
6.0973791504e+02	9.6380060911e-01	9.6423255878e-01
6.1015759277e+02	9.6359091997e-01	9.6417767047e-01
6.1057733154e+02	9.6350997686e-01	9.6412228682e-01
6.1099700928e+02	9.6350181103e-01	9.6406638882e-01
6.1141674805e+02	9.6355545521e-01	9.6400991168e-01
6.1183642578e+02	9.6350491047e-01	9.6395297880e-01
6.1225616455e+02	9.6329653263e-01	9.6389558047e-01
6.1267584229e+02	9.6340286732e-01	9.6383774035e-01
6.1309558105e+02	9.6323072910e-01	9.6377944623e-01
6.1351525879e+02	9.6339112520e-01	9.6372059316e-01
6.1393499756e+02	9.6336358786e-01	9.6366130668e-01
6.1435467529e+02	9.6334135532e-01	9.6360161133e-01
6.1477441406e+02	9.6306389570e-01	9.6354149702e-01
6.1519409180e+02	9.6319448948e-01	9.6348098850e-01
6.1561383057e+02	9.6321672201e-01	9.6341996265e-01
6.1603350830e+02	9.6301400661e-01	9.6335854876e-01
6.1645324707e+02	9.6296060085e-01	9.6329675028e-01
6.1687292480e+02	9.6296876669e-01	9.6323459266e-01
6.1729266357e+02	9.6277248859e-01	9.6317206532e-01
6.1771234131e+02	9.6287286282e-01	9.6310908715e-01
6.1813208008e+02	9.6300083399e-01	9.6304574931e-01
6.1855175781e+02	9.6293950081e-01	9.6298208854e-01
6.1897149658e+02	9.6283185482e-01	9.6291809395e-01
6.1939117432e+02	9.6280944347e-01	9.6285378540e-01
6.1981091309e+02	9.6272623539e-01	9.6278905806e-01
6.2023065186e+02	9.6286666393e-01	9.6272403530e-01
6.2065032959e+02	9.6257585287e-01	9.6265873427e-01
6.2107006836e+02	9.6280843019e-01	9.6259314346e-01
6.2148974609e+02	9.6277791262e-01	9.6252725816e-01
6.2190948486e+02	9.6260690689e-01	9.6246103653e-01
6.2232916260e+02	9.6272832155e-01	9.6239457389e-01
6.2274890137e+02	9.6276158094e-01	9.6232785833e-01
6.2316857910e+02	9.6250188351e-01	9.6226091661e-01
6.2358831787e+02	9.6237093210e-01	9.6219367834e-01
6.2400799561e+02	9.6243560314e-01	9.6212620947e-01
6.2442773438e+02	9.6259331703e-01	9.6205852436e-01
6.2484741211e+02	9.6228533983e-01	9.6199064986e-01
6.2526715088e+02	9.6240746975e-01	9.6192256096e-01
6.2568682861e+02	9.6219128370e-01	9.6185424091e-01
6.2610656738e+02	9.6191203594e-01	9.6178574078e-01
6.2652624512e+02	9.6197527647e-01	9.6171708735e-01
6.2694598389e+02	9.6186882257e-01	9.6164826742e-01
6.2736566162e+02	9.6186327934e-01	9.6157926556e-01
6.2778540039e+02	9.6174585819e-01	9.6151010269e-01
6.2820507812e+02	9.6172213554e-01	9.6144082160e-01
6.2862481689e+02	9.6154564619e-01	9.6137140854e-01
6.2904449463e+02	9.6152430773e-01	9.6130187236e-01
6.2946423340e+02	9.6150839329e-01	9.6123219533e-01
6.2988391113e+02	9.6147251129e-01	9.6116243377e-01
6.3030364990e+02	9.6116447449e-01	9.6109257339e-01
6.3072338867e+02	9.6120518446e-01	9.6102262600e-01
6.3114306641e+02	9.6115529537e-01	9.6095258840e-01
6.3156280518e+02	9.6103322506e-01	9.6088247790e-01
6.3198248291e+02	9.6106547117e-01	9.6081232041e-01
6.3240222168e+02	9.6095657349e-01	9.6074210092e-01
6.3282189941e+02	9.6081787348e-01	9.6067183065e-01
6.3324163818e+02	9.6092939377e-01	9.6060151631e-01
6.3366131592e+02	9.6086424589e-01	9.6053118449e-01
6.3408105469e+02	9.6065604687e-01	9.6046081963e-01
6.3450073242e+02	9.6067839861e-01	9.6039044474e-01
6.3492047119e+02	9.6061128378e-01	9.6032005351e-01
6.3534014893e+02	9.6029311419e-01	9.6024967205e-01
6.3575988770e+02	9.6068751812e-01	9.6017928426e-01
6.3617956543e+02	9.6041452885e-01	9.6010892251e-01
6.3659930420e+02	9.6047365665e-01	9.6003857222e-01
6.3701898193e+02	9.6027731895e-01	9.5996825652e-01
6.3743872070e+02	9.6032691002e-01	9.5989795876e-01
6.3785839844e+02	9.6007388830e-01	9.5982772059e-01
6.3827813721e+02	9.6022641659e-01	9.5975751906e-01
6.3869781494e+02	9.5994764566e-01	9.5968737432e-01
6.3911755371e+02	9.5994687080e-01	9.5961726923e-01
6.3953723145e+02	9.6013641357e-01	9.5954725665e-01
6.3995697021e+02	9.6013581753e-01	9.5947730086e-01
6.4037664795e+02	9.6002769470e-01	9.5940742135e-01
6.4079638672e+02	9.5990544558e-01	9.5933760104e-01
6.4121612549e+02	9.5970875025e-01	9.5926789590e-01
6.4163580322e+02	9.5970731974e-01	9.5919828151e-01
6.4205554199e+02	9.5937597752e-01	9.5912873986e-01
6.4247521973e+02	9.5953905582e-01	9.5905930376e-01
6.4289495850e+02	9.5962905884e-01	9.5898998902e-01
6.4331463623e+02	9.5941370726e-01	9.5892077945e-01
6.4373437500e+02	9.5914870501e-01	9.5885165663e-01
6.4415405273e+02	9.5918488503e-01	9.5878266924e-01
6.4457379150e+02	9.5917427540e-01	9.5871380910e-01
6.4499346924e+02	9.5885193348e-01	9.5864506573e-01
6.4541320801e+02	9.5883315802e-01	9.5857642037e-01
6.4583288574e+02	9.5874255896e-01	9.5850794456e-01
6.4625262451e+02	9.5885562897e-01	9.5843959086e-01
6.4667230225e+02	9.5844471455e-01	9.5837136275e-01
6.4709204102e+02	9.5858979225e-01	9.5830324694e-01
6.4751171875e+02	9.5829939842e-01	9.5823532748e-01
6.4793145752e+02	9.5830488205e-01	9.5816751966e-01
6.4835113525e+02	9.5801538229e-01	9.5809984361e-01
6.4877087402e+02	9.5813137293e-01	9.5803231646e-01
6.4919055176e+02	9.5793533325e-01	9.5796496601e-01
6.4961029053e+02	9.5791685581e-01	9.5789773133e-01
6.5002996826e+02	9.5777893066e-01	9.5783063206e-01
6.5044970703e+02	9.5759928226e-01	9.5776372239e-01
6.5086938477e+02	9.5777839422e-01	9.5769695876e-01
6.5128912354e+02	9.5750015974e-01	9.5763031262e-01
6.5170880127e+02	9.5734888315e-01	9.5756383370e-01
6.5212854004e+02	9.5732069016e-01	9.5749752642e-01
6.5254827881e+02	9.5744615793e-01	9.5743134626e-01
6.5296795654e+02	9.5729374886e-01	9.5736530227e-01
6.5338769531e+02	9.5730608702e-01	9.5729944947e-01
6.5380737305e+02	9.5734661818e-01	9.5723374267e-01
6.5422711182e+02	9.5708984137e-01	9.5716815092e-01
6.5464678955e+02	9.5720708370e-01	9.5710272849e-01
6.5506652832e+02	9.5715695620e-01	9.5703746874e-01
6.5548620605e+02	9.5727175474e-01	9.5697233960e-01
6.5590594482e+02	9.5710682869e-01	9.5690732156e-01
6.5632562256e+02	9.5699834824e-01	9.5684251576e-01
6.5674536133e+02	9.5697045326e-01	9.5677781683e-01
6.5716503906e+02	9.5689636469e-01	9.5671324249e-01
6.5758477783e+02	9.5701622963e-01	9.5664882385e-01
6.5800445557e+02	9.5689547062e-01	9.5658455593e-01
6.5842419434e+02	9.5688706636e-01	9.5652038755e-01
6.5884387207e+02	9.5685487986e-01	9.5645635811e-01
6.5926361084e+02	9.5671659708e-01	9.5639248019e-01
6.5968328857e+02	9.5667690039e-01	9.5632871299e-01
6.6010302734e+02	9.5680981874e-01	9.5626503674e-01
6.6052270508e+02	9.5657181740e-01	9.5620153854e-01
6.6094244385e+02	9.5661789179e-01	9.5613812662e-01
6.6136212158e+02	9.5645719767e-01	9.5607481559e-01
6.6178186035e+02	9.5634359121e-01	9.5601163175e-01
6.6220153809e+02	9.5649242401e-01	9.5594856267e-01
6.6262127686e+02	9.5628201962e-01	9.5588556665e-01
6.6304101562e+02	9.5630270243e-01	9.5582267822e-01
6.6346069336e+02	9.5627272129e-01	9.5575990864e-01
6.6388043213e+02	9.5603644848e-01	9.5569720197e-01
6.6430010986e+02	9.5611369610e-01	9.5563458688e-01
6.6471984863e+02	9.5595008135e-01	9.5557207070e-01
6.6513952637e+02	9.5591127872e-01	9.5550962481e-01
6.6555926514e+02	9.5559698343e-01	9.5544723096e-01
6.6597894287e+02	9.5578014851e-01	9.5538494687e-01
6.6639868164e+02	9.5567411184e-01	9.5532270361e-01
6.6681835938e+02	9.5570313931e-01	9.5526051827e-01
6.6723809814e+02	9.5546835661e-01	9.5519840102e-01
6.6765777588e+02	9.5542949438e-01	9.5513633648e-01
6.6807751465e+02	9.5535671711e-01	9.5507430022e-01
6.6849719238e+02	9.5525062084e-01	9.5501232728e-01
6.6891693115e+02	9.5518469810e-01	9.5495037983e-01
6.6933660889e+02	9.5508903265e-01	9.5488846688e-01
6.6975634766e+02	9.5519018173e-01	9.5482657881e-01
6.7017602539e+02	9.5482438803e-01	9.5476472169e-01
6.7059576416e+02	9.5490014553e-01	9.5470286916e-01
6.7101544189e+02	9.5491766930e-01	9.5464104103e-01
6.7143518066e+02	9.5486617088e-01	9.5457921066e-01
6.7185485840e+02	9.5468717813e-01	9.5451739097e-01
6.7227459717e+02	9.5468425751e-01	9.5445556072e-01
6.7269427490e+02	9.5467132330e-01	9.5439372909e-01
6.7311401367e+02	9.5442074537e-01	9.5433187842e-01
6.7353375244e+02	9.5446360111e-01	9.5427001009e-01
6.7395343018e+02	9.5448750257e-01	9.5420812222e-01
6.7437316895e+02	9.5427817106e-01	9.5414620380e-01
6.7479284668e+02	9.5416921377e-01	9.5408426096e-01
6.7521258545e+02	9.5432931185e-01	9.5402226222e-01
6.7563226318e+02	9.5415657759e-01	9.5396023980e-01
6.7605200195e+02	9.5416104794e-01	9.5389815882e-01
6.7647167969e+02	9.5397442579e-01	9.5383602238e-01
6.7689141846e+02	9.5405751467e-01	9.5377383350e-01
6.7731109619e+02	9.5388025045e-01	9.5371158706e-01
6.7773083496e+02	9.5376831293e-01	9.5364925109e-01
6.7815051270e+02	9.5369201899e-01	9.5358687061e-01
6.7857025146e+02	9.5352452993e-01	9.5352439578e-01
6.7898992920e+02	9.5349013805e-01	9.5346183614e-01
6.7940966797e+02	9.5359551907e-01	9.5339920422e-01
6.7982934570e+02	9.5340496302e-01	9.5333647528e-01
6.8024908447e+02	9.5340651274e-01	9.5327363328e-01
6.8066876221e+02	9.5314681530e-01	9.5321072831e-01
6.8108850098e+02	9.5330625772e-01	9.5314768445e-01
6.8150817871e+02	9.5314651728e-01	9.5308453995e-01
6.8192791748e+02	9.5307505131e-01	9.5302130595e-01
6.8234759521e+02	9.5293939114e-01	9.5295792458e-01
6.8276733398e+02	9.5292526484e-01	9.5289442321e-01
6.8318701172e+02	9.5275276899e-01	9.5283084330e-01
6.8360675049e+02	9.5264357328e-01	9.5276706713e-01
6.8402642822e+02	9.5267552137e-01	9.5270319396e-01
6.8444616699e+02	9.5250862837e-01	9.5263921114e-01
6.8486590576e+02	9.5262843370e-01	9.5257501878e-01
6.8528558350e+02	9.5240026712e-01	9.5251073405e-01
6.8570532227e+02	9.5230036974e-01	9.5244631189e-01
6.8612500000e+02	9.5228582621e-01	9.5238169493e-01
6.8654473877e+02	9.5204937458e-01	9.5231696178e-01
6.8696441650e+02	9.5193636417e-01	9.5225207748e-01
6.8738415527e+02	9.5201611519e-01	9.5218699205e-01
6.8780383301e+02	9.5191389322e-01	9.5212180509e-01
6.8822357178e+02	9.5187330246e-01	9.5205641072e-01
6.8864324951e+02	9.5171183348e-01	9.5199085408e-01
6.8906298828e+02	9.5164477825e-01	9.5192517348e-01
6.8948266602e+02	9.5149844885e-01	9.5185926259e-01
6.8990240479e+02	9.5154523849e-01	9.5179319747e-01
6.9032208252e+02	9.5127582550e-01	9.5172701520e-01
6.9074182129e+02	9.5122867823e-01	9.5166055676e-01
6.9116149902e+02	9.5101881027e-01	9.5159398781e-01
6.9158123779e+02	9.5121145248e-01	9.5152723884e-01
6.9200091553e+02	9.5094215870e-01	9.5146026657e-01
6.9242065430e+02	9.5088148117e-01	9.5139316348e-01
6.9284033203e+02	9.5075917244e-01	9.5132585185e-01
6.9326007080e+02	9.5051366091e-01	9.5125833828e-01
6.9367974854e+02	9.5050019026e-01	9.5119071331e-01
6.9409948730e+02	9.5055067539e-01	9.5112280854e-01
6.9451916504e+02	9.5026427507e-01	9.5105476902e-01
6.9493890381e+02	9.5022737980e-01	9.5098656993e-01
6.9535864258e+02	9.5021766424e-01	9.5091810451e-01
6.9577832031e+02	9.5015621185e-01	9.5084952866e-01
6.9619805908e+02	9.5005428791e-01	9.5078073867e-01
6.9661773682e+02	9.4975686073e-01	9.5071174794e-01
6.9703747559e+02	9.4988119602e-01	9.5064262874e-01
6.9745715332e+02	9.4967764616e-01	9.5057325913e-01
6.9787689209e+02	9.4946074486e-01	9.5050372910e-01
6.9829656982e+02	9.4944721460e-01	9.5043406668e-01
6.9871630859e+02	9.4922524691e-01	9.5036413009e-01
6.9913598633e+02	9.4918721914e-01	9.5029409061e-01
6.9955572510e+02	9.4910877943e-01	9.5022383964e-01
6.9997540283e+02	9.4902652502e-01	9.5015340293e-01
7.0039514160e+02	9.4890683889e-01	9.5008284660e-01
7.0081481934e+02	9.4887089729e-01	9.5001204156e-01
7.0123455811e+02	9.4876617193e-01	9.4994110017e-01
7.0165423584e+02	9.4866162539e-01	9.4987001990e-01
7.0207397461e+02	9.4855654240e-01	9.4979870338e-01
7.0249365234e+02	9.4840466976e-01	9.4972729701e-01
7.0291339111e+02	9.4832295179e-01	9.4965567302e-01
7.0333306885e+02	9.4818747044e-01	9.4958390869e-01
7.0375280762e+02	9.4814908504e-01	9.4951202790e-01
7.0417248535e+02	9.4814676046e-01	9.4943991893e-01
7.0459222412e+02	9.4791787863e-01	9.4936771062e-01
7.0501190186e+02	9.4794851542e-01	9.4929534979e-01
7.0543164062e+02	9.4760578871e-01	9.4922281857e-01
7.0585137939e+02	9.4764196873e-01	9.4915020397e-01
7.0627105713e+02	9.4754785299e-01	9.4907738771e-01
7.0669079590e+02	9.4745916128e-01	9.4900447443e-01
7.0711047363e+02	9.4736403227e-01	9.4893144518e-01
7.0753021240e+02	9.4728624821e-01	9.4885825155e-01
7.0794989014e+02	9.4721573591e-01	9.4878499881e-01
7.0836962891e+02	9.4711136818e-01	9.4871156546e-01
7.0878930664e+02	9.4699043036e-01	9.4863806064e-01
7.0920904541e+02	9.4697737694e-01	9.4856444803e-01
7.0962872314e+02	9.4671875238e-01	9.4849071224e-01
7.1004846191e+02	9.4676661491e-01	9.4841691068e-01
7.1046813965e+02	9.4665563107e-01	9.4834298820e-01
7.1088787842e+02	9.4641411304e-01	9.4826898738e-01
7.1130755615e+02	9.4646048546e-01	9.4819492466e-01
7.1172729492e+02	9.4637763500e-01	9.4812074815e-01
7.1214697266e+02	9.4634175301e-01	9.4804654278e-01
7.1256671143e+02	9.4634389877e-01	9.4797223154e-01
7.1298638916e+02	9.4611185789e-01	9.4789788519e-01
7.1340612793e+02	9.4604164362e-01	9.4782347746e-01
7.1382580566e+02	9.4603973627e-01	9.4774901577e-01
7.1424554443e+02	9.4584780931e-01	9.4767451918e-01
7.1466522217e+02	9.4585114717e-01	9.4759997644e-01
7.1508496094e+02	9.4578659534e-01	9.4752540152e-01
7.1550463867e+02	9.4578170776e-01	9.4745081029e-01
7.1592437744e+02	9.4568818808e-01	9.4737618431e-01
7.1634405518e+02	9.4562357664e-01	9.4730156046e-01
7.1676379395e+02	9.4539499283e-01	9.4722691223e-01
7.1718353271e+02	9.4537198544e-01	9.4715226516e-01
7.1760321045e+02	9.4531702995e-01	9.4707763083e-01
7.1802294922e+02	9.4522774220e-01	9.4700299985e-01
7.1844262695e+02	9.4515639544e-01	9.4692838642e-01
7.1886236572e+02	9.4513255358e-01	9.4685380038e-01
7.1928204346e+02	9.4505196810e-01	9.4677924193e-01
7.1970178223e+02	9.4514662027e-01	9.4670471401e-01
7.2012145996e+02	9.4490724802e-01	9.4663024047e-01
7.2054119873e+02	9.4463294744e-01	9.4655578848e-01
7.2096087646e+02	9.4469690323e-01	9.4648142918e-01
7.2138061523e+02	9.4472092390e-01	9.4640708920e-01
7.2180029297e+02	9.4472473860e-01	9.4633285626e-01
7.2222003174e+02	9.4466626644e-01	9.4625867045e-01
7.2263970947e+02	9.4445621967e-01	9.4618457005e-01
7.2305944824e+02	9.4446724653e-01	9.4611056772e-01
7.2347912598e+02	9.4437241554e-01	9.4603661892e-01
7.2389886475e+02	9.4440823793e-01	9.4596282928e-01
7.2431854248e+02	9.4415760040e-01	9.4588910229e-01
7.2473828125e+02	9.4414168596e-01	9.4581550319e-01
7.2515795898e+02	9.4406390190e-01	9.4574202755e-01
7.2557769775e+02	9.4403499365e-01	9.4566863721e-01
7.2599737549e+02	9.4390517473e-01	9.4559544134e-01
7.2641711426e+02	9.4389617443e-01	9.4552229619e-01
7.2683679199e+02	9.4381999969e-01	9.4544939057e-01
7.2725653076e+02	9.4396752119e-01	9.4537656214e-01
7.2767626953e+02	9.4363343716e-01	9.4530391094e-01
7.2809594727e+02	9.4375014305e-01	9.4523143688e-01
7.2851568604e+02	9.4377505779e-01	9.4515906905e-01
7.2893536377e+02	9.4340997934e-01	9.4508696524e-01
7.2935510254e+02	9.4364017248e-01	9.4501492781e-01
7.2977478027e+02	9.4347810745e-01	9.4494319099e-01
7.3019451904e+02	9.4340294600e-01	9.4487155714e-01
7.3061419678e+02	9.4327950478e-01	9.4480015680e-01
7.3103393555e+02	9.4314754009e-01	9.4472895093e-01
7.3145361328e+02	9.4311022758e-01	9.4465790402e-01
7.3187335205e+02	9.4317364693e-01	9.4458714960e-01
7.3229302979e+02	9.4319027662e-01	9.4451649343e-01
7.3271276855e+02	9.4306337833e-01	9.4444619206e-01
7.3313244629e+02	9.4295185804e-01	9.4437601562e-01
7.3355218506e+02	9.4294452667e-01	9.4430611556e-01
7.3397186279e+02	9.4282698631e-01	9.4423643957e-01
7.3439160156e+02	9.4299030304e-01	9.4416695559e-01
7.3481127930e+02	9.4271945953e-01	9.4409779952e-01
7.3523101807e+02	9.4264316559e-01	9.4402874572e-01
7.3565069580e+02	9.4268149137e-01	9.4396012771e-01
7.3607043457e+02	9.4265896082e-01	9.4389159842e-01
7.3649011230e+02	9.4262474775e-01	9.4382345427e-01
7.3690985107e+02	9.4243699312e-01	9.4375548331e-01
7.3732952881e+02	9.4240111113e-01	9.4368780707e-01
7.3774926758e+02	9.4264155626e-01	9.4362040899e-01
7.3816900635e+02	9.4250816107e-01	9.4355320182e-01
7.3858868408e+02	9.4226825237e-01	9.4348639935e-01
7.3900842285e+02	9.4236516953e-01	9.4341968648e-01
7.3942810059e+02	9.4218015671e-01	9.4335347568e-01
7.3984783936e+02	9.4203627110e-01	9.4328736156e-01
7.4026751709e+02	9.4231182337e-01	9.4322165656e-01
7.4068725586e+02	9.4213247299e-01	9.4315615003e-01
7.4110693359e+02	9.4208377600e-01	9.4309095776e-01
7.4152667236e+02	9.4205033779e-01	9.4302606583e-01
7.4194635010e+02	9.4216400385e-01	9.4296139207e-01
7.4236608887e+02	9.4187974930e-01	9.4289711988e-01
7.4278576660e+02	9.4169068336e-01	9.4283296923e-01
7.4320550537e+02	9.4197040796e-01	9.4276931997e-01
7.4362518311e+02	9.4186347723e-01	9.4270577540e-01
7.4404492188e+02	9.4176691771e-01	9.4264267064e-01
7.4446459961e+02	9.4176775217e-01	9.4257974843e-01
7.4488433838e+02	9.4152420759e-01	9.4251717311e-01
7.4530401611e+02	9.4146990776e-01	9.4245487162e-01
7.4572375488e+02	9.4156509638e-01	9.4239282515e-01
7.4614343262e+02	9.4144880772e-01	9.4233114064e-01
7.4656317139e+02	9.4146412611e-01	9.4226962099e-01
7.4698284912e+02	9.4144487381e-01	9.4220854754e-01
7.4740258789e+02	9.4124466181e-01	9.4214755123e-01
7.4782226562e+02	9.4117963314e-01	9.4208708073e-01
7.4824200439e+02	9.4124203920e-01	9.4202668231e-01
7.4866168213e+02	9.4114828110e-01	9.4196672485e-01
7.4908142090e+02	9.4124108553e-01	9.4190691460e-01
7.4950115967e+02	9.4114267826e-01	9.4184745207e-01
7.4992083740e+02	9.4105851650e-01	9.4178822532e-01
7.5034057617e+02	9.4102782011e-01	9.4172925665e-01
7.5076025391e+02	9.4082319736e-01	9.4167058909e-01
7.5117999268e+02	9.4086527824e-01	9.4161210280e-01
7.5159967041e+02	9.4068866968e-01	9.4155397651e-01
7.5201940918e+02	9.4067293406e-01	9.4149595944e-01
7.5243908691e+02	9.4054549932e-01	9.4143835416e-01
7.5285882568e+02	9.4066947699e-01	9.4138080144e-01
7.5327850342e+02	9.4066125154e-01	9.4132368452e-01
7.5369824219e+02	9.4072157145e-01	9.4126662387e-01
7.5411791992e+02	9.4066470861e-01	9.4120992594e-01
7.5453765869e+02	9.4071722031e-01	9.4115333188e-01
7.5495733643e+02	9.4056260586e-01	9.4109703257e-01
7.5537707520e+02	9.4028723240e-01	9.4104087733e-01
7.5579675293e+02	9.4030779600e-01	9.4098495441e-01
7.5621649170e+02	9.4040906429e-01	9.4092920787e-01
7.5663616943e+02	9.4015634060e-01	9.4087363719e-01
7.5705590820e+02	9.4031274319e-01	9.4081826695e-01
7.5747558594e+02	9.4014441967e-01	9.4076302246e-01
7.5789532471e+02	9.4027471542e-01	9.4070799380e-01
7.5831500244e+02	9.4021338224e-01	9.4065304752e-01
7.5873474121e+02	9.4002467394e-01	9.4059832347e-01
7.5915441895e+02	9.4007301331e-01	9.4054364546e-01
7.5957415771e+02	9.3994808197e-01	9.4048918681e-01
7.5999389648e+02	9.4006603956e-01	9.4043474964e-01
7.6041357422e+02	9.4001430273e-01	9.4038051049e-01
7.6083331299e+02	9.4015479088e-01	9.4032628956e-01
7.6125299072e+02	9.3989723921e-01	9.4027221705e-01
7.6167272949e+02	9.3982762098e-01	9.4021816865e-01
7.6209240723e+02	9.3988233805e-01	9.4016422493e-01
7.6251214600e+02	9.3986320496e-01	9.4011030326e-01
7.6293182373e+02	9.3990617990e-01	9.4005644854e-01
7.6335156250e+02	9.3973761797e-01	9.4000260579e-01
7.6377124023e+02	9.3978589773e-01	9.3994879829e-01
7.6419097900e+02	9.3980234861e-01	9.3989498471e-01
7.6461065674e+02	9.3990039825e-01	9.3984118069e-01
7.6503039551e+02	9.3948835135e-01	9.3978734462e-01
7.6545007324e+02	9.3976736069e-01	9.3973349840e-01
7.6586981201e+02	9.3967938423e-01	9.3967958640e-01
7.6628948975e+02	9.3953603506e-01	9.3962565037e-01
7.6670922852e+02	9.3969464302e-01	9.3957160724e-01
7.6712890625e+02	9.3930542469e-01	9.3951753190e-01
7.6754864502e+02	9.3949854374e-01	9.3946330083e-01
7.6796832275e+02	9.3940448761e-01	9.3940903481e-01
7.6838806152e+02	9.3937009573e-01	9.3935455738e-01
7.6880773926e+02	9.3951696157e-01	9.3930004748e-01
7.6922747803e+02	9.3923389912e-01	9.3924526386e-01
7.6964715576e+02	9.3916630745e-01	9.3919045510e-01
7.7006689453e+02	9.3924349546e-01	9.3913530408e-01
7.7048663330e+02	9.3932425976e-01	9.3908013166e-01
7.7090631104e+02	9.3923854828e-01	9.3902455885e-01
7.7132604980e+02	9.3909430504e-01	9.3896895865e-01
7.7174572754e+02	9.3929302692e-01	9.3891290618e-01
7.7216546631e+02	9.3916839361e-01	9.3885680959e-01
7.7258514404e+02	9.3901103735e-01	9.3880022144e-01
7.7300488281e+02	9.3899095058e-01	9.3874356448e-01
7.7342456055e+02	9.3902099133e-01	9.3868637755e-01
7.7384429932e+02	9.3882101774e-01	9.3862909542e-01
7.7426397705e+02	9.3868845701e-01	9.3857124519e-01
7.7468371582e+02	9.3863141537e-01	9.3851327239e-01
7.7510339355e+02	9.3861556053e-01	9.3845469303e-01
7.7552313232e+02	9.3888908625e-01	9.3839596348e-01
7.7594281006e+02	9.3876922131e-01	9.3833658792e-01
7.7636254883e+02	9.3868583441e-01	9.3827703514e-01
7.7678222656e+02	9.3863528967e-01	9.3821679517e-01
7.7720196533e+02	9.3839335442e-01	9.3815635239e-01
7.7762164307e+02	9.3851000071e-01	9.3809517881e-01
7.7804138184e+02	9.3842697144e-01	9.3803377909e-01
7.7846105957e+02	9.3839085102e-01	9.3797160178e-01
7.7888079834e+02	9.3826848269e-01	9.3790917824e-01
7.7930047607e+02	9.3825316429e-01	9.3784592630e-01
7.7972021484e+02	9.3805801868e-01	9.3778241221e-01
7.8013989258e+02	9.3797093630e-01	9.3771801408e-01
7.8055963135e+02	9.3798643351e-01	9.3765334303e-01
7.8097930908e+02	9.3802738190e-01	9.3758772667e-01
7.8139904785e+02	9.3783998489e-01	9.3752183274e-01
7.8181878662e+02	9.3777000904e-01	9.3745491599e-01
7.8223846436e+02	9.3781113625e-01	9.3738774363e-01
7.8265820312e+02	9.3782520294e-01	9.3731946344e-01
7.8307788086e+02	9.3780535460e-01	9.3725093863e-01
7.8349761963e+02	9.3764007092e-01	9.3718122234e-01
7.8391729736e+02	9.3759185076e-01	9.3711128158e-01
7.8433703613e+02	9.3746340275e-01	9.3704005669e-01
7.8475671387e+02	9.3738096952e-01	9.3696863759e-01
7.8517645264e+02	9.3724948168e-01	9.3689583190e-01
7.8559613037e+02	9.3693482876e-01	9.3682287340e-01
7.8601586914e+02	9.3699038029e-01	9.3674841525e-01
7.8643554688e+02	9.3713933229e-01	9.3667385770e-01
7.8685528564e+02	9.3689590693e-01	9.3659767613e-01
7.8727496338e+02	9.3676239252e-01	9.3652146152e-01
7.8769470215e+02	9.3677902222e-01	9.3644348650e-01
7.8811437988e+02	9.3654894829e-01	9.3636552274e-01
7.8853411865e+02	9.3661576509e-01	9.3628572123e-01
7.8895379639e+02	9.3639755249e-01	9.3620589539e-01
7.8937353516e+02	9.3625199795e-01	9.3612425849e-01
7.8979321289e+02	9.3606507778e-01	9.3604250307e-01
7.9021295166e+02	9.3593502045e-01	9.3595898013e-01
7.9063262939e+02	9.3594735861e-01	9.3587522923e-01
7.9105236816e+02	9.3599885702e-01	9.3578977208e-01
7.9147204590e+02	9.3570286036e-01	9.3570396165e-01
7.9189178467e+02	9.3543118238e-01	9.3561652472e-01
7.9231152344e+02	9.3533039093e-01	9.3552857994e-01
7.9273120117e+02	9.3530529737e-01	9.3543913334e-01
7.9315093994e+02	9.3509155512e-01	9.3534900722e-01
7.9357061768e+02	9.3503868580e-01	9.3525749846e-01
7.9399035645e+02	9.3477797508e-01	9.3516513406e-01
7.9441003418e+02	9.3485736847e-01	9.3507152630e-01
7.9482977295e+02	9.3465685844e-01	9.3497686958e-01
7.9524945068e+02	9.3442821503e-01	9.3488112914e-01
7.9566918945e+02	9.3435806036e-01	9.3478412927e-01
7.9608886719e+02	9.3406885862e-01	9.3468622572e-01
7.9650860596e+02	9.3407469988e-01	9.3458683536e-01
7.9692828369e+02	9.3401640654e-01	9.3448674169e-01
7.9734802246e+02	9.3372738361e-01	9.3438491728e-01
7.9776770020e+02	9.3345755339e-01	9.3428260993e-01
7.9818743896e+02	9.3346869946e-01	9.3417831202e-01
7.9860711670e+02	9.3319183588e-01	9.3407377101e-01
7.9902685547e+02	9.3288183212e-01	9.3396696455e-01
7.9944653320e+02	9.3287491798e-01	9.3386017352e-01
