# lambda  Re(R_ZmaxTE(0,0),ZmaxTE(0,0))    Im(R_ZmaxTE(0,0),ZmaxTE(0,0)), 
3.797371134666668127e+02	2.963809984336288617e-01	0.000000000000000000e+00
3.801568229078667969e+02	2.949292333371997255e-01	0.000000000000000000e+00
3.805765323490668379e+02	2.933982176243355444e-01	0.000000000000000000e+00
3.809962417902668221e+02	2.917911727098446151e-01	0.000000000000000000e+00
3.814159512314668063e+02	2.901113372532338475e-01	0.000000000000000000e+00
3.818356606726667906e+02	2.883619600691529339e-01	0.000000000000000000e+00
3.822553701138668316e+02	2.865462936349063572e-01	0.000000000000000000e+00
3.826750795550668158e+02	2.846675881839416111e-01	0.000000000000000000e+00
3.830947889962668000e+02	2.827290863683079025e-01	0.000000000000000000e+00
3.835144984374667843e+02	2.807340184677506456e-01	0.000000000000000000e+00
3.839342078786668253e+02	2.786855981184377384e-01	0.000000000000000000e+00
3.843539173198668095e+02	2.765870185302511386e-01	0.000000000000000000e+00
3.847736267610667937e+02	2.744414491581904092e-01	0.000000000000000000e+00
3.851933362022668348e+02	2.722520327906555182e-01	0.000000000000000000e+00
3.856130456434668190e+02	2.700216611104555575e-01	0.000000000000000000e+00
3.860327550846668032e+02	2.677535481129721950e-01	0.000000000000000000e+00
3.864524645258667874e+02	2.654509203854695798e-01	0.000000000000000000e+00
3.868721739670668285e+02	2.631167825517050085e-01	0.000000000000000000e+00
3.872918834082668127e+02	2.607541028755696044e-01	0.000000000000000000e+00
3.877115928494667969e+02	2.583658120081100407e-01	0.000000000000000000e+00
3.881313022906667811e+02	2.559548018605308228e-01	0.000000000000000000e+00
3.885510117318668222e+02	2.535239245653151952e-01	0.000000000000000000e+00
3.889707211730668064e+02	2.510759914896367739e-01	0.000000000000000000e+00
3.893904306142667906e+02	2.486137722676476924e-01	0.000000000000000000e+00
3.898101400554668317e+02	2.461399938209821725e-01	0.000000000000000000e+00
3.902298494966668159e+02	2.436573393398485943e-01	0.000000000000000000e+00
3.906495589378668001e+02	2.411684472003738922e-01	0.000000000000000000e+00
3.910692683790667843e+02	2.386759097973916999e-01	0.000000000000000000e+00
3.914889778202668253e+02	2.361822722755249349e-01	0.000000000000000000e+00
3.919086872614668096e+02	2.336900311452238255e-01	0.000000000000000000e+00
3.923283967026667938e+02	2.312016327743021682e-01	0.000000000000000000e+00
3.927481061438668348e+02	2.287194717494133722e-01	0.000000000000000000e+00
3.931678155850668190e+02	2.262458891058030386e-01	0.000000000000000000e+00
3.935875250262668033e+02	2.237831704274667877e-01	0.000000000000000000e+00
3.940072344674667875e+02	2.213335978911424029e-01	0.000000000000000000e+00
3.944269439086668285e+02	2.188994535939881581e-01	0.000000000000000000e+00
3.948466533498668127e+02	2.164827513503865541e-01	0.000000000000000000e+00
3.952663627910667969e+02	2.140855388445342400e-01	0.000000000000000000e+00
3.956860722322667812e+02	2.117097966403856946e-01	0.000000000000000000e+00
3.961057816734668222e+02	2.093574356897383859e-01	0.000000000000000000e+00
3.965254911146668064e+02	2.070302948160753220e-01	0.000000000000000000e+00
3.969452005558667906e+02	2.047301381994811875e-01	0.000000000000000000e+00
3.973649099970668317e+02	2.024586528891731130e-01	0.000000000000000000e+00
3.977846194382668159e+02	2.002174463709668062e-01	0.000000000000000000e+00
3.982043288794668001e+02	1.980080442172912070e-01	0.000000000000000000e+00
3.986240383206667843e+02	1.958318878472158353e-01	0.000000000000000000e+00
3.990437477618668254e+02	1.936903324233232027e-01	0.000000000000000000e+00
3.994634572030668096e+02	1.915846449112124372e-01	0.000000000000000000e+00
3.998831666442667938e+02	1.895164105426380974e-01	0.000000000000000000e+00
4.003028760854667780e+02	1.874870479510508114e-01	0.000000000000000000e+00
4.007225855266668191e+02	1.854969181256851674e-01	0.000000000000000000e+00
4.011422949678668033e+02	1.835469148398788386e-01	0.000000000000000000e+00
4.015620044090667875e+02	1.816378361601578562e-01	0.000000000000000000e+00
4.019817138502668286e+02	1.797703839318571251e-01	0.000000000000000000e+00
4.024014232914668128e+02	1.779451635592943781e-01	0.000000000000000000e+00
4.028211327326667970e+02	1.761626840865848642e-01	0.000000000000000000e+00
4.032408421738667812e+02	1.744233585819056631e-01	0.000000000000000000e+00
4.036605516150668223e+02	1.727289239903985751e-01	0.000000000000000000e+00
4.040802610562668065e+02	1.710785501230392414e-01	0.000000000000000000e+00
4.044999704974667907e+02	1.694720669565655813e-01	0.000000000000000000e+00
4.049196799386668317e+02	1.679095007873648293e-01	0.000000000000000000e+00
4.053393893798668159e+02	1.663907875954789561e-01	0.000000000000000000e+00
4.057590988210668002e+02	1.649157752291451340e-01	0.000000000000000000e+00
4.061788082622667844e+02	1.634842587010082726e-01	0.000000000000000000e+00
4.065985177034668254e+02	1.620979180842432865e-01	0.000000000000000000e+00
4.070182271446668096e+02	1.607543337020984342e-01	0.000000000000000000e+00
4.074379365858667938e+02	1.594530114003324395e-01	0.000000000000000000e+00
4.078576460270667781e+02	1.581933829015140236e-01	0.000000000000000000e+00
4.082773554682668191e+02	1.569748092789881033e-01	0.000000000000000000e+00
4.086970649094668033e+02	1.557969483303125457e-01	0.000000000000000000e+00
4.091167743506667875e+02	1.546604844465967188e-01	0.000000000000000000e+00
4.095364837918668286e+02	1.535627197895375884e-01	0.000000000000000000e+00
4.099561932330668128e+02	1.525027526533008493e-01	0.000000000000000000e+00
4.103759026742667970e+02	1.514796296766918460e-01	0.000000000000000000e+00
4.107956121154667812e+02	1.504923497850846059e-01	0.000000000000000000e+00
4.112153215566668223e+02	1.495418917350535559e-01	0.000000000000000000e+00
4.116350309978668065e+02	1.486251584588686725e-01	0.000000000000000000e+00
4.120547404390667907e+02	1.477408945825051390e-01	0.000000000000000000e+00
4.124744498802667749e+02	1.468879316747159491e-01	0.000000000000000000e+00
4.128941593214668160e+02	1.460654423677428260e-01	0.000000000000000000e+00
4.133138687626668002e+02	1.452733965657964088e-01	0.000000000000000000e+00
4.137335782038667844e+02	1.445088320767853041e-01	0.000000000000000000e+00
4.141532876450668255e+02	1.437704770682605993e-01	0.000000000000000000e+00
4.145729970862668097e+02	1.430570467974972282e-01	0.000000000000000000e+00
4.149927065274667939e+02	1.423685590275321489e-01	0.000000000000000000e+00
4.154124159686667781e+02	1.417026178879815523e-01	0.000000000000000000e+00
4.158321254098668192e+02	1.410574920712001079e-01	0.000000000000000000e+00
4.162518348510668034e+02	1.404318659242797807e-01	0.000000000000000000e+00
4.166715442922667876e+02	1.398253078154514106e-01	0.000000000000000000e+00
4.170912537334668286e+02	1.392359481057478532e-01	0.000000000000000000e+00
4.175109631746668128e+02	1.386619308373538417e-01	0.000000000000000000e+00
4.179306726158667971e+02	1.381019593497790354e-01	0.000000000000000000e+00
4.183503820570667813e+02	1.375554826656437968e-01	0.000000000000000000e+00
4.187700914982668223e+02	1.370205526265547424e-01	0.000000000000000000e+00
4.191898009394668065e+02	1.364956072698942924e-01	0.000000000000000000e+00
4.196095103806667908e+02	1.359794218384814957e-01	0.000000000000000000e+00
4.200292198218668318e+02	1.354713265470716410e-01	0.000000000000000000e+00
4.204489292630668160e+02	1.349693041608370503e-01	0.000000000000000000e+00
4.208686387042668002e+02	1.344721854692178808e-01	0.000000000000000000e+00
4.212883481454667844e+02	1.339789407121143860e-01	0.000000000000000000e+00
4.217080575866667687e+02	1.334882682074417515e-01	0.000000000000000000e+00
4.221277670278668097e+02	1.329988813745219822e-01	0.000000000000000000e+00
4.225474764690667939e+02	1.325097188633250211e-01	0.000000000000000000e+00
4.229671859102667781e+02	1.320195222418833747e-01	0.000000000000000000e+00
4.233868953514668192e+02	1.315272698962186848e-01	0.000000000000000000e+00
4.238066047926668034e+02	1.310320085460411621e-01	0.000000000000000000e+00
4.242263142338667876e+02	1.305323595606635301e-01	0.000000000000000000e+00
4.246460236750667718e+02	1.300275375127881439e-01	0.000000000000000000e+00
4.250657331162668129e+02	1.295167988030394013e-01	0.000000000000000000e+00
4.254854425574667971e+02	1.289987677108086761e-01	0.000000000000000000e+00
4.259051519986667813e+02	1.284726964913646963e-01	0.000000000000000000e+00
4.263248614398668224e+02	1.279381714626611211e-01	0.000000000000000000e+00
4.267445708810668066e+02	1.273938251770225794e-01	0.000000000000000000e+00
4.271642803222667908e+02	1.268389744684738085e-01	0.000000000000000000e+00
4.275839897634667750e+02	1.262735397077372757e-01	0.000000000000000000e+00
4.280036992046668161e+02	1.256960877818313893e-01	0.000000000000000000e+00
4.284234086458668003e+02	1.251061994956008117e-01	0.000000000000000000e+00
4.288431180870667845e+02	1.245040399767965711e-01	0.000000000000000000e+00
4.292628275282668255e+02	1.238879822079918258e-01	0.000000000000000000e+00
4.296825369694668098e+02	1.232581974328031960e-01	0.000000000000000000e+00
4.301022464106667940e+02	1.226149343615398762e-01	0.000000000000000000e+00
4.305219558518667782e+02	1.219562214326616878e-01	0.000000000000000000e+00
4.309416652930668192e+02	1.212832140770603445e-01	0.000000000000000000e+00
4.313613747342668034e+02	1.205957967384259782e-01	0.000000000000000000e+00
4.317810841754667877e+02	1.198922466943347920e-01	0.000000000000000000e+00
4.322007936166667719e+02	1.191743603299599830e-01	0.000000000000000000e+00
4.326205030578668129e+02	1.184412405766518128e-01	0.000000000000000000e+00
4.330402124990667971e+02	1.176926750459884735e-01	0.000000000000000000e+00
4.334599219402667813e+02	1.169300461749089998e-01	0.000000000000000000e+00
4.338796313814667656e+02	1.161518398871117935e-01	0.000000000000000000e+00
4.342993408226668066e+02	1.153596794696103572e-01	0.000000000000000000e+00
4.347190502638667908e+02	1.145538261048273526e-01	0.000000000000000000e+00
4.351387597050667750e+02	1.137336248863435734e-01	0.000000000000000000e+00
4.355584691462668161e+02	1.129011409241098690e-01	0.000000000000000000e+00
4.359781785874668003e+02	1.120555051821232606e-01	0.000000000000000000e+00
4.363978880286667845e+02	1.111981903350262174e-01	0.000000000000000000e+00
4.368175974698667687e+02	1.103298902124963676e-01	0.000000000000000000e+00
4.372373069110668098e+02	1.094504363551389581e-01	0.000000000000000000e+00
4.376570163522667940e+02	1.085617941500363615e-01	0.000000000000000000e+00
4.380767257934667782e+02	1.076634232752140541e-01	0.000000000000000000e+00
4.384964352346668193e+02	1.067570049402959548e-01	0.000000000000000000e+00
4.389161446758668035e+02	1.058428660452102182e-01	0.000000000000000000e+00
4.393358541170667877e+02	1.049215405661329398e-01	0.000000000000000000e+00
4.397555635582667719e+02	1.039941666254972780e-01	0.000000000000000000e+00
4.401752729994668130e+02	1.030604269549234148e-01	0.000000000000000000e+00
4.405949824406667972e+02	1.021216979636300065e-01	0.000000000000000000e+00
4.410146918818667814e+02	1.011776180111163409e-01	0.000000000000000000e+00
4.414344013230668224e+02	1.002289574390728827e-01	0.000000000000000000e+00
4.418541107642668067e+02	9.927564010049090559e-02	0.000000000000000000e+00
4.422738202054667909e+02	9.831775258960845365e-02	0.000000000000000000e+00
4.426935296466667751e+02	9.735548056582725429e-02	0.000000000000000000e+00
4.431132390878668161e+02	9.638833514942056480e-02	0.000000000000000000e+00
4.435329485290668003e+02	9.541678698654443291e-02	0.000000000000000000e+00
4.439526579702667846e+02	9.443984564943228022e-02	0.000000000000000000e+00
4.443723674114668256e+02	9.345824275069350429e-02	0.000000000000000000e+00
4.447920768526668098e+02	9.247092156854866407e-02	0.000000000000000000e+00
4.452117862938667940e+02	9.147855937265617077e-02	0.000000000000000000e+00
4.456314957350667783e+02	9.048041313332867708e-02	0.000000000000000000e+00
4.460512051762667625e+02	8.947701189642132125e-02	0.000000000000000000e+00
4.464709146174668035e+02	8.846804058238720569e-02	0.000000000000000000e+00
4.468906240586667877e+02	8.745395458668443756e-02	0.000000000000000000e+00
4.473103334998667719e+02	8.643485946258962216e-02	0.000000000000000000e+00
4.477300429410668130e+02	8.541121349932567774e-02	0.000000000000000000e+00
4.481497523822667972e+02	8.438347171849087947e-02	0.000000000000000000e+00
4.485694618234667814e+02	8.335216777274701005e-02	0.000000000000000000e+00
4.489891712646667656e+02	8.231799515318592719e-02	0.000000000000000000e+00
4.494088807058668067e+02	8.128161899305962057e-02	0.000000000000000000e+00
4.498285901470667909e+02	8.024385451664262092e-02	0.000000000000000000e+00
4.502482995882667751e+02	7.920552413905528055e-02	0.000000000000000000e+00
4.506680090294668162e+02	7.816747484074282326e-02	0.000000000000000000e+00
4.510877184706668004e+02	7.713066982839029972e-02	0.000000000000000000e+00
4.515074279118667846e+02	7.609594860821322637e-02	0.000000000000000000e+00
4.519271373530667688e+02	7.506434843592252326e-02	0.000000000000000000e+00
4.523468467942668099e+02	7.403672634238973871e-02	0.000000000000000000e+00
4.527665562354667941e+02	7.301407315170357903e-02	0.000000000000000000e+00
4.531862656766667783e+02	7.199735688510260079e-02	0.000000000000000000e+00
4.536059751178668193e+02	7.098734813302873259e-02	0.000000000000000000e+00
4.540256845590668036e+02	6.998528544337527524e-02	0.000000000000000000e+00
4.544453940002667878e+02	6.899149536100272762e-02	0.000000000000000000e+00
4.548651034414667720e+02	6.800770617133136686e-02	0.000000000000000000e+00
4.552848128826667562e+02	6.703353174440290774e-02	0.000000000000000000e+00
4.557045223238667973e+02	6.607146062529936636e-02	0.000000000000000000e+00
4.561242317650667815e+02	6.512014392230462689e-02	0.000000000000000000e+00
4.565439412062668225e+02	6.418297197994256298e-02	0.000000000000000000e+00
4.569636506474668067e+02	6.325800056699545926e-02	0.000000000000000000e+00
4.573833600886667909e+02	6.234820563884447414e-02	0.000000000000000000e+00
4.578030695298667752e+02	6.145248975330019903e-02	0.000000000000000000e+00
4.582227789710667594e+02	6.057264854170257840e-02	0.000000000000000000e+00
4.586424884122668004e+02	5.970885973437937283e-02	0.000000000000000000e+00
4.590621978534667846e+02	5.886130130803058497e-02	0.000000000000000000e+00
4.594819072946667688e+02	5.803186990664402356e-02	0.000000000000000000e+00
4.599016167358668099e+02	5.721867899532502577e-02	0.000000000000000000e+00
4.603213261770667941e+02	5.642579484391806871e-02	0.000000000000000000e+00
4.607410356182667783e+02	5.564994023058373457e-02	0.000000000000000000e+00
4.611607450594667625e+02	5.489443293290876408e-02	0.000000000000000000e+00
4.615804545006668036e+02	5.415789606056125444e-02	0.000000000000000000e+00
4.620001639418667878e+02	5.344111805595105902e-02	0.000000000000000000e+00
4.624198733830667720e+02	5.274551505560220316e-02	0.000000000000000000e+00
4.628395828242668131e+02	5.206874955410874251e-02	0.000000000000000000e+00
4.632592922654667973e+02	5.141545484805289112e-02	0.000000000000000000e+00
4.636790017066667815e+02	5.078158685620146051e-02	0.000000000000000000e+00
4.640987111478667657e+02	5.016994395978852800e-02	0.000000000000000000e+00
4.645184205890668068e+02	4.958004809805376112e-02	0.000000000000000000e+00
4.649381300302667910e+02	4.901079863559892891e-02	0.000000000000000000e+00
4.653578394714667752e+02	4.846574047020822673e-02	0.000000000000000000e+00
4.657775489126668162e+02	4.794108831391956371e-02	0.000000000000000000e+00
4.661972583538668005e+02	4.743988426339191405e-02	0.000000000000000000e+00
4.666169677950667847e+02	4.696098773437184376e-02	0.000000000000000000e+00
4.670366772362667689e+02	4.650333165071725283e-02	0.000000000000000000e+00
4.674563866774667531e+02	4.607057598334655946e-02	0.000000000000000000e+00
4.678760961186667942e+02	4.565869750162626639e-02	0.000000000000000000e+00
4.682958055598667784e+02	4.527017585478877032e-02	0.000000000000000000e+00
4.687155150010668194e+02	4.490469456685160926e-02	0.000000000000000000e+00
4.691352244422668036e+02	4.456014482246047070e-02	0.000000000000000000e+00
4.695549338834667878e+02	4.424066348899798745e-02	0.000000000000000000e+00
4.699746433246667721e+02	4.394241175307193881e-02	0.000000000000000000e+00
4.703943527658667563e+02	4.366615189253705842e-02	0.000000000000000000e+00
4.708140622070667973e+02	4.341392779960804443e-02	0.000000000000000000e+00
4.712337716482667815e+02	4.318238310632880467e-02	0.000000000000000000e+00
4.716534810894667658e+02	4.297383177685576428e-02	0.000000000000000000e+00
4.720731905306668068e+02	4.278768413926771486e-02	0.000000000000000000e+00
4.724928999718667910e+02	4.262189068891777260e-02	0.000000000000000000e+00
4.729126094130667752e+02	4.247967674093426627e-02	0.000000000000000000e+00
4.733323188542667594e+02	4.235837880824576407e-02	0.000000000000000000e+00
4.737520282954668005e+02	4.225699525747002999e-02	0.000000000000000000e+00
4.741717377366667847e+02	4.217937215258020511e-02	0.000000000000000000e+00
4.745914471778667689e+02	4.212134699362374279e-02	0.000000000000000000e+00
4.750111566190668100e+02	4.208317724165699242e-02	0.000000000000000000e+00
4.754308660602667942e+02	4.206760557141558249e-02	0.000000000000000000e+00
4.758505755014667784e+02	4.207097903074161899e-02	0.000000000000000000e+00
4.762702849426667626e+02	4.209385791709063102e-02	0.000000000000000000e+00
4.766899943838667468e+02	4.213823750789667810e-02	0.000000000000000000e+00
4.771097038250667879e+02	4.220089389573586369e-02	0.000000000000000000e+00
4.775294132662667721e+02	4.228239454679497134e-02	0.000000000000000000e+00
4.779491227074668132e+02	4.238447841753781309e-02	0.000000000000000000e+00
4.783688321486667974e+02	4.250411852020471309e-02	0.000000000000000000e+00
4.787885415898667816e+02	4.264167145283017518e-02	0.000000000000000000e+00
4.792082510310667658e+02	4.279907031912396492e-02	0.000000000000000000e+00
4.796279604722667500e+02	4.297327121851719778e-02	0.000000000000000000e+00
4.800476699134667911e+02	4.316422829953943385e-02	0.000000000000000000e+00
4.804673793546667753e+02	4.337447115294555677e-02	0.000000000000000000e+00
4.808870887958667595e+02	4.360074725747419694e-02	0.000000000000000000e+00
4.813067982370668005e+02	4.384282791480684227e-02	0.000000000000000000e+00
4.817265076782667848e+02	4.410303977757034505e-02	0.000000000000000000e+00
4.821462171194667690e+02	4.437890439999630371e-02	0.000000000000000000e+00
4.825659265606667532e+02	4.466981440229388783e-02	0.000000000000000000e+00
4.829856360018667942e+02	4.497721936275798221e-02	0.000000000000000000e+00
4.834053454430667784e+02	4.530024613996673499e-02	0.000000000000000000e+00
4.838250548842667627e+02	4.563758903549236523e-02	0.000000000000000000e+00
4.842447643254668037e+02	4.598971688867717345e-02	0.000000000000000000e+00
4.846644737666667879e+02	4.635760032949228643e-02	0.000000000000000000e+00
4.850841832078667721e+02	4.673911964732158086e-02	0.000000000000000000e+00
4.855038926490667563e+02	4.713408419625850915e-02	0.000000000000000000e+00
4.859236020902667974e+02	4.754429098976729884e-02	0.000000000000000000e+00
4.863433115314667816e+02	4.796792878866055349e-02	0.000000000000000000e+00
4.867630209726667658e+02	4.840442314292054543e-02	0.000000000000000000e+00
4.871827304138668069e+02	4.885430128976057940e-02	0.000000000000000000e+00
4.876024398550667911e+02	4.931825433897650546e-02	0.000000000000000000e+00
4.880221492962667753e+02	4.979456647448644163e-02	0.000000000000000000e+00
4.884418587374667595e+02	5.028310988480702570e-02	0.000000000000000000e+00
4.888615681786667437e+02	5.078519904560250403e-02	0.000000000000000000e+00
4.892812776198667848e+02	5.129994202716456342e-02	0.000000000000000000e+00
4.897009870610667690e+02	5.182656321628213714e-02	0.000000000000000000e+00
4.901206965022668101e+02	5.236498252276861748e-02	0.000000000000000000e+00
4.905404059434667943e+02	5.291702886256262339e-02	0.000000000000000000e+00
4.909601153846667785e+02	5.348084452823700236e-02	0.000000000000000000e+00
4.913798248258667627e+02	5.405627715725560417e-02	0.000000000000000000e+00
4.917995342670667469e+02	5.464347772504812156e-02	0.000000000000000000e+00
4.922192437082667880e+02	5.524403936305494200e-02	0.000000000000000000e+00
4.926389531494667722e+02	5.585618580154098900e-02	0.000000000000000000e+00
4.930586625906667564e+02	5.647994145273010913e-02	0.000000000000000000e+00
4.934783720318667974e+02	5.711555267868695385e-02	0.000000000000000000e+00
4.938980814730667817e+02	5.776460298834625723e-02	0.000000000000000000e+00
4.943177909142667659e+02	5.842544595068198399e-02	0.000000000000000000e+00
4.947375003554667501e+02	5.909817534980978115e-02	0.000000000000000000e+00
4.951572097966667911e+02	5.978290188857704468e-02	0.000000000000000000e+00
4.955769192378667753e+02	6.048169492457119989e-02	0.000000000000000000e+00
4.959966286790667596e+02	6.119282897145142397e-02	0.000000000000000000e+00
4.964163381202668006e+02	6.191644096474178266e-02	0.000000000000000000e+00
4.968360475614667848e+02	6.265271955282240846e-02	0.000000000000000000e+00
4.972557570026667690e+02	6.340331937144869090e-02	0.000000000000000000e+00
4.976754664438667533e+02	6.416767888076420345e-02	0.000000000000000000e+00
4.980951758850667943e+02	6.494544958125059164e-02	0.000000000000000000e+00
4.985148853262667785e+02	6.573690463931594619e-02	0.000000000000000000e+00
4.989345947674667627e+02	6.654288763912422078e-02	0.000000000000000000e+00
4.993543042086668038e+02	6.736484895367329806e-02	0.000000000000000000e+00
4.997740136498667880e+02	6.820152233340207037e-02	0.000000000000000000e+00
5.001937230910667722e+02	6.905327177196196597e-02	0.000000000000000000e+00
5.006134325322667564e+02	6.992048318481583480e-02	0.000000000000000000e+00
5.010331419734667406e+02	7.080502840942706766e-02	0.000000000000000000e+00
5.014528514146667817e+02	7.170690922182965110e-02	0.000000000000000000e+00
5.018725608558667659e+02	7.262565597177378374e-02	0.000000000000000000e+00
5.022922702970668070e+02	7.356175288725393113e-02	0.000000000000000000e+00
5.027119797382667912e+02	7.451570788599026773e-02	0.000000000000000000e+00
5.031316891794667754e+02	7.549006716159380181e-02	0.000000000000000000e+00
5.035513986206667596e+02	7.648418261452440137e-02	0.000000000000000000e+00
5.039711080618667438e+02	7.749796276469912704e-02	0.000000000000000000e+00
5.043908175030667849e+02	7.853202072468121187e-02	0.000000000000000000e+00
5.048105269442667691e+02	7.958699488742088102e-02	0.000000000000000000e+00
5.052302363854667533e+02	8.066548876139888191e-02	0.000000000000000000e+00
5.056499458266667943e+02	8.176751050076057348e-02	0.000000000000000000e+00
5.060696552678667786e+02	8.289268008473178739e-02	0.000000000000000000e+00
5.064893647090667628e+02	8.404174672391619139e-02	0.000000000000000000e+00
5.069090741502667470e+02	8.521548610371476595e-02	0.000000000000000000e+00
5.073287835914667880e+02	8.641551377973828718e-02	0.000000000000000000e+00
5.077484930326667723e+02	8.764462938932209013e-02	0.000000000000000000e+00
5.081682024738668133e+02	8.890108897741495764e-02	0.000000000000000000e+00
5.085879119150667975e+02	9.018578210593387878e-02	0.000000000000000000e+00
5.090076213562667817e+02	9.149962520659717102e-02	0.000000000000000000e+00
5.094273307974667659e+02	9.284356153636158515e-02	0.000000000000000000e+00
5.098470402386667502e+02	9.422057684158620383e-02	0.000000000000000000e+00
5.102667496798667344e+02	9.563183265760094587e-02	0.000000000000000000e+00
5.106864591210667754e+02	9.707637789347021984e-02	0.000000000000000000e+00
5.111061685622667596e+02	9.855526695070236654e-02	0.000000000000000000e+00
5.115258780034668007e+02	1.000695796262713738e-01	0.000000000000000000e+00
5.119455874446667849e+02	1.016204206072597455e-01	0.000000000000000000e+00
5.123652968858667691e+02	1.032105956880924325e-01	0.000000000000000000e+00
5.127850063270667533e+02	1.048426922193757688e-01	0.000000000000000000e+00
5.132047157682667375e+02	1.065149936406161041e-01	0.000000000000000000e+00
5.136244252094668354e+02	1.082287002697354117e-01	0.000000000000000000e+00
5.140441346506668197e+02	1.099850325812648938e-01	0.000000000000000000e+00
5.144638440918668039e+02	1.117852299004888778e-01	0.000000000000000000e+00
5.148835535330667881e+02	1.136305489328652274e-01	0.000000000000000000e+00
5.153032629742667723e+02	1.155261676810725308e-01	0.000000000000000000e+00
5.157229724154667565e+02	1.174710849673237523e-01	0.000000000000000000e+00
5.161426818566667407e+02	1.194651984172530046e-01	0.000000000000000000e+00
5.165623912978667249e+02	1.215098145828188980e-01	0.000000000000000000e+00
5.169821007390667091e+02	1.236062461857085071e-01	0.000000000000000000e+00
5.174018101802668070e+02	1.257558093130810295e-01	0.000000000000000000e+00
5.178215196214667912e+02	1.279598203554581648e-01	0.000000000000000000e+00
5.182412290626667755e+02	1.302224396702881537e-01	0.000000000000000000e+00
5.186609385038667597e+02	1.325453432402640686e-01	0.000000000000000000e+00
5.190806479450667439e+02	1.349267946236886173e-01	0.000000000000000000e+00
5.195003573862667281e+02	1.373680669319020664e-01	0.000000000000000000e+00
5.199200668274668260e+02	1.398704124893231648e-01	0.000000000000000000e+00
5.203397762686668102e+02	1.424350578752801577e-01	0.000000000000000000e+00
5.207594857098667944e+02	1.450631986298656084e-01	0.000000000000000000e+00
5.211791951510667786e+02	1.477559936178320377e-01	0.000000000000000000e+00
5.215989045922667628e+02	1.505171295955304023e-01	0.000000000000000000e+00
5.220186140334667471e+02	1.533489156267495990e-01	0.000000000000000000e+00
5.224383234746667313e+02	1.562486447440507298e-01	0.000000000000000000e+00
5.228580329158667155e+02	1.592172465591156771e-01	0.000000000000000000e+00
5.232777423570666997e+02	1.622555786941312361e-01	0.000000000000000000e+00
5.236974517982667976e+02	1.653644190457297380e-01	0.000000000000000000e+00
5.241171612394667818e+02	1.685444577479689454e-01	0.000000000000000000e+00
5.245368706806667660e+02	1.717962888549154354e-01	0.000000000000000000e+00
5.249565801218667502e+02	1.751204017681215475e-01	0.000000000000000000e+00
5.253762895630667344e+02	1.785182448182744963e-01	0.000000000000000000e+00
5.257959990042668323e+02	1.819939683729318303e-01	0.000000000000000000e+00
5.262157084454668166e+02	1.855426455639293537e-01	0.000000000000000000e+00
5.266354178866668008e+02	1.891642255130409900e-01	0.000000000000000000e+00
5.270551273278667850e+02	1.928585055277825810e-01	0.000000000000000000e+00
5.274748367690667692e+02	1.966251219228618285e-01	0.000000000000000000e+00
5.278945462102667534e+02	2.004635409406472779e-01	0.000000000000000000e+00
5.283142556514667376e+02	2.043730498418460106e-01	0.000000000000000000e+00
5.287339650926667218e+02	2.083527482426699162e-01	0.000000000000000000e+00
5.291536745338667060e+02	2.124015397793766746e-01	0.000000000000000000e+00
5.295733839750668039e+02	2.165181241851282246e-01	0.000000000000000000e+00
5.299930934162667882e+02	2.207015754218782377e-01	0.000000000000000000e+00
5.304128028574667724e+02	2.249532943970170840e-01	0.000000000000000000e+00
5.308325122986667566e+02	2.292672606193938423e-01	0.000000000000000000e+00
5.312522217398667408e+02	2.336412543825274191e-01	0.000000000000000000e+00
5.316719311810667250e+02	2.380728222759596890e-01	0.000000000000000000e+00
5.320916406222668229e+02	2.425592739478110715e-01	0.000000000000000000e+00
5.325113500634668071e+02	2.470976799164995297e-01	0.000000000000000000e+00
5.329310595046667913e+02	2.516848705047470269e-01	0.000000000000000000e+00
5.333507689458667755e+02	2.563174359603354602e-01	0.000000000000000000e+00
5.337704783870667598e+02	2.609917278176159816e-01	0.000000000000000000e+00
5.341901878282667440e+02	2.657038615414012983e-01	0.000000000000000000e+00
5.346098972694667282e+02	2.704497204807649879e-01	0.000000000000000000e+00
5.350296067106667124e+02	2.752249611443564614e-01	0.000000000000000000e+00
5.354493161518666966e+02	2.800250197914492256e-01	0.000000000000000000e+00
5.358690255930667945e+02	2.848451203140322519e-01	0.000000000000000000e+00
5.362887350342667787e+02	2.896805626966724168e-01	0.000000000000000000e+00
5.367084444754667629e+02	2.945257018032134133e-01	0.000000000000000000e+00
5.371281539166667471e+02	2.993748536786866032e-01	0.000000000000000000e+00
5.375478633578667313e+02	3.042224934577107409e-01	0.000000000000000000e+00
5.379675727990668292e+02	3.090629438530126394e-01	0.000000000000000000e+00
5.383872822402668135e+02	3.138903890876939551e-01	0.000000000000000000e+00
5.388069916814667977e+02	3.186988893063860684e-01	0.000000000000000000e+00
5.392267011226667819e+02	3.234823952739694919e-01	0.000000000000000000e+00
5.396464105638667661e+02	3.282347631547168354e-01	0.000000000000000000e+00
5.400661200050667503e+02	3.329497691511408841e-01	0.000000000000000000e+00
5.404858294462667345e+02	3.376211237707271717e-01	0.000000000000000000e+00
5.409055388874667187e+02	3.422424854804630989e-01	0.000000000000000000e+00
5.413252483286667029e+02	3.468074735038005341e-01	0.000000000000000000e+00
5.417449577698668008e+02	3.513096795125092986e-01	0.000000000000000000e+00
5.421646672110667851e+02	3.557426779669454198e-01	0.000000000000000000e+00
5.425843766522667693e+02	3.601000348625407743e-01	0.000000000000000000e+00
5.430040860934667535e+02	3.643753146476824689e-01	0.000000000000000000e+00
5.434237955346667377e+02	3.685620850886441868e-01	0.000000000000000000e+00
5.438435049758667219e+02	3.726539198704669209e-01	0.000000000000000000e+00
5.442632144170668198e+02	3.766443987386423053e-01	0.000000000000000000e+00
5.446829238582668040e+02	3.805271050047206449e-01	0.000000000000000000e+00
5.451026332994667882e+02	3.842956202594454695e-01	0.000000000000000000e+00
5.455223427406667724e+02	3.879435161593269288e-01	0.000000000000000000e+00
5.459420521818667567e+02	3.914643431766176573e-01	0.000000000000000000e+00
5.463617616230667409e+02	3.948516162282589836e-01	0.000000000000000000e+00
5.467814710642667251e+02	3.980987971264156600e-01	0.000000000000000000e+00
5.472011805054667093e+02	4.011992738218618237e-01	0.000000000000000000e+00
5.476208899466666935e+02	4.041463364418133586e-01	0.000000000000000000e+00
5.480405993878667914e+02	4.069331501562742925e-01	0.000000000000000000e+00
5.484603088290667756e+02	4.095527249420405358e-01	0.000000000000000000e+00
5.488800182702667598e+02	4.119978823521391331e-01	0.000000000000000000e+00
5.492997277114667440e+02	4.142612194414682647e-01	0.000000000000000000e+00
5.497194371526667283e+02	4.163350700484866329e-01	0.000000000000000000e+00
5.501391465938668262e+02	4.182114636893087822e-01	0.000000000000000000e+00
5.505588560350668104e+02	4.198820823868314456e-01	0.000000000000000000e+00
5.509785654762667946e+02	4.213382158359031404e-01	0.000000000000000000e+00
5.513982749174667788e+02	4.225707153990588272e-01	0.000000000000000000e+00
5.518179843586667630e+02	4.235699475393194802e-01	0.000000000000000000e+00
5.522376937998667472e+02	4.243257474309521382e-01	0.000000000000000000e+00
5.526574032410667314e+02	4.248273736502561904e-01	0.000000000000000000e+00
5.530771126822667156e+02	4.250634650412540294e-01	0.000000000000000000e+00
5.534968221234666998e+02	4.250220010809182547e-01	0.000000000000000000e+00
5.539165315646667977e+02	4.246902673407582096e-01	0.000000000000000000e+00
5.543362410058667820e+02	4.240548279618907013e-01	0.000000000000000000e+00
5.547559504470667662e+02	4.231015074345091387e-01	0.000000000000000000e+00
5.551756598882667504e+02	4.218153844046004242e-01	0.000000000000000000e+00
5.555953693294667346e+02	4.201808007241314979e-01	0.000000000000000000e+00
5.560150787706667188e+02	4.181813895167308948e-01	0.000000000000000000e+00
5.564347882118668167e+02	4.158001266463999257e-01	0.000000000000000000e+00
5.568544976530668009e+02	4.130194106442732771e-01	0.000000000000000000e+00
5.572742070942667851e+02	4.098211768525803489e-01	0.000000000000000000e+00
5.576939165354667693e+02	4.061870522606946254e-01	0.000000000000000000e+00
5.581136259766667536e+02	4.020985581972395528e-01	0.000000000000000000e+00
5.585333354178667378e+02	3.975373686499409920e-01	0.000000000000000000e+00
5.589530448590667220e+02	3.924856324361811755e-01	0.000000000000000000e+00
5.593727543002667062e+02	3.869263676427454612e-01	0.000000000000000000e+00
5.597924637414666904e+02	3.808439365670029941e-01	0.000000000000000000e+00
5.602121731826667883e+02	3.742246086687706641e-01	0.000000000000000000e+00
5.606318826238667725e+02	3.670572176005732490e-01	0.000000000000000000e+00
5.610515920650667567e+02	3.593339160202023153e-01	0.000000000000000000e+00
5.614713015062667409e+02	3.510510283905501350e-01	0.000000000000000000e+00
5.618910109474667252e+02	3.422099971348988579e-01	0.000000000000000000e+00
5.623107203886668231e+02	3.328184111797539702e-01	0.000000000000000000e+00
5.627304298298668073e+02	3.228910980019586430e-01	0.000000000000000000e+00
5.631501392710667915e+02	3.124512508551512413e-01	0.000000000000000000e+00
5.635698487122667757e+02	3.015315521258311038e-01	0.000000000000000000e+00
5.639895581534667599e+02	2.901752422509081830e-01	0.000000000000000000e+00
5.644092675946667441e+02	2.784370720985059888e-01	0.000000000000000000e+00
5.648289770358667283e+02	2.663840662637041445e-01	0.000000000000000000e+00
5.652486864770667125e+02	2.540960167400947434e-01	0.000000000000000000e+00
5.656683959182666968e+02	2.416656224830026345e-01	0.000000000000000000e+00
5.660881053594667947e+02	2.291981921321379345e-01	0.000000000000000000e+00
5.665078148006667789e+02	2.168165983738569447e-01	0.000000000000000000e+00
5.669275242418667631e+02	2.046633294916301304e-01	0.000000000000000000e+00
5.673472336830667473e+02	1.928736856599505833e-01	0.000000000000000000e+00
5.677669431242667315e+02	1.815907573116251339e-01	0.000000000000000000e+00
5.681866525654667157e+02	1.709592230421804193e-01	0.000000000000000000e+00
5.686063620066668136e+02	1.611215753938183837e-01	0.000000000000000000e+00
5.690260714478667978e+02	1.522141362570905432e-01	0.000000000000000000e+00
5.694457808890667820e+02	1.443630703322289766e-01	0.000000000000000000e+00
5.698654903302667663e+02	1.376806196135650362e-01	0.000000000000000000e+00
5.702851997714667505e+02	1.322617762667228636e-01	0.000000000000000000e+00
5.707049092126667347e+02	1.281815855154968820e-01	0.000000000000000000e+00
5.711246186538667189e+02	1.254932269529165090e-01	0.000000000000000000e+00
5.715443280950667031e+02	1.242269669692775969e-01	0.000000000000000000e+00
5.719640375362666873e+02	1.243900130025238360e-01	0.000000000000000000e+00
5.723837469774667852e+02	1.259672386296666335e-01	0.000000000000000000e+00
5.728034564186667694e+02	1.289226931106920160e-01	0.000000000000000000e+00
5.732231658598667536e+02	1.332976889885551242e-01	0.000000000000000000e+00
5.736428753010667378e+02	1.389265791321381005e-01	0.000000000000000000e+00
5.740625847422667221e+02	1.457069549082839477e-01	0.000000000000000000e+00
5.744822941834668200e+02	1.535429876079484612e-01	0.000000000000000000e+00
5.749020036246668042e+02	1.623333153587486199e-01	0.000000000000000000e+00
5.753217130658667884e+02	1.719738204665100800e-01	0.000000000000000000e+00
5.757414225070667726e+02	1.823600731811348963e-01	0.000000000000000000e+00
5.761611319482667568e+02	1.933893988444053968e-01	0.000000000000000000e+00
5.765808413894667410e+02	2.049625527906205613e-01	0.000000000000000000e+00
5.770005508306667252e+02	2.169850092683440201e-01	0.000000000000000000e+00
5.774202602718667094e+02	2.293678870397311553e-01	0.000000000000000000e+00
5.778399697130666937e+02	2.420285456130028823e-01	0.000000000000000000e+00
5.782596791542667916e+02	2.549018185388672308e-01	0.000000000000000000e+00
5.786793885954667758e+02	2.678956838623570147e-01	0.000000000000000000e+00
5.790990980366667600e+02	2.809453994068196181e-01	0.000000000000000000e+00
5.795188074778667442e+02	2.939960228156660582e-01	0.000000000000000000e+00
5.799385169190667284e+02	3.069980962092303534e-01	0.000000000000000000e+00
5.803582263602667126e+02	3.199071027919861421e-01	0.000000000000000000e+00
5.807779358014668105e+02	3.326829016618390034e-01	0.000000000000000000e+00
5.811976452426667947e+02	3.452891632000310018e-01	0.000000000000000000e+00
5.816173546838667789e+02	3.576928236738906031e-01	0.000000000000000000e+00
5.820370641250667632e+02	3.698635743584738900e-01	0.000000000000000000e+00
5.824567735662667474e+02	3.817503250208342802e-01	0.000000000000000000e+00
5.828764830074667316e+02	3.933275542536318614e-01	0.000000000000000000e+00
5.832961924486667158e+02	4.045852067370551142e-01	0.000000000000000000e+00
5.837159018898667000e+02	4.155003213776017890e-01	0.000000000000000000e+00
5.841356113310666842e+02	4.260510714598636506e-01	0.000000000000000000e+00
5.845553207722667821e+02	4.362167668707860324e-01	0.000000000000000000e+00
5.849750302134667663e+02	4.459779285971672835e-01	0.000000000000000000e+00
5.853947396546667505e+02	4.553164247578147528e-01	0.000000000000000000e+00
5.858144490958667348e+02	4.642156562575119327e-01	0.000000000000000000e+00
5.862341585370667190e+02	4.726237210951795831e-01	0.000000000000000000e+00
5.866538679782668169e+02	4.805269986800533299e-01	0.000000000000000000e+00
5.870735774194668011e+02	4.879495142412120234e-01	0.000000000000000000e+00
5.874932868606667853e+02	4.948851155343111929e-01	0.000000000000000000e+00
5.879129963018667695e+02	5.013305284786563343e-01	0.000000000000000000e+00
5.883327057430667537e+02	5.072853894406541553e-01	0.000000000000000000e+00
5.887524151842667379e+02	5.127522006694994472e-01	0.000000000000000000e+00
5.891721246254667221e+02	5.177362116883424958e-01	0.000000000000000000e+00
5.895918340666667063e+02	5.222242401062245909e-01	0.000000000000000000e+00
5.900115435078666906e+02	5.261925009113553875e-01	0.000000000000000000e+00
5.904312529490666748e+02	5.297126844341887297e-01	0.000000000000000000e+00
5.908509623902667727e+02	5.327991204610168507e-01	0.000000000000000000e+00
5.912706718314667569e+02	5.354667540362550993e-01	0.000000000000000000e+00
5.916903812726667411e+02	5.377307222240444995e-01	0.000000000000000000e+00
5.921100907138667253e+02	5.396059612465484712e-01	0.000000000000000000e+00
5.925298001550667095e+02	5.411068478813537697e-01	0.000000000000000000e+00
5.929495095962668074e+02	5.422055283318711894e-01	0.000000000000000000e+00
5.933692190374667916e+02	5.429350261267691380e-01	0.000000000000000000e+00
5.937889284786667758e+02	5.433289707495113641e-01	0.000000000000000000e+00
5.942086379198667601e+02	5.433950594299316039e-01	0.000000000000000000e+00
5.946283473610667443e+02	5.431391694325187203e-01	0.000000000000000000e+00
5.950480568022667285e+02	5.425653526406810645e-01	0.000000000000000000e+00
5.954677662434667127e+02	5.416758559362411241e-01	0.000000000000000000e+00
5.958874756846666969e+02	5.404385603203293309e-01	0.000000000000000000e+00
5.963071851258666811e+02	5.388500208040344353e-01	0.000000000000000000e+00
5.967268945670667790e+02	5.369376707926024617e-01	0.000000000000000000e+00
5.971466040082667632e+02	5.346957245015386828e-01	0.000000000000000000e+00
5.975663134494667474e+02	5.321171539099811554e-01	0.000000000000000000e+00
5.979860228906667317e+02	5.291938152428380393e-01	0.000000000000000000e+00
5.984057323318667159e+02	5.259165728172925380e-01	0.000000000000000000e+00
5.988254417730668138e+02	5.222108284989498417e-01	0.000000000000000000e+00
5.992451512142667980e+02	5.181034786035773054e-01	0.000000000000000000e+00
5.996648606554667822e+02	5.136012751767103923e-01	0.000000000000000000e+00
6.000845700966667664e+02	5.086919982481775682e-01	0.000000000000000000e+00
6.005042795378667506e+02	5.033633398294715677e-01	0.000000000000000000e+00
6.009239889790667348e+02	4.976030367828903067e-01	0.000000000000000000e+00
6.013436984202667190e+02	4.913589089860299630e-01	0.000000000000000000e+00
6.017634078614667033e+02	4.845847552678899106e-01	0.000000000000000000e+00
6.021831173026666875e+02	4.773362168112641468e-01	0.000000000000000000e+00
6.026028267438666717e+02	4.696041486170006163e-01	0.000000000000000000e+00
6.030225361850667696e+02	4.613807816161417108e-01	0.000000000000000000e+00
6.034422456262667538e+02	4.526599078222083850e-01	0.000000000000000000e+00
6.038619550674667380e+02	4.434044586295233792e-01	0.000000000000000000e+00
6.042816645086667222e+02	4.335501065407171284e-01	0.000000000000000000e+00
6.047013739498667064e+02	4.231944315536986245e-01	0.000000000000000000e+00
6.051210833910668043e+02	4.123451757825301600e-01	0.000000000000000000e+00
6.055407928322667885e+02	4.010138011970881267e-01	0.000000000000000000e+00
6.059605022734667727e+02	3.892156695824794399e-01	0.000000000000000000e+00
6.063802117146667570e+02	3.769274398624212763e-01	0.000000000000000000e+00
6.067999211558667412e+02	3.641671383394096684e-01	0.000000000000000000e+00
6.072196305970667254e+02	3.510448740020538638e-01	0.000000000000000000e+00
6.076393400382667096e+02	3.376050294522933704e-01	0.000000000000000000e+00
6.080590494794666938e+02	3.238976372346786814e-01	0.000000000000000000e+00
6.084787589206666780e+02	3.099782700079419251e-01	0.000000000000000000e+00
6.088984683618667759e+02	2.959022166529133857e-01	0.000000000000000000e+00
6.093181778030667601e+02	2.817969395992647175e-01	0.000000000000000000e+00
6.097378872442667443e+02	2.677543996111781954e-01	0.000000000000000000e+00
6.101575966854667286e+02	2.538608734733342476e-01	0.000000000000000000e+00
6.105773061266667128e+02	2.402054948041406901e-01	0.000000000000000000e+00
6.109970155678666970e+02	2.269219329253860107e-01	0.000000000000000000e+00
6.114167250090667949e+02	2.142149321096059877e-01	0.000000000000000000e+00
6.118364344502667791e+02	2.021062530192176132e-01	0.000000000000000000e+00
6.122561438914667633e+02	1.906843936247258064e-01	0.000000000000000000e+00
6.126758533326667475e+02	1.800328899332145904e-01	0.000000000000000000e+00
6.130955627738667317e+02	1.702350678774118553e-01	0.000000000000000000e+00
6.135152722150667159e+02	1.616765983515114080e-01	0.000000000000000000e+00
6.139349816562667002e+02	1.541433396940259937e-01	0.000000000000000000e+00
6.143546910974666844e+02	1.476698007426811843e-01	0.000000000000000000e+00
6.147744005386666686e+02	1.422803619602316105e-01	0.000000000000000000e+00
6.151941099798667665e+02	1.379896823572553111e-01	0.000000000000000000e+00
6.156138194210667507e+02	1.351175572913672074e-01	0.000000000000000000e+00
6.160335288622667349e+02	1.333532824442710540e-01	0.000000000000000000e+00
6.164532383034667191e+02	1.326214201405343796e-01	0.000000000000000000e+00
6.168729477446667033e+02	1.328786823758401070e-01	0.000000000000000000e+00
6.172926571858668012e+02	1.340758733907283229e-01	0.000000000000000000e+00
6.177123666270667854e+02	1.363958329801484570e-01	0.000000000000000000e+00
6.181320760682667697e+02	1.394971032819812828e-01	0.000000000000000000e+00
6.185517855094667539e+02	1.432836458797872858e-01	0.000000000000000000e+00
6.189714949506667381e+02	1.476859699359299727e-01	0.000000000000000000e+00
6.193912043918667223e+02	1.526436761824870592e-01	0.000000000000000000e+00
6.198109138330667065e+02	1.581905380723005738e-01	0.000000000000000000e+00
6.202306232742666907e+02	1.640805177533344594e-01	0.000000000000000000e+00
6.206503327154666749e+02	1.702539994291123460e-01	0.000000000000000000e+00
6.210700421566667728e+02	1.766544085940300601e-01	0.000000000000000000e+00
6.214897515978667570e+02	1.832388840023412291e-01	0.000000000000000000e+00
6.219094610390667413e+02	1.899371332892784425e-01	0.000000000000000000e+00
6.223291704802667255e+02	1.966698747698752137e-01	0.000000000000000000e+00
6.227488799214667097e+02	2.034022210033844258e-01	0.000000000000000000e+00
6.231685893626666939e+02	2.101019821020522760e-01	0.000000000000000000e+00
6.235882988038667918e+02	2.167102839875720000e-01	0.000000000000000000e+00
6.240080082450667760e+02	2.231973267121011573e-01	0.000000000000000000e+00
6.244277176862667602e+02	2.295553397221603842e-01	0.000000000000000000e+00
6.248474271274667444e+02	2.357696160254114381e-01	0.000000000000000000e+00
6.252671365686667286e+02	2.418152278966668178e-01	0.000000000000000000e+00
6.256868460098667128e+02	2.476286936921944792e-01	0.000000000000000000e+00
6.261065554510666971e+02	2.532583323754015181e-01	0.000000000000000000e+00
6.265262648922666813e+02	2.587003332659484345e-01	0.000000000000000000e+00
6.269459743334666655e+02	2.639516100296552814e-01	0.000000000000000000e+00
6.273656837746667634e+02	2.689498041183790433e-01	0.000000000000000000e+00
6.277853932158667476e+02	2.737325978596227283e-01	0.000000000000000000e+00
6.282051026570667318e+02	2.783229338581433843e-01	0.000000000000000000e+00
6.286248120982667160e+02	2.827226280645966372e-01	0.000000000000000000e+00
6.290445215394667002e+02	2.869024607254909709e-01	0.000000000000000000e+00
6.294642309806667981e+02	2.908501729139258973e-01	0.000000000000000000e+00
6.298839404218667823e+02	2.946187699992172115e-01	0.000000000000000000e+00
6.303036498630667666e+02	2.982117193838305091e-01	0.000000000000000000e+00
6.307233593042667508e+02	3.016228582825658533e-01	0.000000000000000000e+00
6.311430687454667350e+02	3.048026916013095167e-01	0.000000000000000000e+00
6.315627781866667192e+02	3.078217104057402453e-01	0.000000000000000000e+00
6.319824876278667034e+02	3.106832590233019054e-01	0.000000000000000000e+00
6.324021970690666876e+02	3.133906097413722280e-01	0.000000000000000000e+00
6.328219065102666718e+02	3.158832291893568511e-01	0.000000000000000000e+00
6.332416159514667697e+02	3.182272555042628959e-01	0.000000000000000000e+00
6.336613253926667539e+02	3.204292143117483671e-01	0.000000000000000000e+00
6.340810348338667382e+02	3.224915811163699964e-01	0.000000000000000000e+00
6.345007442750667224e+02	3.243636140665812628e-01	0.000000000000000000e+00
6.349204537162667066e+02	3.260917396997131124e-01	0.000000000000000000e+00
6.353401631574666908e+02	3.276890608353583700e-01	0.000000000000000000e+00
6.357598725986667887e+02	3.291574170810109279e-01	0.000000000000000000e+00
6.361795820398667729e+02	3.304503989899985061e-01	0.000000000000000000e+00
6.365992914810667571e+02	3.316063285620815537e-01	0.000000000000000000e+00
6.370190009222667413e+02	3.326406855141165186e-01	0.000000000000000000e+00
6.374387103634667255e+02	3.335552464553278584e-01	0.000000000000000000e+00
6.378584198046667098e+02	3.343050716201138028e-01	0.000000000000000000e+00
6.382781292458666940e+02	3.349297968339841614e-01	0.000000000000000000e+00
6.386978386870666782e+02	3.354437252345666143e-01	0.000000000000000000e+00
6.391175481282666624e+02	3.358490892786581417e-01	0.000000000000000000e+00
6.395372575694666466e+02	3.361017823514607095e-01	0.000000000000000000e+00
6.399569670106667445e+02	3.362487168749723199e-01	0.000000000000000000e+00
6.403766764518667287e+02	3.362995313413799647e-01	0.000000000000000000e+00
6.407963858930667129e+02	3.362563841584592650e-01	0.000000000000000000e+00
6.412160953342668108e+02	3.360789457170500483e-01	0.000000000000000000e+00
6.416358047754667950e+02	3.358203747652765414e-01	0.000000000000000000e+00
6.420555142166667792e+02	3.354838180585834051e-01	0.000000000000000000e+00
6.424752236578667635e+02	3.350645902403142085e-01	0.000000000000000000e+00
6.428949330990667477e+02	3.345474430097176710e-01	0.000000000000000000e+00
6.433146425402667319e+02	3.339684225988929223e-01	0.000000000000000000e+00
6.437343519814667161e+02	3.333304719613591760e-01	0.000000000000000000e+00
6.441540614226667003e+02	3.326239890417659884e-01	0.000000000000000000e+00
6.445737708638666845e+02	3.318535615926535565e-01	0.000000000000000000e+00
6.449934803050666687e+02	3.310390248650270095e-01	0.000000000000000000e+00
6.454131897462666529e+02	3.301828241526637009e-01	0.000000000000000000e+00
6.458328991874667508e+02	3.292732419345658079e-01	0.000000000000000000e+00
6.462526086286667351e+02	3.283264501833952909e-01	0.000000000000000000e+00
6.466723180698667193e+02	3.273500300212929259e-01	0.000000000000000000e+00
6.470920275110667035e+02	3.263447184376331300e-01	0.000000000000000000e+00
6.475117369522668014e+02	3.253025735774644489e-01	0.000000000000000000e+00
6.479314463934667856e+02	3.242402719067729588e-01	0.000000000000000000e+00
6.483511558346667698e+02	3.231591053012524695e-01	0.000000000000000000e+00
6.487708652758667540e+02	3.220563399760558165e-01	0.000000000000000000e+00
6.491905747170667382e+02	3.209348667195114357e-01	0.000000000000000000e+00
6.496102841582667224e+02	3.198011246670651175e-01	0.000000000000000000e+00
6.500299935994667067e+02	3.186559960411386450e-01	0.000000000000000000e+00
6.504497030406666909e+02	3.174959655582101914e-01	0.000000000000000000e+00
6.508694124818666751e+02	3.163277042834992669e-01	0.000000000000000000e+00
6.512891219230666593e+02	3.151524098666174112e-01	0.000000000000000000e+00
6.517088313642666435e+02	3.139695041800668052e-01	0.000000000000000000e+00
6.521285408054667414e+02	3.127796698054692293e-01	0.000000000000000000e+00
6.525482502466667256e+02	3.115857938640693159e-01	0.000000000000000000e+00
6.529679596878667098e+02	3.103882274788525852e-01	0.000000000000000000e+00
6.533876691290668077e+02	3.091860983810884034e-01	0.000000000000000000e+00
6.538073785702667919e+02	3.079816686390764446e-01	0.000000000000000000e+00
6.542270880114667762e+02	3.067753815064696576e-01	0.000000000000000000e+00
6.546467974526667604e+02	3.055671785543480068e-01	0.000000000000000000e+00
6.550665068938667446e+02	3.043576065725423496e-01	0.000000000000000000e+00
6.554862163350667288e+02	3.031473559057030198e-01	0.000000000000000000e+00
6.559059257762667130e+02	3.019365489798062629e-01	0.000000000000000000e+00
6.563256352174666972e+02	3.007253635154426563e-01	0.000000000000000000e+00
6.567453446586666814e+02	2.995142222272431098e-01	0.000000000000000000e+00
6.571650540998666656e+02	2.983031827130965818e-01	0.000000000000000000e+00
6.575847635410666499e+02	2.970925100032907884e-01	0.000000000000000000e+00
6.580044729822667477e+02	2.958823612740225095e-01	0.000000000000000000e+00
6.584241824234667320e+02	2.946726851573267525e-01	0.000000000000000000e+00
6.588438918646667162e+02	2.934636436157788131e-01	0.000000000000000000e+00
6.592636013058667004e+02	2.922555403831263443e-01	0.000000000000000000e+00
6.596833107470667983e+02	2.910480866729854288e-01	0.000000000000000000e+00
6.601030201882667825e+02	2.898412918716505304e-01	0.000000000000000000e+00
6.605227296294667667e+02	2.886356963194460223e-01	0.000000000000000000e+00
6.609424390706667509e+02	2.874308166840122136e-01	0.000000000000000000e+00
6.613621485118667351e+02	2.862266296867531090e-01	0.000000000000000000e+00
6.617818579530667193e+02	2.850234997366402623e-01	0.000000000000000000e+00
6.622015673942667036e+02	2.838212027987955799e-01	0.000000000000000000e+00
6.626212768354666878e+02	2.826195558335416469e-01	0.000000000000000000e+00
6.630409862766666720e+02	2.814187612875238553e-01	0.000000000000000000e+00
6.634606957178666562e+02	2.802188299763107016e-01	0.000000000000000000e+00
6.638804051590666404e+02	2.790194587860752584e-01	0.000000000000000000e+00
6.643001146002667383e+02	2.778207245791580737e-01	0.000000000000000000e+00
6.647198240414667225e+02	2.766228003599766061e-01	0.000000000000000000e+00
6.651395334826667067e+02	2.754253198465232977e-01	0.000000000000000000e+00
6.655592429238668046e+02	2.742282788663817361e-01	0.000000000000000000e+00
6.659789523650667888e+02	2.730319226666438337e-01	0.000000000000000000e+00
6.663986618062667731e+02	2.718358818372848540e-01	0.000000000000000000e+00
6.668183712474667573e+02	2.706401463958601483e-01	0.000000000000000000e+00
6.672380806886667415e+02	2.694448515774423569e-01	0.000000000000000000e+00
6.676577901298667257e+02	2.682497738231933715e-01	0.000000000000000000e+00
6.680774995710667099e+02	2.670548735249997363e-01	0.000000000000000000e+00
6.684972090122666941e+02	2.658601914125136578e-01	0.000000000000000000e+00
6.689169184534666783e+02	2.646656042761339478e-01	0.000000000000000000e+00
6.693366278946666625e+02	2.634710731968070707e-01	0.000000000000000000e+00
6.697563373358666468e+02	2.622765739782981220e-01	0.000000000000000000e+00
6.701760467770667447e+02	2.610820312657174957e-01	0.000000000000000000e+00
6.705957562182667289e+02	2.598874346518088574e-01	0.000000000000000000e+00
6.710154656594667131e+02	2.586927173992540352e-01	0.000000000000000000e+00
6.714351751006666973e+02	2.574978155898726140e-01	0.000000000000000000e+00
6.718548845418667952e+02	2.563027647587942659e-01	0.000000000000000000e+00
6.722745939830667794e+02	2.551074706190445962e-01	0.000000000000000000e+00
6.726943034242667636e+02	2.539118609193238840e-01	0.000000000000000000e+00
6.731140128654667478e+02	2.527160241523495610e-01	0.000000000000000000e+00
6.735337223066667320e+02	2.515198468014566702e-01	0.000000000000000000e+00
6.739534317478667163e+02	2.503232437744042360e-01	0.000000000000000000e+00
6.743731411890667005e+02	2.491263540325911741e-01	0.000000000000000000e+00
6.747928506302666847e+02	2.479290478756884797e-01	0.000000000000000000e+00
6.752125600714666689e+02	2.467312353038982609e-01	0.000000000000000000e+00
6.756322695126666531e+02	2.455330953574438313e-01	0.000000000000000000e+00
6.760519789538666373e+02	2.443344818093239335e-01	0.000000000000000000e+00
6.764716883950667352e+02	2.431353162675341517e-01	0.000000000000000000e+00
6.768913978362667194e+02	2.419358016710111692e-01	0.000000000000000000e+00
6.773111072774667036e+02	2.407357737536333642e-01	0.000000000000000000e+00
6.777308167186668015e+02	2.395351862480764871e-01	0.000000000000000000e+00
6.781505261598667857e+02	2.383342464908276281e-01	0.000000000000000000e+00
6.785702356010667700e+02	2.371327719189552929e-01	0.000000000000000000e+00
6.789899450422667542e+02	2.359307678743286230e-01	0.000000000000000000e+00
6.794096544834667384e+02	2.347284259688813823e-01	0.000000000000000000e+00
6.798293639246667226e+02	2.335255488538282020e-01	0.000000000000000000e+00
6.802490733658667068e+02	2.323222066802237973e-01	0.000000000000000000e+00
6.806687828070666910e+02	2.311185574094098694e-01	0.000000000000000000e+00
6.810884922482666752e+02	2.299143986863030065e-01	0.000000000000000000e+00
6.815082016894666594e+02	2.287098671281515283e-01	0.000000000000000000e+00
6.819279111306666437e+02	2.275050741451283831e-01	0.000000000000000000e+00
6.823476205718667416e+02	2.262998308160078798e-01	0.000000000000000000e+00
6.827673300130667258e+02	2.250943252662453153e-01	0.000000000000000000e+00
6.831870394542667100e+02	2.238886172249257289e-01	0.000000000000000000e+00
6.836067488954666942e+02	2.226825605048211032e-01	0.000000000000000000e+00
6.840264583366667921e+02	2.214763584555027309e-01	0.000000000000000000e+00
6.844461677778667763e+02	2.202700191797904161e-01	0.000000000000000000e+00
6.848658772190667605e+02	2.190634967909423914e-01	0.000000000000000000e+00
6.852855866602667447e+02	2.178569325832393766e-01	0.000000000000000000e+00
6.857052961014667289e+02	2.166503193696188156e-01	0.000000000000000000e+00
6.861250055426667132e+02	2.154437281380731373e-01	0.000000000000000000e+00
6.865447149838666974e+02	2.142371871678309392e-01	0.000000000000000000e+00
6.869644244250666816e+02	2.130307422481927393e-01	0.000000000000000000e+00
6.873841338662666658e+02	2.118245062226210007e-01	0.000000000000000000e+00
6.878038433074666500e+02	2.106184187510671268e-01	0.000000000000000000e+00
6.882235527486666342e+02	2.094126447323342577e-01	0.000000000000000000e+00
6.886432621898667321e+02	2.082072282537384134e-01	0.000000000000000000e+00
6.890629716310667163e+02	2.070020629655288102e-01	0.000000000000000000e+00
6.894826810722667005e+02	2.057975171747012388e-01	0.000000000000000000e+00
6.899023905134667984e+02	2.045934182110530908e-01	0.000000000000000000e+00
6.903220999546667827e+02	2.033897109445785001e-01	0.000000000000000000e+00
6.907418093958667669e+02	2.021869639189139700e-01	0.000000000000000000e+00
6.911615188370667511e+02	2.009847073716322929e-01	0.000000000000000000e+00
6.915812282782667353e+02	1.997831531941969552e-01	0.000000000000000000e+00
6.920009377194667195e+02	1.985826833795044100e-01	0.000000000000000000e+00
6.924206471606667037e+02	1.973828144803613516e-01	0.000000000000000000e+00
6.928403566018666879e+02	1.961840793569516739e-01	0.000000000000000000e+00
6.932600660430666721e+02	1.949864479915513760e-01	0.000000000000000000e+00
6.936797754842666563e+02	1.937895258959385636e-01	0.000000000000000000e+00
6.940994849254666406e+02	1.925943070222553843e-01	0.000000000000000000e+00
6.945191943666667385e+02	1.914000843501485749e-01	0.000000000000000000e+00
6.949389038078667227e+02	1.902068928161763650e-01	0.000000000000000000e+00
6.953586132490667069e+02	1.890156945240455966e-01	0.000000000000000000e+00
6.957783226902666911e+02	1.878254538307742028e-01	0.000000000000000000e+00
6.961980321314667890e+02	1.866368669177963513e-01	0.000000000000000000e+00
6.966177415726667732e+02	1.854501218746948399e-01	0.000000000000000000e+00
6.970374510138667574e+02	1.842644339494179384e-01	0.000000000000000000e+00
6.974571604550667416e+02	1.830811949203085542e-01	0.000000000000000000e+00
6.978768698962667258e+02	1.818994726093774994e-01	0.000000000000000000e+00
6.982965793374667101e+02	1.807191883036197988e-01	0.000000000000000000e+00
6.987162887786666943e+02	1.795417585019287721e-01	0.000000000000000000e+00
6.991359982198666785e+02	1.783656167437787654e-01	0.000000000000000000e+00
6.995557076610666627e+02	1.771918036960509757e-01	0.000000000000000000e+00
6.999754171022666469e+02	1.760204142617898815e-01	0.000000000000000000e+00
7.003951265434666311e+02	1.748503950102723026e-01	0.000000000000000000e+00
7.008148359846667290e+02	1.736837976596438959e-01	0.000000000000000000e+00
7.012345454258667132e+02	1.725189787950351383e-01	0.000000000000000000e+00
7.016542548670666974e+02	1.713562651832279959e-01	0.000000000000000000e+00
7.020739643082667953e+02	1.701969560252074298e-01	0.000000000000000000e+00
7.024936737494667796e+02	1.690392152643368506e-01	0.000000000000000000e+00
7.029133831906667638e+02	1.678848109648675702e-01	0.000000000000000000e+00
7.033330926318667480e+02	1.667330020007335434e-01	0.000000000000000000e+00
7.037528020730667322e+02	1.655830182014679519e-01	0.000000000000000000e+00
7.041725115142667164e+02	1.644374315121350238e-01	0.000000000000000000e+00
7.045922209554667006e+02	1.632935853453580943e-01	0.000000000000000000e+00
7.050119303966666848e+02	1.621529590069629712e-01	0.000000000000000000e+00
7.054316398378666690e+02	1.610157234936110404e-01	0.000000000000000000e+00
7.058513492790666533e+02	1.598802731719007053e-01	0.000000000000000000e+00
7.062710587202666375e+02	1.587496689720657717e-01	0.000000000000000000e+00
7.066907681614667354e+02	1.576211945354221156e-01	0.000000000000000000e+00
7.071104776026667196e+02	1.564958406255604062e-01	0.000000000000000000e+00
7.075301870438667038e+02	1.553745923581184296e-01	0.000000000000000000e+00
7.079498964850666880e+02	1.542552567237363281e-01	0.000000000000000000e+00
7.083696059262667859e+02	1.531408595706348075e-01	0.000000000000000000e+00
7.087893153674667701e+02	1.520290732764164043e-01	0.000000000000000000e+00
7.092090248086667543e+02	1.509203730259019161e-01	0.000000000000000000e+00
7.096287342498667385e+02	1.498163572937256660e-01	0.000000000000000000e+00
7.100484436910667227e+02	1.487143517999212072e-01	0.000000000000000000e+00
7.104681531322667070e+02	1.476174570893592219e-01	0.000000000000000000e+00
7.108878625734666912e+02	1.465235002668506537e-01	0.000000000000000000e+00
7.113075720146666754e+02	1.454327035927425738e-01	0.000000000000000000e+00
7.117272814558666596e+02	1.443469857524243560e-01	0.000000000000000000e+00
7.121469908970666438e+02	1.432633465846376852e-01	0.000000000000000000e+00
7.125667003382666280e+02	1.421851090708208254e-01	0.000000000000000000e+00
7.129864097794667259e+02	1.411099406098414999e-01	0.000000000000000000e+00
7.134061192206667101e+02	1.400381529496710076e-01	0.000000000000000000e+00
7.138258286618666943e+02	1.389716138235649878e-01	0.000000000000000000e+00
7.142455381030666786e+02	1.379071943255978927e-01	0.000000000000000000e+00
7.146652475442667765e+02	1.368486182549689123e-01	0.000000000000000000e+00
7.150849569854667607e+02	1.357930136258252984e-01	0.000000000000000000e+00
7.155046664266667449e+02	1.347411877120696377e-01	0.000000000000000000e+00
7.159243758678667291e+02	1.336945251065282947e-01	0.000000000000000000e+00
7.163440853090667133e+02	1.326499980820015911e-01	0.000000000000000000e+00
7.167637947502666975e+02	1.316119322057467123e-01	0.000000000000000000e+00
7.171835041914666817e+02	1.305764880630854996e-01	0.000000000000000000e+00
7.176032136326666659e+02	1.295454205240846590e-01	0.000000000000000000e+00
7.180229230738666502e+02	1.285191560198406802e-01	0.000000000000000000e+00
7.184426325150666344e+02	1.274951580749808522e-01	0.000000000000000000e+00
7.188623419562667323e+02	1.264781583246428476e-01	0.000000000000000000e+00
7.192820513974667165e+02	1.254633017995540889e-01	0.000000000000000000e+00
7.197017608386667007e+02	1.244536343563930475e-01	0.000000000000000000e+00
7.201214702798666849e+02	1.234481244429314895e-01	0.000000000000000000e+00
7.205411797210667828e+02	1.224457069069321002e-01	0.000000000000000000e+00
7.209608891622667670e+02	1.214496009807409516e-01	0.000000000000000000e+00
7.213805986034667512e+02	1.204556027181700600e-01	0.000000000000000000e+00
7.218003080446667354e+02	1.194678276572388176e-01	0.000000000000000000e+00
7.222200174858667197e+02	1.184832782552304592e-01	0.000000000000000000e+00
7.226397269270667039e+02	1.175028855035638586e-01	0.000000000000000000e+00
7.230594363682666881e+02	1.165278172313417571e-01	0.000000000000000000e+00
7.234791458094666723e+02	1.155548409205557070e-01	0.000000000000000000e+00
7.238988552506666565e+02	1.145892767655219274e-01	0.000000000000000000e+00
7.243185646918666407e+02	1.136257601961356140e-01	0.000000000000000000e+00
7.247382741330666249e+02	1.126677004460888420e-01	0.000000000000000000e+00
7.251579835742667228e+02	1.117136875290545700e-01	0.000000000000000000e+00
7.255776930154667070e+02	1.107631190142862043e-01	0.000000000000000000e+00
7.259974024566666913e+02	1.098186119742246003e-01	0.000000000000000000e+00
7.264171118978666755e+02	1.088760854806304912e-01	0.000000000000000000e+00
7.268368213390667734e+02	1.079405446738932878e-01	0.000000000000000000e+00
7.272565307802667576e+02	1.070074978707546420e-01	0.000000000000000000e+00
7.276762402214667418e+02	1.060794859274813151e-01	0.000000000000000000e+00
7.280959496626667260e+02	1.051559037345467518e-01	0.000000000000000000e+00
7.285156591038667102e+02	1.042354259770778002e-01	0.000000000000000000e+00
7.289353685450666944e+02	1.033212872716081504e-01	0.000000000000000000e+00
7.293550779862666786e+02	1.024090300006618576e-01	0.000000000000000000e+00
7.297747874274666628e+02	1.015036240024649317e-01	0.000000000000000000e+00
7.301944968686666471e+02	1.006007556756281507e-01	0.000000000000000000e+00
7.306142063098666313e+02	9.970288160187046334e-02	0.000000000000000000e+00
7.310339157510667292e+02	9.880936885683523629e-02	0.000000000000000000e+00
7.314536251922667134e+02	9.791902074551020463e-02	0.000000000000000000e+00
7.318733346334666976e+02	9.703482623243281369e-02	0.000000000000000000e+00
7.322930440746666818e+02	9.615240134725538956e-02	0.000000000000000000e+00
7.327127535158667797e+02	9.527707893592921029e-02	0.000000000000000000e+00
7.331324629570667639e+02	9.440389955567718427e-02	0.000000000000000000e+00
7.335521723982667481e+02	9.353607341206116033e-02	0.000000000000000000e+00
7.339718818394667323e+02	9.267209505521856183e-02	0.000000000000000000e+00
7.343915912806667166e+02	9.181175228570968849e-02	0.000000000000000000e+00
7.348113007218667008e+02	9.095692853851861104e-02	0.000000000000000000e+00
7.352310101630666850e+02	9.010405523115187776e-02	0.000000000000000000e+00
7.356507196042666692e+02	8.925833832306589999e-02	0.000000000000000000e+00
7.360704290454666534e+02	8.841423994565375533e-02	0.000000000000000000e+00
7.364901384866666376e+02	8.757626121135704544e-02	0.000000000000000000e+00
7.369098479278666218e+02	8.674118754231134598e-02	0.000000000000000000e+00
7.373295573690667197e+02	8.591063334381215943e-02	0.000000000000000000e+00
7.377492668102667039e+02	8.508453576617040770e-02	0.000000000000000000e+00
7.381689762514666882e+02	8.426139104161196880e-02	0.000000000000000000e+00
7.385886856926666724e+02	8.344422150477819045e-02	0.000000000000000000e+00
7.390083951338667703e+02	8.262855207535280133e-02	0.000000000000000000e+00
7.394281045750667545e+02	8.182018318034993409e-02	0.000000000000000000e+00
7.398478140162667387e+02	8.101336233153917654e-02	0.000000000000000000e+00
7.402675234574667229e+02	8.021236154790917228e-02	0.000000000000000000e+00
7.406872328986667071e+02	7.941434470200441076e-02	0.000000000000000000e+00
7.411069423398666913e+02	7.862070047253552629e-02	0.000000000000000000e+00
7.415266517810666755e+02	7.783144533238008089e-02	0.000000000000000000e+00
7.419463612222666598e+02	7.704514768264665581e-02	0.000000000000000000e+00
7.423660706634666440e+02	7.626461468564761648e-02	0.000000000000000000e+00
7.427857801046666282e+02	7.548565549620479820e-02	0.000000000000000000e+00
7.432054895458666124e+02	7.471380824521753339e-02	0.000000000000000000e+00
7.436251989870667103e+02	7.394328507584599364e-02	0.000000000000000000e+00
7.440449084282666945e+02	7.317898718565389593e-02	0.000000000000000000e+00
7.444646178694666787e+02	7.241708905802364538e-02	0.000000000000000000e+00
7.448843273106667766e+02	7.166011900781329991e-02	0.000000000000000000e+00
7.453040367518667608e+02	7.090681848290029954e-02	0.000000000000000000e+00
7.457237461930667450e+02	7.015717813509141088e-02	0.000000000000000000e+00
7.461434556342667292e+02	6.941245216501813753e-02	0.000000000000000000e+00
7.465631650754667135e+02	6.867014646745371598e-02	0.000000000000000000e+00
7.469828745166666977e+02	6.793397669262614402e-02	0.000000000000000000e+00
7.474025839578666819e+02	6.719901388989456270e-02	0.000000000000000000e+00
7.478222933990666661e+02	6.647138690186268906e-02	0.000000000000000000e+00
7.482420028402666503e+02	6.574492442507794132e-02	0.000000000000000000e+00
7.486617122814666345e+02	6.502468630004945571e-02	0.000000000000000000e+00
7.490814217226666187e+02	6.430673626570207468e-02	0.000000000000000000e+00
7.495011311638667166e+02	6.359388743479818529e-02	0.000000000000000000e+00
7.499208406050667008e+02	6.288444851169969207e-02	0.000000000000000000e+00
7.503405500462666851e+02	6.217901220570301590e-02	0.000000000000000000e+00
7.507602594874666693e+02	6.147808856023265905e-02	0.000000000000000000e+00
7.511799689286667672e+02	6.078009211546032270e-02	0.000000000000000000e+00
7.515996783698667514e+02	6.008769349680955635e-02	0.000000000000000000e+00
7.520193878110667356e+02	5.939716845740592582e-02	0.000000000000000000e+00
7.524390972522667198e+02	5.871331023948600514e-02	0.000000000000000000e+00
7.528588066934667040e+02	5.803046600901775459e-02	0.000000000000000000e+00
7.532785161346666882e+02	5.735499561527182544e-02	0.000000000000000000e+00
7.536982255758666724e+02	5.668069480781132152e-02	0.000000000000000000e+00
7.541179350170666567e+02	5.601281636626595506e-02	0.000000000000000000e+00
7.545376444582666409e+02	5.534708665769238339e-02	0.000000000000000000e+00
7.549573538994666251e+02	5.468684908327067079e-02	0.000000000000000000e+00
7.553770633406666093e+02	5.402972351223957886e-02	0.000000000000000000e+00
7.557967727818667072e+02	5.337718006494681505e-02	0.000000000000000000e+00
7.562164822230666914e+02	5.272869687233392583e-02	0.000000000000000000e+00
7.566361916642666756e+02	5.208390510092737041e-02	0.000000000000000000e+00
7.570559011054667735e+02	5.144410752257794206e-02	0.000000000000000000e+00
7.574756105466667577e+02	5.080712917769356074e-02	0.000000000000000000e+00
7.578953199878667419e+02	5.017606519061643816e-02	0.000000000000000000e+00
7.583150294290667262e+02	4.954696610646531357e-02	0.000000000000000000e+00
7.587347388702667104e+02	4.892468812895114927e-02	0.000000000000000000e+00
7.591544483114666946e+02	4.830353807283468276e-02	0.000000000000000000e+00
7.595741577526666788e+02	4.769010261935048567e-02	0.000000000000000000e+00
7.599938671938666630e+02	4.707747031561362178e-02	0.000000000000000000e+00
7.604135766350666472e+02	4.647244240050377173e-02	0.000000000000000000e+00
7.608332860762666314e+02	4.586869600506114641e-02	0.000000000000000000e+00
7.612529955174666156e+02	4.527184802015454812e-02	0.000000000000000000e+00
7.616727049586667135e+02	4.467705083312011050e-02	0.000000000000000000e+00
7.620924143998666977e+02	4.408846611357988832e-02	0.000000000000000000e+00
7.625121238410666820e+02	4.350268404512967063e-02	0.000000000000000000e+00
7.629318332822666662e+02	4.292244861092398694e-02	0.000000000000000000e+00
7.633515427234667641e+02	4.234574966906246712e-02	0.000000000000000000e+00
7.637712521646667483e+02	4.177395187656488679e-02	0.000000000000000000e+00
7.641909616058667325e+02	4.120640562239027971e-02	0.000000000000000000e+00
7.646106710470667167e+02	4.064313578438596974e-02	0.000000000000000000e+00
7.650303804882667009e+02	4.008481275828128243e-02	0.000000000000000000e+00
7.654500899294666851e+02	3.953016273350196119e-02	0.000000000000000000e+00
7.658697993706666693e+02	3.898113385607059750e-02	0.000000000000000000e+00
7.662895088118666536e+02	3.843519660968061635e-02	0.000000000000000000e+00
7.667092182530666378e+02	3.789553256160685391e-02	0.000000000000000000e+00
7.671289276942666220e+02	3.735840169837519043e-02	0.000000000000000000e+00
7.675486371354666062e+02	3.682817228372585461e-02	0.000000000000000000e+00
7.679683465766667041e+02	3.629994155591828586e-02	0.000000000000000000e+00
7.683880560178666883e+02	3.577921505369979077e-02	0.000000000000000000e+00
7.688077654590666725e+02	3.525997784603975699e-02	0.000000000000000000e+00
7.692274749002667704e+02	3.474882035509465478e-02	0.000000000000000000e+00
7.696471843414667546e+02	3.423866914945094403e-02	0.000000000000000000e+00
7.700668937826667388e+02	3.373714393197054656e-02	0.000000000000000000e+00
7.704866032238667231e+02	3.323616975470434359e-02	0.000000000000000000e+00
7.709063126650667073e+02	3.274433658380478812e-02	0.000000000000000000e+00
7.713260221062666915e+02	3.225289866379080911e-02	0.000000000000000000e+00
7.717457315474666757e+02	3.177054295590384103e-02	0.000000000000000000e+00
7.721654409886666599e+02	3.128882038484831485e-02	0.000000000000000000e+00
7.725851504298666441e+02	3.081590033434615170e-02	0.000000000000000000e+00
7.730048598710666283e+02	3.034394239858809877e-02	0.000000000000000000e+00
7.734245693122666125e+02	2.988053745469715014e-02	0.000000000000000000e+00
7.738442787534667104e+02	2.941838807931896130e-02	0.000000000000000000e+00
7.742639881946666947e+02	2.896457333383575805e-02	0.000000000000000000e+00
7.746836976358666789e+02	2.851227052777169368e-02	0.000000000000000000e+00
7.751034070770666631e+02	2.806811613421741902e-02	0.000000000000000000e+00
7.755231165182667610e+02	2.762569146733500486e-02	0.000000000000000000e+00
7.759428259594667452e+02	2.719126206977691418e-02	0.000000000000000000e+00
7.763625354006667294e+02	2.675874018654052222e-02	0.000000000000000000e+00
7.767822448418667136e+02	2.633409436243788759e-02	0.000000000000000000e+00
7.772019542830666978e+02	2.591149253639670261e-02	0.000000000000000000e+00
7.776216637242666820e+02	2.549668225786500333e-02	0.000000000000000000e+00
7.780413731654666663e+02	2.508400999082869426e-02	0.000000000000000000e+00
7.784610826066666505e+02	2.467908010861592782e-02	0.000000000000000000e+00
7.788807920478666347e+02	2.427633877788329397e-02	0.000000000000000000e+00
7.793005014890666189e+02	2.388132653230353938e-02	0.000000000000000000e+00
7.797202109302666031e+02	2.348850908883693203e-02	0.000000000000000000e+00
7.801399203714667010e+02	2.310344365171728906e-02	0.000000000000000000e+00
7.805596298126666852e+02	2.272053437157678726e-02	0.000000000000000000e+00
7.809793392538666694e+02	2.234543642308576411e-02	0.000000000000000000e+00
7.813990486950667673e+02	2.197241071386699107e-02	0.000000000000000000e+00
7.818187581362667515e+02	2.160729205784406651e-02	0.000000000000000000e+00
7.822384675774667357e+02	2.124411632125845772e-02	0.000000000000000000e+00
7.826581770186667200e+02	2.088897954234471624e-02	0.000000000000000000e+00
7.830778864598667042e+02	2.053561109345137387e-02	0.000000000000000000e+00
7.834975959010666884e+02	2.019044925901734497e-02	0.000000000000000000e+00
7.839173053422666726e+02	1.984683630202214305e-02	0.000000000000000000e+00
7.843370147834666568e+02	1.951163271145325145e-02	0.000000000000000000e+00
7.847567242246666410e+02	1.917771437134322202e-02	0.000000000000000000e+00
7.851764336658666252e+02	1.885244235487897740e-02	0.000000000000000000e+00
7.855961431070666094e+02	1.852814876360577359e-02	0.000000000000000000e+00
7.860158525482667073e+02	1.821277153244163505e-02	0.000000000000000000e+00
7.864355619894666916e+02	1.789802396777534846e-02	0.000000000000000000e+00
7.868552714306666758e+02	1.759249451669576969e-02	0.000000000000000000e+00
7.872749808718666600e+02	1.728720559136603246e-02	0.000000000000000000e+00
7.876946903130667579e+02	1.699146665466927733e-02	0.000000000000000000e+00
7.881143997542667421e+02	1.669572771797260546e-02	0.000000000000000000e+00
7.885341091954667263e+02	1.640952461391695025e-02	0.000000000000000000e+00
7.889538186366667105e+02	1.612350867491842490e-02	0.000000000000000000e+00
7.893735280778666947e+02	1.584648672604661163e-02	0.000000000000000000e+00
7.897932375190666789e+02	1.557011607993575956e-02	0.000000000000000000e+00
7.902129469602666632e+02	1.530215342334509399e-02	0.000000000000000000e+00
7.906326564014666474e+02	1.503534029268894720e-02	0.000000000000000000e+00
7.910523658426666316e+02	1.477630776334793415e-02	0.000000000000000000e+00
7.914720752838666158e+02	1.451895446505025063e-02	0.000000000000000000e+00
7.918917847250666000e+02	1.426871603550392345e-02	0.000000000000000000e+00
7.923114941662666979e+02	1.402071519757538617e-02	0.000000000000000000e+00
7.927312036074666821e+02	1.377912844348192639e-02	0.000000000000000000e+00
7.931509130486666663e+02	1.354036326953703996e-02	0.000000000000000000e+00
7.935706224898667642e+02	1.330727985616273271e-02	0.000000000000000000e+00
7.939903319310667484e+02	1.307762443516091201e-02	0.000000000000000000e+00
7.944100413722667327e+02	1.285289061996056775e-02	0.000000000000000000e+00
7.948297508134667169e+02	1.263221027834080488e-02	0.000000000000000000e+00
7.952494602546667011e+02	1.241566742482085907e-02	0.000000000000000000e+00
7.956691696958666853e+02	1.220381911785439061e-02	0.000000000000000000e+00
7.960888791370666695e+02	1.199530421605256476e-02	0.000000000000000000e+00
7.965085885782666537e+02	1.179213695495974143e-02	0.000000000000000000e+00
7.969282980194666379e+02	1.159148314406343618e-02	0.000000000000000000e+00
7.973480074606666221e+02	1.139683845520402146e-02	0.000000000000000000e+00
7.977677169018666063e+02	1.120387554407319304e-02	0.000000000000000000e+00
7.981874263430667042e+02	1.101758795633787924e-02	0.000000000000000000e+00
7.986071357842666885e+02	1.083214293798434244e-02	0.000000000000000000e+00
7.990268452254666727e+02	1.065404049438074298e-02	0.000000000000000000e+00
7.994465546666666569e+02	1.047593805077714352e-02	0.000000000000000000e+00
