# lambda  Re(T_ZminTE(0,0),ZmaxTE(0,0))    Im(T_ZminTE(0,0),ZmaxTE(0,0)), 
3.797371134666668127e+02	6.926900446002499656e-01	0.000000000000000000e+00
3.801568229078667969e+02	6.945096003455107914e-01	0.000000000000000000e+00
3.805765323490668379e+02	6.963015375328851508e-01	0.000000000000000000e+00
3.809962417902668221e+02	6.980734604560122625e-01	0.000000000000000000e+00
3.814159512314668063e+02	6.998325021223802400e-01	0.000000000000000000e+00
3.818356606726667906e+02	7.015853042056817701e-01	0.000000000000000000e+00
3.822553701138668316e+02	7.033380017972603593e-01	0.000000000000000000e+00
3.826750795550668158e+02	7.050962126507834826e-01	0.000000000000000000e+00
3.830947889962668000e+02	7.068650306010055839e-01	0.000000000000000000e+00
3.835144984374667843e+02	7.086490228320884155e-01	0.000000000000000000e+00
3.839342078786668253e+02	7.104522306723697334e-01	0.000000000000000000e+00
3.843539173198668095e+02	7.122781735994001551e-01	0.000000000000000000e+00
3.847736267610667937e+02	7.141298561505341480e-01	0.000000000000000000e+00
3.851933362022668348e+02	7.160097774491529510e-01	0.000000000000000000e+00
3.856130456434668190e+02	7.179201304640888681e-01	0.000000000000000000e+00
3.860327550846668032e+02	7.198623848293156380e-01	0.000000000000000000e+00
3.864524645258667874e+02	7.218374477092101005e-01	0.000000000000000000e+00
3.868721739670668285e+02	7.238459224028690464e-01	0.000000000000000000e+00
3.872918834082668127e+02	7.258879877871085018e-01	0.000000000000000000e+00
3.877115928494667969e+02	7.279634183852717877e-01	0.000000000000000000e+00
3.881313022906667811e+02	7.300716055116664993e-01	0.000000000000000000e+00
3.885510117318668222e+02	7.322115793461791977e-01	0.000000000000000000e+00
3.889707211730668064e+02	7.343820318061434760e-01	0.000000000000000000e+00
3.893904306142667906e+02	7.365813400930713017e-01	0.000000000000000000e+00
3.898101400554668317e+02	7.388075908004805292e-01	0.000000000000000000e+00
3.902298494966668159e+02	7.410586044757671020e-01	0.000000000000000000e+00
3.906495589378668001e+02	7.433319605340109604e-01	0.000000000000000000e+00
3.910692683790667843e+02	7.456250224248466285e-01	0.000000000000000000e+00
3.914889778202668253e+02	7.479349629553944112e-01	0.000000000000000000e+00
3.919086872614668096e+02	7.502587896727868078e-01	0.000000000000000000e+00
3.923283967026667938e+02	7.525933702094457223e-01	0.000000000000000000e+00
3.927481061438668348e+02	7.549354574930975392e-01	0.000000000000000000e+00
3.931678155850668190e+02	7.572817147219268463e-01	0.000000000000000000e+00
3.935875250262668033e+02	7.596287400034852366e-01	0.000000000000000000e+00
3.940072344674667875e+02	7.619730686435717271e-01	0.000000000000000000e+00
3.944269439086668285e+02	7.643111524110559607e-01	0.000000000000000000e+00
3.948466533498668127e+02	7.666395448207445895e-01	0.000000000000000000e+00
3.952663627910667969e+02	7.689548085835856694e-01	0.000000000000000000e+00
3.956860722322667812e+02	7.712535572588098409e-01	0.000000000000000000e+00
3.961057816734668222e+02	7.735324759078222590e-01	0.000000000000000000e+00
3.965254911146668064e+02	7.757883406671489679e-01	0.000000000000000000e+00
3.969452005558667906e+02	7.780180371429540331e-01	0.000000000000000000e+00
3.973649099970668317e+02	7.802185775359714581e-01	0.000000000000000000e+00
3.977846194382668159e+02	7.823871164133606726e-01	0.000000000000000000e+00
3.982043288794668001e+02	7.845209650530682310e-01	0.000000000000000000e+00
3.986240383206667843e+02	7.866176042966527282e-01	0.000000000000000000e+00
3.990437477618668254e+02	7.886746958580164168e-01	0.000000000000000000e+00
3.994634572030668096e+02	7.906900920479527084e-01	0.000000000000000000e+00
3.998831666442667938e+02	7.926613576957218799e-01	0.000000000000000000e+00
4.003028760854667780e+02	7.945863378998809790e-01	0.000000000000000000e+00
4.007225855266668191e+02	7.964642517591749016e-01	0.000000000000000000e+00
4.011422949678668033e+02	7.982937945420176540e-01	0.000000000000000000e+00
4.015620044090667875e+02	8.000738787202176239e-01	0.000000000000000000e+00
4.019817138502668286e+02	8.018036338699708887e-01	0.000000000000000000e+00
4.024014232914668128e+02	8.034824050564514097e-01	0.000000000000000000e+00
4.028211327326667970e+02	8.051097497729037267e-01	0.000000000000000000e+00
4.032408421738667812e+02	8.066854335164159728e-01	0.000000000000000000e+00
4.036605516150668223e+02	8.082077521655366414e-01	0.000000000000000000e+00
4.040802610562668065e+02	8.096781516875022344e-01	0.000000000000000000e+00
4.044999704974667907e+02	8.110973530069776061e-01	0.000000000000000000e+00
4.049196799386668317e+02	8.124659127816898918e-01	0.000000000000000000e+00
4.053393893798668159e+02	8.137845563707423180e-01	0.000000000000000000e+00
4.057590988210668002e+02	8.150541670050276410e-01	0.000000000000000000e+00
4.061788082622667844e+02	8.162757387245830332e-01	0.000000000000000000e+00
4.065985177034668254e+02	8.174483121831889187e-01	0.000000000000000000e+00
4.070182271446668096e+02	8.185754153035661451e-01	0.000000000000000000e+00
4.074379365858667938e+02	8.196584700187049544e-01	0.000000000000000000e+00
4.078576460270667781e+02	8.206989935629059874e-01	0.000000000000000000e+00
4.082773554682668191e+02	8.216985855884959555e-01	0.000000000000000000e+00
4.086970649094668033e+02	8.226585711891256647e-01	0.000000000000000000e+00
4.091167743506667875e+02	8.235793746317243702e-01	0.000000000000000000e+00
4.095364837918668286e+02	8.244645894159596811e-01	0.000000000000000000e+00
4.099561932330668128e+02	8.253160351970540987e-01	0.000000000000000000e+00
4.103759026742667970e+02	8.261355499526285007e-01	0.000000000000000000e+00
4.107956121154667812e+02	8.269249789870534162e-01	0.000000000000000000e+00
4.112153215566668223e+02	8.276845912470970346e-01	0.000000000000000000e+00
4.116350309978668065e+02	8.284179139283037729e-01	0.000000000000000000e+00
4.120547404390667907e+02	8.291268540735552417e-01	0.000000000000000000e+00
4.124744498802667749e+02	8.298131887917168381e-01	0.000000000000000000e+00
4.128941593214668160e+02	8.304784098821071936e-01	0.000000000000000000e+00
4.133138687626668002e+02	8.311234959767039854e-01	0.000000000000000000e+00
4.137335782038667844e+02	8.317512594490059641e-01	0.000000000000000000e+00
4.141532876450668255e+02	8.323632640705375119e-01	0.000000000000000000e+00
4.145729970862668097e+02	8.329610059690986112e-01	0.000000000000000000e+00
4.149927065274667939e+02	8.335452434759553775e-01	0.000000000000000000e+00
4.154124159686667781e+02	8.341179783341342580e-01	0.000000000000000000e+00
4.158321254098668192e+02	8.346806924155817375e-01	0.000000000000000000e+00
4.162518348510668034e+02	8.352345619669614418e-01	0.000000000000000000e+00
4.166715442922667876e+02	8.357803355221939956e-01	0.000000000000000000e+00
4.170912537334668286e+02	8.363193122780201438e-01	0.000000000000000000e+00
4.175109631746668128e+02	8.368526349826691524e-01	0.000000000000000000e+00
4.179306726158667971e+02	8.373811321061821467e-01	0.000000000000000000e+00
4.183503820570667813e+02	8.379053397082781851e-01	0.000000000000000000e+00
4.187700914982668223e+02	8.384261649300314145e-01	0.000000000000000000e+00
4.191898009394668065e+02	8.389442765845808170e-01	0.000000000000000000e+00
4.196095103806667908e+02	8.394601717284887465e-01	0.000000000000000000e+00
4.200292198218668318e+02	8.399741617184562914e-01	0.000000000000000000e+00
4.204489292630668160e+02	8.404867979064563066e-01	0.000000000000000000e+00
4.208686387042668002e+02	8.409983628499219099e-01	0.000000000000000000e+00
4.212883481454667844e+02	8.415090536499520990e-01	0.000000000000000000e+00
4.217080575866667687e+02	8.420190618422993545e-01	0.000000000000000000e+00
4.221277670278668097e+02	8.425285427222006795e-01	0.000000000000000000e+00
4.225474764690667939e+02	8.430375643321378343e-01	0.000000000000000000e+00
4.229671859102667781e+02	8.435461221052622527e-01	0.000000000000000000e+00
4.233868953514668192e+02	8.440542531057090292e-01	0.000000000000000000e+00
4.238066047926668034e+02	8.445619264851971231e-01	0.000000000000000000e+00
4.242263142338667876e+02	8.450690397385164365e-01	0.000000000000000000e+00
4.246460236750667718e+02	8.455755465471992416e-01	0.000000000000000000e+00
4.250657331162668129e+02	8.460813836093126206e-01	0.000000000000000000e+00
4.254854425574667971e+02	8.465864102615983100e-01	0.000000000000000000e+00
4.259051519986667813e+02	8.470905549747028696e-01	0.000000000000000000e+00
4.263248614398668224e+02	8.475937854061835752e-01	0.000000000000000000e+00
4.267445708810668066e+02	8.480959766156620505e-01	0.000000000000000000e+00
4.271642803222667908e+02	8.485970965386514520e-01	0.000000000000000000e+00
4.275839897634667750e+02	8.490971891879736111e-01	0.000000000000000000e+00
4.280036992046668161e+02	8.495961946249815933e-01	0.000000000000000000e+00
4.284234086458668003e+02	8.500941883593634563e-01	0.000000000000000000e+00
4.288431180870667845e+02	8.505913079919944497e-01	0.000000000000000000e+00
4.292628275282668255e+02	8.510876121462390698e-01	0.000000000000000000e+00
4.296825369694668098e+02	8.515833273250668078e-01	0.000000000000000000e+00
4.301022464106667940e+02	8.520786798473224399e-01	0.000000000000000000e+00
4.305219558518667782e+02	8.525739259967677341e-01	0.000000000000000000e+00
4.309416652930668192e+02	8.530694076276635895e-01	0.000000000000000000e+00
4.313613747342668034e+02	8.535654522597562188e-01	0.000000000000000000e+00
4.317810841754667877e+02	8.540625949365283631e-01	0.000000000000000000e+00
4.322007936166667719e+02	8.545611622339258640e-01	0.000000000000000000e+00
4.326205030578668129e+02	8.550617240602490510e-01	0.000000000000000000e+00
4.330402124990667971e+02	8.555649146690486040e-01	0.000000000000000000e+00
4.334599219402667813e+02	8.560710477677443420e-01	0.000000000000000000e+00
4.338796313814667656e+02	8.565811397910793046e-01	0.000000000000000000e+00
4.342993408226668066e+02	8.570955029279297976e-01	0.000000000000000000e+00
4.347190502638667908e+02	8.576147413332190217e-01	0.000000000000000000e+00
4.351387597050667750e+02	8.581399928836611624e-01	0.000000000000000000e+00
4.355584691462668161e+02	8.586711980095299568e-01	0.000000000000000000e+00
4.359781785874668003e+02	8.592097222479339047e-01	0.000000000000000000e+00
4.363978880286667845e+02	8.597557552566703620e-01	0.000000000000000000e+00
4.368175974698667687e+02	8.603097814522798759e-01	0.000000000000000000e+00
4.372373069110668098e+02	8.608731221787259136e-01	0.000000000000000000e+00
4.376570163522667940e+02	8.614451662355910866e-01	0.000000000000000000e+00
4.380767257934667782e+02	8.620276552002751336e-01	0.000000000000000000e+00
4.384964352346668193e+02	8.626199785459801594e-01	0.000000000000000000e+00
4.389161446758668035e+02	8.632228519951818946e-01	0.000000000000000000e+00
4.393358541170667877e+02	8.638368021092289739e-01	0.000000000000000000e+00
4.397555635582667719e+02	8.644610532550188742e-01	0.000000000000000000e+00
4.401752729994668130e+02	8.650972597620052440e-01	0.000000000000000000e+00
4.405949824406667972e+02	8.657436006700611753e-01	0.000000000000000000e+00
4.410146918818667814e+02	8.664014126482346700e-01	0.000000000000000000e+00
4.414344013230668224e+02	8.670693471641275352e-01	0.000000000000000000e+00
4.418541107642668067e+02	8.677475483244818655e-01	0.000000000000000000e+00
4.422738202054667909e+02	8.684354448699874718e-01	0.000000000000000000e+00
4.426935296466667751e+02	8.691320300626137474e-01	0.000000000000000000e+00
4.431132390878668161e+02	8.698372358443849928e-01	0.000000000000000000e+00
4.435329485290668003e+02	8.705492201734579272e-01	0.000000000000000000e+00
4.439526579702667846e+02	8.712680600146219811e-01	0.000000000000000000e+00
4.443723674114668256e+02	8.719915754106513095e-01	0.000000000000000000e+00
4.447920768526668098e+02	8.727193079737340931e-01	0.000000000000000000e+00
4.452117862938667940e+02	8.734493613890919050e-01	0.000000000000000000e+00
4.456314957350667783e+02	8.741805623797410663e-01	0.000000000000000000e+00
4.460512051762667625e+02	8.749112647682233401e-01	0.000000000000000000e+00
4.464709146174668035e+02	8.756398250662388305e-01	0.000000000000000000e+00
4.468906240586667877e+02	8.763646151390711569e-01	0.000000000000000000e+00
4.473103334998667719e+02	8.770838215300338359e-01	0.000000000000000000e+00
4.477300429410668130e+02	8.777956507102052663e-01	0.000000000000000000e+00
4.481497523822667972e+02	8.784983693207287780e-01	0.000000000000000000e+00
4.485694618234667814e+02	8.791899108156278064e-01	0.000000000000000000e+00
4.489891712646667656e+02	8.798687924808520355e-01	0.000000000000000000e+00
4.494088807058668067e+02	8.805326636071104662e-01	0.000000000000000000e+00
4.498285901470667909e+02	8.811803609920474400e-01	0.000000000000000000e+00
4.502482995882667751e+02	8.818093470326097139e-01	0.000000000000000000e+00
4.506680090294668162e+02	8.824187324918920661e-01	0.000000000000000000e+00
4.510877184706668004e+02	8.830060003948995151e-01	0.000000000000000000e+00
4.515074279118667846e+02	8.835703735101991807e-01	0.000000000000000000e+00
4.519271373530667688e+02	8.841096646461822361e-01	0.000000000000000000e+00
4.523468467942668099e+02	8.846229391339403003e-01	0.000000000000000000e+00
4.527665562354667941e+02	8.851087320126564961e-01	0.000000000000000000e+00
4.531862656766667783e+02	8.855655931718625640e-01	0.000000000000000000e+00
4.536059751178668193e+02	8.859932293031816952e-01	0.000000000000000000e+00
4.540256845590668036e+02	8.863892552268105574e-01	0.000000000000000000e+00
4.544453940002667878e+02	8.867550239566088788e-01	0.000000000000000000e+00
4.548651034414667720e+02	8.870867661614411093e-01	0.000000000000000000e+00
4.552848128826667562e+02	8.873879470657000113e-01	0.000000000000000000e+00
4.557045223238667973e+02	8.876529687776729682e-01	0.000000000000000000e+00
4.561242317650667815e+02	8.878876807261485427e-01	0.000000000000000000e+00
4.565439412062668225e+02	8.880847056505920545e-01	0.000000000000000000e+00
4.569636506474668067e+02	8.882509255378546742e-01	0.000000000000000000e+00
4.573833600886667909e+02	8.883807405596549911e-01	0.000000000000000000e+00
4.578030695298667752e+02	8.884784195818724584e-01	0.000000000000000000e+00
4.582227789710667594e+02	8.885416135469266230e-01	0.000000000000000000e+00
4.586424884122668004e+02	8.885715512443591590e-01	0.000000000000000000e+00
4.590621978534667846e+02	8.885694421342543725e-01	0.000000000000000000e+00
4.594819072946667688e+02	8.885331722631796270e-01	0.000000000000000000e+00
4.599016167358668099e+02	8.884676826064801247e-01	0.000000000000000000e+00
4.603213261770667941e+02	8.883673414293321580e-01	0.000000000000000000e+00
4.607410356182667783e+02	8.882391150841844052e-01	0.000000000000000000e+00
4.611607450594667625e+02	8.880790497388448834e-01	0.000000000000000000e+00
4.615804545006668036e+02	8.878906169966490625e-01	0.000000000000000000e+00
4.620001639418667878e+02	8.876739402470736895e-01	0.000000000000000000e+00
4.624198733830667720e+02	8.874283099816943077e-01	0.000000000000000000e+00
4.628395828242668131e+02	8.871580139564948508e-01	0.000000000000000000e+00
4.632592922654667973e+02	8.868583228784744366e-01	0.000000000000000000e+00
4.636790017066667815e+02	8.865353422508742698e-01	0.000000000000000000e+00
4.640987111478667657e+02	8.861867737700738212e-01	0.000000000000000000e+00
4.645184205890668068e+02	8.858141524934790567e-01	0.000000000000000000e+00
4.649381300302667910e+02	8.854195490359106913e-01	0.000000000000000000e+00
4.653578394714667752e+02	8.850001395440665330e-01	0.000000000000000000e+00
4.657775489126668162e+02	8.845605409708774403e-01	0.000000000000000000e+00
4.661972583538668005e+02	8.840984829729199301e-01	0.000000000000000000e+00
4.666169677950667847e+02	8.836157004187160657e-01	0.000000000000000000e+00
4.670366772362667689e+02	8.831137095866247178e-01	0.000000000000000000e+00
4.674563866774667531e+02	8.825897613692740284e-01	0.000000000000000000e+00
4.678760961186667942e+02	8.820478058033577318e-01	0.000000000000000000e+00
4.682958055598667784e+02	8.814860547492539000e-01	0.000000000000000000e+00
4.687155150010668194e+02	8.809050595411886952e-01	0.000000000000000000e+00
4.691352244422668036e+02	8.803067660649995796e-01	0.000000000000000000e+00
4.695549338834667878e+02	8.796879027682492636e-01	0.000000000000000000e+00
4.699746433246667721e+02	8.790516760808851915e-01	0.000000000000000000e+00
4.703943527658667563e+02	8.783974487462161695e-01	0.000000000000000000e+00
4.708140622070667973e+02	8.777234565883651474e-01	0.000000000000000000e+00
4.712337716482667815e+02	8.770323185561896828e-01	0.000000000000000000e+00
4.716534810894667658e+02	8.763218903368055201e-01	0.000000000000000000e+00
4.720731905306668068e+02	8.755923746659132201e-01	0.000000000000000000e+00
4.724928999718667910e+02	8.748452062205906987e-01	0.000000000000000000e+00
4.729126094130667752e+02	8.740771359341273916e-01	0.000000000000000000e+00
4.733323188542667594e+02	8.732900621641336292e-01	0.000000000000000000e+00
4.737520282954668005e+02	8.724844435432571599e-01	0.000000000000000000e+00
4.741717377366667847e+02	8.716560267029419551e-01	0.000000000000000000e+00
4.745914471778667689e+02	8.708081965552607606e-01	0.000000000000000000e+00
4.750111566190668100e+02	8.699401057084668043e-01	0.000000000000000000e+00
4.754308660602667942e+02	8.690481415618400707e-01	0.000000000000000000e+00
4.758505755014667784e+02	8.681354331719801642e-01	0.000000000000000000e+00
4.762702849426667626e+02	8.672006440479477218e-01	0.000000000000000000e+00
4.766899943838667468e+02	8.662405901390134444e-01	0.000000000000000000e+00
4.771097038250667879e+02	8.652582354917595087e-01	0.000000000000000000e+00
4.775294132662667721e+02	8.642520732195198008e-01	0.000000000000000000e+00
4.779491227074668132e+02	8.632188931668752785e-01	0.000000000000000000e+00
4.783688321486667974e+02	8.621617761353058684e-01	0.000000000000000000e+00
4.787885415898667816e+02	8.610793801398878289e-01	0.000000000000000000e+00
4.792082510310667658e+02	8.599678982326008914e-01	0.000000000000000000e+00
4.796279604722667500e+02	8.588308571184357643e-01	0.000000000000000000e+00
4.800476699134667911e+02	8.576674848557112041e-01	0.000000000000000000e+00
4.804673793546667753e+02	8.564726821062020878e-01	0.000000000000000000e+00
4.808870887958667595e+02	8.552508015063767788e-01	0.000000000000000000e+00
4.813067982370668005e+02	8.540014141853273788e-01	0.000000000000000000e+00
4.817265076782667848e+02	8.527193951262423965e-01	0.000000000000000000e+00
4.821462171194667690e+02	8.514082731752986577e-01	0.000000000000000000e+00
4.825659265606667532e+02	8.500683797810759668e-01	0.000000000000000000e+00
4.829856360018667942e+02	8.486960083063534999e-01	0.000000000000000000e+00
4.834053454430667784e+02	8.472919868825973255e-01	0.000000000000000000e+00
4.838250548842667627e+02	8.458582010721871214e-01	0.000000000000000000e+00
4.842447643254668037e+02	8.443929299369998809e-01	0.000000000000000000e+00
4.846644737666667879e+02	8.428932772848752863e-01	0.000000000000000000e+00
4.850841832078667721e+02	8.413631872839384407e-01	0.000000000000000000e+00
4.855038926490667563e+02	8.398025191291526026e-01	0.000000000000000000e+00
4.859236020902667974e+02	8.382065028491935132e-01	0.000000000000000000e+00
4.863433115314667816e+02	8.365787792902571463e-01	0.000000000000000000e+00
4.867630209726667658e+02	8.349202625110754283e-01	0.000000000000000000e+00
4.871827304138668069e+02	8.332292685927383813e-01	0.000000000000000000e+00
4.876024398550667911e+02	8.315037088118509834e-01	0.000000000000000000e+00
4.880221492962667753e+02	8.297474978658482270e-01	0.000000000000000000e+00
4.884418587374667595e+02	8.279607413958821605e-01	0.000000000000000000e+00
4.888615681786667437e+02	8.261399662022401724e-01	0.000000000000000000e+00
4.892812776198667848e+02	8.242873014139820986e-01	0.000000000000000000e+00
4.897009870610667690e+02	8.224046674008903546e-01	0.000000000000000000e+00
4.901206965022668101e+02	8.204922916223547080e-01	0.000000000000000000e+00
4.905404059434667943e+02	8.185456785492871701e-01	0.000000000000000000e+00
4.909601153846667785e+02	8.165696655760096290e-01	0.000000000000000000e+00
4.913798248258667627e+02	8.145648425880349652e-01	0.000000000000000000e+00
4.917995342670667469e+02	8.125311036812390419e-01	0.000000000000000000e+00
4.922192437082667880e+02	8.104649485788876229e-01	0.000000000000000000e+00
4.926389531494667722e+02	8.083711055608466811e-01	0.000000000000000000e+00
4.930586625906667564e+02	8.062499352101677452e-01	0.000000000000000000e+00
4.934783720318667974e+02	8.041013363077816889e-01	0.000000000000000000e+00
4.938980814730667817e+02	8.019223007146075721e-01	0.000000000000000000e+00
4.943177909142667659e+02	7.997171696832888754e-01	0.000000000000000000e+00
4.947375003554667501e+02	7.974863104326903596e-01	0.000000000000000000e+00
4.951572097966667911e+02	7.952300833166485727e-01	0.000000000000000000e+00
4.955769192378667753e+02	7.929449338719843920e-01	0.000000000000000000e+00
4.959966286790667596e+02	7.906351397842591444e-01	0.000000000000000000e+00
4.964163381202668006e+02	7.883010803810843736e-01	0.000000000000000000e+00
4.968360475614667848e+02	7.859430442028463304e-01	0.000000000000000000e+00
4.972557570026667690e+02	7.835587024305545878e-01	0.000000000000000000e+00
4.976754664438667533e+02	7.811498457420813502e-01	0.000000000000000000e+00
4.980951758850667943e+02	7.787177608551171248e-01	0.000000000000000000e+00
4.985148853262667785e+02	7.762625916885241839e-01	0.000000000000000000e+00
4.989345947674667627e+02	7.737835576619589428e-01	0.000000000000000000e+00
4.993543042086668038e+02	7.712789801406972900e-01	0.000000000000000000e+00
4.997740136498667880e+02	7.687514681458663679e-01	0.000000000000000000e+00
5.001937230910667722e+02	7.662009422448248230e-01	0.000000000000000000e+00
5.006134325322667564e+02	7.636272599394964278e-01	0.000000000000000000e+00
5.010331419734667406e+02	7.610280893588269313e-01	0.000000000000000000e+00
5.014528514146667817e+02	7.584038317607807445e-01	0.000000000000000000e+00
5.018725608558667659e+02	7.557554677213218497e-01	0.000000000000000000e+00
5.022922702970668070e+02	7.530825290069644851e-01	0.000000000000000000e+00
5.027119797382667912e+02	7.503844600391107456e-01	0.000000000000000000e+00
5.031316891794667754e+02	7.476577937443890098e-01	0.000000000000000000e+00
5.035513986206667596e+02	7.449034645773873198e-01	0.000000000000000000e+00
5.039711080618667438e+02	7.421215460548920007e-01	0.000000000000000000e+00
5.043908175030667849e+02	7.393110523638997122e-01	0.000000000000000000e+00
5.048105269442667691e+02	7.364708859804021124e-01	0.000000000000000000e+00
5.052302363854667533e+02	7.335970256435926373e-01	0.000000000000000000e+00
5.056499458266667943e+02	7.306890397379117719e-01	0.000000000000000000e+00
5.060696552678667786e+02	7.277470112661439394e-01	0.000000000000000000e+00
5.064893647090667628e+02	7.247693118909925847e-01	0.000000000000000000e+00
5.069090741502667470e+02	7.217541788857904095e-01	0.000000000000000000e+00
5.073287835914667880e+02	7.186984299074322680e-01	0.000000000000000000e+00
5.077484930326667723e+02	7.155967954436170952e-01	0.000000000000000000e+00
5.081682024738668133e+02	7.124510843306094410e-01	0.000000000000000000e+00
5.085879119150667975e+02	7.092589166769587283e-01	0.000000000000000000e+00
5.090076213562667817e+02	7.060177603693762460e-01	0.000000000000000000e+00
5.094273307974667659e+02	7.027249285822982916e-01	0.000000000000000000e+00
5.098470402386667502e+02	6.993739566669153751e-01	0.000000000000000000e+00
5.102667496798667344e+02	6.959613239574442556e-01	0.000000000000000000e+00
5.106864591210667754e+02	6.924873140354397272e-01	0.000000000000000000e+00
5.111061685622667596e+02	6.889485636667150859e-01	0.000000000000000000e+00
5.115258780034668007e+02	6.853415501356203698e-01	0.000000000000000000e+00
5.119455874446667849e+02	6.816625922340447952e-01	0.000000000000000000e+00
5.123652968858667691e+02	6.779044004782631694e-01	0.000000000000000000e+00
5.127850063270667533e+02	6.740597794110444463e-01	0.000000000000000000e+00
5.132047157682667375e+02	6.701304018873883717e-01	0.000000000000000000e+00
5.136244252094668354e+02	6.661119490245341890e-01	0.000000000000000000e+00
5.140441346506668197e+02	6.619999650037421413e-01	0.000000000000000000e+00
5.144638440918668039e+02	6.577898646415571982e-01	0.000000000000000000e+00
5.148835535330667881e+02	6.534769423483635098e-01	0.000000000000000000e+00
5.153032629742667723e+02	6.490471592330400163e-01	0.000000000000000000e+00
5.157229724154667565e+02	6.445006686547255503e-01	0.000000000000000000e+00
5.161426818566667407e+02	6.398357212278948936e-01	0.000000000000000000e+00
5.165623912978667249e+02	6.350472492889978060e-01	0.000000000000000000e+00
5.169821007390667091e+02	6.301301408457995468e-01	0.000000000000000000e+00
5.174018101802668070e+02	6.250792597573421316e-01	0.000000000000000000e+00
5.178215196214667912e+02	6.198894680245942146e-01	0.000000000000000000e+00
5.182412290626667755e+02	6.145482083673188267e-01	0.000000000000000000e+00
5.186609385038667597e+02	6.090492283501633963e-01	0.000000000000000000e+00
5.190806479450667439e+02	6.033954079271294235e-01	0.000000000000000000e+00
5.195003573862667281e+02	5.975819182851986877e-01	0.000000000000000000e+00
5.199200668274668260e+02	5.916040845219389110e-01	0.000000000000000000e+00
5.203397762686668102e+02	5.854574220524064732e-01	0.000000000000000000e+00
5.207594857098667944e+02	5.791376751436920767e-01	0.000000000000000000e+00
5.211791951510667786e+02	5.726408574579823219e-01	0.000000000000000000e+00
5.215989045922667628e+02	5.659562147244505681e-01	0.000000000000000000e+00
5.220186140334667471e+02	5.590769935363730792e-01	0.000000000000000000e+00
5.224383234746667313e+02	5.520105642557026071e-01	0.000000000000000000e+00
5.228580329158667155e+02	5.447545812863999748e-01	0.000000000000000000e+00
5.232777423570666997e+02	5.373072057468464280e-01	0.000000000000000000e+00
5.236974517982667976e+02	5.296671526830593058e-01	0.000000000000000000e+00
5.241171612394667818e+02	5.218337379544050192e-01	0.000000000000000000e+00
5.245368706806667660e+02	5.138069242654438318e-01	0.000000000000000000e+00
5.249565801218667502e+02	5.055873657702234514e-01	0.000000000000000000e+00
5.253762895630667344e+02	4.971736706550470286e-01	0.000000000000000000e+00
5.257959990042668323e+02	4.885581970704776511e-01	0.000000000000000000e+00
5.262157084454668166e+02	4.797572814190382839e-01	0.000000000000000000e+00
5.266354178866668008e+02	4.707749132204334663e-01	0.000000000000000000e+00
5.270551273278667850e+02	4.616159540632315816e-01	0.000000000000000000e+00
5.274748367690667692e+02	4.522861577110983133e-01	0.000000000000000000e+00
5.278945462102667534e+02	4.427921839005306004e-01	0.000000000000000000e+00
5.283142556514667376e+02	4.331416052210592671e-01	0.000000000000000000e+00
5.287339650926667218e+02	4.233429065285687076e-01	0.000000000000000000e+00
5.291536745338667060e+02	4.134054764186091413e-01	0.000000000000000000e+00
5.295733839750668039e+02	4.033395903791947568e-01	0.000000000000000000e+00
5.299930934162667882e+02	3.931554344207995877e-01	0.000000000000000000e+00
5.304128028574667724e+02	3.828605887222775173e-01	0.000000000000000000e+00
5.308325122986667566e+02	3.724749699197453801e-01	0.000000000000000000e+00
5.312522217398667408e+02	3.620121405847490648e-01	0.000000000000000000e+00
5.316719311810667250e+02	3.514863169936018883e-01	0.000000000000000000e+00
5.320916406222668229e+02	3.409122997961963053e-01	0.000000000000000000e+00
5.325113500634668071e+02	3.303053976315303841e-01	0.000000000000000000e+00
5.329310595046667913e+02	3.196813444501619417e-01	0.000000000000000000e+00
5.333507689458667755e+02	3.090562114325845489e-01	0.000000000000000000e+00
5.337704783870667598e+02	2.984463145064286671e-01	0.000000000000000000e+00
5.341901878282667440e+02	2.878681185611610682e-01	0.000000000000000000e+00
5.346098972694667282e+02	2.773381395330256072e-01	0.000000000000000000e+00
5.350296067106667124e+02	2.668728455834069591e-01	0.000000000000000000e+00
5.354493161518666966e+02	2.564885586183054400e-01	0.000000000000000000e+00
5.358690255930667945e+02	2.462013573947774703e-01	0.000000000000000000e+00
5.362887350342667787e+02	2.360306519760757005e-01	0.000000000000000000e+00
5.367084444754667629e+02	2.259918670422406684e-01	0.000000000000000000e+00
5.371281539166667471e+02	2.160971608636359231e-01	0.000000000000000000e+00
5.375478633578667313e+02	2.063606062636766936e-01	0.000000000000000000e+00
5.379675727990668292e+02	1.967956054312161862e-01	0.000000000000000000e+00
5.383872822402668135e+02	1.874148276938197855e-01	0.000000000000000000e+00
5.388069916814667977e+02	1.782301554943026556e-01	0.000000000000000000e+00
5.392267011226667819e+02	1.692526389487763738e-01	0.000000000000000000e+00
5.396464105638667661e+02	1.604924592114098381e-01	0.000000000000000000e+00
5.400661200050667503e+02	1.519589007206305908e-01	0.000000000000000000e+00
5.404858294462667345e+02	1.436603322572359287e-01	0.000000000000000000e+00
5.409055388874667187e+02	1.356041966100067775e-01	0.000000000000000000e+00
5.413252483286667029e+02	1.277970085217378093e-01	0.000000000000000000e+00
5.417449577698668008e+02	1.202443604803069138e-01	0.000000000000000000e+00
5.421646672110667851e+02	1.129509358270486402e-01	0.000000000000000000e+00
5.425843766522667693e+02	1.059205285792636647e-01	0.000000000000000000e+00
5.430040860934667535e+02	9.915606930569817457e-02	0.000000000000000000e+00
5.434237955346667377e+02	9.265965635295195235e-02	0.000000000000000000e+00
5.438435049758667219e+02	8.643259169660891250e-02	0.000000000000000000e+00
5.442632144170668198e+02	8.047542068230530143e-02	0.000000000000000000e+00
5.446829238582668040e+02	7.478797492770322686e-02	0.000000000000000000e+00
5.451026332994667882e+02	6.936941767471233034e-02	0.000000000000000000e+00
5.455223427406667724e+02	6.421829091078980201e-02	0.000000000000000000e+00
5.459420521818667567e+02	5.933256361679492552e-02	0.000000000000000000e+00
5.463617616230667409e+02	5.470968054470982944e-02	0.000000000000000000e+00
5.467814710642667251e+02	5.034661098033331450e-02	0.000000000000000000e+00
5.472011805054667093e+02	4.623989700137501324e-02	0.000000000000000000e+00
5.476208899466666935e+02	4.238570079959639442e-02	0.000000000000000000e+00
5.480405993878667914e+02	3.877985069454575884e-02	0.000000000000000000e+00
5.484603088290667756e+02	3.541788552586774830e-02	0.000000000000000000e+00
5.488800182702667598e+02	3.229509716936194291e-02	0.000000000000000000e+00
5.492997277114667440e+02	2.940657097894336380e-02	0.000000000000000000e+00
5.497194371526667283e+02	2.674722401170655239e-02	0.000000000000000000e+00
5.501391465938668262e+02	2.431184094647899016e-02	0.000000000000000000e+00
5.505588560350668104e+02	2.209510765739251120e-02	0.000000000000000000e+00
5.509785654762667946e+02	2.009164245399334969e-02	0.000000000000000000e+00
5.513982749174667788e+02	1.829602504840292104e-02	0.000000000000000000e+00
5.518179843586667630e+02	1.670282335949971331e-02	0.000000000000000000e+00
5.522376937998667472e+02	1.530661831497334355e-02	0.000000000000000000e+00
5.526574032410667314e+02	1.410202686643372873e-02	0.000000000000000000e+00
5.530771126822667156e+02	1.308372349258195635e-02	0.000000000000000000e+00
5.534968221234666998e+02	1.224646053352435905e-02	0.000000000000000000e+00
5.539165315646667977e+02	1.158508777914679308e-02	0.000000000000000000e+00
5.543362410058667820e+02	1.109457183022801753e-02	0.000000000000000000e+00
5.547559504470667662e+02	1.077001586796240765e-02	0.000000000000000000e+00
5.551756598882667504e+02	1.060668061223147239e-02	0.000000000000000000e+00
5.555953693294667346e+02	1.060000742934366288e-02	0.000000000000000000e+00
5.560150787706667188e+02	1.074564477560948327e-02	0.000000000000000000e+00
5.564347882118668167e+02	1.103947944589434536e-02	0.000000000000000000e+00
5.568544976530668009e+02	1.147767444985232227e-02	0.000000000000000000e+00
5.572742070942667851e+02	1.205671577888638851e-02	0.000000000000000000e+00
5.576939165354667693e+02	1.277347087164309482e-02	0.000000000000000000e+00
5.581136259766667536e+02	1.362526225275000405e-02	0.000000000000000000e+00
5.585333354178667378e+02	1.460996062439274233e-02	0.000000000000000000e+00
5.589530448590667220e+02	1.572610264157248139e-02	0.000000000000000000e+00
5.593727543002667062e+02	1.697303969134315860e-02	0.000000000000000000e+00
5.597924637414666904e+02	1.835112518434709253e-02	0.000000000000000000e+00
5.602121731826667883e+02	1.986194905673017638e-02	0.000000000000000000e+00
5.606318826238667725e+02	2.150862917602177835e-02	0.000000000000000000e+00
5.610515920650667567e+02	2.329616978877693464e-02	0.000000000000000000e+00
5.614713015062667409e+02	2.523189642640081068e-02	0.000000000000000000e+00
5.618910109474667252e+02	2.732597379281962585e-02	0.000000000000000000e+00
5.623107203886668231e+02	2.959200652276268786e-02	0.000000000000000000e+00
5.627304298298668073e+02	3.204770998511664165e-02	0.000000000000000000e+00
5.631501392710667915e+02	3.471561624645376487e-02	0.000000000000000000e+00
5.635698487122667757e+02	3.762374472686483284e-02	0.000000000000000000e+00
5.639895581534667599e+02	4.080611336197335209e-02	0.000000000000000000e+00
5.644092675946667441e+02	4.430289060713669957e-02	0.000000000000000000e+00
5.648289770358667283e+02	4.815989175544181655e-02	0.000000000000000000e+00
5.652486864770667125e+02	5.242701438039841511e-02	0.000000000000000000e+00
5.656683959182666968e+02	5.715511355427108087e-02	0.000000000000000000e+00
5.660881053594667947e+02	6.239078929723976263e-02	0.000000000000000000e+00
5.665078148006667789e+02	6.818310236587232787e-02	0.000000000000000000e+00
5.669275242418667631e+02	7.454692233360832310e-02	0.000000000000000000e+00
5.673472336830667473e+02	8.143237945172215886e-02	0.000000000000000000e+00
5.677669431242667315e+02	8.875940581731209256e-02	0.000000000000000000e+00
5.681866525654667157e+02	9.639517047543724737e-02	0.000000000000000000e+00
5.686063620066668136e+02	1.041600197282633866e-01	0.000000000000000000e+00
5.690260714478667978e+02	1.118457239815066617e-01	0.000000000000000000e+00
5.694457808890667820e+02	1.192440049301829175e-01	0.000000000000000000e+00
5.698654903302667663e+02	1.261786403641347865e-01	0.000000000000000000e+00
5.702851997714667505e+02	1.325314167276839816e-01	0.000000000000000000e+00
5.707049092126667347e+02	1.382528547487313630e-01	0.000000000000000000e+00
5.711246186538667189e+02	1.433536051207978113e-01	0.000000000000000000e+00
5.715443280950667031e+02	1.478800568269944549e-01	0.000000000000000000e+00
5.719640375362666873e+02	1.518844506707618114e-01	0.000000000000000000e+00
5.723837469774667852e+02	1.554018704577499743e-01	0.000000000000000000e+00
5.728034564186667694e+02	1.584419889972455975e-01	0.000000000000000000e+00
5.732231658598667536e+02	1.609552915286414920e-01	0.000000000000000000e+00
5.736428753010667378e+02	1.629536994463202659e-01	0.000000000000000000e+00
5.740625847422667221e+02	1.644296157043508844e-01	0.000000000000000000e+00
5.744822941834668200e+02	1.653775813512225190e-01	0.000000000000000000e+00
5.749020036246668042e+02	1.657995867540056623e-01	0.000000000000000000e+00
5.753217130658667884e+02	1.657034769083767511e-01	0.000000000000000000e+00
5.757414225070667726e+02	1.651012107120556072e-01	0.000000000000000000e+00
5.761611319482667568e+02	1.640075076827649525e-01	0.000000000000000000e+00
5.765808413894667410e+02	1.624390276327988825e-01	0.000000000000000000e+00
5.770005508306667252e+02	1.604140215370316314e-01	0.000000000000000000e+00
5.774202602718667094e+02	1.579523113203082918e-01	0.000000000000000000e+00
5.778399697130666937e+02	1.550754497383894093e-01	0.000000000000000000e+00
5.782596791542667916e+02	1.517736717007805991e-01	0.000000000000000000e+00
5.786793885954667758e+02	1.481047103193113557e-01	0.000000000000000000e+00
5.790990980366667600e+02	1.441053091283654441e-01	0.000000000000000000e+00
5.795188074778667442e+02	1.398067179593824316e-01	0.000000000000000000e+00
5.799385169190667284e+02	1.352420870912025008e-01	0.000000000000000000e+00
5.803582263602667126e+02	1.304461308084748083e-01	0.000000000000000000e+00
5.807779358014668105e+02	1.254547174797464859e-01	0.000000000000000000e+00
5.811976452426667947e+02	1.203044091304032032e-01	0.000000000000000000e+00
5.816173546838667789e+02	1.150319729941537694e-01	0.000000000000000000e+00
5.820370641250667632e+02	1.096738860267220950e-01	0.000000000000000000e+00
5.824567735662667474e+02	1.042652535696663718e-01	0.000000000000000000e+00
5.828764830074667316e+02	9.884860351142325807e-02	0.000000000000000000e+00
5.832961924486667158e+02	9.345841717049384323e-02	0.000000000000000000e+00
5.837159018898667000e+02	8.812437845710949236e-02	0.000000000000000000e+00
5.841356113310666842e+02	8.287366453306795056e-02	0.000000000000000000e+00
5.845553207722667821e+02	7.773079189624228225e-02	0.000000000000000000e+00
5.849750302134667663e+02	7.271752583813935467e-02	0.000000000000000000e+00
5.853947396546667505e+02	6.785284736309056541e-02	0.000000000000000000e+00
5.858144490958667348e+02	6.315297108828880901e-02	0.000000000000000000e+00
5.862341585370667190e+02	5.864650161995750566e-02	0.000000000000000000e+00
5.866538679782668169e+02	5.434563588899872510e-02	0.000000000000000000e+00
5.870735774194668011e+02	5.024444614609200471e-02	0.000000000000000000e+00
5.874932868606667853e+02	4.634779202401380360e-02	0.000000000000000000e+00
5.879129963018667695e+02	4.265854129337986328e-02	0.000000000000000000e+00
5.883327057430667537e+02	3.917776425861404371e-02	0.000000000000000000e+00
5.887524151842667379e+02	3.590492518002694894e-02	0.000000000000000000e+00
5.891721246254667221e+02	3.283806819655769177e-02	0.000000000000000000e+00
5.895918340666667063e+02	2.998295796570064897e-02	0.000000000000000000e+00
5.900115435078666906e+02	2.734976945293486963e-02	0.000000000000000000e+00
5.904312529490666748e+02	2.490776901268257695e-02	0.000000000000000000e+00
5.908509623902667727e+02	2.265054687258560503e-02	0.000000000000000000e+00
5.912706718314667569e+02	2.057119638223370295e-02	0.000000000000000000e+00
5.916903812726667411e+02	1.866242324308173273e-02	0.000000000000000000e+00
5.921100907138667253e+02	1.691664351485687445e-02	0.000000000000000000e+00
5.925298001550667095e+02	1.532607125371544983e-02	0.000000000000000000e+00
5.929495095962668074e+02	1.389913966191443258e-02	0.000000000000000000e+00
5.933692190374667916e+02	1.261812425602914199e-02	0.000000000000000000e+00
5.937889284786667758e+02	1.146522948243304529e-02	0.000000000000000000e+00
5.942086379198667601e+02	1.043261956916242267e-02	0.000000000000000000e+00
5.946283473610667443e+02	9.512633162914070628e-03	0.000000000000000000e+00
5.950480568022667285e+02	8.697818976402427182e-03	0.000000000000000000e+00
5.954677662434667127e+02	7.980967881158150187e-03	0.000000000000000000e+00
5.958874756846666969e+02	7.363552302799386898e-03	0.000000000000000000e+00
5.963071851258666811e+02	6.836746226880608367e-03	0.000000000000000000e+00
5.967268945670667790e+02	6.385440950320442170e-03	0.000000000000000000e+00
5.971466040082667632e+02	6.004053767330391582e-03	0.000000000000000000e+00
5.975663134494667474e+02	5.687449287544311081e-03	0.000000000000000000e+00
5.979860228906667317e+02	5.430965801537426113e-03	0.000000000000000000e+00
5.984057323318667159e+02	5.230440849741377352e-03	0.000000000000000000e+00
5.988254417730668138e+02	5.090440750301548217e-03	0.000000000000000000e+00
5.992451512142667980e+02	5.001459216851246795e-03	0.000000000000000000e+00
5.996648606554667822e+02	4.959193650920646138e-03	0.000000000000000000e+00
6.000845700966667664e+02	4.962754521744831143e-03	0.000000000000000000e+00
6.005042795378667506e+02	5.012059727520977621e-03	0.000000000000000000e+00
6.009239889790667348e+02	5.107874609189040453e-03	0.000000000000000000e+00
6.013436984202667190e+02	5.256452837085688092e-03	0.000000000000000000e+00
6.017634078614667033e+02	5.465905603211691603e-03	0.000000000000000000e+00
6.021831173026666875e+02	5.734319273104896211e-03	0.000000000000000000e+00
6.026028267438666717e+02	6.068252082218086180e-03	0.000000000000000000e+00
6.030225361850667696e+02	6.475583622617451553e-03	0.000000000000000000e+00
6.034422456262667538e+02	6.965549553374350382e-03	0.000000000000000000e+00
6.038619550674667380e+02	7.556021158063625995e-03	0.000000000000000000e+00
6.042816645086667222e+02	8.279752447369947976e-03	0.000000000000000000e+00
6.047013739498667064e+02	9.135572577108732120e-03	0.000000000000000000e+00
6.051210833910668043e+02	1.014151808903172858e-02	0.000000000000000000e+00
6.055407928322667885e+02	1.131722891520670418e-02	0.000000000000000000e+00
6.059605022734667727e+02	1.268388663124436072e-02	0.000000000000000000e+00
6.063802117146667570e+02	1.429074278021330580e-02	0.000000000000000000e+00
6.067999211558667412e+02	1.619109058122911518e-02	0.000000000000000000e+00
6.072196305970667254e+02	1.837772942784539343e-02	0.000000000000000000e+00
6.076393400382667096e+02	2.087907986702175825e-02	0.000000000000000000e+00
6.080590494794666938e+02	2.372387298400871480e-02	0.000000000000000000e+00
6.084787589206666780e+02	2.694092697692122493e-02	0.000000000000000000e+00
6.088984683618667759e+02	3.065403518348295414e-02	0.000000000000000000e+00
6.093181778030667601e+02	3.484722501026283475e-02	0.000000000000000000e+00
6.097378872442667443e+02	3.951515374862085705e-02	0.000000000000000000e+00
6.101575966854667286e+02	4.467853515603267822e-02	0.000000000000000000e+00
6.105773061266667128e+02	5.035490698004273930e-02	0.000000000000000000e+00
6.109970155678666970e+02	5.660601220472726708e-02	0.000000000000000000e+00
6.114167250090667949e+02	6.350839064306285087e-02	0.000000000000000000e+00
6.118364344502667791e+02	7.094729157370587014e-02	0.000000000000000000e+00
6.122561438914667633e+02	7.891263241916265936e-02	0.000000000000000000e+00
6.126758533326667475e+02	8.738920930135261889e-02	0.000000000000000000e+00
6.130955627738667317e+02	9.635925605133104088e-02	0.000000000000000000e+00
6.135152722150667159e+02	1.059175499578532131e-01	0.000000000000000000e+00
6.139349816562667002e+02	1.158734584106705379e-01	0.000000000000000000e+00
6.143546910974666844e+02	1.261837368317338670e-01	0.000000000000000000e+00
6.147744005386666686e+02	1.368030299767122593e-01	0.000000000000000000e+00
6.151941099798667665e+02	1.476841123016959800e-01	0.000000000000000000e+00
6.156138194210667507e+02	1.588126978333181671e-01	0.000000000000000000e+00
6.160335288622667349e+02	1.700633327725680211e-01	0.000000000000000000e+00
6.164532383034667191e+02	1.813814136461566195e-01	0.000000000000000000e+00
6.168729477446667033e+02	1.927212769548343196e-01	0.000000000000000000e+00
6.172926571858668012e+02	2.040393917090074782e-01	0.000000000000000000e+00
6.177123666270667854e+02	2.152534973145354136e-01	0.000000000000000000e+00
6.181320760682667697e+02	2.263332291658732842e-01	0.000000000000000000e+00
6.185517855094667539e+02	2.372540773417525506e-01	0.000000000000000000e+00
6.189714949506667381e+02	2.479922534813846779e-01	0.000000000000000000e+00
6.193912043918667223e+02	2.585223345726870847e-01	0.000000000000000000e+00
6.198109138330667065e+02	2.687479814635160835e-01	0.000000000000000000e+00
6.202306232742666907e+02	2.787311781723886828e-01	0.000000000000000000e+00
6.206503327154666749e+02	2.884673398403561628e-01	0.000000000000000000e+00
6.210700421566667728e+02	2.979537421332772995e-01	0.000000000000000000e+00
6.214897515978667570e+02	3.071599697339054691e-01	0.000000000000000000e+00
6.219094610390667413e+02	3.160578275120951020e-01	0.000000000000000000e+00
6.223291704802667255e+02	3.247176936905954991e-01	0.000000000000000000e+00
6.227488799214667097e+02	3.331473978614048481e-01	0.000000000000000000e+00
6.231685893626666939e+02	3.413554490731237068e-01	0.000000000000000000e+00
6.235882988038667918e+02	3.492994999284881885e-01	0.000000000000000000e+00
6.240080082450667760e+02	3.570304619646104127e-01	0.000000000000000000e+00
6.244277176862667602e+02	3.645853322435582688e-01	0.000000000000000000e+00
6.248474271274667444e+02	3.719765551401501003e-01	0.000000000000000000e+00
6.252671365686667286e+02	3.792079520204673093e-01	0.000000000000000000e+00
6.256868460098667128e+02	3.862682056702183009e-01	0.000000000000000000e+00
6.261065554510666971e+02	3.932212207984844832e-01	0.000000000000000000e+00
6.265262648922666813e+02	4.000807992809505831e-01	0.000000000000000000e+00
6.269459743334666655e+02	4.068606435205455729e-01	0.000000000000000000e+00
6.273656837746667634e+02	4.135635311524772373e-01	0.000000000000000000e+00
6.277853932158667476e+02	4.202275022991653342e-01	0.000000000000000000e+00
6.282051026570667318e+02	4.268729318976406950e-01	0.000000000000000000e+00
6.286248120982667160e+02	4.335133940781030759e-01	0.000000000000000000e+00
6.290445215394667002e+02	4.401682137605176237e-01	0.000000000000000000e+00
6.294642309806667981e+02	4.468666873541433104e-01	0.000000000000000000e+00
6.298839404218667823e+02	4.536161185353303482e-01	0.000000000000000000e+00
6.303036498630667666e+02	4.604258118110233222e-01	0.000000000000000000e+00
6.307233593042667508e+02	4.673091298318860498e-01	0.000000000000000000e+00
6.311430687454667350e+02	4.743010143501433240e-01	0.000000000000000000e+00
6.315627781866667192e+02	4.813683446980215330e-01	0.000000000000000000e+00
6.319824876278667034e+02	4.885015705970662814e-01	0.000000000000000000e+00
6.324021970690666876e+02	4.956897876179768292e-01	0.000000000000000000e+00
6.328219065102666718e+02	5.028996246574664042e-01	0.000000000000000000e+00
6.332416159514667697e+02	5.100537960923149372e-01	0.000000000000000000e+00
6.336613253926667539e+02	5.170974410603911275e-01	0.000000000000000000e+00
6.340810348338667382e+02	5.239754415592002834e-01	0.000000000000000000e+00
6.345007442750667224e+02	5.304533954941414997e-01	0.000000000000000000e+00
6.349204537162667066e+02	5.364564602912067492e-01	0.000000000000000000e+00
6.353401631574666908e+02	5.419306426014961486e-01	0.000000000000000000e+00
6.357598725986667887e+02	5.468030077214305340e-01	0.000000000000000000e+00
6.361795820398667729e+02	5.506877875782698606e-01	0.000000000000000000e+00
6.365992914810667571e+02	5.537104473579033126e-01	0.000000000000000000e+00
6.370190009222667413e+02	5.559640661520154348e-01	0.000000000000000000e+00
6.374387103634667255e+02	5.574640758891069581e-01	0.000000000000000000e+00
6.378584198046667098e+02	5.580137528476770692e-01	0.000000000000000000e+00
6.382781292458666940e+02	5.579792500822864376e-01	0.000000000000000000e+00
6.386978386870666782e+02	5.575168717101081084e-01	0.000000000000000000e+00
6.391175481282666624e+02	5.567087743140324285e-01	0.000000000000000000e+00
6.395372575694666466e+02	5.556223274460423411e-01	0.000000000000000000e+00
6.399569670106667445e+02	5.544829550978267463e-01	0.000000000000000000e+00
6.403766764518667287e+02	5.533499058736747189e-01	0.000000000000000000e+00
6.407963858930667129e+02	5.522723988804322248e-01	0.000000000000000000e+00
6.412160953342668108e+02	5.513860158613019813e-01	0.000000000000000000e+00
6.416358047754667950e+02	5.506628408251090789e-01	0.000000000000000000e+00
6.420555142166667792e+02	5.501100240594404278e-01	0.000000000000000000e+00
6.424752236578667635e+02	5.497567598656223353e-01	0.000000000000000000e+00
6.428949330990667477e+02	5.496643720564863278e-01	0.000000000000000000e+00
6.433146425402667319e+02	5.497447751226992585e-01	0.000000000000000000e+00
6.437343519814667161e+02	5.499921987783658039e-01	0.000000000000000000e+00
6.441540614226667003e+02	5.504376545004362464e-01	0.000000000000000000e+00
6.445737708638666845e+02	5.510702403083190815e-01	0.000000000000000000e+00
6.449934803050666687e+02	5.518323619768541466e-01	0.000000000000000000e+00
6.454131897462666529e+02	5.527170388685843649e-01	0.000000000000000000e+00
6.458328991874667508e+02	5.537589871832847566e-01	0.000000000000000000e+00
6.462526086286667351e+02	5.549107863039978161e-01	0.000000000000000000e+00
6.466723180698667193e+02	5.561502637600193033e-01	0.000000000000000000e+00
6.470920275110667035e+02	5.574754255025007321e-01	0.000000000000000000e+00
6.475117369522668014e+02	5.589107876553894849e-01	0.000000000000000000e+00
6.479314463934667856e+02	5.604072753202391510e-01	0.000000000000000000e+00
6.483511558346667698e+02	5.619613763510677984e-01	0.000000000000000000e+00
6.487708652758667540e+02	5.635824101350551674e-01	0.000000000000000000e+00
6.491905747170667382e+02	5.652630908427586087e-01	0.000000000000000000e+00
6.496102841582667224e+02	5.669838728644028825e-01	0.000000000000000000e+00
6.500299935994667067e+02	5.687424320058485083e-01	0.000000000000000000e+00
6.504497030406666909e+02	5.705526504520449516e-01	0.000000000000000000e+00
6.508694124818666751e+02	5.723930975479806227e-01	0.000000000000000000e+00
6.512891219230666593e+02	5.742600697576110136e-01	0.000000000000000000e+00
6.517088313642666435e+02	5.761570378207222509e-01	0.000000000000000000e+00
6.521285408054667414e+02	5.780837553281771291e-01	0.000000000000000000e+00
6.525482502466667256e+02	5.800291827000458866e-01	0.000000000000000000e+00
6.529679596878667098e+02	5.819923608448845931e-01	0.000000000000000000e+00
6.533876691290668077e+02	5.839802517922835223e-01	0.000000000000000000e+00
6.538073785702667919e+02	5.859827608196545023e-01	0.000000000000000000e+00
6.542270880114667762e+02	5.879979390057019639e-01	0.000000000000000000e+00
6.546467974526667604e+02	5.900280626219325253e-01	0.000000000000000000e+00
6.550665068938667446e+02	5.920722821173564077e-01	0.000000000000000000e+00
6.554862163350667288e+02	5.941255627534810513e-01	0.000000000000000000e+00
6.559059257762667130e+02	5.961875017464909332e-01	0.000000000000000000e+00
6.563256352174666972e+02	5.982622417451681773e-01	0.000000000000000000e+00
6.567453446586666814e+02	6.003434415679008707e-01	0.000000000000000000e+00
6.571650540998666656e+02	6.024308295359506182e-01	0.000000000000000000e+00
6.575847635410666499e+02	6.045262834170106458e-01	0.000000000000000000e+00
6.580044729822667477e+02	6.066278076893851789e-01	0.000000000000000000e+00
6.584241824234667320e+02	6.087337004975511556e-01	0.000000000000000000e+00
6.588438918646667162e+02	6.108444730651233501e-01	0.000000000000000000e+00
6.592636013058667004e+02	6.129605282163681501e-01	0.000000000000000000e+00
6.596833107470667983e+02	6.150795635906942671e-01	0.000000000000000000e+00
6.601030201882667825e+02	6.172014380726157379e-01	0.000000000000000000e+00
6.605227296294667667e+02	6.193274165353479521e-01	0.000000000000000000e+00
6.609424390706667509e+02	6.214553435606748888e-01	0.000000000000000000e+00
6.613621485118667351e+02	6.235850566438293496e-01	0.000000000000000000e+00
6.617818579530667193e+02	6.257170340427100630e-01	0.000000000000000000e+00
6.622015673942667036e+02	6.278503671241414397e-01	0.000000000000000000e+00
6.626212768354666878e+02	6.299846168794093204e-01	0.000000000000000000e+00
6.630409862766666720e+02	6.321198369865129729e-01	0.000000000000000000e+00
6.634606957178666562e+02	6.342556112046497940e-01	0.000000000000000000e+00
6.638804051590666404e+02	6.363915560559646467e-01	0.000000000000000000e+00
6.643001146002667383e+02	6.385275679190844933e-01	0.000000000000000000e+00
6.647198240414667225e+02	6.406631661598183314e-01	0.000000000000000000e+00
6.651395334826667067e+02	6.427982706976536065e-01	0.000000000000000000e+00
6.655592429238668046e+02	6.449328220213934593e-01	0.000000000000000000e+00
6.659789523650667888e+02	6.470658533795419221e-01	0.000000000000000000e+00
6.663986618062667731e+02	6.491977799876786914e-01	0.000000000000000000e+00
6.668183712474667573e+02	6.513285679786260385e-01	0.000000000000000000e+00
6.672380806886667415e+02	6.534569548163885466e-01	0.000000000000000000e+00
6.676577901298667257e+02	6.555834884915962002e-01	0.000000000000000000e+00
6.680774995710667099e+02	6.577083158257573947e-01	0.000000000000000000e+00
6.684972090122666941e+02	6.598300245021943011e-01	0.000000000000000000e+00
6.689169184534666783e+02	6.619490219485025806e-01	0.000000000000000000e+00
6.693366278946666625e+02	6.640657665200980775e-01	0.000000000000000000e+00
6.697563373358666468e+02	6.661787607249942678e-01	0.000000000000000000e+00
6.701760467770667447e+02	6.682881173546044717e-01	0.000000000000000000e+00
6.705957562182667289e+02	6.703946891291537868e-01	0.000000000000000000e+00
6.710154656594667131e+02	6.724969235218728469e-01	0.000000000000000000e+00
6.714351751006666973e+02	6.745945537626873989e-01	0.000000000000000000e+00
6.718548845418667952e+02	6.766888783509593663e-01	0.000000000000000000e+00
6.722745939830667794e+02	6.787782863190011673e-01	0.000000000000000000e+00
6.726943034242667636e+02	6.808621138626483882e-01	0.000000000000000000e+00
6.731140128654667478e+02	6.829421251215055388e-01	0.000000000000000000e+00
6.735337223066667320e+02	6.850166134840306453e-01	0.000000000000000000e+00
6.739534317478667163e+02	6.870845689753261043e-01	0.000000000000000000e+00
6.743731411890667005e+02	6.891482083687037186e-01	0.000000000000000000e+00
6.747928506302666847e+02	6.912056576301381927e-01	0.000000000000000000e+00
6.752125600714666689e+02	6.932556819125372805e-01	0.000000000000000000e+00
6.756322695126666531e+02	6.953009029115901907e-01	0.000000000000000000e+00
6.760519789538666373e+02	6.973391719861343763e-01	0.000000000000000000e+00
6.764716883950667352e+02	6.993692234551760478e-01	0.000000000000000000e+00
6.768913978362667194e+02	7.013939996474871652e-01	0.000000000000000000e+00
6.773111072774667036e+02	7.034109342025802736e-01	0.000000000000000000e+00
6.777308167186668015e+02	7.054189991338223331e-01	0.000000000000000000e+00
6.781505261598667857e+02	7.074213349939183493e-01	0.000000000000000000e+00
6.785702356010667700e+02	7.094147787238201941e-01	0.000000000000000000e+00
6.789899450422667542e+02	7.113988836701807816e-01	0.000000000000000000e+00
6.794096544834667384e+02	7.133768271499087987e-01	0.000000000000000000e+00
6.798293639246667226e+02	7.153446354071882896e-01	0.000000000000000000e+00
6.802490733658667068e+02	7.173028609288162327e-01	0.000000000000000000e+00
6.806687828070666910e+02	7.192545171792088521e-01	0.000000000000000000e+00
6.810884922482666752e+02	7.211945724747829134e-01	0.000000000000000000e+00
6.815082016894666594e+02	7.231250675907229253e-01	0.000000000000000000e+00
6.819279111306666437e+02	7.250486132428473063e-01	0.000000000000000000e+00
6.823476205718667416e+02	7.269588421836382652e-01	0.000000000000000000e+00
6.827673300130667258e+02	7.288598390317452269e-01	0.000000000000000000e+00
6.831870394542667100e+02	7.307535365543496031e-01	0.000000000000000000e+00
6.836067488954666942e+02	7.326319278285396974e-01	0.000000000000000000e+00
6.840264583366667921e+02	7.345017560973544635e-01	0.000000000000000000e+00
6.844461677778667763e+02	7.363634987905020024e-01	0.000000000000000000e+00
6.848658772190667605e+02	7.382085908704268951e-01	0.000000000000000000e+00
6.852855866602667447e+02	7.400456916309566813e-01	0.000000000000000000e+00
6.857052961014667289e+02	7.418727370395501453e-01	0.000000000000000000e+00
6.861250055426667132e+02	7.436839171293174733e-01	0.000000000000000000e+00
6.865447149838666974e+02	7.454868557501955761e-01	0.000000000000000000e+00
6.869644244250666816e+02	7.472774301196759561e-01	0.000000000000000000e+00
6.873841338662666658e+02	7.490533611052730967e-01	0.000000000000000000e+00
6.878038433074666500e+02	7.508208389852149001e-01	0.000000000000000000e+00
6.882235527486666342e+02	7.525732967950284902e-01	0.000000000000000000e+00
6.886432621898667321e+02	7.543127876030250034e-01	0.000000000000000000e+00
6.890629716310667163e+02	7.560436525016183129e-01	0.000000000000000000e+00
6.894826810722667005e+02	7.577564949485678936e-01	0.000000000000000000e+00
6.899023905134667984e+02	7.594585099413060369e-01	0.000000000000000000e+00
6.903220999546667827e+02	7.611510333824986763e-01	0.000000000000000000e+00
6.907418093958667669e+02	7.628236574761243505e-01	0.000000000000000000e+00
6.911615188370667511e+02	7.644873241305331080e-01	0.000000000000000000e+00
6.915812282782667353e+02	7.661382976398103395e-01	0.000000000000000000e+00
6.920009377194667195e+02	7.677719237377172989e-01	0.000000000000000000e+00
6.924206471606667037e+02	7.693965385044136962e-01	0.000000000000000000e+00
6.928403566018666879e+02	7.710049053877937597e-01	0.000000000000000000e+00
6.932600660430666721e+02	7.725989661108356721e-01	0.000000000000000000e+00
6.936797754842666563e+02	7.741839983940275172e-01	0.000000000000000000e+00
6.940994849254666406e+02	7.757489057238220465e-01	0.000000000000000000e+00
6.945191943666667385e+02	7.773030112947453274e-01	0.000000000000000000e+00
6.949389038078667227e+02	7.788459362916246853e-01	0.000000000000000000e+00
6.953586132490667069e+02	7.803689171888147369e-01	0.000000000000000000e+00
6.957783226902666911e+02	7.818828561200197313e-01	0.000000000000000000e+00
6.961980321314667890e+02	7.833814522476203468e-01	0.000000000000000000e+00
6.966177415726667732e+02	7.848641398347481202e-01	0.000000000000000000e+00
6.970374510138667574e+02	7.863378777224081517e-01	0.000000000000000000e+00
6.974571604550667416e+02	7.877918543644657490e-01	0.000000000000000000e+00
6.978768698962667258e+02	7.892343615297607862e-01	0.000000000000000000e+00
6.982965793374667101e+02	7.906659944488340086e-01	0.000000000000000000e+00
6.987162887786666943e+02	7.920773453899849770e-01	0.000000000000000000e+00
6.991359982198666785e+02	7.934799585273429878e-01	0.000000000000000000e+00
6.995557076610666627e+02	7.948669894306442663e-01	0.000000000000000000e+00
6.999754171022666469e+02	7.962387174878495788e-01	0.000000000000000000e+00
7.003951265434666311e+02	7.976018904242830887e-01	0.000000000000000000e+00
7.008148359846667290e+02	7.989446406957363411e-01	0.000000000000000000e+00
7.012345454258667132e+02	8.002773432633923933e-01	0.000000000000000000e+00
7.016542548670666974e+02	8.015981520313009145e-01	0.000000000000000000e+00
7.020739643082667953e+02	8.029007313276587121e-01	0.000000000000000000e+00
7.024936737494667796e+02	8.041951614943053661e-01	0.000000000000000000e+00
7.029133831906667638e+02	8.054726415115968097e-01	0.000000000000000000e+00
7.033330926318667480e+02	8.067376013576020855e-01	0.000000000000000000e+00
7.037528020730667322e+02	8.079937564158531371e-01	0.000000000000000000e+00
7.041725115142667164e+02	8.092297554345949662e-01	0.000000000000000000e+00
7.045922209554667006e+02	8.104581249700579804e-01	0.000000000000000000e+00
7.050119303966666848e+02	8.116724627992534247e-01	0.000000000000000000e+00
7.054316398378666690e+02	8.128727475386720025e-01	0.000000000000000000e+00
7.058513492790666533e+02	8.140656834256944085e-01	0.000000000000000000e+00
7.062710587202666375e+02	8.152395150517424138e-01	0.000000000000000000e+00
7.066907681614667354e+02	8.164053602854898228e-01	0.000000000000000000e+00
7.071104776026667196e+02	8.175595038656625624e-01	0.000000000000000000e+00
7.075301870438667038e+02	8.186990044048754189e-01	0.000000000000000000e+00
7.079498964850666880e+02	8.198317911137787961e-01	0.000000000000000000e+00
7.083696059262667859e+02	8.209478301361181618e-01	0.000000000000000000e+00
7.087893153674667701e+02	8.220554538856782445e-01	0.000000000000000000e+00
7.092090248086667543e+02	8.231531307554023069e-01	0.000000000000000000e+00
7.096287342498667385e+02	8.242364654571726623e-01	0.000000000000000000e+00
7.100484436910667227e+02	8.253137793134704969e-01	0.000000000000000000e+00
7.104681531322667070e+02	8.263762416634370389e-01	0.000000000000000000e+00
7.108878625734666912e+02	8.274306085465679139e-01	0.000000000000000000e+00
7.113075720146666754e+02	8.284762675156779332e-01	0.000000000000000000e+00
7.117272814558666596e+02	8.295086708147666466e-01	0.000000000000000000e+00
7.121469908970666438e+02	8.305357810397463458e-01	0.000000000000000000e+00
7.125667003382666280e+02	8.315495556458550874e-01	0.000000000000000000e+00
7.129864097794667259e+02	8.325561744361402727e-01	0.000000000000000000e+00
7.134061192206667101e+02	8.335549105377908496e-01	0.000000000000000000e+00
7.138258286618666943e+02	8.345421101828345289e-01	0.000000000000000000e+00
7.142455381030666786e+02	8.355247566350114674e-01	0.000000000000000000e+00
7.146652475442667765e+02	8.364953201703925201e-01	0.000000000000000000e+00
7.150849569854667607e+02	8.374601174468979670e-01	0.000000000000000000e+00
7.155046664266667449e+02	8.384175819015210473e-01	0.000000000000000000e+00
7.159243758678667291e+02	8.393656691341629950e-01	0.000000000000000000e+00
7.163440853090667133e+02	8.403099339672592816e-01	0.000000000000000000e+00
7.167637947502666975e+02	8.412432519307265766e-01	0.000000000000000000e+00
7.171835041914666817e+02	8.421724412739746146e-01	0.000000000000000000e+00
7.176032136326666659e+02	8.430947384850825399e-01	0.000000000000000000e+00
7.180229230738666502e+02	8.440100353875227279e-01	0.000000000000000000e+00
7.184426325150666344e+02	8.449220288336884988e-01	0.000000000000000000e+00
7.188623419562667323e+02	8.458246290266618894e-01	0.000000000000000000e+00
7.192820513974667165e+02	8.467245798194984463e-01	0.000000000000000000e+00
7.197017608386667007e+02	8.476181535924546262e-01	0.000000000000000000e+00
7.201214702798666849e+02	8.485070815706363678e-01	0.000000000000000000e+00
7.205411797210667828e+02	8.493925539989861662e-01	0.000000000000000000e+00
7.209608891622667670e+02	8.502716663216258741e-01	0.000000000000000000e+00
7.213805986034667512e+02	8.511487758627838129e-01	0.000000000000000000e+00
7.218003080446667354e+02	8.520202870920429161e-01	0.000000000000000000e+00
7.222200174858667197e+02	8.528892400560704745e-01	0.000000000000000000e+00
7.226397269270667039e+02	8.537548963869747709e-01	0.000000000000000000e+00
7.230594363682666881e+02	8.546168885092142453e-01	0.000000000000000000e+00
7.234791458094666723e+02	8.554774409821320758e-01	0.000000000000000000e+00
7.238988552506666565e+02	8.563336587023621105e-01	0.000000000000000000e+00
7.243185646918666407e+02	8.571888840069951110e-01	0.000000000000000000e+00
7.247382741330666249e+02	8.580414736642048013e-01	0.000000000000000000e+00
7.251579835742667228e+02	8.588925144108223719e-01	0.000000000000000000e+00
7.255776930154667070e+02	8.597422368250209335e-01	0.000000000000000000e+00
7.259974024566666913e+02	8.605902372781837339e-01	0.000000000000000000e+00
7.264171118978666755e+02	8.614377269435856688e-01	0.000000000000000000e+00
7.268368213390667734e+02	8.622839098986393447e-01	0.000000000000000000e+00
7.272565307802667576e+02	8.631298640903791730e-01	0.000000000000000000e+00
7.276762402214667418e+02	8.639753564579149003e-01	0.000000000000000000e+00
7.280959496626667260e+02	8.648208569304915994e-01	0.000000000000000000e+00
7.285156591038667102e+02	8.656663630832026612e-01	0.000000000000000000e+00
7.289353685450666944e+02	8.665124620370598940e-01	0.000000000000000000e+00
7.293550779862666786e+02	8.673587983108531629e-01	0.000000000000000000e+00
7.297747874274666628e+02	8.682063898922990353e-01	0.000000000000000000e+00
7.301944968686666471e+02	8.690546687345123145e-01	0.000000000000000000e+00
7.306142063098666313e+02	8.699043001372886996e-01	0.000000000000000000e+00
7.310339157510667292e+02	8.707554849370842120e-01	0.000000000000000000e+00
7.314536251922667134e+02	8.716077969008434456e-01	0.000000000000000000e+00
7.318733346334666976e+02	8.724628110232055533e-01	0.000000000000000000e+00
7.322930440746666818e+02	8.733186347978658670e-01	0.000000000000000000e+00
7.327127535158667797e+02	8.741781481491600614e-01	0.000000000000000000e+00
7.331324629570667639e+02	8.750389410215718700e-01	0.000000000000000000e+00
7.335521723982667481e+02	8.759029301049056082e-01	0.000000000000000000e+00
7.339718818394667323e+02	8.767695036032506772e-01	0.000000000000000000e+00
7.343915912806667166e+02	8.776385189901498851e-01	0.000000000000000000e+00
7.348113007218667008e+02	8.785116353419856194e-01	0.000000000000000000e+00
7.352310101630666850e+02	8.793862009877124741e-01	0.000000000000000000e+00
7.356507196042666692e+02	8.802665705990723177e-01	0.000000000000000000e+00
7.360704290454666534e+02	8.811483377092832470e-01	0.000000000000000000e+00
7.364901384866666376e+02	8.820354612613413581e-01	0.000000000000000000e+00
7.369098479278666218e+02	8.829253028119846691e-01	0.000000000000000000e+00
7.373295573690667197e+02	8.838193728096649382e-01	0.000000000000000000e+00
7.377492668102667039e+02	8.847178624699697513e-01	0.000000000000000000e+00
7.381689762514666882e+02	8.856192804956944942e-01	0.000000000000000000e+00
7.385886856926666724e+02	8.865269324863235267e-01	0.000000000000000000e+00
7.390083951338667703e+02	8.874361533178619643e-01	0.000000000000000000e+00
7.394281045750667545e+02	8.883533326496652061e-01	0.000000000000000000e+00
7.398478140162667387e+02	8.892722641666582772e-01	0.000000000000000000e+00
7.402675234574667229e+02	8.901977832338581198e-01	0.000000000000000000e+00
7.406872328986667071e+02	8.911267882773721283e-01	0.000000000000000000e+00
7.411069423398666913e+02	8.920609016169465111e-01	0.000000000000000000e+00
7.415266517810666755e+02	8.930002773474221556e-01	0.000000000000000000e+00
7.419463612222666598e+02	8.939431990232127312e-01	0.000000000000000000e+00
7.423660706634666440e+02	8.948931752291634512e-01	0.000000000000000000e+00
7.427857801046666282e+02	8.958450773920421106e-01	0.000000000000000000e+00
7.432054895458666124e+02	8.968058149046941319e-01	0.000000000000000000e+00
7.436251989870667103e+02	8.977682107016765611e-01	0.000000000000000000e+00
7.440449084282666945e+02	8.987384155950476350e-01	0.000000000000000000e+00
7.444646178694666787e+02	8.997116436583032506e-01	0.000000000000000000e+00
7.448843273106667766e+02	9.006910800087797320e-01	0.000000000000000000e+00
7.453040367518667608e+02	9.016751332885033499e-01	0.000000000000000000e+00
7.457237461930667450e+02	9.026637917357500651e-01	0.000000000000000000e+00
7.461434556342667292e+02	9.036585902974962892e-01	0.000000000000000000e+00
7.465631650754667135e+02	9.046564127925100784e-01	0.000000000000000000e+00
7.469828745166666977e+02	9.056618027746928812e-01	0.000000000000000000e+00
7.474025839578666819e+02	9.066686813261165545e-01	0.000000000000000000e+00
7.478222933990666661e+02	9.076844340230406649e-01	0.000000000000000000e+00
7.482420028402666503e+02	9.087015596589669286e-01	0.000000000000000000e+00
7.486617122814666345e+02	9.097260205594910332e-01	0.000000000000000000e+00
7.490814217226666187e+02	9.107530888704943317e-01	0.000000000000000000e+00
7.495011311638667166e+02	9.117859702952112455e-01	0.000000000000000000e+00
7.499208406050667008e+02	9.128225783841589225e-01	0.000000000000000000e+00
7.503405500462666851e+02	9.138635609051548592e-01	0.000000000000000000e+00
7.507602594874666693e+02	9.149092297320349232e-01	0.000000000000000000e+00
7.511799689286667672e+02	9.159579383971163669e-01	0.000000000000000000e+00
7.515996783698667514e+02	9.170121125081933666e-01	0.000000000000000000e+00
7.520193878110667356e+02	9.180681158912007422e-01	0.000000000000000000e+00
7.524390972522667198e+02	9.191301633032256113e-01	0.000000000000000000e+00
7.528588066934667040e+02	9.201931165632381004e-01	0.000000000000000000e+00
7.532785161346666882e+02	9.212621848674593661e-01	0.000000000000000000e+00
7.536982255758666724e+02	9.223321240720528946e-01	0.000000000000000000e+00
7.541179350170666567e+02	9.234068455154060828e-01	0.000000000000000000e+00
7.545376444582666409e+02	9.244829695927277990e-01	0.000000000000000000e+00
7.549573538994666251e+02	9.255626787846366055e-01	0.000000000000000000e+00
7.553770633406666093e+02	9.266441119106409996e-01	0.000000000000000000e+00
7.557967727818667072e+02	9.277280833627177259e-01	0.000000000000000000e+00
7.562164822230666914e+02	9.288138756253967454e-01	0.000000000000000000e+00
7.566361916642666756e+02	9.299013232962709541e-01	0.000000000000000000e+00
7.570559011054667735e+02	9.309904515500448952e-01	0.000000000000000000e+00
7.574756105466667577e+02	9.320805284967297322e-01	0.000000000000000000e+00
7.578953199878667419e+02	9.331718974140337242e-01	0.000000000000000000e+00
7.583150294290667262e+02	9.342636955574570301e-01	0.000000000000000000e+00
7.587347388702667104e+02	9.353561388843163460e-01	0.000000000000000000e+00
7.591544483114666946e+02	9.364486888971199630e-01	0.000000000000000000e+00
7.595741577526666788e+02	9.375409709193498475e-01	0.000000000000000000e+00
7.599938671938666630e+02	9.386331584633721414e-01	0.000000000000000000e+00
7.604135766350666472e+02	9.397240594705376093e-01	0.000000000000000000e+00
7.608332860762666314e+02	9.408145652532070580e-01	0.000000000000000000e+00
7.612529955174666156e+02	9.419029435454463473e-01	0.000000000000000000e+00
7.616727049586667135e+02	9.429903947723381474e-01	0.000000000000000000e+00
7.620924143998666977e+02	9.440750376467264005e-01	0.000000000000000000e+00
7.625121238410666820e+02	9.451579995251881972e-01	0.000000000000000000e+00
7.629318332822666662e+02	9.462376346001092342e-01	0.000000000000000000e+00
7.633515427234667641e+02	9.473146127677081196e-01	0.000000000000000000e+00
7.637712521646667483e+02	9.483879087840774158e-01	0.000000000000000000e+00
7.641909616058667325e+02	9.494573519674002204e-01	0.000000000000000000e+00
7.646106710470667167e+02	9.505229197728503054e-01	0.000000000000000000e+00
7.650303804882667009e+02	9.515832226785747583e-01	0.000000000000000000e+00
7.654500899294666851e+02	9.526396164031818437e-01	0.000000000000000000e+00
7.658697993706666693e+02	9.536891228421572331e-01	0.000000000000000000e+00
7.662895088118666536e+02	9.547348412740354062e-01	0.000000000000000000e+00
7.667092182530666378e+02	9.557718475179111106e-01	0.000000000000000000e+00
7.671289276942666220e+02	9.568053356867194381e-01	0.000000000000000000e+00
7.675486371354666062e+02	9.578280940552161837e-01	0.000000000000000000e+00
7.679683465766667041e+02	9.588477450310485262e-01	0.000000000000000000e+00
7.683880560178666883e+02	9.598544677065458108e-01	0.000000000000000000e+00
7.688077654590666725e+02	9.608586246213113302e-01	0.000000000000000000e+00
7.692274749002667704e+02	9.618474876857230349e-01	0.000000000000000000e+00
7.696471843414667546e+02	9.628344459832528512e-01	0.000000000000000000e+00
7.700668937826667388e+02	9.638035936705731110e-01	0.000000000000000000e+00
7.704866032238667231e+02	9.647716035911495513e-01	0.000000000000000000e+00
7.709063126650667073e+02	9.657191527470914139e-01	0.000000000000000000e+00
7.713260221062666915e+02	9.666657698558164258e-01	0.000000000000000000e+00
7.717457315474666757e+02	9.675904667893918676e-01	0.000000000000000000e+00
7.721654409886666599e+02	9.685135237594366675e-01	0.000000000000000000e+00
7.725851504298666441e+02	9.694137802668176818e-01	0.000000000000000000e+00
7.730048598710666283e+02	9.703113732855392914e-01	0.000000000000000000e+00
7.734245693122666125e+02	9.711852884664756713e-01	0.000000000000000000e+00
7.738442787534667104e+02	9.720555023018975227e-01	0.000000000000000000e+00
7.742639881946666947e+02	9.729011461161209962e-01	0.000000000000000000e+00
7.746836976358666789e+02	9.737420591725983732e-01	0.000000000000000000e+00
7.751034070770666631e+02	9.745574763890227921e-01	0.000000000000000000e+00
7.755231165182667610e+02	9.753671658815240564e-01	0.000000000000000000e+00
7.759428259594667452e+02	9.761503802689559528e-01	0.000000000000000000e+00
7.763625354006667294e+02	9.769269274953797932e-01	0.000000000000000000e+00
7.767822448418667136e+02	9.776759462499305942e-01	0.000000000000000000e+00
7.772019542830666978e+02	9.784174419393729671e-01	0.000000000000000000e+00
7.776216637242666820e+02	9.791302603417305628e-01	0.000000000000000000e+00
7.780413731654666663e+02	9.798348100548305295e-01	0.000000000000000000e+00
7.784610826066666505e+02	9.805094163488433656e-01	0.000000000000000000e+00
7.788807920478666347e+02	9.811751459049881108e-01	0.000000000000000000e+00
7.793005014890666189e+02	9.818095263868776845e-01	0.000000000000000000e+00
7.797202109302666031e+02	9.824345872916057099e-01	0.000000000000000000e+00
7.801399203714667010e+02	9.830267315972126552e-01	0.000000000000000000e+00
7.805596298126666852e+02	9.836093064421097543e-01	0.000000000000000000e+00
7.809793392538666694e+02	9.841572130174708333e-01	0.000000000000000000e+00
7.813990486950667673e+02	9.846955208239159818e-01	0.000000000000000000e+00
7.818187581362667515e+02	9.851972025623934037e-01	0.000000000000000000e+00
7.822384675774667357e+02	9.856895040398293562e-01	0.000000000000000000e+00
7.826581770186667200e+02	9.861429940668179350e-01	0.000000000000000000e+00
7.830778864598667042e+02	9.865875967558050963e-01	0.000000000000000000e+00
7.834975959010666884e+02	9.869909543402547447e-01	0.000000000000000000e+00
7.839173053422666726e+02	9.873862176106007471e-01	0.000000000000000000e+00
7.843370147834666568e+02	9.877375341802190345e-01	0.000000000000000000e+00
7.847567242246666410e+02	9.880818740544728973e-01	0.000000000000000000e+00
7.851764336658666252e+02	9.883792792898911106e-01	0.000000000000000000e+00
7.855961431070666094e+02	9.886711730632424810e-01	0.000000000000000000e+00
7.860158525482667073e+02	9.889128410442020733e-01	0.000000000000000000e+00
7.864355619894666916e+02	9.891508316724326733e-01	0.000000000000000000e+00
7.868552714306666758e+02	9.893349870477565755e-01	0.000000000000000000e+00
7.872749808718666600e+02	9.895176872763912224e-01	0.000000000000000000e+00
7.876946903130667579e+02	9.896426114276156705e-01	0.000000000000000000e+00
7.881143997542667421e+02	9.897675355788400076e-01	0.000000000000000000e+00
7.885341091954667263e+02	9.898327448040208365e-01	0.000000000000000000e+00
7.889538186366667105e+02	9.898967819713473393e-01	0.000000000000000000e+00
7.893735280778666947e+02	9.899025638829505036e-01	0.000000000000000000e+00
7.897932375190666789e+02	9.899041272209998521e-01	0.000000000000000000e+00
7.902129469602666632e+02	9.898494006155940106e-01	0.000000000000000000e+00
7.906326564014666474e+02	9.897869781454753380e-01	0.000000000000000000e+00
7.910523658426666316e+02	9.896707508716434676e-01	0.000000000000000000e+00
7.914720752838666158e+02	9.895429112952379702e-01	0.000000000000000000e+00
7.918917847250666000e+02	9.893642825756926440e-01	0.000000000000000000e+00
7.923114941662666979e+02	9.891696809176518945e-01	0.000000000000000000e+00
7.927312036074666821e+02	9.889278432588263223e-01	0.000000000000000000e+00
7.931509130486666663e+02	9.886652263015786035e-01	0.000000000000000000e+00
7.935706224898667642e+02	9.883594669809564470e-01	0.000000000000000000e+00
7.939903319310667484e+02	9.880276784585162453e-01	0.000000000000000000e+00
7.944100413722667327e+02	9.876573805834104602e-01	0.000000000000000000e+00
7.948297508134667169e+02	9.872553660999593417e-01	0.000000000000000000e+00
7.952494602546667011e+02	9.868200092354162400e-01	0.000000000000000000e+00
7.956691696958666853e+02	9.863468208759025302e-01	0.000000000000000000e+00
7.960888791370666695e+02	9.858459812431579206e-01	0.000000000000000000e+00
7.965085885782666537e+02	9.853007818440239207e-01	0.000000000000000000e+00
7.969282980194666379e+02	9.847341320948426180e-01	0.000000000000000000e+00
7.973480074606666221e+02	9.841161991448457158e-01	0.000000000000000000e+00
7.977677169018666063e+02	9.834835077209197474e-01	0.000000000000000000e+00
7.981874263430667042e+02	9.827922368636791139e-01	0.000000000000000000e+00
7.986071357842666885e+02	9.820933669539303468e-01	0.000000000000000000e+00
7.990268452254666727e+02	9.813282750661693754e-01	0.000000000000000000e+00
7.994465546666666569e+02	9.805631831784085151e-01	0.000000000000000000e+00
