wavelength_nm	final_network_transmittance	cst_average_transmittance
3.7973711347e+02	8.9137643576e-01	8.9191231860e-01
3.8015682291e+02	8.9090704918e-01	8.9092099496e-01
3.8057653235e+02	8.8984441757e-01	8.8990195029e-01
3.8099624179e+02	8.8986301422e-01	8.8886067979e-01
3.8141595123e+02	8.8930767775e-01	8.8780256734e-01
3.8183566067e+02	8.8936728239e-01	8.8673283088e-01
3.8225537011e+02	8.8768148422e-01	8.8565647432e-01
3.8267507956e+02	8.8738137484e-01	8.8457824624e-01
3.8309478900e+02	8.8559645414e-01	8.8350260582e-01
3.8351449844e+02	8.8519257307e-01	8.8243369566e-01
3.8393420788e+02	8.8438653946e-01	8.8137532151e-01
3.8435391732e+02	8.8414448500e-01	8.8033093857e-01
3.8477362676e+02	8.8288402557e-01	8.7930364381e-01
3.8519333620e+02	8.8211160898e-01	8.7829617407e-01
3.8561304564e+02	8.8123905659e-01	8.7731105198e-01
3.8603275508e+02	8.8006305695e-01	8.7635027803e-01
3.8645246453e+02	8.7852412462e-01	8.7541542781e-01
3.8687217397e+02	8.7723022699e-01	8.7450785819e-01
3.8729188341e+02	8.7678784132e-01	8.7362862222e-01
3.8771159285e+02	8.7511652708e-01	8.7277848852e-01
3.8813130229e+02	8.7376648188e-01	8.7195796219e-01
3.8855101173e+02	8.7339639664e-01	8.7116730688e-01
3.8897072117e+02	8.7294191122e-01	8.7040656735e-01
3.8939043061e+02	8.7149035931e-01	8.6967559246e-01
3.8981014006e+02	8.7116777897e-01	8.6897405798e-01
3.9022984950e+02	8.6945718527e-01	8.6830148906e-01
3.9064955894e+02	8.6906522512e-01	8.6765728216e-01
3.9106926838e+02	8.6793589592e-01	8.6704072608e-01
3.9148897782e+02	8.6692756414e-01	8.6645102217e-01
3.9190868726e+02	8.6682492495e-01	8.6588730328e-01
3.9232839670e+02	8.6506712437e-01	8.6534865167e-01
3.9274810614e+02	8.6461991072e-01	8.6483411563e-01
3.9316781559e+02	8.6490154266e-01	8.6434272472e-01
3.9358752503e+02	8.6299890280e-01	8.6387350387e-01
3.9400723447e+02	8.6258703470e-01	8.6342555744e-01
3.9442694391e+02	8.6132061481e-01	8.6299802793e-01
3.9484665335e+02	8.6120229959e-01	8.6258983562e-01
3.9526636279e+02	8.6070179939e-01	8.6220009946e-01
3.9568607223e+02	8.5964405537e-01	8.6182798512e-01
3.9610578167e+02	8.6073535681e-01	8.6147271148e-01
3.9652549111e+02	8.5953408480e-01	8.6113355602e-01
3.9694520056e+02	8.5932600498e-01	8.6080985920e-01
3.9736491000e+02	8.5866647959e-01	8.6050102783e-01
3.9778461944e+02	8.5688817501e-01	8.6020653749e-01
3.9820432888e+02	8.5641497374e-01	8.5992593414e-01
3.9862403832e+02	8.5616463423e-01	8.5965883487e-01
3.9904374776e+02	8.5577225685e-01	8.5940492800e-01
3.9946345720e+02	8.5672158003e-01	8.5916397244e-01
3.9988316664e+02	8.5550212860e-01	8.5893593189e-01
4.0030287609e+02	8.5572403669e-01	8.5872079763e-01
4.0072258553e+02	8.5431408882e-01	8.5851832064e-01
4.0114229497e+02	8.5404640436e-01	8.5832853128e-01
4.0156200441e+02	8.5510766506e-01	8.5815151951e-01
4.0198171385e+02	8.5388463736e-01	8.5798743139e-01
4.0240142329e+02	8.5525882244e-01	8.5783646526e-01
4.0282113273e+02	8.5455507040e-01	8.5769886758e-01
4.0324084217e+02	8.5413694382e-01	8.5757492870e-01
4.0366055162e+02	8.5479819775e-01	8.5746544572e-01
4.0408026106e+02	8.5479921103e-01	8.5737046516e-01
4.0449997050e+02	8.5501229763e-01	8.5729029490e-01
4.0491967994e+02	8.5591375828e-01	8.5722536037e-01
4.0533938938e+02	8.5416948795e-01	8.5717610675e-01
4.0575909882e+02	8.5553544760e-01	8.5714299411e-01
4.0617880826e+02	8.5444563627e-01	8.5712650546e-01
4.0659851770e+02	8.5431420803e-01	8.5712794473e-01
4.0701822714e+02	8.5419958830e-01	8.5714702573e-01
4.0743793659e+02	8.5462218523e-01	8.5718422046e-01
4.0785764603e+02	8.5504907370e-01	8.5723999026e-01
4.0827735547e+02	8.5464495420e-01	8.5731478114e-01
4.0869706491e+02	8.5522937775e-01	8.5740920212e-01
4.0911677435e+02	8.5471630096e-01	8.5752444507e-01
4.0953648379e+02	8.5465323925e-01	8.5765998702e-01
4.0995619323e+02	8.5441327095e-01	8.5781616058e-01
4.1037590267e+02	8.5485011339e-01	8.5799325849e-01
4.1079561212e+02	8.5455906391e-01	8.5819152925e-01
4.1121532156e+02	8.5468834639e-01	8.5841247497e-01
4.1163503100e+02	8.5441333055e-01	8.5865506351e-01
4.1205474044e+02	8.5470026731e-01	8.5891929510e-01
4.1247444988e+02	8.5584330559e-01	8.5920517779e-01
4.1289415932e+02	8.5624796152e-01	8.5951292471e-01
4.1331386876e+02	8.5689991713e-01	8.5984335420e-01
4.1373357820e+02	8.5686522722e-01	8.6019499943e-01
4.1415328765e+02	8.5803312063e-01	8.6056752438e-01
4.1457299709e+02	8.5953623056e-01	8.6096049536e-01
4.1499270653e+02	8.5986840725e-01	8.6137451077e-01
4.1541241597e+02	8.6084115505e-01	8.6180802079e-01
4.1583212541e+02	8.6272823811e-01	8.6225984826e-01
4.1625183485e+02	8.6273473501e-01	8.6272902686e-01
4.1667154429e+02	8.6378312111e-01	8.6321521733e-01
4.1709125373e+02	8.6524248123e-01	8.6371657840e-01
4.1751096317e+02	8.6630052328e-01	8.6423107873e-01
4.1793067262e+02	8.6530685425e-01	8.6475698005e-01
4.1835038206e+02	8.6774742603e-01	8.6529277807e-01
4.1877009150e+02	8.6847996712e-01	8.6583558480e-01
4.1918980094e+02	8.6955803633e-01	8.6638272923e-01
4.1960951038e+02	8.6999666691e-01	8.6693162167e-01
4.2002921982e+02	8.7022501230e-01	8.6747919720e-01
4.2044892926e+02	8.7194836140e-01	8.6802283999e-01
4.2086863870e+02	8.7211304903e-01	8.6856074638e-01
4.2128834815e+02	8.7282019854e-01	8.6909206537e-01
4.2170805759e+02	8.7228190899e-01	8.6961930980e-01
4.2212776703e+02	8.7431585789e-01	8.7014995104e-01
4.2254747647e+02	8.7465757132e-01	8.7069758113e-01
4.2296718591e+02	8.7571722269e-01	8.7129286717e-01
4.2338689535e+02	8.7516438961e-01	8.7197126277e-01
4.2380660479e+02	8.7603372335e-01	8.7277680843e-01
4.2422631423e+02	8.7759459019e-01	8.7377294235e-01
4.2464602368e+02	8.7791091204e-01	8.7497690742e-01
4.2506573312e+02	8.7862139940e-01	8.7637153753e-01
4.2548544256e+02	8.7906032801e-01	8.7791401944e-01
4.2590515200e+02	8.8066315651e-01	8.7951398774e-01
4.2632486144e+02	8.8120055199e-01	8.8109761370e-01
4.2674457088e+02	8.8238847256e-01	8.8260913359e-01
4.2716428032e+02	8.8287687302e-01	8.8402217721e-01
4.2758398976e+02	8.8341319561e-01	8.8533867359e-01
4.2800369920e+02	8.8446092606e-01	8.8655935654e-01
4.2842340865e+02	8.8500946760e-01	8.8769935079e-01
4.2884311809e+02	8.8467437029e-01	8.8877462127e-01
4.2926282753e+02	8.8548654318e-01	8.8979088991e-01
4.2968253697e+02	8.8692212105e-01	8.9076017572e-01
4.3010224641e+02	8.8852292299e-01	8.9169040422e-01
4.3052195585e+02	8.8891166449e-01	8.9258218805e-01
4.3094166529e+02	8.8960492611e-01	8.9344241891e-01
4.3136137473e+02	8.9124542475e-01	8.9427310217e-01
4.3178108418e+02	8.9091432095e-01	8.9507243387e-01
4.3220079362e+02	8.9114099741e-01	8.9584457540e-01
4.3262050306e+02	8.9362007380e-01	8.9658789226e-01
4.3304021250e+02	8.9432030916e-01	8.9730151994e-01
4.3345992194e+02	8.9434927702e-01	8.9798735927e-01
4.3387963138e+02	8.9448714256e-01	8.9864116702e-01
4.3429934082e+02	8.9626765251e-01	8.9926476453e-01
4.3471905026e+02	8.9536380768e-01	8.9985713685e-01
4.3513875971e+02	8.9721244574e-01	9.0041454716e-01
4.3555846915e+02	8.9724802971e-01	9.0093991289e-01
4.3597817859e+02	8.9666461945e-01	9.0142837226e-01
4.3639788803e+02	8.9776188135e-01	9.0188116696e-01
4.3681759747e+02	8.9745825529e-01	9.0229764702e-01
4.3723730691e+02	8.9787441492e-01	9.0267355346e-01
4.3765701635e+02	8.9699804783e-01	9.0301273323e-01
4.3807672579e+02	8.9712035656e-01	9.0330892910e-01
4.3849643523e+02	8.9757955074e-01	9.0356542065e-01
4.3891614468e+02	8.9668363333e-01	9.0377976771e-01
4.3933585412e+02	8.9681512117e-01	9.0395007356e-01
4.3975556356e+02	8.9668881893e-01	9.0407932083e-01
4.4017527300e+02	8.9670825005e-01	9.0416040368e-01
4.4059498244e+02	8.9627939463e-01	9.0419989458e-01
4.4101469188e+02	8.9607220888e-01	9.0419104379e-01
4.4143440132e+02	8.9538514614e-01	9.0413785110e-01
4.4185411076e+02	8.9556998014e-01	9.0403759670e-01
4.4227382021e+02	8.9486628771e-01	9.0388995067e-01
4.4269352965e+02	8.9403909445e-01	9.0369665640e-01
4.4311323909e+02	8.9333009720e-01	9.0345330491e-01
4.4353294853e+02	8.9361888170e-01	9.0316580565e-01
4.4395265797e+02	8.9291214943e-01	9.0282600196e-01
4.4437236741e+02	8.9254504442e-01	9.0244251375e-01
4.4479207685e+02	8.9143782854e-01	9.0200707376e-01
4.4521178629e+02	8.9097678661e-01	9.0152699907e-01
4.4563149574e+02	8.9002120495e-01	9.0099644628e-01
4.4605120518e+02	8.9030945301e-01	9.0042017203e-01
4.4647091462e+02	8.8745337725e-01	8.9979487465e-01
4.4689062406e+02	8.8828307390e-01	8.9912318058e-01
4.4731033350e+02	8.8682699203e-01	8.9840386517e-01
4.4773004294e+02	8.8730388880e-01	8.9763787726e-01
4.4814975238e+02	8.8604968786e-01	8.9682558594e-01
4.4856946182e+02	8.8605737686e-01	8.9596672525e-01
4.4898917126e+02	8.8421475887e-01	8.9506276819e-01
4.4940888071e+02	8.8297808170e-01	8.9411269608e-01
4.4982859015e+02	8.8248640299e-01	8.9311860008e-01
4.5024829959e+02	8.8218063116e-01	8.9207916083e-01
4.5066800903e+02	8.7946850061e-01	8.9099661468e-01
4.5108771847e+02	8.7758439779e-01	8.8986977665e-01
4.5150742791e+02	8.7818259001e-01	8.8870057417e-01
4.5192713735e+02	8.7472712994e-01	8.8748837009e-01
4.5234684679e+02	8.7259590626e-01	8.8623435143e-01
4.5276655624e+02	8.7096726894e-01	8.8493881890e-01
4.5318626568e+02	8.6893147230e-01	8.8360181080e-01
4.5360597512e+02	8.6773216724e-01	8.8222493349e-01
4.5402568456e+02	8.6612939835e-01	8.8080668897e-01
4.5444539400e+02	8.6343157291e-01	8.7935033910e-01
4.5486510344e+02	8.6339884996e-01	8.7785247702e-01
4.5528481288e+02	8.6192673445e-01	8.7631835967e-01
4.5570452232e+02	8.5939818621e-01	8.7474230444e-01
4.5612423177e+02	8.5982930660e-01	8.7313173310e-01
4.5654394121e+02	8.5743349791e-01	8.7147882550e-01
4.5696365065e+02	8.5543906689e-01	8.6979163401e-01
4.5738336009e+02	8.5493814945e-01	8.6806410819e-01
4.5780306953e+02	8.5342317820e-01	8.6630099150e-01
4.5822277897e+02	8.5105091333e-01	8.6449952591e-01
4.5864248841e+02	8.4948599339e-01	8.6266077797e-01
4.5906219785e+02	8.4671187401e-01	8.6078565146e-01
4.5948190729e+02	8.4684008360e-01	8.5887110584e-01
4.5990161674e+02	8.4542632103e-01	8.5692215326e-01
4.6032132618e+02	8.4210664034e-01	8.5493112326e-01
4.6074103562e+02	8.4038174152e-01	8.5290544177e-01
4.6116074506e+02	8.3903396130e-01	8.5083891094e-01
4.6158045450e+02	8.3852398396e-01	8.4873466751e-01
4.6200016394e+02	8.3531224728e-01	8.4659137934e-01
4.6241987338e+02	8.3452445269e-01	8.4440634483e-01
4.6283958282e+02	8.3240538836e-01	8.4218413311e-01
4.6325929227e+02	8.2818382978e-01	8.3991537124e-01
4.6367900171e+02	8.2868707180e-01	8.3760775968e-01
4.6409871115e+02	8.2583498955e-01	8.3525519737e-01
4.6451842059e+02	8.2402229309e-01	8.3285800831e-01
4.6493813003e+02	8.2169669867e-01	8.3041771631e-01
4.6535783947e+02	8.1813716888e-01	8.2792585396e-01
4.6577754891e+02	8.1693720818e-01	8.2538944909e-01
4.6619725835e+02	8.1319785118e-01	8.2280051974e-01
4.6661696780e+02	8.1051409245e-01	8.2016016614e-01
4.6703667724e+02	8.0774718523e-01	8.1746935227e-01
4.6745638668e+02	8.0430078506e-01	8.1471732684e-01
4.6787609612e+02	8.0166637897e-01	8.1191207938e-01
4.6829580556e+02	8.0011928082e-01	8.0904504483e-01
4.6871551500e+02	7.9555666447e-01	8.0611457831e-01
4.6913522444e+02	7.9265916348e-01	8.0312412491e-01
4.6955493388e+02	7.8895825148e-01	8.0005854525e-01
4.6997464332e+02	7.8735035658e-01	7.9692632887e-01
4.7039435277e+02	7.8312355280e-01	7.9372194594e-01
4.7081406221e+02	7.8015261889e-01	7.9043473836e-01
4.7123377165e+02	7.7721196413e-01	7.8707262514e-01
4.7165348109e+02	7.7106553316e-01	7.8362294233e-01
4.7207319053e+02	7.6859033108e-01	7.8008332661e-01
4.7249289997e+02	7.6370680332e-01	7.7645768487e-01
4.7291260941e+02	7.5866913795e-01	7.7272671433e-01
4.7333231885e+02	7.5449436903e-01	7.6889688310e-01
4.7375202830e+02	7.5017452240e-01	7.6496787951e-01
4.7417173774e+02	7.4542021751e-01	7.6091330253e-01
4.7459144718e+02	7.4098598957e-01	7.5674872518e-01
4.7501115662e+02	7.3726850748e-01	7.5246653370e-01
4.7543086606e+02	7.3068475723e-01	7.4804204174e-01
4.7585057550e+02	7.2640639544e-01	7.4349066501e-01
4.7627028494e+02	7.2357881069e-01	7.3880107399e-01
4.7668999438e+02	7.1857959032e-01	7.3394930161e-01
4.7710970383e+02	7.1287244558e-01	7.2895075395e-01
4.7752941327e+02	7.0635008812e-01	7.2379186696e-01
4.7794912271e+02	7.0175421238e-01	7.1844635103e-01
4.7836883215e+02	6.9715219736e-01	7.1293123347e-01
4.7878854159e+02	6.9108664989e-01	7.0723275025e-01
4.7920825103e+02	6.8544000387e-01	7.0131764799e-01
4.7962796047e+02	6.7933970690e-01	6.9520705170e-01
4.8004766991e+02	6.7097407579e-01	6.8889015973e-01
4.8046737935e+02	6.6348981857e-01	6.8232004832e-01
4.8088708880e+02	6.5613889694e-01	6.7552552750e-01
4.8130679824e+02	6.4936745167e-01	6.6849730515e-01
4.8172650768e+02	6.4024972916e-01	6.6118371227e-01
4.8214621712e+02	6.3149064779e-01	6.5360807402e-01
4.8256592656e+02	6.2341707945e-01	6.4576646267e-01
4.8298563600e+02	6.1272406578e-01	6.3761590538e-01
4.8340534544e+02	6.0366582870e-01	6.2915537470e-01
4.8382505488e+02	5.9307181835e-01	6.2039520021e-01
4.8424476433e+02	5.8130592108e-01	6.1130948573e-01
4.8466447377e+02	5.7240134478e-01	6.0185808622e-01
4.8508418321e+02	5.6172019243e-01	5.9207400967e-01
4.8550389265e+02	5.4842346907e-01	5.8194782025e-01
4.8592360209e+02	5.3276568651e-01	5.7141607169e-01
4.8634331153e+02	5.2092564106e-01	5.6051189170e-01
4.8676302097e+02	5.1022517681e-01	5.4923896475e-01
4.8718273041e+02	4.9614438415e-01	5.3757035171e-01
4.8760243986e+02	4.8169529438e-01	5.2547421029e-01
4.8802214930e+02	4.6814051270e-01	5.1299486994e-01
4.8844185874e+02	4.5349377394e-01	5.0013169290e-01
4.8886156818e+02	4.3743458390e-01	4.8684127866e-01
4.8928127762e+02	4.2262017727e-01	4.7315379289e-01
4.8970098706e+02	4.0650501847e-01	4.5909961032e-01
4.9012069650e+02	3.9178660512e-01	4.4469127729e-01
4.9054040594e+02	3.7482646108e-01	4.2989435967e-01
4.9096011538e+02	3.5775518417e-01	4.1478664349e-01
4.9137982483e+02	3.4260046482e-01	3.9940083980e-01
4.9179953427e+02	3.2561677694e-01	3.8376990843e-01
4.9221924371e+02	3.0929967761e-01	3.6791845203e-01
4.9263895315e+02	2.9599988461e-01	3.5193685428e-01
4.9305866259e+02	2.8295984864e-01	3.3588995337e-01
4.9347837203e+02	2.7111381292e-01	3.1985724569e-01
4.9389808147e+02	2.5501608849e-01	3.0396862136e-01
4.9431779091e+02	2.4918287992e-01	2.8836094884e-01
4.9473750036e+02	2.3715339601e-01	2.7326416980e-01
4.9515720980e+02	2.2878916562e-01	2.5906631146e-01
4.9557691924e+02	2.2385571897e-01	2.4549690124e-01
4.9599662868e+02	2.1934726834e-01	2.3129966196e-01
4.9641633812e+02	2.1761669219e-01	2.1789302439e-01
4.9683604756e+02	2.1848686039e-01	2.0591919205e-01
4.9725575700e+02	2.2166156769e-01	1.9552916324e-01
4.9767546644e+02	2.2572214901e-01	1.8670688762e-01
4.9809517589e+02	2.3029822111e-01	1.7953037208e-01
4.9851488533e+02	2.3902861774e-01	1.7421265509e-01
4.9893459477e+02	2.4866734445e-01	1.7115616903e-01
4.9935430421e+02	2.5775554776e-01	1.7110930558e-01
4.9977401365e+02	2.7126353979e-01	1.7466011546e-01
5.0019372309e+02	2.8268560767e-01	1.8255576625e-01
5.0061343253e+02	2.9458996654e-01	1.9057235386e-01
5.0103314197e+02	3.0842009187e-01	1.9330433984e-01
5.0145285141e+02	3.2442981005e-01	1.9927843020e-01
5.0187256086e+02	3.3652573824e-01	2.0981394361e-01
5.0229227030e+02	3.5064384341e-01	2.2349474259e-01
5.0271197974e+02	3.6635151505e-01	2.3949491994e-01
5.0313168918e+02	3.8022723794e-01	2.5749651668e-01
5.0355139862e+02	3.9451318979e-01	2.7697881436e-01
5.0397110806e+02	4.0614798665e-01	2.9757562441e-01
5.0439081750e+02	4.2502474785e-01	3.1900090178e-01
5.0481052694e+02	4.3832015991e-01	3.4098161993e-01
5.0523023639e+02	4.5126819611e-01	3.6326519267e-01
5.0564994583e+02	4.6508052945e-01	3.8557124330e-01
5.0606965527e+02	4.7975289822e-01	4.0768314354e-01
5.0648936471e+02	4.9268949032e-01	4.2942500943e-01
5.0690907415e+02	5.0489783287e-01	4.5064974761e-01
5.0732878359e+02	5.1950764656e-01	4.7121624648e-01
5.0774849303e+02	5.3318613768e-01	4.9097280835e-01
5.0816820247e+02	5.4588639736e-01	5.0992782390e-01
5.0858791192e+02	5.5807369947e-01	5.2804408100e-01
5.0900762136e+02	5.7148033381e-01	5.4530257119e-01
5.0942733080e+02	5.8310669661e-01	5.6169932388e-01
5.0984704024e+02	5.9388053417e-01	5.7718992547e-01
5.1026674968e+02	6.1129945517e-01	5.9179580009e-01
5.1068645912e+02	6.2401247025e-01	6.0559627250e-01
5.1110616856e+02	6.3512444496e-01	6.1862057581e-01
5.1152587800e+02	6.4594286680e-01	6.3090024503e-01
5.1194558744e+02	6.5957385302e-01	6.4246783928e-01
5.1236529689e+02	6.7011237144e-01	6.5332813416e-01
5.1278500633e+02	6.7920571566e-01	6.6349649779e-01
5.1320471577e+02	6.9038933516e-01	6.7305470796e-01
5.1362442521e+02	6.9818723202e-01	6.8203140388e-01
5.1404413465e+02	7.0770716667e-01	6.9045345207e-01
5.1446384409e+02	7.1736127138e-01	6.9834586261e-01
5.1488355353e+02	7.2281587124e-01	7.0573176336e-01
5.1530326297e+02	7.2932314873e-01	7.1259432219e-01
5.1572297242e+02	7.3574340343e-01	7.1898049630e-01
5.1614268186e+02	7.4212408066e-01	7.2492185410e-01
5.1656239130e+02	7.4430173635e-01	7.3043362438e-01
5.1698210074e+02	7.5081497431e-01	7.3552913439e-01
5.1740181018e+02	7.5456631184e-01	7.4021962057e-01
5.1782151962e+02	7.5984472036e-01	7.4451382465e-01
5.1824122906e+02	7.6136010885e-01	7.4839770549e-01
5.1866093850e+02	7.6540887356e-01	7.5186910216e-01
5.1908064795e+02	7.6784235239e-01	7.5493640910e-01
5.1950035739e+02	7.7079427242e-01	7.5756255946e-01
5.1992006683e+02	7.7391403913e-01	7.5965335565e-01
5.2033977627e+02	7.7453380823e-01	7.6105306332e-01
5.2075948571e+02	7.7695912123e-01	7.6283688345e-01
5.2117919515e+02	7.8015065193e-01	7.6667709299e-01
5.2159890459e+02	7.8096133471e-01	7.6864499986e-01
5.2201861403e+02	7.8174948692e-01	7.6949075745e-01
5.2243832347e+02	7.8206181526e-01	7.6994924820e-01
5.2285803292e+02	7.8238469362e-01	7.7009787567e-01
5.2327774236e+02	7.8197109699e-01	7.6994155362e-01
5.2369745180e+02	7.8351873159e-01	7.6947488011e-01
5.2411716124e+02	7.8332126141e-01	7.6869120581e-01
5.2453687068e+02	7.8413784504e-01	7.6758380543e-01
5.2495658012e+02	7.8316015005e-01	7.6614579714e-01
5.2537628956e+02	7.8160250187e-01	7.6436482977e-01
5.2579599900e+02	7.7951931953e-01	7.6221386317e-01
5.2621570845e+02	7.8023910522e-01	7.5970764295e-01
5.2663541789e+02	7.7832263708e-01	7.5683673337e-01
5.2705512733e+02	7.7587783337e-01	7.5359086070e-01
5.2747483677e+02	7.7360099554e-01	7.4995888371e-01
5.2789454621e+02	7.7043646574e-01	7.4592878071e-01
5.2831425565e+02	7.6608943939e-01	7.4148765190e-01
5.2873396509e+02	7.6317822933e-01	7.3662173680e-01
5.2915367453e+02	7.5946027040e-01	7.3131644810e-01
5.2957338398e+02	7.5404798985e-01	7.2555642376e-01
5.2999309342e+02	7.4841898680e-01	7.1932116260e-01
5.3041280286e+02	7.4256527424e-01	7.1256793230e-01
5.3083251230e+02	7.3622655869e-01	7.0530840462e-01
5.3125222174e+02	7.3172295094e-01	6.9752514270e-01
5.3167193118e+02	7.2616744041e-01	6.8920063721e-01
5.3209164062e+02	7.1816092730e-01	6.8031755406e-01
5.3251135006e+02	7.0860296488e-01	6.7085903110e-01
5.3293105950e+02	7.0158708096e-01	6.6080902885e-01
5.3335076895e+02	6.9613689184e-01	6.5015274034e-01
5.3377047839e+02	6.8585795164e-01	6.3887706459e-01
5.3419018783e+02	6.7572760582e-01	6.2697114685e-01
5.3460989727e+02	6.6558527946e-01	6.1442698757e-01
5.3502960671e+02	6.5680098534e-01	6.0124011913e-01
5.3544931615e+02	6.4333409071e-01	5.8741034715e-01
5.3586902559e+02	6.3290643692e-01	5.7294254858e-01
5.3628873503e+02	6.1956161261e-01	5.5783011489e-01
5.3670844448e+02	6.0528367758e-01	5.4209718803e-01
5.3712815392e+02	5.9156465530e-01	5.2578387929e-01
5.3754786336e+02	5.7885283232e-01	5.0892504826e-01
5.3796757280e+02	5.6175613403e-01	4.9156487750e-01
5.3838728224e+02	5.4670542479e-01	4.7375749291e-01
5.3880699168e+02	5.2825343609e-01	4.5556740721e-01
5.3922670112e+02	5.1528060436e-01	4.3706973021e-01
5.3964641056e+02	4.9850991368e-01	4.1835008839e-01
5.4006612001e+02	4.7849270701e-01	3.9950419890e-01
5.4048582945e+02	4.6473756433e-01	3.8063705087e-01
5.4090553889e+02	4.5003512502e-01	3.6186165938e-01
5.4132524833e+02	4.3330714107e-01	3.4329737664e-01
5.4174495777e+02	4.2123526335e-01	3.2506776995e-01
5.4216466721e+02	4.0418276191e-01	3.0729810605e-01
5.4258437665e+02	3.9212650061e-01	2.9011251627e-01
5.4300408609e+02	3.7606540322e-01	2.7363095322e-01
5.4342379553e+02	3.6457207799e-01	2.5796608480e-01
5.4384350498e+02	3.5322970152e-01	2.4322030260e-01
5.4426321442e+02	3.4048348665e-01	2.2948304318e-01
5.4468292386e+02	3.3084446192e-01	2.1682863028e-01
5.4510263330e+02	3.2112362981e-01	2.0531483922e-01
5.4552234274e+02	3.1178751588e-01	1.9498235877e-01
5.4594205218e+02	3.0023872852e-01	1.8585527990e-01
5.4636176162e+02	2.9330772161e-01	1.7794267498e-01
5.4678147106e+02	2.8437653184e-01	1.7124124549e-01
5.4720118051e+02	2.7447950840e-01	1.6573891625e-01
5.4762088995e+02	2.6652330160e-01	1.6141914161e-01
5.4804059939e+02	2.5639882684e-01	1.5826557369e-01
5.4846030883e+02	2.5154265761e-01	1.5626663483e-01
5.4888001827e+02	2.4454914033e-01	1.5541945278e-01
5.4929972771e+02	2.3609475791e-01	1.5573258110e-01
5.4971943715e+02	2.3104937375e-01	1.5722696268e-01
5.5013914659e+02	2.2440499067e-01	1.5993472499e-01
5.5055885604e+02	2.2159734368e-01	1.6389562922e-01
5.5097856548e+02	2.1615155041e-01	1.6915131760e-01
5.5139827492e+02	2.1107541025e-01	1.7573786972e-01
5.5181798436e+02	2.0840714872e-01	1.8367751900e-01
5.5223769380e+02	2.0659272373e-01	1.9297061669e-01
5.5265740324e+02	2.0522941649e-01	2.0358899755e-01
5.5307711268e+02	2.0308493078e-01	2.1547176790e-01
5.5349682212e+02	2.0322185755e-01	2.2852421488e-01
5.5391653156e+02	2.0392788947e-01	2.4262007789e-01
5.5433624101e+02	2.0730462670e-01	2.5760691244e-01
5.5475595045e+02	2.1028327942e-01	2.7331381176e-01
5.5517565989e+02	2.1691600978e-01	2.8956043054e-01
5.5559536933e+02	2.2075955570e-01	3.0616614409e-01
5.5601507877e+02	2.2843663394e-01	3.2295828966e-01
5.5643478821e+02	2.3948998749e-01	3.3977872687e-01
5.5685449765e+02	2.4766071141e-01	3.5648832994e-01
5.5727420709e+02	2.6190707088e-01	3.7296938748e-01
5.5769391654e+02	2.7112078667e-01	3.8912616235e-01
5.5811362598e+02	2.8574922681e-01	4.0488402201e-01
5.5853333542e+02	2.9947742820e-01	4.2018759679e-01
5.5895304486e+02	3.1740584970e-01	4.3499838783e-01
5.5937275430e+02	3.3122554421e-01	4.4929216621e-01
5.5979246374e+02	3.4965530038e-01	4.6305640919e-01
5.6021217318e+02	3.6466830969e-01	4.7628793038e-01
5.6063188262e+02	3.8149812818e-01	4.8899078812e-01
5.6105159207e+02	3.9738523960e-01	5.0117450325e-01
5.6147130151e+02	4.1302326322e-01	5.1285258259e-01
5.6189101095e+02	4.2880222201e-01	5.2404132369e-01
5.6231072039e+02	4.4490239024e-01	5.3475886669e-01
5.6273042983e+02	4.5851835608e-01	5.4502445557e-01
5.6315013927e+02	4.7426897287e-01	5.5485787285e-01
5.6356984871e+02	4.8364245892e-01	5.6427901442e-01
5.6398955815e+02	4.9709922075e-01	5.7330757641e-01
5.6440926759e+02	5.0949031115e-01	5.8196282987e-01
5.6482897704e+02	5.2202028036e-01	5.9026346369e-01
5.6524868648e+02	5.3093081713e-01	5.9822747990e-01
5.6566839592e+02	5.4150772095e-01	6.0587212875e-01
5.6608810536e+02	5.5053162575e-01	6.1321387362e-01
5.6650781480e+02	5.6055128574e-01	6.2026129325e-01
5.6692752424e+02	5.6888127327e-01	6.2702798944e-01
5.6734723368e+02	5.7879579067e-01	6.3353762786e-01
5.6776694312e+02	5.8634465933e-01	6.3980346084e-01
5.6818665257e+02	5.9569656849e-01	6.4583800907e-01
5.6860636201e+02	6.0393208265e-01	6.5165309415e-01
5.6902607145e+02	6.1107885838e-01	6.5725987264e-01
5.6944578089e+02	6.1979198456e-01	6.6266887052e-01
5.6986549033e+02	6.2258321047e-01	6.6789001747e-01
5.7028519977e+02	6.3226717710e-01	6.7293268039e-01
5.7070490921e+02	6.3826972246e-01	6.7780569590e-01
5.7112461865e+02	6.4454472065e-01	6.8251740152e-01
5.7154432810e+02	6.5194845200e-01	6.8707566544e-01
5.7196403754e+02	6.5683716536e-01	6.9148791475e-01
5.7238374698e+02	6.6249525547e-01	6.9576116224e-01
5.7280345642e+02	6.7004311085e-01	6.9990203153e-01
5.7322316586e+02	6.7466557026e-01	7.0390753810e-01
5.7364287530e+02	6.7780345678e-01	7.0779222643e-01
5.7406258474e+02	6.8362766504e-01	7.1156307699e-01
5.7448229418e+02	6.8838220835e-01	7.1522532683e-01
5.7490200362e+02	6.9372999668e-01	7.1878393227e-01
5.7532171307e+02	6.9835990667e-01	7.2224358569e-01
5.7574142251e+02	7.0358186960e-01	7.2560873143e-01
5.7616113195e+02	7.0460176468e-01	7.2888358049e-01
5.7658084139e+02	7.0997118950e-01	7.3207212435e-01
5.7700055083e+02	7.1282881498e-01	7.3517814788e-01
5.7742026027e+02	7.1607124805e-01	7.3820524136e-01
5.7783996971e+02	7.2069734335e-01	7.4115681183e-01
5.7825967915e+02	7.2435116768e-01	7.4402974610e-01
5.7867938860e+02	7.2778558731e-01	7.4683261991e-01
5.7909909804e+02	7.3009514809e-01	7.4956972632e-01
5.7951880748e+02	7.3458421230e-01	7.5224380289e-01
5.7993851692e+02	7.3860967159e-01	7.5485745256e-01
5.8035822636e+02	7.4083000422e-01	7.5741315105e-01
5.8077793580e+02	7.4430608749e-01	7.5991325388e-01
5.8119764524e+02	7.4695312977e-01	7.6236000286e-01
5.8161735468e+02	7.4960780144e-01	7.6475553223e-01
5.8203706413e+02	7.5442284346e-01	7.6710187443e-01
5.8245677357e+02	7.5701981783e-01	7.6939742381e-01
5.8287648301e+02	7.5814968348e-01	7.7164546104e-01
5.8329619245e+02	7.6217472553e-01	7.7385024233e-01
5.8371590189e+02	7.6464843750e-01	7.7601341837e-01
5.8413561133e+02	7.6696866751e-01	7.7813656356e-01
5.8455532077e+02	7.6992559433e-01	7.8022117993e-01
5.8497503021e+02	7.7092862129e-01	7.8226870078e-01
5.8539473965e+02	7.7487927675e-01	7.8428049413e-01
5.8581444910e+02	7.7611571550e-01	7.8625786599e-01
5.8623415854e+02	7.7798092365e-01	7.8819956295e-01
5.8665386798e+02	7.7988648415e-01	7.9010720008e-01
5.8707357742e+02	7.8182113171e-01	7.9198428772e-01
5.8749328686e+02	7.8402328491e-01	7.9383189363e-01
5.8791299630e+02	7.8656244278e-01	7.9565103844e-01
5.8833270574e+02	7.8884404898e-01	7.9744269786e-01
5.8875241518e+02	7.9031425714e-01	7.9920780486e-01
5.8917212463e+02	7.9258149862e-01	8.0094725161e-01
5.8959183407e+02	7.9387319088e-01	8.0266080947e-01
5.9001154351e+02	7.9432326555e-01	8.0434757440e-01
5.9043125295e+02	7.9616266489e-01	8.0601136080e-01
5.9085096239e+02	7.9726469517e-01	8.0765290076e-01
5.9127067183e+02	7.9894852638e-01	8.0927289509e-01
5.9169038127e+02	7.9953581095e-01	8.1087201474e-01
5.9211009071e+02	8.0077880621e-01	8.1245090217e-01
5.9252980016e+02	8.0302715302e-01	8.1401017261e-01
5.9294950960e+02	8.0394554138e-01	8.1554822562e-01
5.9336921904e+02	8.0709838867e-01	8.1706672863e-01
5.9378892848e+02	8.0783236027e-01	8.1856748354e-01
5.9420863792e+02	8.0781322718e-01	8.2005099636e-01
5.9462834736e+02	8.0923783779e-01	8.2151775211e-01
5.9504805680e+02	8.1183558702e-01	8.2296821567e-01
5.9546776624e+02	8.1403815746e-01	8.2440283274e-01
5.9588747568e+02	8.1504112482e-01	8.2582050712e-01
5.9630718513e+02	8.1706666946e-01	8.2722176839e-01
5.9672689457e+02	8.1731599569e-01	8.2860855051e-01
5.9714660401e+02	8.1807214022e-01	8.2998122045e-01
5.9756631345e+02	8.1889921427e-01	8.3134013033e-01
5.9798602289e+02	8.2158452272e-01	8.3268561804e-01
5.9840573233e+02	8.2183152437e-01	8.3401800784e-01
5.9882544177e+02	8.2415646315e-01	8.3533551606e-01
5.9924515121e+02	8.2426846027e-01	8.3663999876e-01
5.9966486066e+02	8.2632023096e-01	8.3793238538e-01
6.0008457010e+02	8.2755947113e-01	8.3921294331e-01
6.0050427954e+02	8.2994049788e-01	8.4048192942e-01
6.0092398898e+02	8.3069109917e-01	8.4173959051e-01
6.0134369842e+02	8.3083379269e-01	8.4298522529e-01
6.0176340786e+02	8.3315438032e-01	8.4421845204e-01
6.0218311730e+02	8.3341002464e-01	8.4544112237e-01
6.0260282674e+02	8.3532655239e-01	8.4665344011e-01
6.0302253619e+02	8.3762621880e-01	8.4785560137e-01
6.0344224563e+02	8.3833527565e-01	8.4904779484e-01
6.0386195507e+02	8.3861273527e-01	8.5022958419e-01
6.0428166451e+02	8.4039950371e-01	8.5140001777e-01
6.0470137395e+02	8.4305477142e-01	8.5256107443e-01
6.0512108339e+02	8.4363877773e-01	8.5371291057e-01
6.0554079283e+02	8.4402513504e-01	8.5485567693e-01
6.0596050227e+02	8.4593278170e-01	8.5598951880e-01
6.0638021171e+02	8.4600651264e-01	8.5711367003e-01
6.0679992116e+02	8.4847486019e-01	8.5822781416e-01
6.0721963060e+02	8.4945201874e-01	8.5933349012e-01
6.0763934004e+02	8.5047137737e-01	8.6043081911e-01
6.0805904948e+02	8.5239142179e-01	8.6151991825e-01
6.0847875892e+02	8.5165172815e-01	8.6260090071e-01
6.0889846836e+02	8.5261803865e-01	8.6367220774e-01
6.0931817780e+02	8.5419565439e-01	8.6473508886e-01
6.0973788724e+02	8.5481745005e-01	8.6579020866e-01
6.1015759669e+02	8.5487174988e-01	8.6683766254e-01
6.1057730613e+02	8.5673356056e-01	8.6787754292e-01
6.1099701557e+02	8.5731554031e-01	8.6890928822e-01
6.1141672501e+02	8.5862147808e-01	8.6993211193e-01
6.1183643445e+02	8.5872554779e-01	8.7094765360e-01
6.1225614389e+02	8.6050629616e-01	8.7195599205e-01
6.1267585333e+02	8.6056977510e-01	8.7295720393e-01
6.1309556277e+02	8.6163341999e-01	8.7395132687e-01
6.1351527222e+02	8.6151713133e-01	8.7493634278e-01
6.1393498166e+02	8.6252754927e-01	8.7591447442e-01
6.1435469110e+02	8.6400109529e-01	8.7688578818e-01
6.1477440054e+02	8.6523813009e-01	8.7785034881e-01
6.1519410998e+02	8.6554527283e-01	8.7880821955e-01
6.1561381942e+02	8.6677962542e-01	8.7975753514e-01
6.1603352886e+02	8.6852139235e-01	8.8070007108e-01
6.1645323830e+02	8.6771690845e-01	8.8163611617e-01
6.1687294774e+02	8.6930119991e-01	8.8256572639e-01
6.1729265719e+02	8.6907958984e-01	8.8348895659e-01
6.1771236663e+02	8.7089693546e-01	8.8440389658e-01
6.1813207607e+02	8.7286299467e-01	8.8531238552e-01
6.1855178551e+02	8.7344366312e-01	8.8621466759e-01
6.1897149495e+02	8.7425839901e-01	8.8711079235e-01
6.1939120439e+02	8.7460702658e-01	8.8800068549e-01
6.1981091383e+02	8.7709468603e-01	8.8888248081e-01
6.2023062327e+02	8.7747597694e-01	8.8975827651e-01
6.2065033272e+02	8.7819647789e-01	8.9062811816e-01
6.2107004216e+02	8.7875539064e-01	8.9149205072e-01
6.2148975160e+02	8.8103634119e-01	8.9234942059e-01
6.2190946104e+02	8.8091552258e-01	8.9319950296e-01
6.2232917048e+02	8.8116317987e-01	8.9404382003e-01
6.2274887992e+02	8.8222116232e-01	8.9488241393e-01
6.2316858936e+02	8.8358497620e-01	8.9571532635e-01
6.2358829880e+02	8.8532119989e-01	8.9654108509e-01
6.2400800825e+02	8.8581109047e-01	8.9736058934e-01
6.2442771769e+02	8.8597464561e-01	8.9817454657e-01
6.2484742713e+02	8.8686108589e-01	8.9898299651e-01
6.2526713657e+02	8.8802450895e-01	8.9978560875e-01
6.2568684601e+02	8.8880789280e-01	9.0058097905e-01
6.2610655545e+02	8.8998359442e-01	9.0137097163e-01
6.2652626489e+02	8.9096838236e-01	9.0215562481e-01
6.2694597433e+02	8.9138466120e-01	9.0293497657e-01
6.2736568377e+02	8.9288061857e-01	9.0370744887e-01
6.2778539322e+02	8.9284354448e-01	9.0447412916e-01
6.2820510266e+02	8.9334994555e-01	9.0523563374e-01
6.2862481210e+02	8.9468711615e-01	9.0599199961e-01
6.2904452154e+02	8.9500224590e-01	9.0674240105e-01
6.2946423098e+02	8.9585876465e-01	9.0748640956e-01
6.2988394042e+02	8.9636880159e-01	9.0822540342e-01
6.3030364986e+02	8.9791524410e-01	9.0895941884e-01
6.3072335930e+02	8.9866864681e-01	9.0968820747e-01
6.3114306875e+02	8.9897191525e-01	9.1041017863e-01
6.3156277819e+02	9.0043592453e-01	9.1112729456e-01
6.3198248763e+02	9.0123337507e-01	9.1183959084e-01
6.3240219707e+02	9.0214556456e-01	9.1254710278e-01
6.3282190651e+02	9.0430617332e-01	9.1324779543e-01
6.3324161595e+02	9.0312433243e-01	9.1394366462e-01
6.3366132539e+02	9.0420246124e-01	9.1463487201e-01
6.3408103483e+02	9.0607988834e-01	9.1532145230e-01
6.3450074428e+02	9.0715497732e-01	9.1600162388e-01
6.3492045372e+02	9.0800237656e-01	9.1667687784e-01
6.3534016316e+02	9.0874135494e-01	9.1734762710e-01
6.3575987260e+02	9.0974551439e-01	9.1801390575e-01
6.3617958204e+02	9.1056960821e-01	9.1867403883e-01
6.3659929148e+02	9.1100680828e-01	9.1932931004e-01
6.3701900092e+02	9.1186517477e-01	9.1998023285e-01
6.3743871036e+02	9.1262263060e-01	9.2062684068e-01
6.3785841980e+02	9.1331505775e-01	9.2126742755e-01
6.3827812925e+02	9.1368681192e-01	9.2190334905e-01
6.3869783869e+02	9.1529774666e-01	9.2253507736e-01
6.3911754813e+02	9.1563916206e-01	9.2316264514e-01
6.3953725757e+02	9.1676509380e-01	9.2378418720e-01
6.3995696701e+02	9.1697835922e-01	9.2440139127e-01
6.4037667645e+02	9.1712135077e-01	9.2501455586e-01
6.4079638589e+02	9.1855096817e-01	9.2562368382e-01
6.4121609533e+02	9.1868931055e-01	9.2622671911e-01
6.4163580478e+02	9.1897833347e-01	9.2682583532e-01
6.4205551422e+02	9.2023962736e-01	9.2742106368e-01
6.4247522366e+02	9.2065358162e-01	9.2801199861e-01
6.4289493310e+02	9.2112588882e-01	9.2859742036e-01
6.4331464254e+02	9.2162990570e-01	9.2917907306e-01
6.4373435198e+02	9.2089372873e-01	9.2975698684e-01
6.4415406142e+02	9.2296952009e-01	9.3033024570e-01
6.4457377086e+02	9.2303484678e-01	9.3089867340e-01
6.4499348031e+02	9.2383038998e-01	9.3146347882e-01
6.4541318975e+02	9.2421001196e-01	9.3202469092e-01
6.4583289919e+02	9.2472511530e-01	9.3258079143e-01
6.4625260863e+02	9.2442077398e-01	9.3313283404e-01
6.4667231807e+02	9.2446738482e-01	9.3368139725e-01
6.4709202751e+02	9.2606776953e-01	9.3422634525e-01
6.4751173695e+02	9.2570221424e-01	9.3476596583e-01
6.4793144639e+02	9.2564439774e-01	9.3530221859e-01
6.4835115583e+02	9.2645007372e-01	9.3583513027e-01
6.4877086528e+02	9.2785531282e-01	9.3636377463e-01
6.4919057472e+02	9.2722761631e-01	9.3688804911e-01
6.4961028416e+02	9.2702853680e-01	9.3740909031e-01
6.5002999360e+02	9.2816245556e-01	9.3792692361e-01
6.5044970304e+02	9.2895698547e-01	9.3843976571e-01
6.5086941248e+02	9.3010288477e-01	9.3894925792e-01
6.5128912192e+02	9.3054753542e-01	9.3945564576e-01
6.5170883136e+02	9.3220502138e-01	9.3995822488e-01
6.5212854081e+02	9.3169361353e-01	9.4045648053e-01
6.5254825025e+02	9.3208259344e-01	9.4095173176e-01
6.5296795969e+02	9.3359565735e-01	9.4144400139e-01
6.5338766913e+02	9.3368107080e-01	9.4193158074e-01
6.5380737857e+02	9.3411046267e-01	9.4241599365e-01
6.5422708801e+02	9.3392825127e-01	9.4289751979e-01
6.5464679745e+02	9.3524163961e-01	9.4337535313e-01
6.5506650689e+02	9.3585181236e-01	9.4384921439e-01
6.5548621634e+02	9.3664127588e-01	9.4432027940e-01
6.5590592578e+02	9.3739777803e-01	9.4478856115e-01
6.5632563522e+02	9.3755036592e-01	9.4525214473e-01
6.5674534466e+02	9.3820643425e-01	9.4571301801e-01
6.5716505410e+02	9.3911206722e-01	9.4617120011e-01
6.5758476354e+02	9.4003665447e-01	9.4662550031e-01
6.5800447298e+02	9.3975198269e-01	9.4707643732e-01
6.5842418242e+02	9.4037777185e-01	9.4752476309e-01
6.5884389186e+02	9.4095158577e-01	9.4796995886e-01
6.5926360131e+02	9.4137072563e-01	9.4841120020e-01
6.5968331075e+02	9.4291549921e-01	9.4884990522e-01
6.6010302019e+02	9.4249308109e-01	9.4928609076e-01
6.6052272963e+02	9.4277095795e-01	9.4971792813e-01
6.6094243907e+02	9.4426673651e-01	9.5014723215e-01
6.6136214851e+02	9.4424176216e-01	9.5057408532e-01
6.6178185795e+02	9.4414675236e-01	9.5099719881e-01
6.6220156739e+02	9.4490289688e-01	9.5141730503e-01
6.6262127684e+02	9.4556391239e-01	9.5183502375e-01
6.6304098628e+02	9.4609171152e-01	9.5224954401e-01
6.6346069572e+02	9.4667571783e-01	9.5266063847e-01
6.6388040516e+02	9.4667077065e-01	9.5306940345e-01
6.6430011460e+02	9.4720417261e-01	9.5347544761e-01
6.6471982404e+02	9.4731116295e-01	9.5387769868e-01
6.6513953348e+02	9.4781816006e-01	9.5427767291e-01
6.6555924292e+02	9.4826281071e-01	9.5467534388e-01
6.6597895237e+02	9.4838601351e-01	9.5506890190e-01
6.6639866181e+02	9.4871282578e-01	9.5546023028e-01
6.6681837125e+02	9.4874906540e-01	9.5584934156e-01
6.6723808069e+02	9.4885289669e-01	9.5623461297e-01
6.6765779013e+02	9.4993495941e-01	9.5661742209e-01
6.6807749957e+02	9.5048725605e-01	9.5699805534e-01
6.6849720901e+02	9.5129489899e-01	9.5737514438e-01
6.6891691845e+02	9.5110088587e-01	9.5774954233e-01
6.6933662789e+02	9.5133870840e-01	9.5812180046e-01
6.6975633734e+02	9.5171129704e-01	9.5849075538e-01
6.7017604678e+02	9.5233786106e-01	9.5885683169e-01
6.7059575622e+02	9.5279163122e-01	9.5922079920e-01
6.7101546566e+02	9.5323240757e-01	9.5958165148e-01
6.7143517510e+02	9.5384198427e-01	9.5993947722e-01
6.7185488454e+02	9.5398968458e-01	9.6029522032e-01
6.7227459398e+02	9.5496553183e-01	9.6064798429e-01
6.7269430342e+02	9.5486485958e-01	9.6099761221e-01
6.7311401287e+02	9.5530384779e-01	9.6134517896e-01
6.7353372231e+02	9.5558786392e-01	9.6168985151e-01
6.7395343175e+02	9.5556980371e-01	9.6203131633e-01
6.7437314119e+02	9.5608884096e-01	9.6237073700e-01
6.7479285063e+02	9.5643997192e-01	9.6270729735e-01
6.7521256007e+02	9.5649725199e-01	9.6304061614e-01
6.7563226951e+02	9.5685201883e-01	9.6337190363e-01
6.7605197895e+02	9.5746701956e-01	9.6370031315e-01
6.7647168840e+02	9.5764029026e-01	9.6402548584e-01
6.7689139784e+02	9.5786041021e-01	9.6434863616e-01
6.7731110728e+02	9.5842802525e-01	9.6466883837e-01
6.7773081672e+02	9.5860320330e-01	9.6498584830e-01
6.7815052616e+02	9.5950490236e-01	9.6530084123e-01
6.7857023560e+02	9.5984041691e-01	9.6561276179e-01
6.7898994504e+02	9.6011400223e-01	9.6592157644e-01
6.7940965448e+02	9.6032905579e-01	9.6622837620e-01
6.7982936392e+02	9.6009892225e-01	9.6653192309e-01
6.8024907337e+02	9.6121633053e-01	9.6683249479e-01
6.8066878281e+02	9.6166682243e-01	9.6713105085e-01
6.8108849225e+02	9.6159625053e-01	9.6742611455e-01
6.8150820169e+02	9.6189713478e-01	9.6771838143e-01
6.8192791113e+02	9.6212941408e-01	9.6800862938e-01
6.8234762057e+02	9.6255499125e-01	9.6829508323e-01
6.8276733001e+02	9.6271890402e-01	9.6857897007e-01
6.8318703945e+02	9.6307229996e-01	9.6886083258e-01
6.8360674890e+02	9.6300548315e-01	9.6913853320e-01
6.8402645834e+02	9.6351134777e-01	9.6941395250e-01
6.8444616778e+02	9.6365886927e-01	9.6968721766e-01
6.8486587722e+02	9.6435469389e-01	9.6995612815e-01
6.8528558666e+02	9.6426576376e-01	9.7022298119e-01
6.8570529610e+02	9.6458220482e-01	9.7048724789e-01
6.8612500554e+02	9.6526294947e-01	9.7074749418e-01
6.8654471498e+02	9.6498346329e-01	9.7100567213e-01
6.8696442443e+02	9.6561849117e-01	9.7126075777e-01
6.8738413387e+02	9.6585398912e-01	9.7151222277e-01
6.8780384331e+02	9.6583187580e-01	9.7176160791e-01
6.8822355275e+02	9.6610414982e-01	9.7200731547e-01
6.8864326219e+02	9.6667230129e-01	9.7224987403e-01
6.8906297163e+02	9.6694505215e-01	9.7249034093e-01
6.8948268107e+02	9.6692007780e-01	9.7272645995e-01
6.8990239051e+02	9.6720004082e-01	9.7295998006e-01
6.9032209995e+02	9.6781545877e-01	9.7319122193e-01
6.9074180940e+02	9.6761369705e-01	9.7341770436e-01
6.9116151884e+02	9.6794474125e-01	9.7364204848e-01
6.9158122828e+02	9.6845644712e-01	9.7386336304e-01
6.9200093772e+02	9.6853101254e-01	9.7408053978e-01
6.9242064716e+02	9.6885555983e-01	9.7429556612e-01
6.9284035660e+02	9.6904480457e-01	9.7450671384e-01
6.9326006604e+02	9.6938353777e-01	9.7471443900e-01
6.9367977548e+02	9.6917647123e-01	9.7492000276e-01
6.9409948493e+02	9.6958464384e-01	9.7512073467e-01
6.9451919437e+02	9.6978062391e-01	9.7531886034e-01
6.9493890381e+02	9.7017002106e-01	9.7551428839e-01
6.9535861325e+02	9.7018110752e-01	9.7570487408e-01
6.9577832269e+02	9.7011917830e-01	9.7589325169e-01
6.9619803213e+02	9.7061812878e-01	9.7607787572e-01
6.9661774157e+02	9.7079694271e-01	9.7625857290e-01
6.9703745101e+02	9.7096788883e-01	9.7643705444e-01
6.9745716046e+02	9.7114771605e-01	9.7661060803e-01
6.9787686990e+02	9.7132593393e-01	9.7678126830e-01
6.9829657934e+02	9.7126322985e-01	9.7694918539e-01
6.9871628878e+02	9.7142606974e-01	9.7711192009e-01
6.9913599822e+02	9.7190701962e-01	9.7727239783e-01
6.9955570766e+02	9.7196948528e-01	9.7742883749e-01
6.9997541710e+02	9.7251576185e-01	9.7758124992e-01
7.0039512654e+02	9.7242951393e-01	9.7773140354e-01
7.0081483598e+02	9.7249472141e-01	9.7787609204e-01
7.0123454543e+02	9.7261297703e-01	9.7801804293e-01
7.0165425487e+02	9.7262412310e-01	9.7815675321e-01
7.0207396431e+02	9.7293269634e-01	9.7829039974e-01
7.0249367375e+02	9.7308117151e-01	9.7842175590e-01
7.0291338319e+02	9.7320073843e-01	9.7854830544e-01
7.0333309263e+02	9.7329252958e-01	9.7867122559e-01
7.0375280207e+02	9.7355854511e-01	9.7879159339e-01
7.0417251151e+02	9.7365719080e-01	9.7890598012e-01
7.0459222096e+02	9.7381150723e-01	9.7901805279e-01
7.0501193040e+02	9.7376573086e-01	9.7912585726e-01
7.0543163984e+02	9.7385549545e-01	9.7922927350e-01
7.0585134928e+02	9.7375667095e-01	9.7933038647e-01
7.0627105872e+02	9.7429978848e-01	9.7942536646e-01
7.0669076816e+02	9.7431445122e-01	9.7951770663e-01
7.0711047760e+02	9.7450947762e-01	9.7960617894e-01
7.0753018704e+02	9.7437375784e-01	9.7968965988e-01
7.0794989649e+02	9.7443932295e-01	9.7977082889e-01
7.0836960593e+02	9.7483384609e-01	9.7984610108e-01
7.0878931537e+02	9.7462886572e-01	9.7991830748e-01
7.0920902481e+02	9.7464853525e-01	9.7998689010e-01
7.0962873425e+02	9.7479939461e-01	9.8005005675e-01
7.1004844369e+02	9.7483646870e-01	9.8011091350e-01
7.1046815313e+02	9.7492754459e-01	9.8016594609e-01
7.1088786257e+02	9.7522151470e-01	9.8021767526e-01
7.1130757201e+02	9.7517800331e-01	9.8026585108e-01
7.1172728146e+02	9.7529524565e-01	9.8030838664e-01
7.1214699090e+02	9.7508221865e-01	9.8034862566e-01
7.1256670034e+02	9.7407519817e-01	9.8038293463e-01
7.1298640978e+02	9.7402757406e-01	9.8041391010e-01
7.1340611922e+02	9.7409230471e-01	9.8044121349e-01
7.1382582866e+02	9.7415232658e-01	9.8046287226e-01
7.1424553810e+02	9.7444915771e-01	9.8048225944e-01
7.1466524754e+02	9.7424590588e-01	9.8049541963e-01
7.1508495699e+02	9.7454166412e-01	9.8050544016e-01
7.1550466643e+02	9.7443491220e-01	9.8051146805e-01
7.1592437587e+02	9.7481524944e-01	9.8051208323e-01
7.1634408531e+02	9.7471207380e-01	9.8051046321e-01
7.1676379475e+02	9.7484743595e-01	9.8050211944e-01
7.1718350419e+02	9.7482478619e-01	9.8049106593e-01
7.1760321363e+02	9.7453439236e-01	9.8047548892e-01
7.1802292307e+02	9.7485822439e-01	9.8045497914e-01
7.1844263252e+02	9.7468668222e-01	9.8043214158e-01
7.1886234196e+02	9.7480469942e-01	9.8040215946e-01
7.1928205140e+02	9.7463822365e-01	9.8037000070e-01
7.1970176084e+02	9.7489035130e-01	9.8033257385e-01
7.2012147028e+02	9.7486817837e-01	9.8029094836e-01
7.2054117972e+02	9.7483223677e-01	9.8024619993e-01
7.2096088916e+02	9.7499233484e-01	9.8019510931e-01
7.2138059860e+02	9.7494262457e-01	9.8014190619e-01
7.2180030804e+02	9.7483134270e-01	9.8008247957e-01
7.2222001749e+02	9.7488993406e-01	9.8001984198e-01
7.2263972693e+02	9.7488152981e-01	9.7995306667e-01
7.2305943637e+02	9.7502088547e-01	9.7988101484e-01
7.2347914581e+02	9.7506564856e-01	9.7980688990e-01
7.2389885525e+02	9.7458207607e-01	9.7972545189e-01
7.2431856469e+02	9.7481966019e-01	9.7964200233e-01
7.2473827413e+02	9.7473180294e-01	9.7955319241e-01
7.2515798357e+02	9.7478049994e-01	9.7946042464e-01
7.2557769302e+02	9.7474116087e-01	9.7936428820e-01
7.2599740246e+02	9.7466361523e-01	9.7926224996e-01
7.2641711190e+02	9.7451865673e-01	9.7915828574e-01
7.2683682134e+02	9.7461491823e-01	9.7904755098e-01
7.2725653078e+02	9.7442877293e-01	9.7893441051e-01
7.2767624022e+02	9.7462213039e-01	9.7881641341e-01
7.2809594966e+02	9.7422510386e-01	9.7869416460e-01
7.2851565910e+02	9.7453474998e-01	9.7856893613e-01
7.2893536855e+02	9.7407543659e-01	9.7843765534e-01
7.2935507799e+02	9.7447633743e-01	9.7830458185e-01
7.2977478743e+02	9.7422260046e-01	9.7816500350e-01
7.3019449687e+02	9.7414082289e-01	9.7802303019e-01
7.3061420631e+02	9.7390645742e-01	9.7787634347e-01
7.3103391575e+02	9.7394335270e-01	9.7772556713e-01
7.3145362519e+02	9.7367787361e-01	9.7757182332e-01
7.3187333463e+02	9.7402656078e-01	9.7741234934e-01
7.3229304407e+02	9.7358298302e-01	9.7725123034e-01
7.3271275352e+02	9.7340166569e-01	9.7708354732e-01
7.3313246296e+02	9.7362387180e-01	9.7691389990e-01
7.3355217240e+02	9.7301912308e-01	9.7673934550e-01
7.3397188184e+02	9.7307372093e-01	9.7656129538e-01
7.3439159128e+02	9.7305989265e-01	9.7637994232e-01
7.3481130072e+02	9.7307682037e-01	9.7619362371e-01
7.3523101016e+02	9.7285062075e-01	9.7600555026e-01
7.3565071960e+02	9.7258859873e-01	9.7581110589e-01
7.3607042905e+02	9.7250777483e-01	9.7561523412e-01
7.3649013849e+02	9.7255039215e-01	9.7541397691e-01
7.3690984793e+02	9.7233814001e-01	9.7521019512e-01
7.3732955737e+02	9.7247630358e-01	9.7500248581e-01
7.3774926681e+02	9.7207897902e-01	9.7479095630e-01
7.3816897625e+02	9.7184133530e-01	9.7457689563e-01
7.3858868569e+02	9.7182863951e-01	9.7435778895e-01
7.3900839513e+02	9.7170388699e-01	9.7413741654e-01
7.3942810458e+02	9.7150021791e-01	9.7391097825e-01
7.3984781402e+02	9.7157895565e-01	9.7368327626e-01
7.4026752346e+02	9.7131055593e-01	9.7345082322e-01
7.4068723290e+02	9.7127759457e-01	9.7321598067e-01
7.4110694234e+02	9.7073090076e-01	9.7297763659e-01
7.4152665178e+02	9.7081989050e-01	9.7273585038e-01
7.4194636122e+02	9.7092717886e-01	9.7249174476e-01
7.4236607066e+02	9.7046095133e-01	9.7224321950e-01
7.4278578010e+02	9.7035980225e-01	9.7199348764e-01
7.4320548955e+02	9.7071880102e-01	9.7173843557e-01
7.4362519899e+02	9.7034102678e-01	9.7148241470e-01
7.4404490843e+02	9.7000765800e-01	9.7122185935e-01
7.4446461787e+02	9.6979707479e-01	9.7095960576e-01
7.4488432731e+02	9.6974819899e-01	9.7069386471e-01
7.4530403675e+02	9.6964722872e-01	9.7042560680e-01
7.4572374619e+02	9.6927994490e-01	9.7015483845e-01
7.4614345563e+02	9.6910613775e-01	9.6988081165e-01
7.4656316508e+02	9.6890276670e-01	9.6960518010e-01
7.4698287452e+02	9.6875721216e-01	9.6932562665e-01
7.4740258396e+02	9.6867966652e-01	9.6904530174e-01
7.4782229340e+02	9.6882253885e-01	9.6876047055e-01
7.4824200284e+02	9.6862405539e-01	9.6847495364e-01
7.4866171228e+02	9.6840143204e-01	9.6818577420e-01
7.4908142172e+02	9.6803301573e-01	9.6789530974e-01
7.4950113116e+02	9.6793860197e-01	9.6760198038e-01
7.4992084061e+02	9.6779960394e-01	9.6730683047e-01
7.5034055005e+02	9.6746808290e-01	9.6700954354e-01
7.5076025949e+02	9.6732372046e-01	9.6670997616e-01
7.5117996893e+02	9.6730977297e-01	9.6640892952e-01
7.5159967837e+02	9.6718728542e-01	9.6610521833e-01
7.5201938781e+02	9.6703511477e-01	9.6580061532e-01
7.5243909725e+02	9.6670091152e-01	9.6549303944e-01
7.5285880669e+02	9.6649563313e-01	9.6518501674e-01
7.5327851613e+02	9.6612405777e-01	9.6487393256e-01
7.5369822558e+02	9.6591013670e-01	9.6456239945e-01
7.5411793502e+02	9.6594053507e-01	9.6424840114e-01
7.5453764446e+02	9.6557116508e-01	9.6393364649e-01
7.5495735390e+02	9.6552801132e-01	9.6361695865e-01
7.5537706334e+02	9.6537190676e-01	9.6329927592e-01
7.5579677278e+02	9.6510136127e-01	9.6298012832e-01
7.5621648222e+02	9.6480375528e-01	9.6265981532e-01
7.5663619166e+02	9.6484351158e-01	9.6233844279e-01
7.5705590111e+02	9.6468186378e-01	9.6201580144e-01
7.5747561055e+02	9.6428716183e-01	9.6169244382e-01
7.5789531999e+02	9.6422874928e-01	9.6136777987e-01
7.5831502943e+02	9.6392452717e-01	9.6104268193e-01
7.5873473887e+02	9.6358770132e-01	9.6071630475e-01
7.5915444831e+02	9.6343594790e-01	9.6038971605e-01
7.5957415775e+02	9.6329766512e-01	9.6006193838e-01
7.5999386719e+02	9.6276533604e-01	9.5973405348e-01
7.6041357664e+02	9.6292448044e-01	9.5940525088e-01
7.6083328608e+02	9.6250283718e-01	9.5907633643e-01
7.6125299552e+02	9.6251302958e-01	9.5874681989e-01
7.6167270496e+02	9.6190875769e-01	9.5841719267e-01
7.6209241440e+02	9.6180927753e-01	9.5808723017e-01
7.6251212384e+02	9.6173959970e-01	9.5775720938e-01
7.6293183328e+02	9.6145206690e-01	9.5742707324e-01
7.6335154272e+02	9.6113252640e-01	9.5709698025e-01
7.6377125216e+02	9.6098804474e-01	9.5676694705e-01
7.6419096161e+02	9.6061861515e-01	9.5643710513e-01
7.6461067105e+02	9.6048212051e-01	9.5610745561e-01
7.6503038049e+02	9.6029436588e-01	9.5577818968e-01
7.6545008993e+02	9.6005070210e-01	9.5544920858e-01
7.6586979937e+02	9.5974260569e-01	9.5512084496e-01
7.6628950881e+02	9.5947694778e-01	9.5479282096e-01
7.6670921825e+02	9.5933318138e-01	9.5446568710e-01
7.6712892769e+02	9.5905494690e-01	9.5413891268e-01
7.6754863714e+02	9.5886266232e-01	9.5381333691e-01
7.6796834658e+02	9.5865058899e-01	9.5348810826e-01
7.6838805602e+02	9.5826143026e-01	9.5316441951e-01
7.6880776546e+02	9.5830541849e-01	9.5284103638e-01
7.6922747490e+02	9.5791584253e-01	9.5251956399e-01
7.6964718434e+02	9.5736724138e-01	9.5219832958e-01
7.7006689378e+02	9.5736837387e-01	9.5187940298e-01
7.7048660322e+02	9.5704776049e-01	9.5156062381e-01
7.7090631267e+02	9.5676887035e-01	9.5124457231e-01
7.7132602211e+02	9.5654261112e-01	9.5092864704e-01
7.7174573155e+02	9.5628994703e-01	9.5061571064e-01
7.7216544099e+02	9.5586615801e-01	9.5030300194e-01
7.7258515043e+02	9.5575815439e-01	9.4999345908e-01
7.7300485987e+02	9.5548862219e-01	9.4968429157e-01
7.7342456931e+02	9.5520973206e-01	9.4937846083e-01
7.7384427875e+02	9.5529663563e-01	9.4907315814e-01
7.7426398819e+02	9.5474398136e-01	9.4877136076e-01
7.7468369764e+02	9.5424669981e-01	9.4847024532e-01
7.7510340708e+02	9.5381325483e-01	9.4817280512e-01
7.7552311652e+02	9.5345383883e-01	9.4787619792e-01
7.7594282596e+02	9.5320099592e-01	9.4758344110e-01
7.7636253540e+02	9.5321226120e-01	9.4729166145e-01
7.7678224484e+02	9.5327097178e-01	9.4700391651e-01
7.7720195428e+02	9.5276826620e-01	9.4671728183e-01
7.7762166372e+02	9.5263677835e-01	9.4643487939e-01
7.7804137317e+02	9.5209532976e-01	9.4615370499e-01
7.7846108261e+02	9.5173311234e-01	9.4587697766e-01
7.7888079205e+02	9.5131582022e-01	9.4560157649e-01
7.7930050149e+02	9.5118004084e-01	9.4533085875e-01
7.7972021093e+02	9.5087957382e-01	9.4506154123e-01
7.8013992037e+02	9.5044052601e-01	9.4479716925e-01
7.8055962981e+02	9.5015704632e-01	9.4453424305e-01
7.8097933925e+02	9.5006400347e-01	9.4427655457e-01
7.8139904870e+02	9.4974094629e-01	9.4402032438e-01
7.8181875814e+02	9.4914168119e-01	9.4376965856e-01
7.8223846758e+02	9.4903022051e-01	9.4352042593e-01
7.8265817702e+02	9.4864171743e-01	9.4327712318e-01
7.8307788646e+02	9.4851684570e-01	9.4303518629e-01
7.8349759590e+02	9.4804722071e-01	9.4279958817e-01
7.8391730534e+02	9.4800394773e-01	9.4256524167e-01
7.8433701478e+02	9.4742405415e-01	9.4233769067e-01
7.8475672422e+02	9.4677013159e-01	9.4211122548e-01
7.8517643367e+02	9.4671142101e-01	9.4189206494e-01
7.8559614311e+02	9.4622957706e-01	9.4167376808e-01
7.8601585255e+02	9.4557970762e-01	9.4146334198e-01
7.8643556199e+02	9.4564467669e-01	9.4125349638e-01
7.8685527143e+02	9.4491314888e-01	9.4105214923e-01
7.8727498087e+02	9.4483757019e-01	9.4085103360e-01
7.8769469031e+02	9.4447606802e-01	9.4065911027e-01
7.8811439975e+02	9.4430458546e-01	9.4046718693e-01
7.8853410920e+02	9.4352328777e-01	9.4028484444e-01
7.8895381864e+02	9.4330984354e-01	9.4010268999e-01
7.8937352808e+02	9.4263511896e-01	9.3992996660e-01
7.8979323752e+02	9.4242006540e-01	9.3975792616e-01
7.9021294696e+02	9.4147306681e-01	9.3959508678e-01
7.9063265640e+02	9.4145858288e-01	9.3943350536e-01
7.9105236584e+02	9.4154661894e-01	9.3928080993e-01
7.9147207528e+02	9.4107699394e-01	9.3913003228e-01
7.9189178473e+02	9.4085049629e-01	9.3898773555e-01
7.9231149417e+02	9.4009405375e-01	9.3884810602e-01
7.9273120361e+02	9.3941974640e-01	9.3871645750e-01
7.9315091305e+02	9.3908399343e-01	9.3858831985e-01
7.9357062249e+02	9.3884348869e-01	9.3846756365e-01
7.9399033193e+02	9.3860691786e-01	9.3835126092e-01
7.9441004137e+02	9.3824970722e-01	9.3824163565e-01
7.9482975081e+02	9.3758231401e-01	9.3813751000e-01
7.9524946025e+02	9.3683189154e-01	9.3803924865e-01
7.9566916970e+02	9.3655395508e-01	9.3794764118e-01
7.9608887914e+02	9.3626564741e-01	9.3786097105e-01
7.9650858858e+02	9.3540865183e-01	9.3778222168e-01
7.9692829802e+02	9.3489819765e-01	9.3770736424e-01
7.9734800746e+02	9.3479645252e-01	9.3764181155e-01
7.9776771690e+02	9.3386495113e-01	9.3757898238e-01
7.9818742634e+02	9.3412119150e-01	9.3752696344e-01
7.9860713578e+02	9.3314635754e-01	9.3747637217e-01
7.9902684523e+02	9.3269026279e-01	9.3743822239e-01
7.9944655467e+02	9.3174827099e-01	9.3740007261e-01
