wavelength_nm	ideal_target_transmittance	cvae_target_transmittance	tandem_response_transmittance
3.7973711347e+02	8.4154880047e-01	9.4159406424e-01	9.3699711561e-01
3.8015682291e+02	8.3841234446e-01	9.4416761398e-01	9.4074690342e-01
3.8057653235e+02	8.3518552780e-01	9.4640690088e-01	9.4422113895e-01
3.8099624179e+02	8.3186519146e-01	9.4830751419e-01	9.4735598564e-01
3.8141595123e+02	8.2844787836e-01	9.4977289438e-01	9.5008355379e-01
3.8183566067e+02	8.2493013144e-01	9.5086163282e-01	9.5240789652e-01
3.8225537011e+02	8.2130825520e-01	9.5144534111e-01	9.5434570312e-01
3.8267507956e+02	8.1757849455e-01	9.5184248686e-01	9.5568877459e-01
3.8309478900e+02	8.1373685598e-01	9.5178949833e-01	9.5647561550e-01
3.8351449844e+02	8.0977922678e-01	9.5143336058e-01	9.5691972971e-01
3.8393420788e+02	8.0570131540e-01	9.5075571537e-01	9.5694929361e-01
3.8435391732e+02	8.0149877071e-01	9.4984924793e-01	9.5661938190e-01
3.8477362676e+02	7.9716682434e-01	9.4847381115e-01	9.5572263002e-01
3.8519333620e+02	7.9270082712e-01	9.4693571329e-01	9.5468378067e-01
3.8561304564e+02	7.8809565306e-01	9.4506543875e-01	9.5323467255e-01
3.8603275508e+02	7.8334617615e-01	9.4277274609e-01	9.5177167654e-01
3.8645246453e+02	7.7844697237e-01	9.4029986858e-01	9.4963765144e-01
3.8687217397e+02	7.7339249849e-01	9.3744736910e-01	9.4738101959e-01
3.8729188341e+02	7.6817691326e-01	9.3425476551e-01	9.4490760565e-01
3.8771159285e+02	7.6279419661e-01	9.3090575933e-01	9.4223624468e-01
3.8813130229e+02	7.5723814964e-01	9.2717045546e-01	9.3920707703e-01
3.8855101173e+02	7.5150233507e-01	9.2309457064e-01	9.3599027395e-01
3.8897072117e+02	7.4558001757e-01	9.1874164343e-01	9.3230116367e-01
3.8939043061e+02	7.3946434259e-01	9.1458827257e-01	9.2862534523e-01
3.8981014006e+02	7.3314815760e-01	9.1007548571e-01	9.2451041937e-01
3.9022984950e+02	7.2662407160e-01	9.0482515097e-01	9.1991746426e-01
3.9064955894e+02	7.1988457441e-01	8.9946377277e-01	9.1533541679e-01
3.9106926838e+02	7.1292179823e-01	8.9397972822e-01	9.1034519672e-01
3.9148897782e+02	7.0572769642e-01	8.8822329044e-01	9.0509843826e-01
3.9190868726e+02	6.9829416275e-01	8.8208812475e-01	8.9917880297e-01
3.9232839670e+02	6.9061273336e-01	8.7577688694e-01	8.9337021112e-01
3.9274810614e+02	6.8267476559e-01	8.6925327778e-01	8.8715654612e-01
3.9316781559e+02	6.7447155714e-01	8.6193698645e-01	8.8057005405e-01
3.9358752503e+02	6.6599416733e-01	8.5547506809e-01	8.7337261438e-01
3.9400723447e+02	6.5723365545e-01	8.4791833162e-01	8.6594176292e-01
3.9442694391e+02	6.4818090200e-01	8.4039348364e-01	8.5873526335e-01
3.9484665335e+02	6.3882684708e-01	8.3227014542e-01	8.5083699226e-01
3.9526636279e+02	6.2916231155e-01	8.2409793139e-01	8.4244912863e-01
3.9568607223e+02	6.1917835474e-01	8.1560170650e-01	8.3365112543e-01
3.9610578167e+02	6.0886603594e-01	8.0666983128e-01	8.2472640276e-01
3.9652549111e+02	5.9821665287e-01	7.9781049490e-01	8.1552422047e-01
3.9694520056e+02	5.8722180128e-01	7.8789448738e-01	8.0547797680e-01
3.9736491000e+02	5.7587343454e-01	7.7800798416e-01	7.9544311762e-01
3.9778461944e+02	5.6416410208e-01	7.6879298687e-01	7.8473776579e-01
3.9820432888e+02	5.5208688974e-01	7.5848180056e-01	7.7415335178e-01
3.9862403832e+02	5.3963571787e-01	7.4798017740e-01	7.6295733452e-01
3.9904374776e+02	5.2680534124e-01	7.3575979471e-01	7.4888503551e-01
3.9946345720e+02	5.1359164715e-01	7.2438043356e-01	7.3701930046e-01
3.9988316664e+02	4.9999195337e-01	7.1263992786e-01	7.2494798899e-01
4.0030287609e+02	4.8600491881e-01	7.0021271706e-01	7.1197074652e-01
4.0072258553e+02	4.7163107991e-01	6.8842375278e-01	6.9894397259e-01
4.0114229497e+02	4.5687296987e-01	6.7504197359e-01	6.8577790260e-01
4.0156200441e+02	4.4173535705e-01	6.6216319799e-01	6.7198413610e-01
4.0198171385e+02	4.2622566223e-01	6.4788734913e-01	6.5752291679e-01
4.0240142329e+02	4.1035425663e-01	6.3416159153e-01	6.4335143566e-01
4.0282113273e+02	3.9413470030e-01	6.2069994211e-01	6.2673300505e-01
4.0324084217e+02	3.7758421898e-01	6.0514700413e-01	6.1120903492e-01
4.0366055162e+02	3.6072397232e-01	5.8790528774e-01	5.9484183788e-01
4.0408026106e+02	3.4357947111e-01	5.7060354948e-01	5.7791972160e-01
4.0449997050e+02	3.2618084550e-01	5.5308312178e-01	5.5943989754e-01
4.0491967994e+02	3.0856338143e-01	5.2887254953e-01	5.4126942158e-01
4.0533938938e+02	2.9076758027e-01	5.2211451530e-01	5.2268612385e-01
4.0575909882e+02	2.7283969522e-01	5.0391954184e-01	5.0349706411e-01
4.0617880826e+02	2.5483173132e-01	4.8703268170e-01	4.8372632265e-01
4.0659851770e+02	2.3680187762e-01	4.6999353170e-01	4.6383669972e-01
4.0701822714e+02	2.1881429851e-01	4.4987824559e-01	4.4406771660e-01
4.0743793659e+02	2.0093934238e-01	4.3124344945e-01	4.2336869240e-01
4.0785764603e+02	1.8325331807e-01	4.1212862730e-01	4.0270626545e-01
4.0827735547e+02	1.6583816707e-01	3.9315661788e-01	3.8211169839e-01
4.0869706491e+02	1.4878116548e-01	3.7405464053e-01	3.6159959435e-01
4.0911677435e+02	1.3217420876e-01	3.5496628284e-01	3.4079405665e-01
4.0953648379e+02	1.1611311883e-01	3.3606240153e-01	3.1999078393e-01
4.0995619323e+02	1.0069662333e-01	3.1675660610e-01	2.9970780015e-01
4.1037590267e+02	8.6025312543e-02	2.9906630516e-01	2.7953219414e-01
4.1079561212e+02	7.2200275958e-02	2.8070577979e-01	2.5975656509e-01
4.1121532156e+02	5.9321701527e-02	2.6226335764e-01	2.4073898792e-01
4.1163503100e+02	4.7487273812e-02	2.4454978108e-01	2.2253513336e-01
4.1205474044e+02	3.6790549755e-02	2.2920435667e-01	2.0471303165e-01
4.1247444988e+02	2.7319265530e-02	2.1453231573e-01	1.8824908137e-01
4.1289415932e+02	1.9153632224e-02	1.9916294515e-01	1.7252355814e-01
4.1331386876e+02	1.2364737689e-02	1.8448510766e-01	1.5854360163e-01
4.1373357820e+02	7.0130387321e-03	1.7178845406e-01	1.4567218721e-01
4.1415328765e+02	3.1470453832e-03	1.6218586266e-01	1.3438704610e-01
4.1457299709e+02	8.0223410623e-04	1.5286751091e-01	1.2469106168e-01
4.1499270653e+02	2.3422762752e-07	1.4576067030e-01	1.1687199771e-01
4.1541241597e+02	7.4832519749e-04	1.4147602022e-01	1.1103173345e-01
4.1583212541e+02	3.0392652843e-03	1.4325293899e-01	1.0726746917e-01
4.1625183485e+02	6.8514584564e-03	1.2561564147e-01	1.0522896051e-01
4.1667154429e+02	1.2149452232e-02	1.3849617541e-01	1.0624610633e-01
4.1709125373e+02	1.8884748220e-02	1.4107766747e-01	1.1047720909e-01
4.1751096317e+02	2.6996884495e-02	1.4665266871e-01	1.1654832959e-01
4.1793067262e+02	3.6414753646e-02	1.5372872353e-01	1.2600353360e-01
4.1835038206e+02	4.7058098018e-02	1.6589576006e-01	1.3797537982e-01
4.1877009150e+02	5.8839127421e-02	1.7912735045e-01	1.5292751789e-01
4.1918980094e+02	7.1664199233e-02	1.9634141028e-01	1.7125990987e-01
4.1960951038e+02	8.5435532033e-02	2.1604511142e-01	1.9131757319e-01
4.2002921982e+02	1.0005283356e-01	2.3653745651e-01	2.1386329830e-01
4.2044892926e+02	1.1541488022e-01	2.5822436810e-01	2.3784756660e-01
4.2086863870e+02	1.3142096996e-01	2.8420010209e-01	2.6531866193e-01
4.2128834815e+02	1.4797221124e-01	3.0682680011e-01	2.8857627511e-01
4.2170805759e+02	1.6497266293e-01	3.3058920503e-01	3.1424677372e-01
4.2212776703e+02	1.8233026564e-01	3.5465925932e-01	3.3946132660e-01
4.2254747647e+02	1.9995765388e-01	3.7432879210e-01	3.6410659552e-01
4.2296718591e+02	2.1777273715e-01	3.9727306366e-01	3.8795098662e-01
4.2338689535e+02	2.3569907248e-01	4.1795915365e-01	4.1075217724e-01
4.2380660479e+02	2.5366625190e-01	4.3976670504e-01	4.3236833811e-01
4.2422631423e+02	2.7160993218e-01	4.5710021257e-01	4.5345699787e-01
4.2464602368e+02	2.8947192430e-01	4.7529575229e-01	4.7366842628e-01
4.2506573312e+02	3.0720013380e-01	4.9176609516e-01	4.9263566732e-01
4.2548544256e+02	3.2474824786e-01	5.0746697187e-01	5.1020902395e-01
4.2590515200e+02	3.4207567573e-01	5.2392166853e-01	5.2768945694e-01
4.2632486144e+02	3.5914716125e-01	5.3993815184e-01	5.4362750053e-01
4.2674457088e+02	3.7593254447e-01	5.5380946398e-01	5.5935233831e-01
4.2716428032e+02	3.9240628481e-01	5.6662619114e-01	5.7384991646e-01
4.2758398976e+02	4.0854722261e-01	5.7967710495e-01	5.8743160963e-01
4.2800369920e+02	4.2433816195e-01	5.9174764156e-01	6.0050684214e-01
4.2842340865e+02	4.3976554275e-01	6.0256767273e-01	6.1311835051e-01
4.2884311809e+02	4.5481905341e-01	6.1142128706e-01	6.2556928396e-01
4.2926282753e+02	4.6949130297e-01	6.1627960205e-01	6.3634443283e-01
4.2968253697e+02	4.8377746344e-01	6.3165372610e-01	6.4731192589e-01
4.3010224641e+02	4.9767515063e-01	6.3604414463e-01	6.5756458044e-01
4.3052195585e+02	5.1118379831e-01	6.4835602045e-01	6.6676163673e-01
4.3094166529e+02	5.2430480719e-01	6.6298627853e-01	6.7555367947e-01
4.3136137473e+02	5.3704094887e-01	6.7133104801e-01	6.8406820297e-01
4.3178108418e+02	5.4939639568e-01	6.8107968569e-01	6.9249671698e-01
4.3220079362e+02	5.6137633324e-01	6.8945056200e-01	7.0026141405e-01
4.3262050306e+02	5.7298690081e-01	6.9825237989e-01	7.0781296492e-01
4.3304021250e+02	5.8423513174e-01	7.0535200834e-01	7.1443933249e-01
4.3345992194e+02	5.9512853622e-01	7.1219426394e-01	7.2040677071e-01
4.3387963138e+02	6.0567516088e-01	7.1890252829e-01	7.2680175304e-01
4.3429934082e+02	6.1588340998e-01	7.2483223677e-01	7.3240172863e-01
4.3471905026e+02	6.2576210499e-01	7.3088037968e-01	7.3776596785e-01
4.3513875971e+02	6.3532018661e-01	7.3700881004e-01	7.4227339029e-01
4.3555846915e+02	6.4456659555e-01	7.4252897501e-01	7.4759417772e-01
4.3597817859e+02	6.5351063013e-01	7.4742633104e-01	7.5182837248e-01
4.3639788803e+02	6.6216129065e-01	7.5263625383e-01	7.5638294220e-01
4.3681759747e+02	6.7052781582e-01	7.5757038593e-01	7.6086354256e-01
4.3723730691e+02	6.7861914635e-01	7.6226288080e-01	7.6542741060e-01
4.3765701635e+02	6.8644416332e-01	7.6742887497e-01	7.6967984438e-01
4.3807672579e+02	6.9401174784e-01	7.7218776941e-01	7.7374404669e-01
4.3849643523e+02	7.0133048296e-01	7.7675747871e-01	7.7835720778e-01
4.3891614468e+02	7.0840877295e-01	7.8140693903e-01	7.8286075592e-01
4.3933585412e+02	7.1525490284e-01	7.8590387106e-01	7.8685206175e-01
4.3975556356e+02	7.2187691927e-01	7.9035401344e-01	7.9116731882e-01
4.4017527300e+02	7.2828251123e-01	7.9451751709e-01	7.9537832737e-01
4.4059498244e+02	7.3447942734e-01	7.9849225283e-01	7.9956263304e-01
4.4101469188e+02	7.4047499895e-01	8.0234205723e-01	8.0386334658e-01
4.4143440132e+02	7.4627631903e-01	8.0627036095e-01	8.0775386095e-01
4.4185411076e+02	7.5189030170e-01	8.1005758047e-01	8.1193804741e-01
4.4227382021e+02	7.5732368231e-01	8.1374204159e-01	8.1562995911e-01
4.4269352965e+02	7.6258295774e-01	8.1654989719e-01	8.1926977634e-01
4.4311323909e+02	7.6767426729e-01	8.2007277012e-01	8.2356172800e-01
4.4353294853e+02	7.7260369062e-01	8.2165271044e-01	8.2716012001e-01
4.4395265797e+02	7.7737694979e-01	8.2403653860e-01	8.3106571436e-01
4.4437236741e+02	7.8199976683e-01	8.2461696863e-01	8.3469426632e-01
4.4479207685e+02	7.8647744656e-01	8.2956159115e-01	8.3728396893e-01
4.4521178629e+02	7.9081517458e-01	8.3129370213e-01	8.4076166153e-01
4.4563149574e+02	7.9501801729e-01	8.3599948883e-01	8.4370660782e-01
4.4605120518e+02	7.9909068346e-01	8.3827477694e-01	8.4638851881e-01
4.4647091462e+02	8.0303782225e-01	8.4027719498e-01	8.4883314371e-01
4.4689062406e+02	8.0686384439e-01	8.4265804291e-01	8.5169035196e-01
4.4731033350e+02	8.1057316065e-01	8.4547901154e-01	8.5338455439e-01
4.4773004294e+02	8.1416970491e-01	8.4754425287e-01	8.5578006506e-01
4.4814975238e+02	8.1765753031e-01	8.4968483448e-01	8.5802435875e-01
4.4856946182e+02	8.2104039192e-01	8.5180073977e-01	8.5986781120e-01
4.4898917126e+02	8.2432192564e-01	8.5413104296e-01	8.6205399036e-01
4.4940888071e+02	8.2750564814e-01	8.5648733377e-01	8.6398160458e-01
4.4982859015e+02	8.3059495687e-01	8.5854876041e-01	8.6584925652e-01
4.5024829959e+02	8.3359307051e-01	8.6047774553e-01	8.6757862568e-01
4.5066800903e+02	8.3650308847e-01	8.6275887489e-01	8.6916393042e-01
4.5108771847e+02	8.3932793140e-01	8.6495912075e-01	8.7080878019e-01
4.5150742791e+02	8.4207057953e-01	8.6681711674e-01	8.7267029285e-01
4.5192713735e+02	8.4473371506e-01	8.6903959513e-01	8.7444478273e-01
4.5234684679e+02	8.4732002020e-01	8.7097424269e-01	8.7638634443e-01
4.5276655624e+02	8.4983205795e-01	8.7296146154e-01	8.7766426802e-01
4.5318626568e+02	8.5227221251e-01	8.7511801720e-01	8.7970125675e-01
4.5360597512e+02	8.5464286804e-01	8.7720686197e-01	8.8121557236e-01
4.5402568456e+02	8.5694628954e-01	8.7855839729e-01	8.8198316097e-01
4.5444539400e+02	8.5918462276e-01	8.8056451082e-01	8.8340032101e-01
4.5486510344e+02	8.6136001348e-01	8.8241106272e-01	8.8476723433e-01
4.5528481288e+02	8.6347442865e-01	8.8405436277e-01	8.8580644131e-01
4.5570452232e+02	8.6552977562e-01	8.8589715958e-01	8.8714170456e-01
4.5612423177e+02	8.6752796173e-01	8.8771420717e-01	8.8833230734e-01
4.5654394121e+02	8.6947071552e-01	8.8972568512e-01	8.9013808966e-01
4.5696365065e+02	8.7135982513e-01	8.9098209143e-01	8.9203596115e-01
4.5738336009e+02	8.7319684029e-01	8.9372009039e-01	8.9377683401e-01
4.5780306953e+02	8.7498342991e-01	8.9578610659e-01	8.9532929659e-01
4.5822277897e+02	8.7672114372e-01	8.9777129889e-01	8.9708483219e-01
4.5864248841e+02	8.7841141224e-01	9.0044629574e-01	8.9880537987e-01
4.5906219785e+02	8.8005560637e-01	9.0076059103e-01	9.0080636740e-01
4.5948190729e+02	8.8165515661e-01	9.0035343170e-01	9.0266215801e-01
4.5990161674e+02	8.8321131468e-01	9.0285992622e-01	9.0441644192e-01
4.6032132618e+02	8.8472545147e-01	9.0326893330e-01	9.0592908859e-01
4.6074103562e+02	8.8619863987e-01	9.0327119827e-01	9.0736198425e-01
4.6116074506e+02	8.8763213158e-01	9.0419399738e-01	9.0902668238e-01
4.6158045450e+02	8.8902705908e-01	9.0493959188e-01	9.1015535593e-01
4.6200016394e+02	8.9038449526e-01	9.0607470274e-01	9.1131734848e-01
4.6241987338e+02	8.9170545340e-01	9.0697371960e-01	9.1236782074e-01
4.6283958282e+02	8.9299100637e-01	9.0803706646e-01	9.1351670027e-01
4.6325929227e+02	8.9424204826e-01	9.0918910503e-01	9.1456997395e-01
4.6367900171e+02	8.9545953274e-01	9.1004407406e-01	9.1551113129e-01
4.6409871115e+02	8.9664441347e-01	9.1120618582e-01	9.1644239426e-01
4.6451842059e+02	8.9779752493e-01	9.1214150190e-01	9.1724467278e-01
4.6493813003e+02	8.9891970158e-01	9.1301029921e-01	9.1752767563e-01
4.6535783947e+02	9.0001177788e-01	9.1398239136e-01	9.1826844215e-01
4.6577754891e+02	9.0107446909e-01	9.1481775045e-01	9.1888761520e-01
4.6619725835e+02	9.0210855007e-01	9.1565173864e-01	9.1927039623e-01
4.6661696780e+02	9.0311479568e-01	9.1638123989e-01	9.1997438669e-01
4.6703667724e+02	9.0409386158e-01	9.1702860594e-01	9.2026537657e-01
4.6745638668e+02	9.0504640341e-01	9.1770505905e-01	9.2087149620e-01
4.6787609612e+02	9.0597307682e-01	9.1826421022e-01	9.2136824131e-01
4.6829580556e+02	9.0687453747e-01	9.1870117188e-01	9.2146861553e-01
4.6871551500e+02	9.0775138140e-01	9.1911751032e-01	9.2194318771e-01
4.6913522444e+02	9.0860414505e-01	9.1975033283e-01	9.2235070467e-01
4.6955493388e+02	9.0943342447e-01	9.2006671429e-01	9.2300266027e-01
4.6997464332e+02	9.1023975611e-01	9.2032432556e-01	9.2346984148e-01
4.7039435277e+02	9.1102367640e-01	9.2061471939e-01	9.2395919561e-01
4.7081406221e+02	9.1178566217e-01	9.2088401318e-01	9.2430949211e-01
4.7123377165e+02	9.1252619028e-01	9.2110657692e-01	9.2454016209e-01
4.7165348109e+02	9.1324573755e-01	9.2157357931e-01	9.2530125380e-01
4.7207319053e+02	9.1394478083e-01	9.2179405689e-01	9.2549896240e-01
4.7249289997e+02	9.1462367773e-01	9.2363047600e-01	9.2598116398e-01
4.7291260941e+02	9.1528296471e-01	9.2436534166e-01	9.2618900537e-01
4.7333231885e+02	9.1592293978e-01	9.2257750034e-01	9.2641794682e-01
4.7375202830e+02	9.1654407978e-01	9.2368978262e-01	9.2711001635e-01
4.7417173774e+02	9.1714668274e-01	9.2386937141e-01	9.2786443233e-01
4.7459144718e+02	9.1773116589e-01	9.2376142740e-01	9.2857372761e-01
4.7501115662e+02	9.1829782724e-01	9.2329585552e-01	9.2888540030e-01
4.7543086606e+02	9.1884702444e-01	9.2308229208e-01	9.2920053005e-01
4.7585057550e+02	9.1937911510e-01	9.2257773876e-01	9.2925941944e-01
4.7627028494e+02	9.1989433765e-01	9.2263168097e-01	9.2928940058e-01
4.7668999438e+02	9.2039299011e-01	9.2225933075e-01	9.2964583635e-01
4.7710970383e+02	9.2087548971e-01	9.2235779762e-01	9.2978781462e-01
4.7752941327e+02	9.2134195566e-01	9.2233377695e-01	9.2992138863e-01
4.7794912271e+02	9.2179274559e-01	9.2191624641e-01	9.2998385429e-01
4.7836883215e+02	9.2222809792e-01	9.2234247923e-01	9.3047440052e-01
4.7878854159e+02	9.2264819145e-01	9.2210900784e-01	9.3033081293e-01
4.7920825103e+02	9.2305338383e-01	9.2169046402e-01	9.3005400896e-01
4.7962796047e+02	9.2344379425e-01	9.2178940773e-01	9.2986953259e-01
4.8004766991e+02	9.2381966114e-01	9.2151844501e-01	9.2975544930e-01
4.8046737935e+02	9.2418128252e-01	9.2126888037e-01	9.2952466011e-01
4.8088708880e+02	9.2452871799e-01	9.2114078999e-01	9.2900413275e-01
4.8130679824e+02	9.2486220598e-01	9.2100656033e-01	9.2883437872e-01
4.8172650768e+02	9.2518198490e-01	9.2093044519e-01	9.2888414860e-01
4.8214621712e+02	9.2548817396e-01	9.2078983784e-01	9.2838710546e-01
4.8256592656e+02	9.2578101158e-01	9.2069351673e-01	9.2790704966e-01
4.8298563600e+02	9.2606049776e-01	9.2054289579e-01	9.2781609297e-01
4.8340534544e+02	9.2632693052e-01	9.2055106163e-01	9.2741715908e-01
4.8382505488e+02	9.2658042908e-01	9.2037570477e-01	9.2732685804e-01
4.8424476433e+02	9.2682105303e-01	9.2015141249e-01	9.2676049471e-01
4.8466447377e+02	9.2704898119e-01	9.1982334852e-01	9.2651116848e-01
4.8508418321e+02	9.2726433277e-01	9.1964679956e-01	9.2641621828e-01
4.8550389265e+02	9.2746722698e-01	9.1933912039e-01	9.2580866814e-01
4.8592360209e+02	9.2765772343e-01	9.1911041737e-01	9.2578405142e-01
4.8634331153e+02	9.2783600092e-01	9.1882854700e-01	9.2538952827e-01
4.8676302097e+02	9.2800205946e-01	9.1888439655e-01	9.2511069775e-01
4.8718273041e+02	9.2815607786e-01	9.1903102398e-01	9.2465931177e-01
4.8760243986e+02	9.2829811573e-01	9.1842716932e-01	9.2432731390e-01
4.8802214930e+02	9.2842817307e-01	9.2036330700e-01	9.2388379574e-01
4.8844185874e+02	9.2854636908e-01	9.1969239712e-01	9.2206662893e-01
4.8886156818e+02	9.2865282297e-01	9.1896826029e-01	9.2204755545e-01
4.8928127762e+02	9.2874747515e-01	9.1916853189e-01	9.2196738720e-01
4.8970098706e+02	9.2883044481e-01	9.1928750277e-01	9.2157298326e-01
4.9012069650e+02	9.2890173197e-01	9.1835176945e-01	9.2128431797e-01
4.9054040594e+02	9.2896145582e-01	9.1803175211e-01	9.2085003853e-01
4.9096011538e+02	9.2900955677e-01	9.1687053442e-01	9.2055296898e-01
4.9137982483e+02	9.2904609442e-01	9.1579240561e-01	9.2007660866e-01
4.9179953427e+02	9.2907112837e-01	9.1555851698e-01	9.1975963116e-01
4.9221924371e+02	9.2908459902e-01	9.1537767649e-01	9.1946184635e-01
4.9263895315e+02	9.2908650637e-01	9.1492253542e-01	9.1928511858e-01
4.9305866259e+02	9.2907696962e-01	9.1407817602e-01	9.1879546642e-01
4.9347837203e+02	9.2905586958e-01	9.1428035498e-01	9.1838586330e-01
4.9389808147e+02	9.2902320623e-01	9.1365718842e-01	9.1819447279e-01
4.9431779091e+02	9.2897897959e-01	9.1327518225e-01	9.1742736101e-01
4.9473750036e+02	9.2892324924e-01	9.1258627176e-01	9.1729503870e-01
4.9515720980e+02	9.2885583639e-01	9.1227036715e-01	9.1667443514e-01
4.9557691924e+02	9.2877680063e-01	9.1182225943e-01	9.1657841206e-01
4.9599662868e+02	9.2868608236e-01	9.1165161133e-01	9.1615563631e-01
4.9641633812e+02	9.2858368158e-01	9.1103619337e-01	9.1578012705e-01
4.9683604756e+02	9.2846941948e-01	9.1079246998e-01	9.1556578875e-01
4.9725575700e+02	9.2834335566e-01	9.1038787365e-01	9.1472357512e-01
4.9767546644e+02	9.2820543051e-01	9.0992337465e-01	9.1436207294e-01
4.9809517589e+02	9.2805546522e-01	9.0964847803e-01	9.1374075413e-01
4.9851488533e+02	9.2789345980e-01	9.0945011377e-01	9.1291242838e-01
4.9893459477e+02	9.2771929502e-01	9.0907108784e-01	9.1264325380e-01
4.9935430421e+02	9.2753297091e-01	9.0880084038e-01	9.1245287657e-01
4.9977401365e+02	9.2733424902e-01	9.0851312876e-01	9.1181296110e-01
5.0019372309e+02	9.2712312937e-01	9.0792179108e-01	9.1090112925e-01
5.0061343253e+02	9.2689943314e-01	9.0686196089e-01	9.1071021557e-01
5.0103314197e+02	9.2666316032e-01	9.0754252672e-01	9.1049981117e-01
5.0145285141e+02	9.2641401291e-01	9.0700781345e-01	9.1010904312e-01
5.0187256086e+02	9.2615199089e-01	9.0699696541e-01	9.0933418274e-01
5.0229227030e+02	9.2587691545e-01	9.0673696995e-01	9.0872001648e-01
5.0271197974e+02	9.2558860779e-01	9.0670096874e-01	9.0835070610e-01
5.0313168918e+02	9.2528694868e-01	9.0683025122e-01	9.0802359581e-01
5.0355139862e+02	9.2497181892e-01	9.0638482571e-01	9.0766477585e-01
5.0397110806e+02	9.2464292049e-01	9.0646326542e-01	9.0745162964e-01
5.0439081750e+02	9.2430019379e-01	9.0653336048e-01	9.0705621243e-01
5.0481052694e+02	9.2394345999e-01	9.0526944399e-01	9.0689986944e-01
5.0523023639e+02	9.2357242107e-01	9.0534538031e-01	9.0596169233e-01
5.0564994583e+02	9.2318689823e-01	9.0546107292e-01	9.0576189756e-01
5.0606965527e+02	9.2278677225e-01	9.0433180332e-01	9.0544682741e-01
5.0648936471e+02	9.2237168550e-01	9.0378016233e-01	9.0479719639e-01
5.0690907415e+02	9.2194151878e-01	9.0412801504e-01	9.0457737446e-01
5.0732878359e+02	9.2149597406e-01	9.0339434147e-01	9.0415233374e-01
5.0774849303e+02	9.2103487253e-01	9.0306752920e-01	9.0397036076e-01
5.0816820247e+02	9.2055779696e-01	9.0256386995e-01	9.0366613865e-01
5.0858791192e+02	9.2006462812e-01	9.0258055925e-01	9.0347701311e-01
5.0900762136e+02	9.1955500841e-01	9.0229791403e-01	9.0316081047e-01
5.0942733080e+02	9.1902869940e-01	9.0213638544e-01	9.0313714743e-01
5.0984704024e+02	9.1848534346e-01	9.0149146318e-01	9.0169417858e-01
5.1026674968e+02	9.1792458296e-01	9.0130966902e-01	9.0188544989e-01
5.1068645912e+02	9.1734617949e-01	9.0092682838e-01	9.0189456940e-01
5.1110616856e+02	9.1674971581e-01	9.0064650774e-01	9.0193414688e-01
5.1152587800e+02	9.1613489389e-01	9.0032434464e-01	9.0149116516e-01
5.1194558744e+02	9.1550135612e-01	9.0012258291e-01	9.0147298574e-01
5.1236529689e+02	9.1484862566e-01	8.9983654022e-01	9.0137273073e-01
5.1278500633e+02	9.1417640448e-01	8.9954984188e-01	9.0120327473e-01
5.1320471577e+02	9.1348415613e-01	8.9923399687e-01	9.0096592903e-01
5.1362442521e+02	9.1277158260e-01	8.9878976345e-01	9.0105950832e-01
5.1404413465e+02	9.1203820705e-01	8.9855033159e-01	9.0096175671e-01
5.1446384409e+02	9.1128355265e-01	8.9821916819e-01	9.0086287260e-01
5.1488355353e+02	9.1050708294e-01	8.9788573980e-01	9.0048438311e-01
5.1530326297e+02	9.0970838070e-01	8.9782220125e-01	9.0053886175e-01
5.1572297242e+02	9.0888690948e-01	8.9729428291e-01	9.0032237768e-01
5.1614268186e+02	9.0804213285e-01	8.9701694250e-01	9.0047758818e-01
5.1656239130e+02	9.0717351437e-01	8.9693129063e-01	9.0043640137e-01
5.1698210074e+02	9.0628045797e-01	8.9664852619e-01	9.0004050732e-01
5.1740181018e+02	9.0536236763e-01	8.9635074139e-01	8.9954155684e-01
5.1782151962e+02	9.0441864729e-01	8.9609187841e-01	8.9924889803e-01
5.1824122906e+02	9.0344858170e-01	8.9645779133e-01	8.9880698919e-01
5.1866093850e+02	9.0245163441e-01	8.9626830816e-01	8.9850974083e-01
5.1908064795e+02	9.0142703056e-01	8.9594560862e-01	8.9833182096e-01
5.1950035739e+02	9.0037405491e-01	8.9594590664e-01	8.9845389128e-01
5.1992006683e+02	8.9929199219e-01	8.9612478018e-01	8.9761489630e-01
5.2033977627e+02	8.9818006754e-01	8.9506888390e-01	8.9795130491e-01
5.2075948571e+02	8.9703750610e-01	8.9529359341e-01	8.9788180590e-01
5.2117919515e+02	8.9586347342e-01	8.9500927925e-01	8.9689749479e-01
5.2159890459e+02	8.9465707541e-01	8.9408916235e-01	8.9682972431e-01
5.2201861403e+02	8.9341747761e-01	8.9363032579e-01	8.9658147097e-01
5.2243832347e+02	8.9214366674e-01	8.9245820045e-01	8.9579254389e-01
5.2285803292e+02	8.9083480835e-01	8.9203470945e-01	8.9556682110e-01
5.2327774236e+02	8.8948982954e-01	8.9164769650e-01	8.9520204067e-01
5.2369745180e+02	8.8810765743e-01	8.9014792442e-01	8.9503419399e-01
5.2411716124e+02	8.8668733835e-01	8.8928258419e-01	8.9400887489e-01
5.2453687068e+02	8.8522768021e-01	8.8827884197e-01	8.9355111122e-01
5.2495658012e+02	8.8372755051e-01	8.8731777668e-01	8.9318674803e-01
5.2537628956e+02	8.8218569756e-01	8.8641887903e-01	8.9247924089e-01
5.2579599900e+02	8.8060092926e-01	8.8552391529e-01	8.9199733734e-01
5.2621570845e+02	8.7897199392e-01	8.8440352678e-01	8.9107382298e-01
5.2663541789e+02	8.7729746103e-01	8.8339817524e-01	8.9020431042e-01
5.2705512733e+02	8.7557595968e-01	8.8249546289e-01	8.8919782639e-01
5.2747483677e+02	8.7380605936e-01	8.8129389286e-01	8.8832676411e-01
5.2789454621e+02	8.7198621035e-01	8.8008654118e-01	8.8763475418e-01
5.2831425565e+02	8.7011486292e-01	8.7856543064e-01	8.8638019562e-01
5.2873396509e+02	8.6819040775e-01	8.7715953588e-01	8.8501888514e-01
5.2915367453e+02	8.6621117592e-01	8.7544029951e-01	8.8333171606e-01
5.2957338398e+02	8.6417531967e-01	8.7398177385e-01	8.8205772638e-01
5.2999309342e+02	8.6208111048e-01	8.7267714739e-01	8.8035351038e-01
5.3041280286e+02	8.5992652178e-01	8.7076556683e-01	8.7921786308e-01
5.3083251230e+02	8.5770970583e-01	8.6899334192e-01	8.7760102749e-01
5.3125222174e+02	8.5542851686e-01	8.6694121361e-01	8.7557196617e-01
5.3167193118e+02	8.5308080912e-01	8.6492604017e-01	8.7403148413e-01
5.3209164062e+02	8.5066437721e-01	8.6274993420e-01	8.7215209007e-01
5.3251135006e+02	8.4817689657e-01	8.6097502708e-01	8.7006407976e-01
5.3293105950e+02	8.4561598301e-01	8.5932165384e-01	8.6801409721e-01
5.3335076895e+02	8.4297913313e-01	8.5695666075e-01	8.6613112688e-01
5.3377047839e+02	8.4026360512e-01	8.5416305065e-01	8.6369115114e-01
5.3419018783e+02	8.3746683598e-01	8.5095381737e-01	8.6110979319e-01
5.3460989727e+02	8.3458596468e-01	8.5044628382e-01	8.5824865103e-01
5.3502960671e+02	8.3161795139e-01	8.4647285938e-01	8.5572463274e-01
5.3544931615e+02	8.2855981588e-01	8.4265834093e-01	8.5314291716e-01
5.3586902559e+02	8.2540833950e-01	8.4113967419e-01	8.5040581226e-01
5.3628873503e+02	8.2216024399e-01	8.3705025911e-01	8.4732902050e-01
5.3670844448e+02	8.1881201267e-01	8.3409732580e-01	8.4426772594e-01
5.3712815392e+02	8.1536006927e-01	8.3033204079e-01	8.4136295319e-01
5.3754786336e+02	8.1180065870e-01	8.2601958513e-01	8.3793318272e-01
5.3796757280e+02	8.0812996626e-01	8.2269507647e-01	8.3453994989e-01
5.3838728224e+02	8.0434381962e-01	8.1893181801e-01	8.3111613989e-01
5.3880699168e+02	8.0043804646e-01	8.1402039528e-01	8.2828789949e-01
5.3922670112e+02	7.9640829563e-01	8.0980116129e-01	8.2417094707e-01
5.3964641056e+02	7.9224997759e-01	8.0553150177e-01	8.1983286142e-01
5.4006612001e+02	7.8795838356e-01	8.0056232214e-01	8.1616711617e-01
5.4048582945e+02	7.8352856636e-01	7.9616117477e-01	8.1197154522e-01
5.4090553889e+02	7.7895539999e-01	7.9081499577e-01	8.0708390474e-01
5.4132524833e+02	7.7423357964e-01	7.8545296192e-01	8.0281728506e-01
5.4174495777e+02	7.6935750246e-01	7.8038251400e-01	7.9781723022e-01
5.4216466721e+02	7.6432156563e-01	7.7485537529e-01	7.9336911440e-01
5.4258437665e+02	7.5911974907e-01	7.6941883564e-01	7.8856700659e-01
5.4300408609e+02	7.5374591351e-01	7.6264864206e-01	7.8304964304e-01
5.4342379553e+02	7.4819368124e-01	7.5660735369e-01	7.7726656199e-01
5.4384350498e+02	7.4245637655e-01	7.5006175041e-01	7.7064782381e-01
5.4426321442e+02	7.3652726412e-01	7.4304026365e-01	7.6383548975e-01
5.4468292386e+02	7.3039919138e-01	7.3634088039e-01	7.5791132450e-01
5.4510263330e+02	7.2406494617e-01	7.2933030128e-01	7.5191146135e-01
5.4552234274e+02	7.1751689911e-01	7.2157055140e-01	7.4556285143e-01
5.4594205218e+02	7.1074742079e-01	7.1376848221e-01	7.3857837915e-01
5.4636176162e+02	7.0374846458e-01	7.0508646965e-01	7.3151636124e-01
5.4678147106e+02	6.9651186466e-01	6.9876801968e-01	7.2401303053e-01
5.4720118051e+02	6.8902933598e-01	6.8913608789e-01	7.1614605188e-01
5.4762088995e+02	6.8129223585e-01	6.7890954018e-01	7.0772773027e-01
5.4804059939e+02	6.7329186201e-01	6.6991090775e-01	6.9945204258e-01
5.4846030883e+02	6.6501933336e-01	6.6138505936e-01	6.9034421444e-01
5.4888001827e+02	6.5646570921e-01	6.5066081285e-01	6.8082857132e-01
5.4929972771e+02	6.4762181044e-01	6.4178198576e-01	6.7065811157e-01
5.4971943715e+02	6.3847857714e-01	6.3122683764e-01	6.6040217876e-01
5.5013914659e+02	6.2902683020e-01	6.1826360226e-01	6.4966374636e-01
5.5055885604e+02	6.1925750971e-01	6.0736769438e-01	6.3875848055e-01
5.5097856548e+02	6.0916155577e-01	5.9945946932e-01	6.2660413980e-01
5.5139827492e+02	5.9873020649e-01	5.8578443527e-01	6.1343514919e-01
5.5181798436e+02	5.8795487881e-01	5.6956744194e-01	6.0057067871e-01
5.5223769380e+02	5.7682740688e-01	5.5911874771e-01	5.8708095551e-01
5.5265740324e+02	5.6534004211e-01	5.4174864292e-01	5.7270556688e-01
5.5307711268e+02	5.5348563194e-01	5.2751773596e-01	5.5794775486e-01
5.5349682212e+02	5.4125767946e-01	5.1294910908e-01	5.4282099009e-01
5.5391653156e+02	5.2865070105e-01	4.9828228354e-01	5.2676302195e-01
5.5433624101e+02	5.1566010714e-01	4.8197183013e-01	5.1103597879e-01
5.5475595045e+02	5.0228267908e-01	4.6495905519e-01	4.9455380440e-01
5.5517565989e+02	4.8851644993e-01	4.4789707661e-01	4.7719597816e-01
5.5559536933e+02	4.7436138988e-01	4.3295398355e-01	4.5986828208e-01
5.5601507877e+02	4.5981916785e-01	4.1641700268e-01	4.4270667434e-01
5.5643478821e+02	4.4489377737e-01	3.9942693710e-01	4.2452916503e-01
5.5685449765e+02	4.2959171534e-01	3.8160607219e-01	4.0636345744e-01
5.5727420709e+02	4.1392225027e-01	3.6237987876e-01	3.8832417130e-01
5.5769391654e+02	3.9789783955e-01	3.4397247434e-01	3.7015235424e-01
5.5811362598e+02	3.8153436780e-01	3.2983452082e-01	3.5217452049e-01
5.5853333542e+02	3.6485165358e-01	3.1111583114e-01	3.3381387591e-01
5.5895304486e+02	3.4787368774e-01	2.9431068897e-01	3.1527006626e-01
5.5937275430e+02	3.3062902093e-01	2.7738228440e-01	2.9684478045e-01
5.5979246374e+02	3.1315121055e-01	2.6058807969e-01	2.7949327230e-01
5.6021217318e+02	2.9547896981e-01	2.4363204837e-01	2.6158607006e-01
5.6063188262e+02	2.7765664458e-01	2.2835701704e-01	2.4411210418e-01
5.6105159207e+02	2.5973436236e-01	2.1310856938e-01	2.2731873393e-01
5.6147130151e+02	2.4176822603e-01	1.9801922143e-01	2.1118713915e-01
5.6189101095e+02	2.2382052243e-01	1.8376401067e-01	1.9549691677e-01
5.6231072039e+02	2.0595960319e-01	1.7037580907e-01	1.8055085838e-01
5.6273042983e+02	1.8825989962e-01	1.5759000182e-01	1.6675372422e-01
5.6315013927e+02	1.7080160975e-01	1.4556658268e-01	1.5365251899e-01
5.6356984871e+02	1.5367041528e-01	1.3446027040e-01	1.4189288020e-01
5.6398955815e+02	1.3695685565e-01	1.2392477691e-01	1.3048116863e-01
5.6440926759e+02	1.2075564265e-01	1.1402733624e-01	1.1996366829e-01
5.6482897704e+02	1.0516480356e-01	1.0521189868e-01	1.1035361886e-01
5.6524868648e+02	9.0284556150e-02	9.7308151424e-02	1.0119934380e-01
5.6566839592e+02	7.6216109097e-02	8.9779436588e-02	9.3249410391e-02
5.6608810536e+02	6.3060238957e-02	8.2801103592e-02	8.5597053170e-02
5.6650781480e+02	5.0915751606e-02	7.5876802206e-02	7.9041518271e-02
5.6692752424e+02	3.9877880365e-02	6.9664411247e-02	7.3134116828e-02
5.6734723368e+02	3.0036585405e-02	6.5014399588e-02	6.8262435496e-02
5.6776694312e+02	2.1474851295e-02	6.1406403780e-02	6.3976787031e-02
5.6818665257e+02	1.4267051592e-02	5.8777689934e-02	6.0784343630e-02
5.6860636201e+02	8.4774037823e-03	5.6400232017e-02	5.7900436223e-02
5.6902607145e+02	4.1585811414e-03	5.6460376829e-02	5.5665940046e-02
5.6944578089e+02	1.3505500974e-03	5.4140605032e-02	5.4424148053e-02
5.6986549033e+02	7.9658886534e-05	5.2725151181e-02	5.4145369679e-02
5.7028519977e+02	3.5803485662e-04	5.4689791054e-02	5.4218664765e-02
5.7070490921e+02	2.1833023056e-03	5.5558845401e-02	5.5184569210e-02
5.7112461865e+02	5.5386400782e-03	5.6929789484e-02	5.6776084006e-02
5.7154432810e+02	1.0393174365e-02	5.8681055903e-02	5.9087693691e-02
5.7196403754e+02	1.6702689230e-02	6.1435777694e-02	6.2170021236e-02
5.7238374698e+02	2.4410627782e-02	6.4901314676e-02	6.5972328186e-02
5.7280345642e+02	3.3449333161e-02	6.9545246661e-02	7.0666357875e-02
5.7322316586e+02	4.3741501868e-02	7.5486510992e-02	7.6411284506e-02
5.7364287530e+02	5.5201753974e-02	8.2569926977e-02	8.3130590618e-02
5.7406258474e+02	6.7738309503e-02	8.9953348041e-02	9.0805165470e-02
5.7448229418e+02	8.1254690886e-02	9.8042637110e-02	9.9365510046e-02
5.7490200362e+02	9.5651373267e-02	1.0799626261e-01	1.0926377028e-01
5.7532171307e+02	1.1082740128e-01	1.1857097596e-01	1.1983811855e-01
5.7574142251e+02	1.2668187916e-01	1.3087221980e-01	1.3153363764e-01
5.7616113195e+02	1.4311529696e-01	1.4314545691e-01	1.4473873377e-01
5.7658084139e+02	1.6003073752e-01	1.5718702972e-01	1.5864670277e-01
5.7700055083e+02	1.7733487487e-01	1.7247039080e-01	1.7348492146e-01
5.7742026027e+02	1.9493883848e-01	1.8870705366e-01	1.8973711133e-01
5.7783996971e+02	2.1275877953e-01	2.0602785051e-01	2.0704451203e-01
5.7825967915e+02	2.3071648180e-01	2.2428022325e-01	2.2473274171e-01
5.7867938860e+02	2.4873954058e-01	2.4306559563e-01	2.4347862601e-01
5.7909909804e+02	2.6676169038e-01	2.6227289438e-01	2.6270112395e-01
5.7951880748e+02	2.8472277522e-01	2.8143486381e-01	2.8237012029e-01
5.7993851692e+02	3.0256864429e-01	3.0265641212e-01	3.0224066973e-01
5.8035822636e+02	3.2025116682e-01	3.2206711173e-01	3.2212245464e-01
5.8077793580e+02	3.3772793412e-01	3.4211739898e-01	3.4270435572e-01
5.8119764524e+02	3.5496193171e-01	3.6205139756e-01	3.6277917027e-01
5.8161735468e+02	3.7192130089e-01	3.8092240691e-01	3.8263279200e-01
5.8203706413e+02	3.8857901096e-01	3.9718529582e-01	4.0197503567e-01
5.8245677357e+02	4.0491247177e-01	4.1732242703e-01	4.2093551159e-01
5.8287648301e+02	4.2090320587e-01	4.3522280455e-01	4.3935367465e-01
5.8329619245e+02	4.3653640151e-01	4.5127731562e-01	4.5720854402e-01
5.8371590189e+02	4.5180070400e-01	4.7101512551e-01	4.7370424867e-01
5.8413561133e+02	4.6668770909e-01	4.8666909337e-01	4.8933184147e-01
5.8455532077e+02	4.8119175434e-01	4.9792551994e-01	5.0340139866e-01
5.8497503021e+02	4.9530962110e-01	5.1517647505e-01	5.1785820723e-01
5.8539473965e+02	5.0904011726e-01	5.2858042717e-01	5.3109562397e-01
5.8581444910e+02	5.2238398790e-01	5.3970801830e-01	5.4473328590e-01
5.8623415854e+02	5.3534346819e-01	5.5065941811e-01	5.5640244484e-01
5.8665386798e+02	5.4792225361e-01	5.6022465229e-01	5.6692349911e-01
5.8707357742e+02	5.6012517214e-01	5.6831198931e-01	5.7677471638e-01
5.8749328686e+02	5.7195806503e-01	5.8485418558e-01	5.8728718758e-01
5.8791299630e+02	5.8342754841e-01	5.8925497532e-01	5.9653568268e-01
5.8833270574e+02	5.9454095364e-01	6.0362237692e-01	6.0561794043e-01
5.8875241518e+02	6.0530614853e-01	6.0876822472e-01	6.1377781630e-01
5.8917212463e+02	6.1573141813e-01	6.1933630705e-01	6.2231361866e-01
5.8959183407e+02	6.2582534552e-01	6.2570875883e-01	6.3032644987e-01
5.9001154351e+02	6.3559675217e-01	6.3157117367e-01	6.3753181696e-01
5.9043125295e+02	6.4505469799e-01	6.3987475634e-01	6.4492255449e-01
5.9085096239e+02	6.5420824289e-01	6.4494705200e-01	6.5166693926e-01
5.9127067183e+02	6.6306644678e-01	6.5032297373e-01	6.5796381235e-01
5.9169038127e+02	6.7163848877e-01	6.5623772144e-01	6.6385453939e-01
5.9211009071e+02	6.7993330956e-01	6.6127103567e-01	6.6982614994e-01
5.9252980016e+02	6.8795990944e-01	6.6593569517e-01	6.7470985651e-01
5.9294950960e+02	6.9572705030e-01	6.7037189007e-01	6.8004971743e-01
5.9336921904e+02	7.0324343443e-01	6.7469352484e-01	6.8520796299e-01
5.9378892848e+02	7.1051746607e-01	6.7892289162e-01	6.8998652697e-01
5.9420863792e+02	7.1755748987e-01	6.8231451511e-01	6.9497412443e-01
5.9462834736e+02	7.2437155247e-01	6.8629878759e-01	6.9902294874e-01
5.9504805680e+02	7.3096758127e-01	6.8971848488e-01	7.0277380943e-01
5.9546776624e+02	7.3735314608e-01	6.9420456886e-01	7.0651966333e-01
5.9588747568e+02	7.4353575706e-01	6.9725024700e-01	7.1017712355e-01
5.9630718513e+02	7.4952262640e-01	7.0047289133e-01	7.1308249235e-01
5.9672689457e+02	7.5532072783e-01	7.0293211937e-01	7.1573299170e-01
5.9714660401e+02	7.6093673706e-01	7.0677155256e-01	7.1895927191e-01
5.9756631345e+02	7.6637727022e-01	7.0961612463e-01	7.2132658958e-01
5.9798602289e+02	7.7164864540e-01	7.1186482906e-01	7.2402685881e-01
5.9840573233e+02	7.7675688267e-01	7.1504002810e-01	7.2601282597e-01
5.9882544177e+02	7.8170794249e-01	7.1844923496e-01	7.2862148285e-01
5.9924515121e+02	7.8650736809e-01	7.2005927563e-01	7.3068886995e-01
5.9966486066e+02	7.9116070271e-01	7.2396653891e-01	7.3286759853e-01
6.0008457010e+02	7.9567319155e-01	7.2811871767e-01	7.3471122980e-01
6.0050427954e+02	8.0004990101e-01	7.2864967585e-01	7.3709714413e-01
6.0092398898e+02	8.0429565907e-01	7.2955352068e-01	7.3870855570e-01
6.0134369842e+02	8.0841511488e-01	7.3173415661e-01	7.4089056253e-01
6.0176340786e+02	8.1241291761e-01	7.3555433750e-01	7.4273014069e-01
6.0218311730e+02	8.1629323959e-01	7.3581999540e-01	7.4473923445e-01
6.0260282674e+02	8.2006037235e-01	7.3945134878e-01	7.4652242661e-01
6.0302253619e+02	8.2371824980e-01	7.4049913883e-01	7.4836975336e-01
6.0344224563e+02	8.2727080584e-01	7.4071967602e-01	7.4977940321e-01
6.0386195507e+02	8.3072161674e-01	7.4737328291e-01	7.5155633688e-01
6.0428166451e+02	8.3407431841e-01	7.4850463867e-01	7.5343483686e-01
6.0470137395e+02	8.3733236790e-01	7.4783813953e-01	7.5519216061e-01
6.0512108339e+02	8.4049904346e-01	7.5373184681e-01	7.5675433874e-01
6.0554079283e+02	8.4357738495e-01	7.5241243839e-01	7.5798428059e-01
6.0596050227e+02	8.4657061100e-01	7.5432622433e-01	7.5938719511e-01
6.0638021171e+02	8.4948146343e-01	7.5632721186e-01	7.6119226217e-01
6.0679992116e+02	8.5231292248e-01	7.5892186165e-01	7.6238530874e-01
6.0721963060e+02	8.5506755114e-01	7.5936073065e-01	7.6348781586e-01
6.0763934004e+02	8.5774803162e-01	7.6121395826e-01	7.6504081488e-01
6.0805904948e+02	8.6035680771e-01	7.6240140200e-01	7.6623505354e-01
6.0847875892e+02	8.6289626360e-01	7.6370501518e-01	7.6760977507e-01
6.0889846836e+02	8.6536872387e-01	7.6518678665e-01	7.6886004210e-01
6.0931817780e+02	8.6777645350e-01	7.6655215025e-01	7.7018475533e-01
6.0973788724e+02	8.7012153864e-01	7.6707577705e-01	7.7080345154e-01
6.1015759669e+02	8.7240600586e-01	7.6849377155e-01	7.7213448286e-01
6.1057730613e+02	8.7463188171e-01	7.6948255301e-01	7.7352118492e-01
6.1099701557e+02	8.7680107355e-01	7.7066177130e-01	7.7446359396e-01
6.1141672501e+02	8.7891530991e-01	7.7183139324e-01	7.7566707134e-01
6.1183643445e+02	8.8097643852e-01	7.7282088995e-01	7.7614068985e-01
6.1225614389e+02	8.8298612833e-01	7.7404373884e-01	7.7745866776e-01
6.1267585333e+02	8.8494604826e-01	7.7422624826e-01	7.7810347080e-01
6.1309556277e+02	8.8685768843e-01	7.7533370256e-01	7.7875298262e-01
6.1351527222e+02	8.8872259855e-01	7.7665853500e-01	7.8001511097e-01
6.1393498166e+02	8.9054226875e-01	7.7733659744e-01	7.8028595448e-01
6.1435469110e+02	8.9231801033e-01	7.7902859449e-01	7.8124630451e-01
6.1477440054e+02	8.9405131340e-01	7.7790385485e-01	7.8173971176e-01
6.1519410998e+02	8.9574331045e-01	7.7995914221e-01	7.8291237354e-01
6.1561381942e+02	8.9739537239e-01	7.8127872944e-01	7.8397661448e-01
6.1603352886e+02	8.9900869131e-01	7.8030478954e-01	7.8446793556e-01
6.1645323830e+02	9.0058439970e-01	7.8069514036e-01	7.8548461199e-01
6.1687294774e+02	9.0212363005e-01	7.8046661615e-01	7.8655534983e-01
6.1729265719e+02	9.0362751484e-01	7.8331077099e-01	7.8759574890e-01
6.1771236663e+02	9.0509706736e-01	7.8493666649e-01	7.8790050745e-01
6.1813207607e+02	9.0653324127e-01	7.8540986776e-01	7.8908574581e-01
6.1855178551e+02	9.0793710947e-01	7.8730404377e-01	7.8952687979e-01
6.1897149495e+02	9.0930950642e-01	7.8812491894e-01	7.9102844000e-01
6.1939120439e+02	9.1065144539e-01	7.8934866190e-01	7.9192340374e-01
6.1981091383e+02	9.1196370125e-01	7.8976947069e-01	7.9307359457e-01
6.2023062327e+02	9.1324722767e-01	7.9012984037e-01	7.9313606024e-01
6.2065033272e+02	9.1450273991e-01	7.9321295023e-01	7.9386216402e-01
6.2107004216e+02	9.1573107243e-01	7.9389971495e-01	7.9486578703e-01
6.2148975160e+02	9.1693300009e-01	7.9197853804e-01	7.9525911808e-01
6.2190946104e+02	9.1810923815e-01	7.9276454449e-01	7.9644274712e-01
6.2232917048e+02	9.1926050186e-01	7.9286009073e-01	7.9675650597e-01
6.2274887992e+02	9.2038744688e-01	7.9419916868e-01	7.9751622677e-01
6.2316858936e+02	9.2149084806e-01	7.9454374313e-01	7.9744970798e-01
6.2358829880e+02	9.2257124186e-01	7.9548996687e-01	7.9841148853e-01
6.2400800825e+02	9.2362922430e-01	7.9620784521e-01	7.9897868633e-01
6.2442771769e+02	9.2466551065e-01	7.9605895281e-01	7.9915344715e-01
6.2484742713e+02	9.2568063736e-01	7.9638361931e-01	7.9989326000e-01
6.2526713657e+02	9.2667514086e-01	7.9726737738e-01	7.9968518019e-01
6.2568684601e+02	9.2764955759e-01	7.9785323143e-01	8.0042594671e-01
6.2610655545e+02	9.2860448360e-01	7.9860025644e-01	8.0048972368e-01
6.2652626489e+02	9.2954039574e-01	7.9872649908e-01	8.0113458633e-01
6.2694597433e+02	9.3045771122e-01	7.9903149605e-01	8.0186885595e-01
6.2736568377e+02	9.3135702610e-01	7.9986763000e-01	8.0222630501e-01
6.2778539322e+02	9.3223875761e-01	8.0061572790e-01	8.0232459307e-01
6.2820510266e+02	9.3310332298e-01	8.0070239305e-01	8.0309951305e-01
6.2862481210e+02	9.3395125866e-01	8.0114603043e-01	8.0350828171e-01
6.2904452154e+02	9.3478286266e-01	8.0119198561e-01	8.0352127552e-01
6.2946423098e+02	9.3559861183e-01	8.0208885670e-01	8.0409765244e-01
6.2988394042e+02	9.3639886379e-01	8.0294001102e-01	8.0434274673e-01
6.3030364986e+02	9.3718403578e-01	8.0292218924e-01	8.0496233702e-01
6.3072335930e+02	9.3795454502e-01	8.0380463600e-01	8.0519860983e-01
6.3114306875e+02	9.3871068954e-01	8.0371958017e-01	8.0563288927e-01
6.3156277819e+02	9.3945276737e-01	8.0379021168e-01	8.0600357056e-01
6.3198248763e+02	9.4018125534e-01	8.0500262976e-01	8.0591869354e-01
6.3240219707e+02	9.4089639187e-01	8.0490970612e-01	8.0638945103e-01
6.3282190651e+02	9.4159853458e-01	8.0597299337e-01	8.0650550127e-01
6.3324161595e+02	9.4228792191e-01	8.0677384138e-01	8.0657112598e-01
6.3366132539e+02	9.4296497107e-01	8.0689734221e-01	8.0680513382e-01
6.3408103483e+02	9.4362992048e-01	8.0603146553e-01	8.0698359013e-01
6.3450074428e+02	9.4428300858e-01	8.0451124907e-01	8.0696314573e-01
6.3492045372e+02	9.4492459297e-01	8.0396592617e-01	8.0731576681e-01
6.3534016316e+02	9.4555491209e-01	8.0720734596e-01	8.0729329586e-01
6.3575987260e+02	9.4617420435e-01	8.0789226294e-01	8.0738484859e-01
6.3617958204e+02	9.4678270817e-01	8.0803567171e-01	8.0749881268e-01
6.3659929148e+02	9.4738078117e-01	8.0827248096e-01	8.0729067326e-01
6.3701900092e+02	9.4796848297e-01	8.1105947495e-01	8.0764734745e-01
6.3743871036e+02	9.4854623079e-01	8.1253039837e-01	8.0800431967e-01
6.3785841980e+02	9.4911414385e-01	8.1177210808e-01	8.0826348066e-01
6.3827812925e+02	9.4967246056e-01	8.1008440256e-01	8.0831623077e-01
6.3869783869e+02	9.5022141933e-01	8.1259936094e-01	8.0836367607e-01
6.3911754813e+02	9.5076113939e-01	8.1278473139e-01	8.0911481380e-01
6.3953725757e+02	9.5129197836e-01	8.1314438581e-01	8.0885964632e-01
6.3995696701e+02	9.5181399584e-01	8.1228095293e-01	8.0922728777e-01
6.4037667645e+02	9.5232748985e-01	8.1198924780e-01	8.0916488171e-01
6.4079638589e+02	9.5283252001e-01	8.1101560593e-01	8.0913537741e-01
6.4121609533e+02	9.5332938433e-01	8.1172913313e-01	8.0951857567e-01
6.4163580478e+02	9.5381820202e-01	8.1030839682e-01	8.0968761444e-01
6.4205551422e+02	9.5429921150e-01	8.1136232615e-01	8.0950492620e-01
6.4247522366e+02	9.5477247238e-01	8.1116998196e-01	8.0978155136e-01
6.4289493310e+02	9.5523822308e-01	8.1123328209e-01	8.0997383595e-01
6.4331464254e+02	9.5569658279e-01	8.1106591225e-01	8.1007403135e-01
6.4373435198e+02	9.5614773035e-01	8.1092375517e-01	8.1000620127e-01
6.4415406142e+02	9.5659184456e-01	8.1106823683e-01	8.1016296148e-01
6.4457377086e+02	9.5702904463e-01	8.1108129025e-01	8.1014597416e-01
6.4499348031e+02	9.5745944977e-01	8.1153655052e-01	8.1048655510e-01
6.4541318975e+02	9.5788317919e-01	8.1137484312e-01	8.1019574404e-01
6.4583289919e+02	9.5830047131e-01	8.1178164482e-01	8.1027191877e-01
6.4625260863e+02	9.5871138573e-01	8.1146770716e-01	8.1039059162e-01
6.4667231807e+02	9.5911604166e-01	8.1221079826e-01	8.0992519855e-01
6.4709202751e+02	9.5951461792e-01	8.1207412481e-01	8.1005924940e-01
6.4751173695e+02	9.5990717411e-01	8.1223773956e-01	8.1018173695e-01
6.4793144639e+02	9.6029388905e-01	8.1229990721e-01	8.0959689617e-01
6.4835115583e+02	9.6067482233e-01	8.1260550022e-01	8.0974268913e-01
6.4877086528e+02	9.6105009317e-01	8.1263399124e-01	8.0982005596e-01
6.4919057472e+02	9.6141988039e-01	8.1289035082e-01	8.0965447426e-01
6.4961028416e+02	9.6178424358e-01	8.1303435564e-01	8.0987620354e-01
6.5002999360e+02	9.6214330196e-01	8.1319850683e-01	8.0962055922e-01
6.5044970304e+02	9.6249717474e-01	8.1330734491e-01	8.0960971117e-01
6.5086941248e+02	9.6284592152e-01	8.1361496449e-01	8.0962252617e-01
6.5128912192e+02	9.6318960190e-01	8.1366735697e-01	8.0982476473e-01
6.5170883136e+02	9.6352845430e-01	8.1381517649e-01	8.0981284380e-01
6.5212854081e+02	9.6386241913e-01	8.1401258707e-01	8.0976557732e-01
6.5254825025e+02	9.6419167519e-01	8.1408637762e-01	8.0930250883e-01
6.5296795969e+02	9.6451628208e-01	8.1422132254e-01	8.0946481228e-01
6.5338766913e+02	9.6483635902e-01	8.1451326609e-01	8.0899882317e-01
6.5380737857e+02	9.6515196562e-01	8.1465220451e-01	8.0955332518e-01
6.5422708801e+02	9.6546322107e-01	8.1486737728e-01	8.0959570408e-01
6.5464679745e+02	9.6577012539e-01	8.1499385834e-01	8.0983448029e-01
6.5506650689e+02	9.6607279778e-01	8.1513357162e-01	8.0960661173e-01
6.5548621634e+02	9.6637135744e-01	8.1517642736e-01	8.0947548151e-01
6.5590592578e+02	9.6666586399e-01	8.1537151337e-01	8.0985552073e-01
6.5632563522e+02	9.6695631742e-01	8.1557530165e-01	8.0974298716e-01
6.5674534466e+02	9.6724289656e-01	8.1559175253e-01	8.0979609489e-01
6.5716505410e+02	9.6752560139e-01	8.1574362516e-01	8.0994755030e-01
6.5758476354e+02	9.6780455112e-01	8.1582212448e-01	8.0984395742e-01
6.5800447298e+02	9.6807974577e-01	8.1607151031e-01	8.1019902229e-01
6.5842418242e+02	9.6835130453e-01	8.1601381302e-01	8.0998992920e-01
6.5884389186e+02	9.6861928701e-01	8.1642168760e-01	8.1015664339e-01
6.5926360131e+02	9.6888375282e-01	8.1608533859e-01	8.1057792902e-01
6.5968331075e+02	9.6914476156e-01	8.1639707088e-01	8.1048232317e-01
6.6010302019e+02	9.6940237284e-01	8.1651663780e-01	8.1064760685e-01
6.6052272963e+02	9.6965664625e-01	8.1660264730e-01	8.1055450439e-01
6.6094243907e+02	9.6990764141e-01	8.1670093536e-01	8.1060063839e-01
6.6136214851e+02	9.7015541792e-01	8.1672763824e-01	8.1056946516e-01
6.6178185795e+02	9.7040003538e-01	8.1676471233e-01	8.1113743782e-01
6.6220156739e+02	9.7064149380e-01	8.1685465574e-01	8.1120187044e-01
6.6262127684e+02	9.7087991238e-01	8.1682157516e-01	8.1125628948e-01
6.6304098628e+02	9.7111535072e-01	8.1684064865e-01	8.1152999401e-01
6.6346069572e+02	9.7134780884e-01	8.1705230474e-01	8.1125539541e-01
6.6388040516e+02	9.7157734632e-01	8.1708562374e-01	8.1131690741e-01
6.6430011460e+02	9.7180402279e-01	8.1707924604e-01	8.1130421162e-01
6.6471982404e+02	9.7202795744e-01	8.1708067656e-01	8.1146752834e-01
6.6513953348e+02	9.7224903107e-01	8.1711083651e-01	8.1178444624e-01
6.6555924292e+02	9.7246742249e-01	8.1695133448e-01	8.1140607595e-01
6.6597895237e+02	9.7268319130e-01	8.1686866283e-01	8.1177854538e-01
6.6639866181e+02	9.7289627790e-01	8.1693303585e-01	8.1165713072e-01
6.6681837125e+02	9.7310680151e-01	8.1688731909e-01	8.1179928780e-01
6.6723808069e+02	9.7331476212e-01	8.1684982777e-01	8.1157600880e-01
6.6765779013e+02	9.7352021933e-01	8.1674873829e-01	8.1181383133e-01
6.6807749957e+02	9.7372323275e-01	8.1683301926e-01	8.1178075075e-01
6.6849720901e+02	9.7392380238e-01	8.1669425964e-01	8.1173044443e-01
6.6891691845e+02	9.7412198782e-01	8.1669265032e-01	8.1167340279e-01
6.6933662789e+02	9.7431784868e-01	8.1664288044e-01	8.1144815683e-01
6.6975633734e+02	9.7451138496e-01	8.1676149368e-01	8.1162053347e-01
6.7017604678e+02	9.7470265627e-01	8.1662279367e-01	8.1182581186e-01
6.7059575622e+02	9.7489172220e-01	8.1660348177e-01	8.1160783768e-01
6.7101546566e+02	9.7507852316e-01	8.1654351950e-01	8.1150400639e-01
6.7143517510e+02	9.7526323795e-01	8.1645053625e-01	8.1154084206e-01
6.7185488454e+02	9.7544574738e-01	8.1645870209e-01	8.1144863367e-01
6.7227459398e+02	9.7562617064e-01	8.1636154652e-01	8.1122934818e-01
6.7269430342e+02	9.7580456734e-01	8.1653755903e-01	8.1125068665e-01
6.7311401287e+02	9.7598087788e-01	8.1635081768e-01	8.1115520000e-01
6.7353372231e+02	9.7615522146e-01	8.1632763147e-01	8.1090211868e-01
6.7395343175e+02	9.7632759809e-01	8.1633257866e-01	8.1087809801e-01
6.7437314119e+02	9.7649800777e-01	8.1616902351e-01	8.1099534035e-01
6.7479285063e+02	9.7666651011e-01	8.1620222330e-01	8.1079506874e-01
6.7521256007e+02	9.7683316469e-01	8.1615883112e-01	8.1083464622e-01
6.7563226951e+02	9.7699791193e-01	8.1630849838e-01	8.1107020378e-01
6.7605197895e+02	9.7716087103e-01	8.1612557173e-01	8.1112909317e-01
6.7647168840e+02	9.7732198238e-01	8.1612306833e-01	8.1107497215e-01
6.7689139784e+02	9.7748136520e-01	8.1616443396e-01	8.1086552143e-01
6.7731110728e+02	9.7763895988e-01	8.1614857912e-01	8.1083792448e-01
6.7773081672e+02	9.7779488564e-01	8.1615239382e-01	8.1087177992e-01
6.7815052616e+02	9.7794908285e-01	8.1612145901e-01	8.1095385551e-01
6.7857023560e+02	9.7810161114e-01	8.1628471613e-01	8.1085562706e-01
6.7898994504e+02	9.7825247049e-01	8.1611663103e-01	8.1083327532e-01
6.7940965448e+02	9.7840172052e-01	8.1609952450e-01	8.1072521210e-01
6.7982936392e+02	9.7854936123e-01	8.1607395411e-01	8.1076800823e-01
6.8024907337e+02	9.7869545221e-01	8.1607532501e-01	8.1083828211e-01
6.8066878281e+02	9.7883999348e-01	8.1599187851e-01	8.1060373783e-01
6.8108849225e+02	9.7898298502e-01	8.1608754396e-01	8.1055647135e-01
6.8150820169e+02	9.7912448645e-01	8.1602632999e-01	8.1052315235e-01
6.8192791113e+02	9.7926449776e-01	8.1606042385e-01	8.1027799845e-01
6.8234762057e+02	9.7940301895e-01	8.1600373983e-01	8.1038612127e-01
6.8276733001e+02	9.7954010963e-01	8.1594157219e-01	8.1015539169e-01
6.8318703945e+02	9.7967582941e-01	8.1598234177e-01	8.1059920788e-01
6.8360674890e+02	9.7981005907e-01	8.1596499681e-01	8.1034392118e-01
6.8402645834e+02	9.7994291782e-01	8.1595718861e-01	8.1069630384e-01
6.8444616778e+02	9.8007446527e-01	8.1592547894e-01	8.1058806181e-01
6.8486587722e+02	9.8020458221e-01	8.1583929062e-01	8.1033515930e-01
6.8528558666e+02	9.8033344746e-01	8.1584513187e-01	8.1026566029e-01
6.8570529610e+02	9.8046094179e-01	8.1582868099e-01	8.1029230356e-01
6.8612500554e+02	9.8058718443e-01	8.1583231688e-01	8.1038010120e-01
6.8654471498e+02	9.8071217537e-01	8.1579625607e-01	8.1029194593e-01
6.8696442443e+02	9.8083585501e-01	8.1567311287e-01	8.1017088890e-01
6.8738413387e+02	9.8095834255e-01	8.1570798159e-01	8.1004571915e-01
6.8780384331e+02	9.8107957840e-01	8.1564527750e-01	8.0998742580e-01
6.8822355275e+02	9.8119956255e-01	8.1550234556e-01	8.1000328064e-01
6.8864326219e+02	9.8131841421e-01	8.1555581093e-01	8.0981463194e-01
6.8906297163e+02	9.8143607378e-01	8.1549745798e-01	8.0989193916e-01
6.8948268107e+02	9.8155260086e-01	8.1547534466e-01	8.0970072746e-01
6.8990239051e+02	9.8166799545e-01	8.1546318531e-01	8.0956053734e-01
6.9032209995e+02	9.8178219795e-01	8.1543004513e-01	8.0973535776e-01
6.9074180940e+02	9.8189532757e-01	8.1531655788e-01	8.0944049358e-01
6.9116151884e+02	9.8200738430e-01	8.1523102522e-01	8.0941170454e-01
6.9158122828e+02	9.8211830854e-01	8.1510090828e-01	8.0930542946e-01
6.9200093772e+02	9.8222815990e-01	8.1510716677e-01	8.0932736397e-01
6.9242064716e+02	9.8233699799e-01	8.1501632929e-01	8.0910485983e-01
6.9284035660e+02	9.8244476318e-01	8.1502580643e-01	8.0921614170e-01
6.9326006604e+02	9.8255151510e-01	8.1486421824e-01	8.0914884806e-01
6.9367977548e+02	9.8265725374e-01	8.1477600336e-01	8.0914556980e-01
6.9409948493e+02	9.8276197910e-01	8.1471437216e-01	8.0900782347e-01
6.9451919437e+02	9.8286569118e-01	8.1458944082e-01	8.0885034800e-01
6.9493890381e+02	9.8296844959e-01	8.1443887949e-01	8.0913448334e-01
6.9535861325e+02	9.8307025433e-01	8.1436592340e-01	8.0880409479e-01
6.9577832269e+02	9.8317110538e-01	8.1429964304e-01	8.0891245604e-01
6.9619803213e+02	9.8327100277e-01	8.1417042017e-01	8.0859148502e-01
6.9661774157e+02	9.8337000608e-01	8.1398326159e-01	8.0853140354e-01
6.9703745101e+02	9.8346805573e-01	8.1384956837e-01	8.0842936039e-01
6.9745716046e+02	9.8356521130e-01	8.1384038925e-01	8.0829519033e-01
6.9787686990e+02	9.8366147280e-01	8.1363594532e-01	8.0819040537e-01
6.9829657934e+02	9.8375689983e-01	8.1361079216e-01	8.0791413784e-01
6.9871628878e+02	9.8385137320e-01	8.1349205971e-01	8.0792719126e-01
6.9913599822e+02	9.8394507170e-01	8.1335788965e-01	8.0809968710e-01
6.9955570766e+02	9.8403787613e-01	8.1324833632e-01	8.0781960487e-01
6.9997541710e+02	9.8412984610e-01	8.1304800510e-01	8.0761265755e-01
7.0039512654e+02	9.8422092199e-01	8.1298732758e-01	8.0770540237e-01
7.0081483598e+02	9.8431128263e-01	8.1289440393e-01	8.0732226372e-01
7.0123454543e+02	9.8440074921e-01	8.1277149916e-01	8.0721116066e-01
7.0165425487e+02	9.8448950052e-01	8.1266850233e-01	8.0718195438e-01
7.0207396431e+02	9.8457741737e-01	8.1245952845e-01	8.0692219734e-01
7.0249367375e+02	9.8466455936e-01	8.1238353252e-01	8.0671519041e-01
7.0291338319e+02	9.8475092649e-01	8.1223696470e-01	8.0667293072e-01
7.0333309263e+02	9.8483651876e-01	8.1208938360e-01	8.0646383762e-01
7.0375280207e+02	9.8492139578e-01	8.1206893921e-01	8.0648010969e-01
7.0417251151e+02	9.8500549793e-01	8.1189900637e-01	8.0618858337e-01
7.0459222096e+02	9.8508888483e-01	8.1174057722e-01	8.0589091778e-01
7.0501193040e+02	9.8517149687e-01	8.1152415276e-01	8.0605584383e-01
7.0543163984e+02	9.8525345325e-01	8.1146305799e-01	8.0565917492e-01
7.0585134928e+02	9.8533469439e-01	8.1127822399e-01	8.0548381805e-01
7.0627105872e+02	9.8541522026e-01	8.1116545200e-01	8.0528545380e-01
7.0669076816e+02	9.8549503088e-01	8.1102645397e-01	8.0511027575e-01
7.0711047760e+02	9.8557418585e-01	8.1090837717e-01	8.0501884222e-01
7.0753018704e+02	9.8565268517e-01	8.1070023775e-01	8.0489176512e-01
7.0794989649e+02	9.8573046923e-01	8.1059265137e-01	8.0458617210e-01
7.0836960593e+02	9.8580759764e-01	8.1036293507e-01	8.0426442623e-01
7.0878931537e+02	9.8588413000e-01	8.1031656265e-01	8.0427372456e-01
7.0920902481e+02	9.8595994711e-01	8.1008493900e-01	8.0405056477e-01
7.0962873425e+02	9.8603516817e-01	8.1004738808e-01	8.0396866798e-01
7.1004844369e+02	9.8610973358e-01	8.0988746881e-01	8.0389350653e-01
7.1046815313e+02	9.8618370295e-01	8.0970418453e-01	8.0366337299e-01
7.1088786257e+02	9.8625701666e-01	8.0962795019e-01	8.0360132456e-01
7.1130757201e+02	9.8632979393e-01	8.0947786570e-01	8.0325716734e-01
7.1172728146e+02	9.8640191555e-01	8.0935454369e-01	8.0285406113e-01
7.1214699090e+02	9.8647344112e-01	8.0913317204e-01	8.0314600468e-01
7.1256670034e+02	9.8654437065e-01	8.0889612436e-01	8.0274295807e-01
7.1298640978e+02	9.8661476374e-01	8.0868631601e-01	8.0277001858e-01
7.1340611922e+02	9.8668450117e-01	8.0863022804e-01	8.0261778831e-01
7.1382582866e+02	9.8675376177e-01	8.0848699808e-01	8.0237126350e-01
7.1424553810e+02	9.8682236671e-01	8.0830895901e-01	8.0203104019e-01
7.1466524754e+02	9.8689049482e-01	8.0806338787e-01	8.0184030533e-01
7.1508495699e+02	9.8695802689e-01	8.0793905258e-01	8.0184942484e-01
7.1550466643e+02	9.8702502251e-01	8.0767959356e-01	8.0137228966e-01
7.1592437587e+02	9.8709148169e-01	8.0766493082e-01	8.0143320560e-01
7.1634408531e+02	9.8715740442e-01	8.0739617348e-01	8.0126261711e-01
7.1676379475e+02	9.8722285032e-01	8.0729782581e-01	8.0113869905e-01
7.1718350419e+02	9.8728770018e-01	8.0710899830e-01	8.0097919703e-01
7.1760321363e+02	9.8735207319e-01	8.0694949627e-01	8.0062836409e-01
7.1802292307e+02	9.8741590977e-01	8.0667960644e-01	8.0054855347e-01
7.1844263252e+02	9.8747926950e-01	8.0660760403e-01	7.9997223616e-01
7.1886234196e+02	9.8754215240e-01	8.0647271872e-01	7.9992371798e-01
7.1928205140e+02	9.8760449886e-01	8.0627071857e-01	7.9988819361e-01
7.1970176084e+02	9.8766636848e-01	8.0605810881e-01	7.9969227314e-01
7.2012147028e+02	9.8772776127e-01	8.0586260557e-01	7.9941654205e-01
7.2054117972e+02	9.8778867722e-01	8.0575686693e-01	7.9908901453e-01
7.2096088916e+02	9.8784911633e-01	8.0552059412e-01	7.9928880930e-01
7.2138059860e+02	9.8790907860e-01	8.0532079935e-01	7.9886287451e-01
7.2180030804e+02	9.8796856403e-01	8.0521529913e-01	7.9857134819e-01
7.2222001749e+02	9.8802763224e-01	8.0499714613e-01	7.9842013121e-01
7.2263972693e+02	9.8808622360e-01	8.0481719971e-01	7.9825407267e-01
7.2305943637e+02	9.8814433813e-01	8.0462104082e-01	7.9802113771e-01
7.2347914581e+02	9.8820203543e-01	8.0448114872e-01	7.9786491394e-01
7.2389885525e+02	9.8825931549e-01	8.0423218012e-01	7.9769796133e-01
7.2431856469e+02	9.8831611872e-01	8.0405318737e-01	7.9731863737e-01
7.2473827413e+02	9.8837250471e-01	8.0381846428e-01	7.9699283838e-01
7.2515798357e+02	9.8842847347e-01	8.0369460583e-01	7.9678839445e-01
7.2557769302e+02	9.8848402500e-01	8.0350238085e-01	7.9657280445e-01
7.2599740246e+02	9.8853915930e-01	8.0330109596e-01	7.9621952772e-01
7.2641711190e+02	9.8859387636e-01	8.0324137211e-01	7.9592859745e-01
7.2683682134e+02	9.8864817619e-01	8.0296313763e-01	7.9564124346e-01
7.2725653078e+02	9.8870211840e-01	8.0275785923e-01	7.9565858841e-01
7.2767624022e+02	9.8875558376e-01	8.0263274908e-01	7.9510474205e-01
7.2809594966e+02	9.8880869150e-01	8.0241227150e-01	7.9506361485e-01
7.2851565910e+02	9.8886144161e-01	8.0213427544e-01	7.9478156567e-01
7.2893536855e+02	9.8891377449e-01	8.0199521780e-01	7.9433649778e-01
7.2935507799e+02	9.8896569014e-01	8.0176204443e-01	7.9411751032e-01
7.2977478743e+02	9.8901724815e-01	8.0155062675e-01	7.9403567314e-01
7.3019449687e+02	9.8906844854e-01	8.0139690638e-01	7.9389530420e-01
7.3061420631e+02	9.8911929131e-01	8.0125844479e-01	7.9345840216e-01
7.3103391575e+02	9.8916971684e-01	8.0102247000e-01	7.9325538874e-01
7.3145362519e+02	9.8921978474e-01	8.0079865456e-01	7.9290765524e-01
7.3187333463e+02	9.8926949501e-01	8.0055993795e-01	7.9271954298e-01
7.3229304407e+02	9.8931884766e-01	8.0032664537e-01	7.9235792160e-01
7.3271275352e+02	9.8936784267e-01	8.0023902655e-01	7.9222637415e-01
7.3313246296e+02	9.8941648006e-01	7.9998445511e-01	7.9218178988e-01
7.3355217240e+02	9.8946481943e-01	7.9978710413e-01	7.9160350561e-01
7.3397188184e+02	9.8951274157e-01	7.9960131645e-01	7.9160296917e-01
7.3439159128e+02	9.8956036568e-01	7.9941809177e-01	7.9109394550e-01
7.3481130072e+02	9.8960763216e-01	7.9914247990e-01	7.9089999199e-01
7.3523101016e+02	9.8965460062e-01	7.9895573854e-01	7.9051584005e-01
7.3565071960e+02	9.8970121145e-01	7.9882007837e-01	7.9078054428e-01
7.3607042905e+02	9.8974746466e-01	7.9850673676e-01	7.9039996862e-01
7.3649013849e+02	9.8979341984e-01	7.9829007387e-01	7.9007744789e-01
7.3690984793e+02	9.8983907700e-01	7.9809278250e-01	7.8962254524e-01
7.3732955737e+02	9.8988437653e-01	7.9786598682e-01	7.8974384069e-01
7.3774926681e+02	9.8992937803e-01	7.9767745733e-01	7.8924077749e-01
7.3816897625e+02	9.8997408152e-01	7.9750007391e-01	7.8870546818e-01
7.3858868569e+02	9.9001848698e-01	7.9726821184e-01	7.8866428137e-01
7.3900839513e+02	9.9006253481e-01	7.9704177380e-01	7.8847515583e-01
7.3942810458e+02	9.9010628462e-01	7.9680758715e-01	7.8813499212e-01
7.3984781402e+02	9.9014973640e-01	7.9661452770e-01	7.8810036182e-01
7.4026752346e+02	9.9019294977e-01	7.9642426968e-01	7.8781509399e-01
7.4068723290e+02	9.9023580551e-01	7.9627186060e-01	7.8750324249e-01
7.4110694234e+02	9.9027836323e-01	7.9611456394e-01	7.8723526001e-01
7.4152665178e+02	9.9032068253e-01	7.9591393471e-01	7.8717368841e-01
7.4194636122e+02	9.9036264420e-01	7.9572409391e-01	7.8673255444e-01
7.4236607066e+02	9.9040436745e-01	7.9551208019e-01	7.8655296564e-01
7.4278578010e+02	9.9044579268e-01	7.9531550407e-01	7.8652876616e-01
7.4320548955e+02	9.9048697948e-01	7.9510706663e-01	7.8601932526e-01
7.4362519899e+02	9.9052786827e-01	7.9494202137e-01	7.8588104248e-01
7.4404490843e+02	9.9056845903e-01	7.9462903738e-01	7.8573048115e-01
7.4446461787e+02	9.9060875177e-01	7.9446691275e-01	7.8536415100e-01
7.4488432731e+02	9.9064880610e-01	7.9431504011e-01	7.8501069546e-01
7.4530403675e+02	9.9068862200e-01	7.9411810637e-01	7.8486108780e-01
7.4572374619e+02	9.9072813988e-01	7.9394030571e-01	7.8465342522e-01
7.4614345563e+02	9.9076741934e-01	7.9365599155e-01	7.8458261490e-01
7.4656316508e+02	9.9080640078e-01	7.9346895218e-01	7.8431063890e-01
7.4698287452e+02	9.9084520340e-01	7.9329383373e-01	7.8395253420e-01
7.4740258396e+02	9.9088364840e-01	7.9316961765e-01	7.8389203548e-01
7.4782229340e+02	9.9092191458e-01	7.9299694300e-01	7.8354823589e-01
7.4824200284e+02	9.9095988274e-01	7.9278343916e-01	7.8316783905e-01
7.4866171228e+02	9.9099767208e-01	7.9255676270e-01	7.8331965208e-01
7.4908142172e+02	9.9103516340e-01	7.9242622852e-01	7.8305536509e-01
7.4950113116e+02	9.9107241631e-01	7.9216337204e-01	7.8269088268e-01
7.4992084061e+02	9.9110943079e-01	7.9208481312e-01	7.8263890743e-01
7.5034055005e+02	9.9114614725e-01	7.9188299179e-01	7.8257739544e-01
7.5076025949e+02	9.9118268490e-01	7.9175794125e-01	7.8210407495e-01
7.5117996893e+02	9.9121898413e-01	7.9152792692e-01	7.8200727701e-01
7.5159967837e+02	9.9125504494e-01	7.9135018587e-01	7.8187692165e-01
7.5201938781e+02	9.9129092693e-01	7.9116666317e-01	7.8129905462e-01
7.5243909725e+02	9.9132651091e-01	7.9103392363e-01	7.8148227930e-01
7.5285880669e+02	9.9136185646e-01	7.9088640213e-01	7.8107589483e-01
7.5327851613e+02	9.9139702320e-01	7.9064083099e-01	7.8107136488e-01
7.5369822558e+02	9.9143195152e-01	7.9051250219e-01	7.8083318472e-01
7.5411793502e+02	9.9146664143e-01	7.9032397270e-01	7.8055369854e-01
7.5453764446e+02	9.9150115252e-01	7.9016184807e-01	7.8058725595e-01
7.5495735390e+02	9.9153542519e-01	7.9006320238e-01	7.8019952774e-01
7.5537706334e+02	9.9156945944e-01	7.8982216120e-01	7.8003633022e-01
7.5579677278e+02	9.9160331488e-01	7.8963899612e-01	7.7995800972e-01
7.5621648222e+02	9.9163693190e-01	7.8955394030e-01	7.7966403961e-01
7.5663619166e+02	9.9167037010e-01	7.8939390182e-01	7.7964216471e-01
7.5705590111e+02	9.9170356989e-01	7.8928339481e-01	7.7954083681e-01
7.5747561055e+02	9.9173659086e-01	7.8910350800e-01	7.7930504084e-01
7.5789531999e+02	9.9176937342e-01	7.8893291950e-01	7.7885353565e-01
7.5831502943e+02	9.9180197716e-01	7.8877991438e-01	7.7891373634e-01
7.5873473887e+02	9.9183434248e-01	7.8860098124e-01	7.7896869183e-01
7.5915444831e+02	9.9186652899e-01	7.8849852085e-01	7.7834242582e-01
7.5957415775e+02	9.9189853668e-01	7.8833097219e-01	7.7827036381e-01
7.5999386719e+02	9.9193036556e-01	7.8812766075e-01	7.7823632956e-01
7.6041357664e+02	9.9196195602e-01	7.8800612688e-01	7.7800595760e-01
7.6083328608e+02	9.9199336767e-01	7.8778642416e-01	7.7799439430e-01
7.6125299552e+02	9.9202460051e-01	7.8772956133e-01	7.7754747868e-01
7.6167270496e+02	9.9205559492e-01	7.8755885363e-01	7.7739167213e-01
7.6209241440e+02	9.9208647013e-01	7.8750401735e-01	7.7738302946e-01
7.6251212384e+02	9.9211710691e-01	7.8731048107e-01	7.7700483799e-01
7.6293183328e+02	9.9214756489e-01	7.8718262911e-01	7.7700036764e-01
7.6335154272e+02	9.9217784405e-01	7.8717458248e-01	7.7686864138e-01
7.6377125216e+02	9.9220794439e-01	7.8692537546e-01	7.7656966448e-01
7.6419096161e+02	9.9223786592e-01	7.8680777550e-01	7.7649331093e-01
7.6461067105e+02	9.9226760864e-01	7.8657925129e-01	7.7648568153e-01
7.6503038049e+02	9.9229717255e-01	7.8650015593e-01	7.7620607615e-01
7.6545008993e+02	9.9232661724e-01	7.8625315428e-01	7.7611857653e-01
7.6586979937e+02	9.9235582352e-01	7.8608679771e-01	7.7569490671e-01
7.6628950881e+02	9.9238485098e-01	7.8592467308e-01	7.7578973770e-01
7.6670921825e+02	9.9241369963e-01	7.8574460745e-01	7.7548182011e-01
7.6712892769e+02	9.9244242907e-01	7.8557240963e-01	7.7546399832e-01
7.6754863714e+02	9.9247092009e-01	7.8535664082e-01	7.7535396814e-01
7.6796834658e+02	9.9249929190e-01	7.8524774313e-01	7.7516746521e-01
7.6838805602e+02	9.9252748489e-01	7.8497320414e-01	7.7475094795e-01
7.6880776546e+02	9.9255549908e-01	7.8495901823e-01	7.7457523346e-01
7.6922747490e+02	9.9258339405e-01	7.8475564718e-01	7.7462357283e-01
7.6964718434e+02	9.9261111021e-01	7.8459030390e-01	7.7449369431e-01
7.7006689378e+02	9.9263864756e-01	7.8444641829e-01	7.7427399158e-01
7.7048660322e+02	9.9266600609e-01	7.8428423405e-01	7.7415508032e-01
7.7090631267e+02	9.9269324541e-01	7.8406620026e-01	7.7392810583e-01
7.7132602211e+02	9.9272030592e-01	7.8390109539e-01	7.7376979589e-01
7.7174573155e+02	9.9274718761e-01	7.8379219770e-01	7.7359765768e-01
7.7216544099e+02	9.9277395010e-01	7.8358316422e-01	7.7361804247e-01
7.7258515043e+02	9.9280059338e-01	7.8349912167e-01	7.7317768335e-01
7.7300485987e+02	9.9282699823e-01	7.8334379196e-01	7.7316826582e-01
7.7342456931e+02	9.9285328388e-01	7.8310829401e-01	7.7285164595e-01
7.7384427875e+02	9.9287945032e-01	7.8292739391e-01	7.7289265394e-01
7.7426398819e+02	9.9290543795e-01	7.8277957439e-01	7.7288740873e-01
7.7468369764e+02	9.9293130636e-01	7.8253972530e-01	7.7270662785e-01
7.7510340708e+02	9.9295699596e-01	7.8240978718e-01	7.7244979143e-01
7.7552311652e+02	9.9298256636e-01	7.8227561712e-01	7.7210921049e-01
7.7594282596e+02	9.9300795794e-01	7.8205811977e-01	7.7186107635e-01
7.7636253540e+02	9.9303323030e-01	7.8196293116e-01	7.7187466621e-01
7.7678224484e+02	9.9305838346e-01	7.8164261580e-01	7.7168399096e-01
7.7720195428e+02	9.9308335781e-01	7.8144854307e-01	7.7147918940e-01
7.7762166372e+02	9.9310821295e-01	7.8126150370e-01	7.7142405510e-01
7.7804137317e+02	9.9313288927e-01	7.8107059002e-01	7.7130228281e-01
7.7846108261e+02	9.9315744638e-01	7.8094249964e-01	7.7106875181e-01
7.7888079205e+02	9.9318188429e-01	7.8082400560e-01	7.7088016272e-01
7.7930050149e+02	9.9320620298e-01	7.8062289953e-01	7.7062124014e-01
7.7972021093e+02	9.9323034286e-01	7.8046792746e-01	7.7079105377e-01
7.8013992037e+02	9.9325436354e-01	7.8033989668e-01	7.7029103041e-01
7.8055962981e+02	9.9327826500e-01	7.8007555008e-01	7.7005809546e-01
7.8097933925e+02	9.9330204725e-01	7.8000152111e-01	7.7007055283e-01
7.8139904870e+02	9.9332565069e-01	7.7979463339e-01	7.6995116472e-01
7.8181875814e+02	9.9334919453e-01	7.7947342396e-01	7.6960784197e-01
7.8223846758e+02	9.9337255955e-01	7.7941250801e-01	7.6932948828e-01
7.8265817702e+02	9.9339580536e-01	7.7909344435e-01	7.6961010695e-01
7.8307788646e+02	9.9341893196e-01	7.7892905474e-01	7.6902729273e-01
7.8349759590e+02	9.9344187975e-01	7.7875012159e-01	7.6897752285e-01
7.8391730534e+02	9.9346476793e-01	7.7863097191e-01	7.6879841089e-01
7.8433701478e+02	9.9348753691e-01	7.7834475040e-01	7.6867616177e-01
7.8475672422e+02	9.9351012707e-01	7.7816754580e-01	7.6877731085e-01
7.8517643367e+02	9.9353265762e-01	7.7801907063e-01	7.6841700077e-01
7.8559614311e+02	9.9355500937e-01	7.7783268690e-01	7.6822960377e-01
7.8601585255e+02	9.9357724190e-01	7.7757745981e-01	7.6798599958e-01
7.8643556199e+02	9.9359941483e-01	7.7741849422e-01	7.6788115501e-01
7.8685527143e+02	9.9362140894e-01	7.7717328072e-01	7.6752549410e-01
7.8727498087e+02	9.9364334345e-01	7.7693319321e-01	7.6724684238e-01
7.8769469031e+02	9.9366509914e-01	7.7684658766e-01	7.6756590605e-01
7.8811439975e+02	9.9368679523e-01	7.7650296688e-01	7.6704829931e-01
7.8853410920e+02	9.9370831251e-01	7.7639311552e-01	7.6707303524e-01
7.8895381864e+02	9.9372977018e-01	7.7619254589e-01	7.6669740677e-01
7.8937352808e+02	9.9375110865e-01	7.7600127459e-01	7.6630342007e-01
7.8979323752e+02	9.9377226830e-01	7.7568161488e-01	7.6592862606e-01
7.9021294696e+02	9.9379336834e-01	7.7555018663e-01	7.6602756977e-01
7.9063265640e+02	9.9381434917e-01	7.7529758215e-01	7.6576095819e-01
7.9105236584e+02	9.9383527040e-01	7.7505105734e-01	7.6571941376e-01
7.9147207528e+02	9.9385601282e-01	7.7482175827e-01	7.6495802402e-01
7.9189178473e+02	9.9387669563e-01	7.7457916737e-01	7.6508420706e-01
7.9231149417e+02	9.9389725924e-01	7.7436995506e-01	7.6501286030e-01
7.9273120361e+02	9.9391764402e-01	7.7415442467e-01	7.6471441984e-01
7.9315091305e+02	9.9393802881e-01	7.7378743887e-01	7.6433575153e-01
7.9357062249e+02	9.9395823479e-01	7.7359884977e-01	7.6410990953e-01
7.9399033193e+02	9.9397838116e-01	7.7335953712e-01	7.6357477903e-01
7.9441004137e+02	9.9399840832e-01	7.7316105366e-01	7.6320475340e-01
7.9482975081e+02	9.9401831627e-01	7.7292448282e-01	7.6283681393e-01
7.9524946025e+02	9.9403810501e-01	7.7263754606e-01	7.6280122995e-01
7.9566916970e+02	9.9405783415e-01	7.7234351635e-01	7.6238447428e-01
7.9608887914e+02	9.9407744408e-01	7.7216929197e-01	7.6213860512e-01
7.9650858858e+02	9.9409693480e-01	7.7187424898e-01	7.6192069054e-01
7.9692829802e+02	9.9411636591e-01	7.7165591717e-01	7.6121145487e-01
7.9734800746e+02	9.9413567781e-01	7.7137929201e-01	7.6086741686e-01
7.9776771690e+02	9.9415487051e-01	7.7107506990e-01	7.6040965319e-01
7.9818742634e+02	9.9417400360e-01	7.7086043358e-01	7.6032185555e-01
7.9860713578e+02	9.9419301748e-01	7.7055382729e-01	7.5971007347e-01
7.9902684523e+02	9.9421197176e-01	7.7026456594e-01	7.5958007574e-01
7.9944655467e+02	9.9423080683e-01	7.7002251148e-01	7.5883662701e-01
