wavelength_nm	ideal_target_transmittance	tandem_response_transmittance
3.7973712158e+02	9.8013597727e-01	8.8824623823e-01
3.8015682983e+02	9.8001337051e-01	8.8832825422e-01
3.8057653809e+02	9.7988957167e-01	8.9022672176e-01
3.8099624634e+02	9.7976452112e-01	8.8932257891e-01
3.8141595459e+02	9.7963833809e-01	8.9038872719e-01
3.8183566284e+02	9.7951084375e-01	8.9073431492e-01
3.8225537109e+02	9.7938215733e-01	8.9012730122e-01
3.8267507935e+02	9.7925215960e-01	8.8919585943e-01
3.8309478760e+02	9.7912091017e-01	8.8907945156e-01
3.8351449585e+02	9.7898834944e-01	8.8867783546e-01
3.8393420410e+02	9.7885447741e-01	8.8870835304e-01
3.8435391235e+02	9.7871929407e-01	8.8599056005e-01
3.8477362061e+02	9.7858273983e-01	8.8580632210e-01
3.8519332886e+02	9.7844475508e-01	8.8573914766e-01
3.8561303711e+02	9.7830545902e-01	8.8556981087e-01
3.8603274536e+02	9.7816473246e-01	8.8342928886e-01
3.8645245361e+02	9.7802257538e-01	8.8122951984e-01
3.8687216187e+02	9.7787892818e-01	8.8203692436e-01
3.8729187012e+02	9.7773385048e-01	8.8133347034e-01
3.8771157837e+02	9.7758728266e-01	8.7839746475e-01
3.8813131714e+02	9.7743916512e-01	8.7782460451e-01
3.8855102539e+02	9.7728955746e-01	8.7568968534e-01
3.8897073364e+02	9.7713840008e-01	8.7474739552e-01
3.8939044189e+02	9.7698563337e-01	8.7435972691e-01
3.8981015015e+02	9.7683131695e-01	8.7235552073e-01
3.9022985840e+02	9.7667533159e-01	8.7110751867e-01
3.9064956665e+02	9.7651773691e-01	8.6978298426e-01
3.9106927490e+02	9.7635841370e-01	8.6829066277e-01
3.9148898315e+02	9.7619748116e-01	8.6740660667e-01
3.9190869141e+02	9.7603476048e-01	8.6632353067e-01
3.9232839966e+02	9.7587031126e-01	8.6517667770e-01
3.9274810791e+02	9.7570413351e-01	8.6470848322e-01
3.9316781616e+02	9.7553610802e-01	8.6300170422e-01
3.9358752441e+02	9.7536629438e-01	8.6190462112e-01
3.9400723267e+02	9.7519463301e-01	8.6076211929e-01
3.9442694092e+02	9.7502106428e-01	8.6011970043e-01
3.9484664917e+02	9.7484564781e-01	8.5961532593e-01
3.9526635742e+02	9.7466826439e-01	8.5797333717e-01
3.9568606567e+02	9.7448891401e-01	8.5742533207e-01
3.9610577393e+02	9.7430759668e-01	8.5730689764e-01
3.9652548218e+02	9.7412425280e-01	8.5610592365e-01
3.9694519043e+02	9.7393888235e-01	8.5584652424e-01
3.9736489868e+02	9.7375136614e-01	8.5357820988e-01
3.9778460693e+02	9.7356176376e-01	8.5312515497e-01
3.9820431519e+02	9.7337007523e-01	8.5224920511e-01
3.9862402344e+02	9.7317612171e-01	8.5172796249e-01
3.9904376221e+02	9.7297996283e-01	8.5059058666e-01
3.9946347046e+02	9.7278159857e-01	8.5118097067e-01
3.9988317871e+02	9.7258090973e-01	8.4908503294e-01
4.0030288696e+02	9.7237795591e-01	8.5047572851e-01
4.0072259521e+02	9.7217261791e-01	8.4990626574e-01
4.0114230347e+02	9.7196483612e-01	8.4937101603e-01
4.0156201172e+02	9.7175467014e-01	8.4842646122e-01
4.0198171997e+02	9.7154206038e-01	8.4831041098e-01
4.0240142822e+02	9.7132688761e-01	8.4872156382e-01
4.0282113647e+02	9.7110921144e-01	8.4860235453e-01
4.0324084473e+02	9.7088891268e-01	8.4853810072e-01
4.0366055298e+02	9.7066599131e-01	8.4775573015e-01
4.0408026123e+02	9.7044038773e-01	8.4887933731e-01
4.0449996948e+02	9.7021204233e-01	8.4675312042e-01
4.0491967773e+02	9.6998095512e-01	8.4654259682e-01
4.0533938599e+02	9.6974706650e-01	8.4771519899e-01
4.0575909424e+02	9.6951031685e-01	8.4754484892e-01
4.0617880249e+02	9.6927064657e-01	8.4667700529e-01
4.0659851074e+02	9.6902799606e-01	8.4660810232e-01
4.0701821899e+02	9.6878236532e-01	8.4682482481e-01
4.0743792725e+02	9.6853369474e-01	8.4844678640e-01
4.0785763550e+02	9.6828192472e-01	8.4809213877e-01
4.0827734375e+02	9.6802699566e-01	8.4840303659e-01
4.0869705200e+02	9.6776878834e-01	8.4785157442e-01
4.0911676025e+02	9.6750736237e-01	8.4810858965e-01
4.0953649902e+02	9.6724259853e-01	8.4847110510e-01
4.0995620728e+02	9.6697449684e-01	8.4895312786e-01
4.1037591553e+02	9.6670287848e-01	8.5000109673e-01
4.1079562378e+02	9.6642780304e-01	8.5143774748e-01
4.1121533203e+02	9.6614915133e-01	8.4962546825e-01
4.1163504028e+02	9.6586692333e-01	8.5035753250e-01
4.1205474854e+02	9.6558094025e-01	8.5132634640e-01
4.1247445679e+02	9.6529126167e-01	8.5231292248e-01
4.1289416504e+02	9.6499770880e-01	8.5235571861e-01
4.1331387329e+02	9.6470028162e-01	8.5386449099e-01
4.1373358154e+02	9.6439886093e-01	8.5463935137e-01
4.1415328979e+02	9.6409344673e-01	8.5567629337e-01
4.1457299805e+02	9.6378391981e-01	8.5502946377e-01
4.1499270630e+02	9.6347022057e-01	8.5840672255e-01
4.1541241455e+02	9.6315222979e-01	8.5903418064e-01
4.1583212280e+02	9.6282988787e-01	8.5749739408e-01
4.1625183105e+02	9.6250319481e-01	8.5872173309e-01
4.1667153931e+02	9.6217191219e-01	8.6187863350e-01
4.1709124756e+02	9.6183609962e-01	8.6168420315e-01
4.1751095581e+02	9.6149563789e-01	8.6389333010e-01
4.1793066406e+02	9.6115034819e-01	8.6309599876e-01
4.1835037231e+02	9.6080029011e-01	8.6610466242e-01
4.1877008057e+02	9.6044522524e-01	8.6649191380e-01
4.1918978882e+02	9.6008515358e-01	8.6902707815e-01
4.1960949707e+02	9.5971989632e-01	8.6819863319e-01
4.2002920532e+02	9.5934945345e-01	8.6782997847e-01
4.2044894409e+02	9.5897364616e-01	8.6861515045e-01
4.2086865234e+02	9.5859241486e-01	8.6765426397e-01
4.2128836060e+02	9.5820564032e-01	8.6840784550e-01
4.2170806885e+02	9.5781320333e-01	8.6862176657e-01
4.2212777710e+02	9.5741498470e-01	8.6886179447e-01
4.2254748535e+02	9.5701086521e-01	8.6908602715e-01
4.2296719360e+02	9.5660078526e-01	8.7025731802e-01
4.2338690186e+02	9.5618456602e-01	8.7106394768e-01
4.2380661011e+02	9.5576208830e-01	8.7137657404e-01
4.2422631836e+02	9.5533329248e-01	8.7238514423e-01
4.2464602661e+02	9.5489794016e-01	8.7295645475e-01
4.2506573486e+02	9.5445597172e-01	8.7313413620e-01
4.2548544312e+02	9.5400720835e-01	8.7390255928e-01
4.2590515137e+02	9.5355153084e-01	8.7557095289e-01
4.2632485962e+02	9.5308876038e-01	8.7628847361e-01
4.2674456787e+02	9.5261883736e-01	8.7648755312e-01
4.2716427612e+02	9.5214152336e-01	8.7700968981e-01
4.2758398438e+02	9.5165669918e-01	8.7691259384e-01
4.2800369263e+02	9.5116424561e-01	8.7849289179e-01
4.2842340088e+02	9.5066386461e-01	8.7804549932e-01
4.2884310913e+02	9.5015555620e-01	8.7918901443e-01
4.2926281738e+02	9.4963902235e-01	8.7998366356e-01
4.2968252563e+02	9.4911408424e-01	8.8001745939e-01
4.3010223389e+02	9.4858068228e-01	8.8257938623e-01
4.3052194214e+02	9.4803851843e-01	8.8251894712e-01
4.3094165039e+02	9.4748741388e-01	8.8341987133e-01
4.3136138916e+02	9.4692713022e-01	8.8387823105e-01
4.3178109741e+02	9.4635760784e-01	8.8570785522e-01
4.3220080566e+02	9.4577848911e-01	8.8611125946e-01
4.3262051392e+02	9.4518965483e-01	8.8748192787e-01
4.3304022217e+02	9.4459086657e-01	8.8810598850e-01
4.3345993042e+02	9.4398188591e-01	8.8879632950e-01
4.3387963867e+02	9.4336241484e-01	8.9017361403e-01
4.3429934692e+02	9.4273227453e-01	8.9062178135e-01
4.3471905518e+02	9.4209122658e-01	8.9144080877e-01
4.3513876343e+02	9.4143903255e-01	8.9136588573e-01
4.3555847168e+02	9.4077539444e-01	8.9112007618e-01
4.3597817993e+02	9.4010001421e-01	8.9053404331e-01
4.3639788818e+02	9.3941265345e-01	8.9075171947e-01
4.3681759644e+02	9.3871301413e-01	8.9165627956e-01
4.3723730469e+02	9.3800079823e-01	8.9033913612e-01
4.3765701294e+02	9.3727570772e-01	8.8911670446e-01
4.3807672119e+02	9.3653744459e-01	8.8842147589e-01
4.3849642944e+02	9.3578565121e-01	8.8736587763e-01
4.3891613770e+02	9.3502008915e-01	8.8673210144e-01
4.3933584595e+02	9.3424028158e-01	8.8520216942e-01
4.3975555420e+02	9.3344593048e-01	8.8579314947e-01
4.4017526245e+02	9.3263673782e-01	8.8239592314e-01
4.4059497070e+02	9.3181222677e-01	8.8364654779e-01
4.4101467896e+02	9.3097209930e-01	8.8264834881e-01
4.4143438721e+02	9.3011593819e-01	8.7994760275e-01
4.4185412598e+02	9.2924320698e-01	8.7909752131e-01
4.4227383423e+02	9.2835366726e-01	8.7781554461e-01
4.4269354248e+02	9.2744678259e-01	8.7750279903e-01
4.4311325073e+02	9.2652213573e-01	8.7530803680e-01
4.4353295898e+02	9.2557924986e-01	8.7486743927e-01
4.4395266724e+02	9.2461770773e-01	8.7498497963e-01
4.4437237549e+02	9.2363685369e-01	8.7150436640e-01
4.4479208374e+02	9.2263633013e-01	8.7359565496e-01
4.4521179199e+02	9.2161554098e-01	8.7184476852e-01
4.4563150024e+02	9.2057394981e-01	8.6949449778e-01
4.4605120850e+02	9.1951102018e-01	8.6910223961e-01
4.4647091675e+02	9.1842609644e-01	8.6783075333e-01
4.4689062500e+02	9.1731870174e-01	8.6537915468e-01
4.4731033325e+02	9.1618806124e-01	8.6577647924e-01
4.4773004150e+02	9.1503363848e-01	8.6246633530e-01
4.4814974976e+02	9.1385471821e-01	8.6101645231e-01
4.4856945801e+02	9.1265064478e-01	8.6031639576e-01
4.4898916626e+02	9.1142070293e-01	8.5748720169e-01
4.4940887451e+02	9.1016411781e-01	8.5822033882e-01
4.4982858276e+02	9.0888017416e-01	8.5561966896e-01
4.5024829102e+02	9.0756803751e-01	8.5304772854e-01
4.5066799927e+02	9.0622693300e-01	8.5296320915e-01
4.5108770752e+02	9.0485602617e-01	8.4954088926e-01
4.5150741577e+02	9.0345436335e-01	8.4926807880e-01
4.5192712402e+02	9.0202111006e-01	8.4824562073e-01
4.5234683228e+02	9.0055531263e-01	8.4575504065e-01
4.5276657104e+02	8.9905589819e-01	8.4378421307e-01
4.5318627930e+02	8.9752203226e-01	8.4203696251e-01
4.5360598755e+02	8.9595264196e-01	8.4051704407e-01
4.5402569580e+02	8.9434653521e-01	8.3889240026e-01
4.5444540405e+02	8.9270269871e-01	8.3859539032e-01
4.5486511230e+02	8.9101988077e-01	8.3698678017e-01
4.5528482056e+02	8.8929694891e-01	8.3537733555e-01
4.5570452881e+02	8.8753259182e-01	8.3535599709e-01
4.5612423706e+02	8.8572549820e-01	8.3265078068e-01
4.5654394531e+02	8.8387441635e-01	8.3072108030e-01
4.5696365356e+02	8.8197785616e-01	8.3028924465e-01
4.5738336182e+02	8.8003438711e-01	8.2593905926e-01
4.5780307007e+02	8.7804251909e-01	8.2565069199e-01
4.5822277832e+02	8.7600070238e-01	8.2277417183e-01
4.5864248657e+02	8.7390726805e-01	8.1998312473e-01
4.5906219482e+02	8.7176054716e-01	8.1856930256e-01
4.5948190308e+02	8.6955875158e-01	8.1413668394e-01
4.5990161133e+02	8.6730015278e-01	8.1291753054e-01
4.6032131958e+02	8.6498278379e-01	8.0828094482e-01
4.6074102783e+02	8.6260467768e-01	8.0633395910e-01
4.6116073608e+02	8.6016380787e-01	8.0256050825e-01
4.6158044434e+02	8.5765802860e-01	7.9674744606e-01
4.6200015259e+02	8.5508513451e-01	7.9325830936e-01
4.6241986084e+02	8.5244292021e-01	7.8990489244e-01
4.6283956909e+02	8.4972882271e-01	7.8231096268e-01
4.6325927734e+02	8.4694051743e-01	7.8119218349e-01
4.6367901611e+02	8.4407508373e-01	7.7462601662e-01
4.6409872437e+02	8.4113037586e-01	7.6982164383e-01
4.6451843262e+02	8.3810323477e-01	7.6453346014e-01
4.6493814087e+02	8.3499091864e-01	7.5881659985e-01
4.6535784912e+02	8.3179032803e-01	7.5538086891e-01
4.6577755737e+02	8.2849824429e-01	7.5047224760e-01
4.6619726562e+02	8.2511150837e-01	7.4962717295e-01
4.6661697388e+02	8.2162666321e-01	7.4485343695e-01
4.6703668213e+02	8.1804019213e-01	7.3755329847e-01
4.6745639038e+02	8.1434839964e-01	7.3717695475e-01
4.6787609863e+02	8.1054741144e-01	7.3402869701e-01
4.6829580688e+02	8.0663329363e-01	7.3275262117e-01
4.6871551514e+02	8.0260181427e-01	7.2913396358e-01
4.6913522339e+02	7.9844880104e-01	7.2379946709e-01
4.6955493164e+02	7.9416966438e-01	7.2046053410e-01
4.6997463989e+02	7.8975981474e-01	7.1693658829e-01
4.7039434814e+02	7.8521436453e-01	7.1461772919e-01
4.7081405640e+02	7.8052824736e-01	7.1086984873e-01
4.7123376465e+02	7.7569633722e-01	7.0652920008e-01
4.7165347290e+02	7.7071321011e-01	7.0386368036e-01
4.7207318115e+02	7.6557314396e-01	6.9674336910e-01
4.7249288940e+02	7.6027041674e-01	6.9457298517e-01
4.7291259766e+02	7.5479888916e-01	6.9077926874e-01
4.7333230591e+02	7.4915236235e-01	6.8279975653e-01
4.7375201416e+02	7.4332439899e-01	6.7933082581e-01
4.7417175293e+02	7.3730772734e-01	6.7723333836e-01
4.7459146118e+02	7.3109638691e-01	6.6624486446e-01
4.7501116943e+02	7.2468280792e-01	6.6203486919e-01
4.7543087769e+02	7.1805959940e-01	6.5931612253e-01
4.7585058594e+02	7.1121919155e-01	6.4966988564e-01
4.7627029419e+02	7.0415377617e-01	6.4107006788e-01
4.7669000244e+02	6.9685530663e-01	6.3401001692e-01
4.7710971069e+02	6.8931567669e-01	6.2883776426e-01
4.7752941895e+02	6.8152648211e-01	6.1901605129e-01
4.7794912720e+02	6.7347908020e-01	6.1178100109e-01
4.7836883545e+02	6.6516494751e-01	6.0217547417e-01
4.7878854370e+02	6.5657514334e-01	5.9454655647e-01
4.7920825195e+02	6.4770078659e-01	5.8601212502e-01
4.7962796021e+02	6.3853299618e-01	5.7375633717e-01
4.8004766846e+02	6.2906277180e-01	5.6933605671e-01
4.8046737671e+02	6.1928117275e-01	5.6280130148e-01
4.8088708496e+02	6.0917943716e-01	5.5178683996e-01
4.8130679321e+02	5.9874886274e-01	5.4159975052e-01
4.8172650146e+02	5.8798104525e-01	5.3697693348e-01
4.8214620972e+02	5.7686799765e-01	5.2850633860e-01
4.8256591797e+02	5.6540203094e-01	5.1305979490e-01
4.8298562622e+02	5.5357617140e-01	5.0585412979e-01
4.8340533447e+02	5.4138392210e-01	4.9533808231e-01
4.8382504272e+02	5.2881979942e-01	4.8482641578e-01
4.8424475098e+02	5.1587933302e-01	4.7633704543e-01
4.8466445923e+02	5.0255912542e-01	4.6294832230e-01
4.8508419800e+02	4.8885631561e-01	4.5257651806e-01
4.8550390625e+02	4.7477248311e-01	4.4051605463e-01
4.8592361450e+02	4.6030825377e-01	4.3438252807e-01
4.8634332275e+02	4.4546729326e-01	4.2016872764e-01
4.8676303101e+02	4.3025574088e-01	4.1420575976e-01
4.8718273926e+02	4.1468235850e-01	4.0001550317e-01
4.8760244751e+02	3.9875909686e-01	3.8817083836e-01
4.8802215576e+02	3.8250118494e-01	3.7724643946e-01
4.8844186401e+02	3.6592766643e-01	3.6754104495e-01
4.8886157227e+02	3.4906160831e-01	3.5183271766e-01
4.8928128052e+02	3.3193057775e-01	3.4239417315e-01
4.8970098877e+02	3.1456694007e-01	3.3379349113e-01
4.9012069702e+02	2.9700818658e-01	3.2250836492e-01
4.9054040527e+02	2.7929720283e-01	3.1261363626e-01
4.9096011353e+02	2.6148256660e-01	3.0303528905e-01
4.9137982178e+02	2.4361875653e-01	2.9338559508e-01
4.9179953003e+02	2.2576622665e-01	2.8511208296e-01
4.9221923828e+02	2.0799151063e-01	2.7590900660e-01
4.9263894653e+02	1.9036704302e-01	2.6597002149e-01
4.9305865479e+02	1.7297106981e-01	2.6257106662e-01
4.9347836304e+02	1.5588718653e-01	2.5469061732e-01
4.9389807129e+02	1.3920396566e-01	2.4807609618e-01
4.9431777954e+02	1.2301416695e-01	2.4353861809e-01
4.9473748779e+02	1.0741392523e-01	2.3901881278e-01
4.9515719604e+02	9.2501759529e-02	2.3463824391e-01
4.9557690430e+02	7.8377313912e-02	2.3356638849e-01
4.9599664307e+02	6.5139137208e-02	2.2919276357e-01
4.9641635132e+02	5.2886925638e-02	2.2620978951e-01
4.9683605957e+02	4.1714165360e-02	2.1955426037e-01
4.9725576782e+02	3.1710408628e-02	2.2074207664e-01
4.9767547607e+02	2.2958595306e-02	2.1670961380e-01
4.9809518433e+02	1.5533403493e-02	2.1590498090e-01
4.9851489258e+02	9.4997296110e-03	2.1189729869e-01
4.9893460083e+02	4.9112713896e-03	2.1100242436e-01
4.9935430908e+02	1.8093466060e-03	2.1009163558e-01
4.9977401733e+02	2.2194681515e-04	2.0680442452e-01
5.0019372559e+02	1.6308670456e-04	2.0369054377e-01
5.0061343384e+02	1.6324713361e-03	2.0158132911e-01
5.0103314209e+02	4.6154959127e-03	1.9848877192e-01
5.0145285034e+02	9.0835774317e-03	1.9325345755e-01
5.0187255859e+02	1.4994809404e-02	1.9007071853e-01
5.0229226685e+02	2.2294897586e-02	1.8549574912e-01
5.0271197510e+02	3.0918365344e-02	1.7888468504e-01
5.0313168335e+02	4.0789939463e-02	1.7374755442e-01
5.0355139160e+02	5.1826108247e-02	1.6655172408e-01
5.0397109985e+02	6.3936755061e-02	1.6073895991e-01
5.0439080811e+02	7.7026844025e-02	1.5532116592e-01
5.0481051636e+02	9.0998083353e-02	1.4796926081e-01
5.0523022461e+02	1.0575050116e-01	1.4275683463e-01
5.0564993286e+02	1.2118396908e-01	1.3646355271e-01
5.0606964111e+02	1.3719955087e-01	1.3238123059e-01
5.0648937988e+02	1.5370193124e-01	1.2873713672e-01
5.0690908813e+02	1.7059557140e-01	1.2522520125e-01
5.0732879639e+02	1.8779282272e-01	1.2224203348e-01
5.0774850464e+02	2.0520980656e-01	1.2208962440e-01
5.0816821289e+02	2.2276808321e-01	1.2116891146e-01
5.0858792114e+02	2.4039502442e-01	1.2381727993e-01
5.0900762939e+02	2.5802400708e-01	1.2539842725e-01
5.0942733765e+02	2.7559453249e-01	1.3009198010e-01
5.0984704590e+02	2.9305204749e-01	1.3743591309e-01
5.1026675415e+02	3.1034800410e-01	1.4141352475e-01
5.1068646240e+02	3.2743957639e-01	1.5356583893e-01
5.1110617065e+02	3.4428930283e-01	1.6236758232e-01
5.1152587891e+02	3.6086493731e-01	1.7441265285e-01
5.1194558716e+02	3.7713906169e-01	1.8937444687e-01
5.1236529541e+02	3.9308872819e-01	2.0300570130e-01
5.1278503418e+02	4.0869617462e-01	2.2389304638e-01
5.1320471191e+02	4.2394292355e-01	2.3846185207e-01
5.1362445068e+02	4.3882173300e-01	2.5873923302e-01
5.1404412842e+02	4.5331960917e-01	2.7796366811e-01
5.1446386719e+02	4.6743485332e-01	2.9945594072e-01
5.1488354492e+02	4.8115986586e-01	3.2074233890e-01
5.1530328369e+02	4.9449720979e-01	3.4118938446e-01
5.1572296143e+02	5.0744360685e-01	3.6452698708e-01
5.1614270020e+02	5.2000480890e-01	3.8417306542e-01
5.1656237793e+02	5.3218066692e-01	4.0570193529e-01
5.1698211670e+02	5.4397952557e-01	4.2622035742e-01
5.1740179443e+02	5.5540347099e-01	4.4361644983e-01
5.1782153320e+02	5.6646239758e-01	4.6115961671e-01
5.1824121094e+02	5.7716029882e-01	4.8261636496e-01
5.1866094971e+02	5.8750796318e-01	4.9526065588e-01
5.1908062744e+02	5.9751057625e-01	5.1182126999e-01
5.1950036621e+02	6.0717958212e-01	5.2529871464e-01
5.1992004395e+02	6.1652076244e-01	5.4198503494e-01
5.2033978271e+02	6.2554579973e-01	5.5171221495e-01
5.2075946045e+02	6.3426107168e-01	5.6561285257e-01
5.2117919922e+02	6.4267802238e-01	5.7516908646e-01
5.2159887695e+02	6.5080326796e-01	5.8343875408e-01
5.2201861572e+02	6.5864807367e-01	5.9541451931e-01
5.2243829346e+02	6.6621893644e-01	6.0621607304e-01
5.2285803223e+02	6.7352676392e-01	6.1520379782e-01
5.2327777100e+02	6.8057900667e-01	6.2052553892e-01
5.2369744873e+02	6.8738299608e-01	6.2998384237e-01
5.2411718750e+02	6.9394886494e-01	6.3464391232e-01
5.2453686523e+02	7.0028275251e-01	6.4487498999e-01
5.2495660400e+02	7.0639413595e-01	6.4717298746e-01
5.2537628174e+02	7.1228885651e-01	6.5284907818e-01
5.2579602051e+02	7.1797591448e-01	6.5510392189e-01
5.2621569824e+02	7.2346067429e-01	6.6154342890e-01
5.2663543701e+02	7.2875159979e-01	6.6589331627e-01
5.2705511475e+02	7.3385369778e-01	6.6784584522e-01
5.2747485352e+02	7.3877495527e-01	6.7615097761e-01
5.2789453125e+02	7.4351996183e-01	6.7604392767e-01
5.2831427002e+02	7.4809604883e-01	6.8149644136e-01
5.2873394775e+02	7.5250762701e-01	6.8525850773e-01
5.2915368652e+02	7.5676149130e-01	6.8703430891e-01
5.2957336426e+02	7.6086163521e-01	6.9093859196e-01
5.2999310303e+02	7.6481431723e-01	6.9491195679e-01
5.3041278076e+02	7.6862329245e-01	7.0009696484e-01
5.3083251953e+02	7.7229428291e-01	7.0432990789e-01
5.3125219727e+02	7.7583074570e-01	7.0525902510e-01
5.3167193604e+02	7.7923804522e-01	7.0698219538e-01
5.3209161377e+02	7.8251928091e-01	7.1234869957e-01
5.3251135254e+02	7.8567928076e-01	7.1583312750e-01
5.3293103027e+02	7.8872108459e-01	7.1828770638e-01
5.3335076904e+02	7.9164904356e-01	7.1932715178e-01
5.3377050781e+02	7.9446625710e-01	7.2383451462e-01
5.3419018555e+02	7.9717558622e-01	7.2737061977e-01
5.3460992432e+02	7.9978108406e-01	7.3007214069e-01
5.3502960205e+02	8.0228495598e-01	7.3148566484e-01
5.3544934082e+02	8.0469083786e-01	7.3603951931e-01
5.3586901855e+02	8.0700075626e-01	7.3826199770e-01
5.3628875732e+02	8.0921816826e-01	7.4089926481e-01
5.3670843506e+02	8.1134474277e-01	7.4099850655e-01
5.3712817383e+02	8.1338369846e-01	7.4504899979e-01
5.3754785156e+02	8.1533658504e-01	7.4890393019e-01
5.3796759033e+02	8.1720620394e-01	7.5252646208e-01
5.3838726807e+02	8.1899404526e-01	7.5665563345e-01
5.3880700684e+02	8.2070273161e-01	7.5676602125e-01
5.3922668457e+02	8.2233345509e-01	7.5886833668e-01
5.3964642334e+02	8.2388859987e-01	7.6239037514e-01
5.4006610107e+02	8.2536941767e-01	7.6253056526e-01
5.4048583984e+02	8.2677781582e-01	7.6649290323e-01
5.4090551758e+02	8.2811498642e-01	7.6902109385e-01
5.4132525635e+02	8.2938271761e-01	7.7061474323e-01
5.4174493408e+02	8.3058202267e-01	7.7280241251e-01
5.4216467285e+02	8.3171445131e-01	7.7375292778e-01
5.4258435059e+02	8.3278095722e-01	7.7624052763e-01
5.4300408936e+02	8.3378291130e-01	7.7571088076e-01
5.4342376709e+02	8.3472108841e-01	7.8037810326e-01
5.4384350586e+02	8.3559668064e-01	7.8090816736e-01
5.4426324463e+02	8.3641058207e-01	7.7983623743e-01
5.4468292236e+02	8.3716344833e-01	7.8098642826e-01
5.4510266113e+02	8.3785623312e-01	7.8059238195e-01
5.4552233887e+02	8.3848953247e-01	7.8306353092e-01
5.4594207764e+02	8.3906412125e-01	7.8403335810e-01
5.4636175537e+02	8.3958047628e-01	7.8258055449e-01
5.4678149414e+02	8.4003925323e-01	7.8135144711e-01
5.4720117188e+02	8.4044075012e-01	7.8192323446e-01
5.4762091064e+02	8.4078550339e-01	7.7840781212e-01
5.4804058838e+02	8.4107375145e-01	7.8138560057e-01
5.4846032715e+02	8.4130591154e-01	7.8072184324e-01
5.4888000488e+02	8.4148216248e-01	7.8039819002e-01
5.4929974365e+02	8.4160268307e-01	7.8309667110e-01
5.4971942139e+02	8.4166759253e-01	7.8009265661e-01
5.5013916016e+02	8.4167695045e-01	7.7930533886e-01
5.5055883789e+02	8.4163075686e-01	7.7756738663e-01
5.5097857666e+02	8.4152901173e-01	7.7754437923e-01
5.5139825439e+02	8.4137153625e-01	7.7986913919e-01
5.5181799316e+02	8.4115827084e-01	7.7740460634e-01
5.5223767090e+02	8.4088891745e-01	7.7821123600e-01
5.5265740967e+02	8.4056323767e-01	7.7562433481e-01
5.5307708740e+02	8.4018087387e-01	7.7848935127e-01
5.5349682617e+02	8.3974146843e-01	7.7725213766e-01
5.5391650391e+02	8.3924460411e-01	7.7480596304e-01
5.5433624268e+02	8.3868968487e-01	7.7352291346e-01
5.5475592041e+02	8.3807623386e-01	7.7215564251e-01
5.5517565918e+02	8.3740353584e-01	7.7322930098e-01
5.5559539795e+02	8.3667093515e-01	7.7461701632e-01
5.5601507568e+02	8.3587777615e-01	7.7168023586e-01
5.5643481445e+02	8.3502304554e-01	7.6762109995e-01
5.5685449219e+02	8.3410608768e-01	7.6829868555e-01
5.5727423096e+02	8.3312571049e-01	7.6722246408e-01
5.5769390869e+02	8.3208113909e-01	7.6504611969e-01
5.5811364746e+02	8.3097094297e-01	7.6192897558e-01
5.5853332520e+02	8.2979440689e-01	7.6039326191e-01
5.5895306396e+02	8.2854980230e-01	7.5901103020e-01
5.5937274170e+02	8.2723623514e-01	7.5691115856e-01
5.5979248047e+02	8.2585191727e-01	7.5446939468e-01
5.6021215820e+02	8.2439577579e-01	7.5432819128e-01
5.6063189697e+02	8.2286584377e-01	7.4938243628e-01
5.6105157471e+02	8.2126080990e-01	7.4817776680e-01
5.6147131348e+02	8.1957852840e-01	7.4775213003e-01
5.6189099121e+02	8.1781762838e-01	7.4595147371e-01
5.6231072998e+02	8.1597572565e-01	7.4144381285e-01
5.6273040771e+02	8.1405121088e-01	7.3761540651e-01
5.6315014648e+02	8.1204146147e-01	7.3449820280e-01
5.6356982422e+02	8.0994474888e-01	7.2989267111e-01
5.6398956299e+02	8.0775809288e-01	7.2499692440e-01
5.6440924072e+02	8.0547976494e-01	7.2155869007e-01
5.6482897949e+02	8.0310636759e-01	7.1617740393e-01
5.6524865723e+02	8.0063593388e-01	7.1390485764e-01
5.6566839600e+02	7.9806494713e-01	7.0802903175e-01
5.6608813477e+02	7.9539066553e-01	7.0316940546e-01
5.6650781250e+02	7.9261040688e-01	6.9743180275e-01
5.6692755127e+02	7.8972011805e-01	6.9375789165e-01
5.6734722900e+02	7.8671729565e-01	6.8498504162e-01
5.6776696777e+02	7.8359735012e-01	6.8011647463e-01
5.6818664551e+02	7.8035753965e-01	6.7552924156e-01
5.6860638428e+02	7.7699303627e-01	6.7021387815e-01
5.6902606201e+02	7.7350068092e-01	6.6250669956e-01
5.6944580078e+02	7.6987534761e-01	6.5806359053e-01
5.6986547852e+02	7.6611357927e-01	6.4744007587e-01
5.7028521729e+02	7.6220965385e-01	6.4481550455e-01
5.7070489502e+02	7.5815993547e-01	6.3737010956e-01
5.7112463379e+02	7.5395828485e-01	6.3323754072e-01
5.7154431152e+02	7.4960064888e-01	6.1939865351e-01
5.7196405029e+02	7.4508041143e-01	6.1607974768e-01
5.7238372803e+02	7.4039316177e-01	6.0770463943e-01
5.7280346680e+02	7.3553174734e-01	5.9853088856e-01
5.7322314453e+02	7.3049151897e-01	5.9070235491e-01
5.7364288330e+02	7.2526466846e-01	5.8369475603e-01
5.7406256104e+02	7.1984624863e-01	5.6985837221e-01
5.7448229980e+02	7.1422791481e-01	5.6214982271e-01
5.7490197754e+02	7.0840424299e-01	5.5328452587e-01
5.7532171631e+02	7.0236635208e-01	5.4358798265e-01
5.7574139404e+02	6.9610863924e-01	5.2900379896e-01
5.7616113281e+02	6.8962144852e-01	5.2324301004e-01
5.7658087158e+02	6.8289792538e-01	5.0852507353e-01
5.7700054932e+02	6.7593091726e-01	4.9649336934e-01
5.7742028809e+02	6.6871017218e-01	4.8652857542e-01
5.7783996582e+02	6.6122925282e-01	4.7255259752e-01
5.7825970459e+02	6.5347737074e-01	4.5953443646e-01
5.7867938232e+02	6.4544796944e-01	4.4555875659e-01
5.7909912109e+02	6.3712990284e-01	4.3366611004e-01
5.7951879883e+02	6.2851661444e-01	4.1682362556e-01
5.7993853760e+02	6.1959648132e-01	4.0490922332e-01
5.8035821533e+02	6.1036324501e-01	3.8910791278e-01
5.8077795410e+02	6.0080528259e-01	3.7361678481e-01
5.8119763184e+02	5.9091651440e-01	3.5838407278e-01
5.8161737061e+02	5.8068555593e-01	3.4224087000e-01
5.8203704834e+02	5.7010704279e-01	3.2833954692e-01
5.8245678711e+02	5.5917006731e-01	3.0954927206e-01
5.8287646484e+02	5.4787039757e-01	2.9138651490e-01
5.8329620361e+02	5.3619801998e-01	2.7622407675e-01
5.8371588135e+02	5.2415031195e-01	2.6092243195e-01
5.8413562012e+02	5.1171880960e-01	2.4470983446e-01
5.8455529785e+02	4.9890312552e-01	2.3038856685e-01
5.8497503662e+02	4.8569703102e-01	2.1419106424e-01
5.8539471436e+02	4.7210323811e-01	1.9857481122e-01
5.8581445312e+02	4.5811852813e-01	1.8531408906e-01
5.8623413086e+02	4.4374972582e-01	1.7298139632e-01
5.8665386963e+02	4.2899772525e-01	1.6079077125e-01
5.8707354736e+02	4.1387453675e-01	1.4684922993e-01
5.8749328613e+02	3.9838635921e-01	1.3661614060e-01
5.8791302490e+02	3.8254931569e-01	1.2340587378e-01
5.8833270264e+02	3.6638334394e-01	1.1408743262e-01
5.8875244141e+02	3.4990522265e-01	1.0671788454e-01
5.8917211914e+02	3.3314570785e-01	9.9153131247e-02
5.8959185791e+02	3.1613048911e-01	9.1753877699e-02
5.9001153564e+02	2.9890012741e-01	8.5517257452e-02
5.9043127441e+02	2.8149062395e-01	8.0296047032e-02
5.9085095215e+02	2.6395368576e-01	7.6267242432e-02
5.9127069092e+02	2.4633663893e-01	7.5077109039e-02
5.9169036865e+02	2.2870315611e-01	7.1733236313e-02
5.9211010742e+02	2.1111264825e-01	7.1569390595e-02
5.9252978516e+02	1.9364085793e-01	7.0750102401e-02
5.9294952393e+02	1.7635922134e-01	7.2576306760e-02
5.9336920166e+02	1.5935483575e-01	7.1780547500e-02
5.9378894043e+02	1.4271001518e-01	7.4491024017e-02
5.9420861816e+02	1.2652133405e-01	7.5840733945e-02
5.9462835693e+02	1.1087960750e-01	7.8728400171e-02
5.9504803467e+02	9.5887623727e-02	8.0537132919e-02
5.9546777344e+02	8.1640906632e-02	8.3423197269e-02
5.9588745117e+02	6.8243764341e-02	8.7552122772e-02
5.9630718994e+02	5.5791344494e-02	9.1058716178e-02
5.9672686768e+02	4.4383581728e-02	9.5327705145e-02
5.9714660645e+02	3.4109119326e-02	9.9879108369e-02
5.9756628418e+02	2.5056870654e-02	1.0323785245e-01
5.9798602295e+02	1.7302431166e-02	1.0850746930e-01
5.9840576172e+02	1.0916170664e-02	1.1512611061e-01
5.9882543945e+02	5.9569198638e-03	1.1731202900e-01
5.9924517822e+02	2.4694416206e-03	1.2562493980e-01
5.9966485596e+02	4.8790586879e-04	1.3065510988e-01
6.0008459473e+02	3.1105922972e-05	1.3620425761e-01
6.0050427246e+02	1.1043068953e-03	1.4317804575e-01
6.0092401123e+02	3.6986055784e-03	1.4932939410e-01
6.0134368896e+02	7.7899093740e-03	1.5506057441e-01
6.0176342773e+02	1.3342486694e-02	1.6149570048e-01
6.0218310547e+02	2.0305076614e-02	1.6872765124e-01
6.0260284424e+02	2.8618430719e-02	1.7692217231e-01
6.0302252197e+02	3.8208585232e-02	1.8330726027e-01
6.0344226074e+02	4.8997990787e-02	1.8933230639e-01
6.0386193848e+02	6.0896005481e-02	1.9789366424e-01
6.0428167725e+02	7.3813073337e-02	2.0609302819e-01
6.0470135498e+02	8.7648600340e-02	2.1374097466e-01
6.0512109375e+02	1.0230753571e-01	2.1959048510e-01
6.0554077148e+02	1.1768588424e-01	2.3098641634e-01
6.0596051025e+02	1.3368906081e-01	2.3685769737e-01
6.0638018799e+02	1.5021535754e-01	2.4901860952e-01
6.0679992676e+02	1.6717556119e-01	2.5785496831e-01
6.0721960449e+02	1.8447472155e-01	2.6972514391e-01
6.0763934326e+02	2.0203247666e-01	2.7932828665e-01
6.0805902100e+02	2.1976366639e-01	2.9096570611e-01
6.0847875977e+02	2.3759898543e-01	3.0594542623e-01
6.0889849854e+02	2.5546735525e-01	3.1902253628e-01
6.0931817627e+02	2.7330362797e-01	3.2745465636e-01
6.0973791504e+02	2.9105654359e-01	3.4075602889e-01
6.1015759277e+02	3.0867040157e-01	3.5884955525e-01
6.1057733154e+02	3.2610547543e-01	3.6963787675e-01
6.1099700928e+02	3.4331747890e-01	3.8054975867e-01
6.1141674805e+02	3.6027735472e-01	3.9851278067e-01
6.1183642578e+02	3.7695100904e-01	4.1107273102e-01
6.1225616455e+02	3.9331877232e-01	4.2499485612e-01
6.1267584229e+02	4.0935549140e-01	4.4153812528e-01
6.1309558105e+02	4.2504939437e-01	4.5068767667e-01
6.1351525879e+02	4.4038286805e-01	4.6583834291e-01
6.1393499756e+02	4.5535057783e-01	4.7887596488e-01
6.1435467529e+02	4.6994119883e-01	4.8924815655e-01
6.1477441406e+02	4.8415449262e-01	5.0511050224e-01
6.1519409180e+02	4.9798408151e-01	5.1391047239e-01
6.1561383057e+02	5.1143372059e-01	5.2286446095e-01
6.1603350830e+02	5.2450090647e-01	5.3664249182e-01
6.1645324707e+02	5.3719228506e-01	5.4563105106e-01
6.1687292480e+02	5.4950839281e-01	5.5514979362e-01
6.1729266357e+02	5.6145793200e-01	5.6465435028e-01
6.1771234131e+02	5.7304358482e-01	5.7514125109e-01
6.1813208008e+02	5.8427554369e-01	5.7765257359e-01
6.1855175781e+02	5.9515798092e-01	5.8796322346e-01
6.1897149658e+02	6.0570204258e-01	5.9734958410e-01
6.1939117432e+02	6.1591291428e-01	6.0026746988e-01
6.1981091309e+02	6.2580209970e-01	6.0642975569e-01
6.2023065186e+02	6.3537693024e-01	6.1149817705e-01
6.2065032959e+02	6.4464497566e-01	6.1545687914e-01
6.2107006836e+02	6.5361785889e-01	6.1883878708e-01
6.2148974609e+02	6.6230183840e-01	6.2042546272e-01
6.2190948486e+02	6.7070853710e-01	6.2734538317e-01
6.2232916260e+02	6.7884421349e-01	6.2555050850e-01
6.2274890137e+02	6.8672001362e-01	6.3143754005e-01
6.2316857910e+02	6.9434225559e-01	6.3082206249e-01
6.2358831787e+02	7.0172154903e-01	6.3536912203e-01
6.2400799561e+02	7.0886403322e-01	6.3681590557e-01
6.2442773438e+02	7.1577990055e-01	6.3664048910e-01
6.2484741211e+02	7.2247493267e-01	6.4085453749e-01
6.2526715088e+02	7.2895878553e-01	6.3855701685e-01
6.2568682861e+02	7.3523700237e-01	6.4439582825e-01
6.2610656738e+02	7.4131864309e-01	6.4447796345e-01
6.2652624512e+02	7.4720883369e-01	6.4172607660e-01
6.2694598389e+02	7.5291621685e-01	6.4499741793e-01
6.2736566162e+02	7.5844556093e-01	6.4788430929e-01
6.2778540039e+02	7.6380491257e-01	6.4846509695e-01
6.2820507812e+02	7.6899874210e-01	6.5375953913e-01
6.2862481689e+02	7.7403450012e-01	6.4366441965e-01
6.2904449463e+02	7.7891641855e-01	6.5103721619e-01
6.2946423340e+02	7.8365135193e-01	6.5399998426e-01
6.2988391113e+02	7.8824329376e-01	6.5295350552e-01
6.3030364990e+02	7.9269862175e-01	6.5346229076e-01
6.3072338867e+02	7.9702162743e-01	6.5716052055e-01
6.3114306641e+02	8.0121630430e-01	6.5812373161e-01
6.3156280518e+02	8.0528849363e-01	6.5777444839e-01
6.3198248291e+02	8.0924141407e-01	6.6166460514e-01
6.3240222168e+02	8.1308031082e-01	6.6189372540e-01
6.3282189941e+02	8.1680822372e-01	6.6401451826e-01
6.3324163818e+02	8.2043004036e-01	6.6913670301e-01
6.3366131592e+02	8.2394844294e-01	6.6824543476e-01
6.3408105469e+02	8.2736808062e-01	6.6910719872e-01
6.3450073242e+02	8.3069145679e-01	6.6971087456e-01
6.3492047119e+02	8.3392274380e-01	6.7530864477e-01
6.3534014893e+02	8.3706426620e-01	6.7566102743e-01
6.3575988770e+02	8.4011995792e-01	6.7379218340e-01
6.3617956543e+02	8.4309190512e-01	6.7723876238e-01
6.3659930420e+02	8.4598380327e-01	6.7935478687e-01
6.3701898193e+02	8.4879755974e-01	6.7946404219e-01
6.3743872070e+02	8.5153657198e-01	6.8608921766e-01
6.3785839844e+02	8.5420256853e-01	6.8463033438e-01
6.3827813721e+02	8.5679870844e-01	6.8930059671e-01
6.3869781494e+02	8.5932666063e-01	6.9083398581e-01
6.3911755371e+02	8.6178934574e-01	6.8898540735e-01
6.3953723145e+02	8.6418819427e-01	6.9581264257e-01
6.3995697021e+02	8.6652600765e-01	6.9932609797e-01
6.4037664795e+02	8.6880403757e-01	7.0167762041e-01
6.4079638672e+02	8.7102490664e-01	7.0219212770e-01
6.4121612549e+02	8.7319010496e-01	7.0444470644e-01
6.4163580322e+02	8.7530118227e-01	7.0513600111e-01
6.4205554199e+02	8.7736034393e-01	7.0914667845e-01
6.4247521973e+02	8.7936872244e-01	7.1454107761e-01
6.4289495850e+02	8.8132846355e-01	7.1692973375e-01
6.4331463623e+02	8.8324052095e-01	7.2109031677e-01
6.4373437500e+02	8.8510692120e-01	7.2481179237e-01
6.4415405273e+02	8.8692855835e-01	7.2417497635e-01
6.4457379150e+02	8.8870728016e-01	7.2846674919e-01
6.4499346924e+02	8.9044386148e-01	7.2963225842e-01
6.4541320801e+02	8.9214020967e-01	7.3698824644e-01
6.4583288574e+02	8.9379692078e-01	7.3745799065e-01
6.4625262451e+02	8.9541572332e-01	7.3658108711e-01
6.4667230225e+02	8.9699727297e-01	7.4418526888e-01
6.4709204102e+02	8.9854311943e-01	7.4118781090e-01
6.4751171875e+02	9.0005379915e-01	7.4550926685e-01
6.4793145752e+02	9.0153092146e-01	7.4652904272e-01
6.4835113525e+02	9.0297490358e-01	7.4791407585e-01
6.4877087402e+02	9.0438723564e-01	7.5176280737e-01
6.4919055176e+02	9.0576827526e-01	7.5485908985e-01
6.4961029053e+02	9.0711945295e-01	7.5711494684e-01
6.5002996826e+02	9.0844112635e-01	7.5843435526e-01
6.5044970703e+02	9.0973460674e-01	7.5990647078e-01
6.5086938477e+02	9.1100019217e-01	7.6357573271e-01
6.5128912354e+02	9.1223913431e-01	7.6510554552e-01
6.5170880127e+02	9.1345179081e-01	7.6648473740e-01
6.5212854004e+02	9.1463917494e-01	7.6818817854e-01
6.5254827881e+02	9.1580188274e-01	7.6994758844e-01
6.5296795654e+02	9.1694033146e-01	7.7081519365e-01
6.5338769531e+02	9.1805559397e-01	7.7523821592e-01
6.5380737305e+02	9.1914796829e-01	7.7758246660e-01
6.5422711182e+02	9.2021828890e-01	7.7796870470e-01
6.5464678955e+02	9.2126697302e-01	7.7904123068e-01
6.5506652832e+02	9.2229473591e-01	7.8283274174e-01
6.5548620605e+02	9.2330199480e-01	7.8208208084e-01
6.5590594482e+02	9.2428946495e-01	7.8139281273e-01
6.5632562256e+02	9.2525738478e-01	7.8400582075e-01
6.5674536133e+02	9.2620658875e-01	7.8552556038e-01
6.5716503906e+02	9.2713725567e-01	7.8773868084e-01
6.5758477783e+02	9.2805010080e-01	7.8768038750e-01
6.5800445557e+02	9.2894536257e-01	7.9014378786e-01
6.5842419434e+02	9.2982375622e-01	7.9313182831e-01
6.5884387207e+02	9.3068534136e-01	7.9539507627e-01
6.5926361084e+02	9.3153095245e-01	7.9476779699e-01
6.5968328857e+02	9.3236058950e-01	7.9689586163e-01
6.6010302734e+02	9.3317496777e-01	7.9641914368e-01
6.6052270508e+02	9.3397420645e-01	7.9794412851e-01
6.6094244385e+02	9.3475890160e-01	7.9973781109e-01
6.6136212158e+02	9.3552923203e-01	8.0086857080e-01
6.6178186035e+02	9.3628567457e-01	8.0264818668e-01
6.6220153809e+02	9.3702840805e-01	8.0227220058e-01
6.6262127686e+02	9.3775790930e-01	8.0629283190e-01
6.6304101562e+02	9.3847447634e-01	8.0686265230e-01
6.6346069336e+02	9.3917828798e-01	8.0835896730e-01
6.6388043213e+02	9.3986982107e-01	8.0973917246e-01
6.6430010986e+02	9.4054913521e-01	8.1168204546e-01
6.6471984863e+02	9.4121676683e-01	8.0987811089e-01
6.6513952637e+02	9.4187277555e-01	8.1350982189e-01
6.6555926514e+02	9.4251757860e-01	8.1238877773e-01
6.6597894287e+02	9.4315129519e-01	8.1542116404e-01
6.6639868164e+02	9.4377434254e-01	8.1748926640e-01
6.6681835938e+02	9.4438683987e-01	8.1799662113e-01
6.6723809814e+02	9.4498908520e-01	8.1866967678e-01
6.6765777588e+02	9.4558119774e-01	8.2120770216e-01
6.6807751465e+02	9.4616359472e-01	8.2253021002e-01
6.6849719238e+02	9.4673627615e-01	8.2204568386e-01
6.6891693115e+02	9.4729965925e-01	8.2719016075e-01
6.6933660889e+02	9.4785380363e-01	8.2535266876e-01
6.6975634766e+02	9.4839894772e-01	8.2598584890e-01
6.7017602539e+02	9.4893527031e-01	8.2829809189e-01
6.7059576416e+02	9.4946306944e-01	8.2768946886e-01
6.7101544189e+02	9.4998234510e-01	8.3018028736e-01
6.7143518066e+02	9.5049351454e-01	8.3136785030e-01
6.7185485840e+02	9.5099645853e-01	8.3237904310e-01
6.7227459717e+02	9.5149165392e-01	8.3263462782e-01
6.7269427490e+02	9.5197898149e-01	8.3468157053e-01
6.7311401367e+02	9.5245885849e-01	8.3661198616e-01
6.7353375244e+02	9.5293128490e-01	8.3595335484e-01
6.7395343018e+02	9.5339637995e-01	8.3750027418e-01
6.7437316895e+02	9.5385444164e-01	8.3849108219e-01
6.7479284668e+02	9.5430552959e-01	8.4046459198e-01
6.7521258545e+02	9.5474976301e-01	8.4241366386e-01
6.7563226318e+02	9.5518732071e-01	8.4248197079e-01
6.7605200195e+02	9.5561838150e-01	8.4392690659e-01
6.7647167969e+02	9.5604294538e-01	8.4421598911e-01
6.7689141846e+02	9.5646125078e-01	8.4764766693e-01
6.7731109619e+02	9.5687341690e-01	8.4652644396e-01
6.7773083496e+02	9.5727950335e-01	8.4757798910e-01
6.7815051270e+02	9.5767968893e-01	8.4864002466e-01
6.7857025146e+02	9.5807409286e-01	8.4766328335e-01
6.7898992920e+02	9.5846271515e-01	8.5114961863e-01
6.7940966797e+02	9.5884585381e-01	8.5185742378e-01
6.7982934570e+02	9.5922338963e-01	8.5183995962e-01
6.8024908447e+02	9.5959568024e-01	8.5161077976e-01
6.8066876221e+02	9.5996260643e-01	8.5422158241e-01
6.8108850098e+02	9.6032446623e-01	8.5503125191e-01
6.8150817871e+02	9.6068114042e-01	8.5571855307e-01
6.8192791748e+02	9.6103292704e-01	8.5825753212e-01
6.8234759521e+02	9.6137982607e-01	8.5862725973e-01
6.8276733398e+02	9.6172189713e-01	8.5936808586e-01
6.8318701172e+02	9.6205925941e-01	8.6110186577e-01
6.8360675049e+02	9.6239209175e-01	8.6152422428e-01
6.8402642822e+02	9.6272027493e-01	8.6292767525e-01
6.8444616699e+02	9.6304410696e-01	8.6452347040e-01
6.8486590576e+02	9.6336352825e-01	8.6522001028e-01
6.8528558350e+02	9.6367865801e-01	8.6470669508e-01
6.8570532227e+02	9.6398961544e-01	8.6715316772e-01
6.8612500000e+02	9.6429640055e-01	8.6810034513e-01
6.8654473877e+02	9.6459919214e-01	8.6823672056e-01
6.8696441650e+02	9.6489793062e-01	8.6935001612e-01
6.8738415527e+02	9.6519279480e-01	8.7084555626e-01
6.8780383301e+02	9.6548372507e-01	8.7149089575e-01
6.8822357178e+02	9.6577101946e-01	8.7217980623e-01
6.8864324951e+02	9.6605449915e-01	8.7321680784e-01
6.8906298828e+02	9.6633434296e-01	8.7528598309e-01
6.8948266602e+02	9.6661061049e-01	8.7554419041e-01
6.8990240479e+02	9.6688336134e-01	8.7669199705e-01
6.9032208252e+02	9.6715265512e-01	8.7618523836e-01
6.9074182129e+02	9.6741855145e-01	8.7928992510e-01
6.9116149902e+02	9.6768105030e-01	8.7981486320e-01
6.9158123779e+02	9.6794033051e-01	8.8185465336e-01
6.9200091553e+02	9.6819633245e-01	8.8109308481e-01
6.9242065430e+02	9.6844923496e-01	8.8222181797e-01
6.9284033203e+02	9.6869891882e-01	8.8299721479e-01
6.9326007080e+02	9.6894556284e-01	8.8455253839e-01
6.9367974854e+02	9.6918916702e-01	8.8438701630e-01
6.9409948730e+02	9.6942985058e-01	8.8636255264e-01
6.9451916504e+02	9.6966755390e-01	8.8729131222e-01
6.9493890381e+02	9.6990245581e-01	8.8878208399e-01
6.9535864258e+02	9.7013449669e-01	8.9006102085e-01
6.9577832031e+02	9.7036373615e-01	8.8999623060e-01
6.9619805908e+02	9.7059029341e-01	8.9101958275e-01
6.9661773682e+02	9.7081410885e-01	8.9108467102e-01
6.9703747559e+02	9.7103530169e-01	8.9308375120e-01
6.9745715332e+02	9.7125381231e-01	8.9374583960e-01
6.9787689209e+02	9.7146981955e-01	8.9406901598e-01
6.9829656982e+02	9.7168332338e-01	8.9570128918e-01
6.9871630859e+02	9.7189432383e-01	8.9675784111e-01
6.9913598633e+02	9.7210288048e-01	8.9694041014e-01
6.9955572510e+02	9.7230905294e-01	8.9823234081e-01
6.9997540283e+02	9.7251278162e-01	8.9873981476e-01
7.0039514160e+02	9.7271424532e-01	9.0077966452e-01
7.0081481934e+02	9.7291338444e-01	9.0029811859e-01
7.0123455811e+02	9.7311031818e-01	9.0204089880e-01
7.0165423584e+02	9.7330492735e-01	9.0196341276e-01
7.0207397461e+02	9.7349745035e-01	9.0273743868e-01
7.0249365234e+02	9.7368770838e-01	9.0408027172e-01
7.0291339111e+02	9.7387593985e-01	9.0431475639e-01
7.0333306885e+02	9.7406202555e-01	9.0439236164e-01
7.0375280762e+02	9.7424608469e-01	9.0582960844e-01
7.0417248535e+02	9.7442805767e-01	9.0636557341e-01
7.0459222412e+02	9.7460806370e-01	9.0645486116e-01
7.0501190186e+02	9.7478610277e-01	9.0773022175e-01
7.0543164062e+02	9.7496217489e-01	9.0945309401e-01
7.0585137939e+02	9.7513639927e-01	9.0915995836e-01
7.0627105713e+02	9.7530865669e-01	9.0951454639e-01
7.0669079590e+02	9.7547912598e-01	9.1127854586e-01
7.0711047363e+02	9.7564768791e-01	9.1071552038e-01
7.0753021240e+02	9.7581452131e-01	9.1257077456e-01
7.0794989014e+02	9.7597956657e-01	9.1242247820e-01
7.0836962891e+02	9.7614282370e-01	9.1384887695e-01
7.0878930664e+02	9.7630435228e-01	9.1362941265e-01
7.0920904541e+02	9.7646421194e-01	9.1295278072e-01
7.0962872314e+02	9.7662240267e-01	9.1470360756e-01
7.1004846191e+02	9.7677892447e-01	9.1570830345e-01
7.1046813965e+02	9.7693383694e-01	9.1597449780e-01
7.1088787842e+02	9.7708714008e-01	9.1673225164e-01
7.1130755615e+02	9.7723883390e-01	9.1806876659e-01
7.1172729492e+02	9.7738897800e-01	9.1845029593e-01
7.1214697266e+02	9.7753757238e-01	9.1885703802e-01
7.1256671143e+02	9.7768461704e-01	9.2103177309e-01
7.1298638916e+02	9.7783023119e-01	9.2320132256e-01
7.1340612793e+02	9.7797435522e-01	9.2353999615e-01
7.1382580566e+02	9.7811698914e-01	9.2407208681e-01
7.1424554443e+02	9.7825819254e-01	9.2394828796e-01
7.1466522217e+02	9.7839796543e-01	9.2406475544e-01
7.1508496094e+02	9.7853636742e-01	9.2453187704e-01
7.1550463867e+02	9.7867339849e-01	9.2535543442e-01
7.1592437744e+02	9.7880905867e-01	9.2576491833e-01
7.1634405518e+02	9.7894340754e-01	9.2578935623e-01
7.1676379395e+02	9.7907638550e-01	9.2559117079e-01
7.1718353271e+02	9.7920811176e-01	9.2728275061e-01
7.1760321045e+02	9.7933846712e-01	9.2746782303e-01
7.1802294922e+02	9.7946763039e-01	9.2715281248e-01
7.1844262695e+02	9.7959548235e-01	9.2850190401e-01
7.1886236572e+02	9.7972214222e-01	9.2926806211e-01
7.1928204346e+02	9.7984755039e-01	9.2968332767e-01
7.1970178223e+02	9.7997176647e-01	9.2898857594e-01
7.2012145996e+02	9.8009479046e-01	9.3021458387e-01
7.2054119873e+02	9.8021668196e-01	9.3061029911e-01
7.2096087646e+02	9.8033732176e-01	9.3122822046e-01
7.2138061523e+02	9.8045688868e-01	9.3105465174e-01
7.2180029297e+02	9.8057532310e-01	9.3185818195e-01
7.2222003174e+02	9.8069262505e-01	9.3218219280e-01
7.2263970947e+02	9.8080879450e-01	9.3271422386e-01
7.2305944824e+02	9.8092395067e-01	9.3286859989e-01
7.2347912598e+02	9.8103797436e-01	9.3415021896e-01
7.2389886475e+02	9.8115098476e-01	9.3433839083e-01
7.2431854248e+02	9.8126292229e-01	9.3456202745e-01
7.2473828125e+02	9.8137378693e-01	9.3444269896e-01
7.2515795898e+02	9.8148369789e-01	9.3509453535e-01
7.2557769775e+02	9.8159259558e-01	9.3588012457e-01
7.2599737549e+02	9.8170047998e-01	9.3568646908e-01
7.2641711426e+02	9.8180735111e-01	9.3618649244e-01
7.2683679199e+02	9.8191326857e-01	9.3623757362e-01
7.2725653076e+02	9.8201829195e-01	9.3643653393e-01
7.2767626953e+02	9.8212230206e-01	9.3685078621e-01
7.2809594727e+02	9.8222541809e-01	9.3757820129e-01
7.2851568604e+02	9.8232758045e-01	9.3713891506e-01
7.2893536377e+02	9.8242884874e-01	9.3866866827e-01
7.2935510254e+02	9.8252916336e-01	9.3838989735e-01
7.2977478027e+02	9.8262864351e-01	9.3902355433e-01
7.3019451904e+02	9.8272722960e-01	9.3879234791e-01
7.3061419678e+02	9.8282498121e-01	9.3967497349e-01
7.3103393555e+02	9.8292183876e-01	9.4011914730e-01
7.3145361328e+02	9.8301786184e-01	9.4016706944e-01
7.3187335205e+02	9.8311305046e-01	9.4152539968e-01
7.3229302979e+02	9.8320734501e-01	9.4087183475e-01
7.3271276855e+02	9.8330092430e-01	9.4043964148e-01
7.3313244629e+02	9.8339360952e-01	9.4110900164e-01
7.3355218506e+02	9.8348557949e-01	9.4201028347e-01
7.3397186279e+02	9.8357665539e-01	9.4147294760e-01
7.3439160156e+02	9.8366701603e-01	9.4261699915e-01
7.3481127930e+02	9.8375660181e-01	9.4249755144e-01
7.3523101807e+02	9.8384547234e-01	9.4298416376e-01
7.3565069580e+02	9.8393350840e-01	9.4396442175e-01
7.3607043457e+02	9.8402082920e-01	9.4452393055e-01
7.3649011230e+02	9.8410743475e-01	9.4450503588e-01
7.3690985107e+02	9.8419326544e-01	9.4467782974e-01
7.3732952881e+02	9.8427844048e-01	9.4451934099e-01
7.3774926758e+02	9.8436284065e-01	9.4521307945e-01
7.3816900635e+02	9.8444658518e-01	9.4557017088e-01
7.3858868408e+02	9.8452961445e-01	9.4530987740e-01
7.3900842285e+02	9.8461192846e-01	9.4546693563e-01
7.3942810059e+02	9.8469358683e-01	9.4609040022e-01
7.3984783936e+02	9.8477458954e-01	9.4648075104e-01
7.4026751709e+02	9.8485493660e-01	9.4665443897e-01
7.4068725586e+02	9.8493462801e-01	9.4668018818e-01
7.4110693359e+02	9.8501360416e-01	9.4706112146e-01
7.4152667236e+02	9.8509198427e-01	9.4706749916e-01
7.4194635010e+02	9.8516970873e-01	9.4790536165e-01
7.4236608887e+02	9.8524683714e-01	9.4753724337e-01
7.4278576660e+02	9.8532330990e-01	9.4777995348e-01
7.4320550537e+02	9.8539924622e-01	9.4831568003e-01
7.4362518311e+02	9.8547446728e-01	9.4842427969e-01
7.4404492188e+02	9.8554915190e-01	9.4851511717e-01
7.4446459961e+02	9.8562324047e-01	9.4946503639e-01
7.4488433838e+02	9.8569673300e-01	9.4940906763e-01
7.4530401611e+02	9.8576962948e-01	9.4984304905e-01
7.4572375488e+02	9.8584192991e-01	9.4950705767e-01
7.4614343262e+02	9.8591369390e-01	9.5016300678e-01
7.4656317139e+02	9.8598492146e-01	9.4973784685e-01
7.4698284912e+02	9.8605555296e-01	9.4983249903e-01
7.4740258789e+02	9.8612564802e-01	9.5075130463e-01
7.4782226562e+02	9.8619514704e-01	9.5096212626e-01
7.4824200439e+02	9.8626416922e-01	9.5136922598e-01
7.4866168213e+02	9.8633259535e-01	9.5125609636e-01
7.4908142090e+02	9.8640054464e-01	9.5158809423e-01
7.4950115967e+02	9.8646795750e-01	9.5176064968e-01
7.4992083740e+02	9.8653489351e-01	9.5219171047e-01
7.5034057617e+02	9.8660129309e-01	9.5204085112e-01
7.5076025391e+02	9.8666715622e-01	9.5226228237e-01
7.5117999268e+02	9.8673254251e-01	9.5242857933e-01
7.5159967041e+02	9.8679739237e-01	9.5267981291e-01
7.5201940918e+02	9.8686176538e-01	9.5278578997e-01
7.5243908691e+02	9.8692572117e-01	9.5258742571e-01
7.5285882568e+02	9.8698914051e-01	9.5306593180e-01
7.5327850342e+02	9.8705208302e-01	9.5363020897e-01
7.5369824219e+02	9.8711454868e-01	9.5321559906e-01
7.5411791992e+02	9.8717653751e-01	9.5413351059e-01
7.5453765869e+02	9.8723810911e-01	9.5362269878e-01
7.5495733643e+02	9.8729920387e-01	9.5393598080e-01
7.5537707520e+02	9.8735982180e-01	9.5423769951e-01
7.5579675293e+02	9.8742002249e-01	9.5467388630e-01
7.5621649170e+02	9.8747974634e-01	9.5477485657e-01
7.5663616943e+02	9.8753905296e-01	9.5469075441e-01
7.5705590820e+02	9.8759794235e-01	9.5491504669e-01
7.5747558594e+02	9.8765635490e-01	9.5513534546e-01
7.5789532471e+02	9.8771440983e-01	9.5525979996e-01
7.5831500244e+02	9.8777198792e-01	9.5530283451e-01
7.5873474121e+02	9.8782914877e-01	9.5569866896e-01
7.5915441895e+02	9.8788595200e-01	9.5579862595e-01
7.5957415771e+02	9.8794227839e-01	9.5602917671e-01
7.5999389648e+02	9.8799824715e-01	9.5610779524e-01
7.6041357422e+02	9.8805379868e-01	9.5622706413e-01
7.6083331299e+02	9.8810893297e-01	9.5578765869e-01
7.6125299072e+02	9.8816370964e-01	9.5633488894e-01
7.6167272949e+02	9.8821806908e-01	9.5640093088e-01
7.6209240723e+02	9.8827207088e-01	9.5677214861e-01
7.6251214600e+02	9.8832565546e-01	9.5680719614e-01
7.6293182373e+02	9.8837888241e-01	9.5660519600e-01
7.6335156250e+02	9.8843169212e-01	9.5716965199e-01
7.6377124023e+02	9.8848420382e-01	9.5704329014e-01
7.6419097900e+02	9.8853629827e-01	9.5697635412e-01
7.6461065674e+02	9.8858803511e-01	9.5744442940e-01
7.6503039551e+02	9.8863941431e-01	9.5722895861e-01
7.6545007324e+02	9.8869043589e-01	9.5753532648e-01
7.6586981201e+02	9.8874109983e-01	9.5750683546e-01
7.6628948975e+02	9.8879140615e-01	9.5744800568e-01
7.6670922852e+02	9.8884141445e-01	9.5787614584e-01
7.6712890625e+02	9.8889100552e-01	9.5797359943e-01
7.6754864502e+02	9.8894029856e-01	9.5805501938e-01
7.6796832275e+02	9.8898923397e-01	9.5772510767e-01
7.6838806152e+02	9.8903787136e-01	9.5812076330e-01
7.6880773926e+02	9.8908615112e-01	9.5865136385e-01
7.6922747803e+02	9.8913413286e-01	9.5808106661e-01
7.6964715576e+02	9.8918175697e-01	9.5790874958e-01
7.7006689453e+02	9.8922902346e-01	9.5822596550e-01
7.7048663330e+02	9.8927605152e-01	9.5803564787e-01
7.7090631104e+02	9.8932272196e-01	9.5856648684e-01
7.7132604980e+02	9.8936903477e-01	9.5832794905e-01
7.7174572754e+02	9.8941510916e-01	9.5883339643e-01
7.7216546631e+02	9.8946082592e-01	9.5892393589e-01
7.7258514404e+02	9.8950630426e-01	9.5849156380e-01
7.7300488281e+02	9.8955142498e-01	9.5794415474e-01
7.7342456055e+02	9.8959624767e-01	9.5875734091e-01
7.7384429932e+02	9.8964077234e-01	9.5866739750e-01
7.7426397705e+02	9.8968499899e-01	9.5866298676e-01
7.7468371582e+02	9.8972898722e-01	9.5836311579e-01
7.7510339355e+02	9.8977261782e-01	9.5839083195e-01
7.7552313232e+02	9.8981601000e-01	9.5869630575e-01
7.7594281006e+02	9.8985910416e-01	9.5860809088e-01
7.7636254883e+02	9.8990190029e-01	9.5863527060e-01
7.7678222656e+02	9.8994445801e-01	9.5874243975e-01
7.7720196533e+02	9.8998671770e-01	9.5881813765e-01
7.7762164307e+02	9.9002867937e-01	9.5800656080e-01
7.7804138184e+02	9.9007040262e-01	9.5824158192e-01
7.7846105957e+02	9.9011182785e-01	9.5842707157e-01
7.7888079834e+02	9.9015301466e-01	9.5847713947e-01
7.7930047607e+02	9.9019390345e-01	9.5828986168e-01
7.7972021484e+02	9.9023455381e-01	9.5842468739e-01
7.8013989258e+02	9.9027490616e-01	9.5817244053e-01
7.8055963135e+02	9.9031507969e-01	9.5833063126e-01
7.8097930908e+02	9.9035495520e-01	9.5812362432e-01
7.8139904785e+02	9.9039453268e-01	9.5817273855e-01
7.8181878662e+02	9.9043393135e-01	9.5786947012e-01
7.8223846436e+02	9.9047303200e-01	9.5789569616e-01
7.8265820312e+02	9.9051195383e-01	9.5781302452e-01
7.8307788086e+02	9.9055057764e-01	9.5798325539e-01
7.8349761963e+02	9.9058896303e-01	9.5786333084e-01
7.8391729736e+02	9.9062711000e-01	9.5726597309e-01
7.8433703613e+02	9.9066501856e-01	9.5751380920e-01
7.8475671387e+02	9.9070268869e-01	9.5725899935e-01
7.8517645264e+02	9.9074012041e-01	9.5715218782e-01
7.8559613037e+02	9.9077731371e-01	9.5740288496e-01
7.8601586914e+02	9.9081432819e-01	9.5657455921e-01
7.8643554688e+02	9.9085104465e-01	9.5648002625e-01
7.8685528564e+02	9.9088758230e-01	9.5619797707e-01
7.8727496338e+02	9.9092388153e-01	9.5639407635e-01
7.8769470215e+02	9.9095994234e-01	9.5632475615e-01
7.8811437988e+02	9.9099576473e-01	9.5574605465e-01
7.8853411865e+02	9.9103140831e-01	9.5553201437e-01
7.8895379639e+02	9.9106687307e-01	9.5541369915e-01
7.8937353516e+02	9.9110203981e-01	9.5558893681e-01
7.8979321289e+02	9.9113702774e-01	9.5476192236e-01
7.9021295166e+02	9.9117183685e-01	9.5465183258e-01
7.9063262939e+02	9.9120640755e-01	9.5459461212e-01
7.9105236816e+02	9.9124073982e-01	9.5458060503e-01
7.9147204590e+02	9.9127489328e-01	9.5409053564e-01
7.9189178467e+02	9.9130886793e-01	9.5400053263e-01
7.9231152344e+02	9.9134260416e-01	9.5370209217e-01
7.9273120117e+02	9.9137610197e-01	9.5300734043e-01
7.9315093994e+02	9.9140948057e-01	9.5261830091e-01
7.9357061768e+02	9.9144262075e-01	9.5273286104e-01
7.9399035645e+02	9.9147558212e-01	9.5248752832e-01
7.9441003418e+02	9.9150830507e-01	9.5233547688e-01
7.9482977295e+02	9.9154084921e-01	9.5202493668e-01
7.9524945068e+02	9.9157321453e-01	9.5130395889e-01
7.9566918945e+02	9.9160540104e-01	9.5119339228e-01
7.9608886719e+02	9.9163740873e-01	9.5068967342e-01
7.9650860596e+02	9.9166917801e-01	9.5087414980e-01
7.9692828369e+02	9.9170082808e-01	9.5044040680e-01
7.9734802246e+02	9.9173223972e-01	9.4983947277e-01
7.9776770020e+02	9.9176347256e-01	9.4953316450e-01
7.9818743896e+02	9.9179452658e-01	9.4902098179e-01
7.9860711670e+02	9.9182540178e-01	9.4865101576e-01
7.9902685547e+02	9.9185615778e-01	9.4813537598e-01
7.9944653320e+02	9.9188667536e-01	9.4777971506e-01
