wavelength_nm	ideal_target_transmittance	tandem_response_transmittance
3.7973712158e+02	9.4176042080e-01	8.6010849476e-01
3.8015682983e+02	9.4116467237e-01	8.5936057568e-01
3.8057653809e+02	9.4055950642e-01	8.5852795839e-01
3.8099624634e+02	9.3994474411e-01	8.5686570406e-01
3.8141595459e+02	9.3932020664e-01	8.5575425625e-01
3.8183566284e+02	9.3868565559e-01	8.5438472033e-01
3.8225537109e+02	9.3804079294e-01	8.5294955969e-01
3.8267507935e+02	9.3738549948e-01	8.5228377581e-01
3.8309478760e+02	9.3671953678e-01	8.5036909580e-01
3.8351449585e+02	9.3604266644e-01	8.4912580252e-01
3.8393420410e+02	9.3535459042e-01	8.4955984354e-01
3.8435391235e+02	9.3465507030e-01	8.4656310081e-01
3.8477362061e+02	9.3394392729e-01	8.4579068422e-01
3.8519332886e+02	9.3322080374e-01	8.4452605247e-01
3.8561303711e+02	9.3248552084e-01	8.4492373466e-01
3.8603274536e+02	9.3173772097e-01	8.4353476763e-01
3.8645245361e+02	9.3097710609e-01	8.4353965521e-01
3.8687216187e+02	9.3020349741e-01	8.4201675653e-01
3.8729187012e+02	9.2941647768e-01	8.4097737074e-01
3.8771157837e+02	9.2861574888e-01	8.3976590633e-01
3.8813131714e+02	9.2780101299e-01	8.3829647303e-01
3.8855102539e+02	9.2697191238e-01	8.3832073212e-01
3.8897073364e+02	9.2612820864e-01	8.3712750673e-01
3.8939044189e+02	9.2526948452e-01	8.3387994766e-01
3.8981015015e+02	9.2439532280e-01	8.3404618502e-01
3.9022985840e+02	9.2350542545e-01	8.3362960815e-01
3.9064956665e+02	9.2259937525e-01	8.3194708824e-01
3.9106927490e+02	9.2167675495e-01	8.3149731159e-01
3.9148898315e+02	9.2073726654e-01	8.3167123795e-01
3.9190869141e+02	9.1978037357e-01	8.2952266932e-01
3.9232839966e+02	9.1880565882e-01	8.2986581326e-01
3.9274810791e+02	9.1781270504e-01	8.2918250561e-01
3.9316781616e+02	9.1680109501e-01	8.2800883055e-01
3.9358752441e+02	9.1577029228e-01	8.2678222656e-01
3.9400723267e+02	9.1471982002e-01	8.2653176785e-01
3.9442694092e+02	9.1364920139e-01	8.2583516836e-01
3.9484664917e+02	9.1255784035e-01	8.2549285889e-01
3.9526635742e+02	9.1144531965e-01	8.2552683353e-01
3.9568606567e+02	9.1031098366e-01	8.2319080830e-01
3.9610577393e+02	9.0915429592e-01	8.2349205017e-01
3.9652548218e+02	9.0797472000e-01	8.2299160957e-01
3.9694519043e+02	9.0677154064e-01	8.2134705782e-01
3.9736489868e+02	9.0554422140e-01	8.2103627920e-01
3.9778460693e+02	9.0429204702e-01	8.2018214464e-01
3.9820431519e+02	9.0301442146e-01	8.1874734163e-01
3.9862402344e+02	9.0171051025e-01	8.1818467379e-01
3.9904376221e+02	9.0037965775e-01	8.1944561005e-01
3.9946347046e+02	8.9902126789e-01	8.1928288937e-01
3.9988317871e+02	8.9763438702e-01	8.1789255142e-01
4.0030288696e+02	8.9621835947e-01	8.1695431471e-01
4.0072259521e+02	8.9477223158e-01	8.1646102667e-01
4.0114230347e+02	8.9329522848e-01	8.1538099051e-01
4.0156201172e+02	8.9178651571e-01	8.1380170584e-01
4.0198171997e+02	8.9024507999e-01	8.1450372934e-01
4.0240142822e+02	8.8867002726e-01	8.1309199333e-01
4.0282113647e+02	8.8706040382e-01	8.1231892109e-01
4.0324084473e+02	8.8541519642e-01	8.1068259478e-01
4.0366055298e+02	8.8373333216e-01	8.1015819311e-01
4.0408026123e+02	8.8201379776e-01	8.1024515629e-01
4.0449996948e+02	8.8025534153e-01	8.0639630556e-01
4.0491967773e+02	8.7845695019e-01	8.0513995886e-01
4.0533938599e+02	8.7661731243e-01	8.0312705040e-01
4.0575909424e+02	8.7473523617e-01	8.0298423767e-01
4.0617880249e+02	8.7280941010e-01	7.9972451925e-01
4.0659851074e+02	8.7083852291e-01	7.9900479317e-01
4.0701821899e+02	8.6882114410e-01	7.9531806707e-01
4.0743792725e+02	8.6675584316e-01	7.9445511103e-01
4.0785763550e+02	8.6464107037e-01	7.9229164124e-01
4.0827734375e+02	8.6247539520e-01	7.8851121664e-01
4.0869705200e+02	8.6025714874e-01	7.8460341692e-01
4.0911676025e+02	8.5798466206e-01	7.8385603428e-01
4.0953649902e+02	8.5565602779e-01	7.8073483706e-01
4.0995620728e+02	8.5326981544e-01	7.7722364664e-01
4.1037591553e+02	8.5082387924e-01	7.7454000711e-01
4.1079562378e+02	8.4831643105e-01	7.7345746756e-01
4.1121533203e+02	8.4574532509e-01	7.7287924290e-01
4.1163504028e+02	8.4310853481e-01	7.6851361990e-01
4.1205474854e+02	8.4040391445e-01	7.6463055611e-01
4.1247445679e+02	8.3762913942e-01	7.6199650764e-01
4.1289416504e+02	8.3478188515e-01	7.5911605358e-01
4.1331387329e+02	8.3185976744e-01	7.5593745708e-01
4.1373358154e+02	8.2886016369e-01	7.5420653820e-01
4.1415328979e+02	8.2578051090e-01	7.5213891268e-01
4.1457299805e+02	8.2261800766e-01	7.4736863375e-01
4.1499270630e+02	8.1936985254e-01	7.4348539114e-01
4.1541241455e+02	8.1603312492e-01	7.4019986391e-01
4.1583212280e+02	8.1260472536e-01	7.3642426729e-01
4.1625183105e+02	8.0908143520e-01	7.3198086023e-01
4.1667153931e+02	8.0545991659e-01	7.2992110252e-01
4.1709124756e+02	8.0173683167e-01	7.2425711155e-01
4.1751095581e+02	7.9790842533e-01	7.2356176376e-01
4.1793066406e+02	7.9397118092e-01	7.1880477667e-01
4.1835037231e+02	7.8992104530e-01	7.1781069040e-01
4.1877008057e+02	7.8575414419e-01	7.1343374252e-01
4.1918978882e+02	7.8146618605e-01	7.0908433199e-01
4.1960949707e+02	7.7705287933e-01	7.0598810911e-01
4.2002920532e+02	7.7250975370e-01	7.0322185755e-01
4.2044894409e+02	7.6783174276e-01	6.9504672289e-01
4.2086865234e+02	7.6301473379e-01	6.9269496202e-01
4.2128836060e+02	7.5805336237e-01	6.8851917982e-01
4.2170806885e+02	7.5294232368e-01	6.8597203493e-01
4.2212777710e+02	7.4767631292e-01	6.7778843641e-01
4.2254748535e+02	7.4224972725e-01	6.7478150129e-01
4.2296719360e+02	7.3665672541e-01	6.6724568605e-01
4.2338690186e+02	7.3089134693e-01	6.6298127174e-01
4.2380661011e+02	7.2494739294e-01	6.5535849333e-01
4.2422631836e+02	7.1881848574e-01	6.4730626345e-01
4.2464602661e+02	7.1249800920e-01	6.3882219791e-01
4.2506573486e+02	7.0597922802e-01	6.3035327196e-01
4.2548544312e+02	6.9925504923e-01	6.2237352133e-01
4.2590515137e+02	6.9231832027e-01	6.1500841379e-01
4.2632485962e+02	6.8516170979e-01	6.0892289877e-01
4.2674456787e+02	6.7777764797e-01	5.9972524643e-01
4.2716427612e+02	6.7015838623e-01	5.8814245462e-01
4.2758398438e+02	6.6229605675e-01	5.8122110367e-01
4.2800369263e+02	6.5418261290e-01	5.7150489092e-01
4.2842340088e+02	6.4581006765e-01	5.6065535545e-01
4.2884310913e+02	6.3717007637e-01	5.5235517025e-01
4.2926281738e+02	6.2825441360e-01	5.4381465912e-01
4.2968252563e+02	6.1905479431e-01	5.3593605757e-01
4.3010223389e+02	6.0956305265e-01	5.2373689413e-01
4.3052194214e+02	5.9977090359e-01	5.1907712221e-01
4.3094165039e+02	5.8967036009e-01	5.1085811853e-01
4.3136138916e+02	5.7925283909e-01	5.0040990114e-01
4.3178109741e+02	5.6851226091e-01	4.9117907882e-01
4.3220080566e+02	5.5744075775e-01	4.8252499104e-01
4.3262051392e+02	5.4603165388e-01	4.7398895025e-01
4.3304022217e+02	5.3427881002e-01	4.6526351571e-01
4.3345993042e+02	5.2217692137e-01	4.5803165436e-01
4.3387963867e+02	5.0972151756e-01	4.5043596625e-01
4.3429934692e+02	4.9690899253e-01	4.3630403280e-01
4.3471905518e+02	4.8373723030e-01	4.2752009630e-01
4.3513876343e+02	4.7020536661e-01	4.1509959102e-01
4.3555847168e+02	4.5631420612e-01	4.0595081449e-01
4.3597817993e+02	4.4206637144e-01	3.9154511690e-01
4.3639788818e+02	4.2746669054e-01	3.7795007229e-01
4.3681759644e+02	4.1252234578e-01	3.6805739999e-01
4.3723730469e+02	3.9724317193e-01	3.5515993834e-01
4.3765701294e+02	3.8164207339e-01	3.4035667777e-01
4.3807672119e+02	3.6573520303e-01	3.2543671131e-01
4.3849642944e+02	3.4954240918e-01	3.1285652518e-01
4.3891613770e+02	3.3308744431e-01	2.9517453909e-01
4.3933584595e+02	3.1639844179e-01	2.8245487809e-01
4.3975555420e+02	2.9950809479e-01	2.6988318563e-01
4.4017526245e+02	2.8245398402e-01	2.5463473797e-01
4.4059497070e+02	2.6527893543e-01	2.4010773003e-01
4.4101467896e+02	2.4803107977e-01	2.2671665251e-01
4.4143438721e+02	2.3076413572e-01	2.1323104203e-01
4.4185412598e+02	2.1353618801e-01	1.9728535414e-01
4.4227383423e+02	1.9641469419e-01	1.8537209928e-01
4.4269354248e+02	1.7946881056e-01	1.7107184231e-01
4.4311325073e+02	1.6277424991e-01	1.6039861739e-01
4.4353295898e+02	1.4641155303e-01	1.4742799103e-01
4.4395266724e+02	1.3046561182e-01	1.3968330622e-01
4.4437237549e+02	1.1502493918e-01	1.2867648900e-01
4.4479208374e+02	1.0018084198e-01	1.1640449613e-01
4.4521179199e+02	8.6026348174e-02	1.0800230503e-01
4.4563150024e+02	7.2655044496e-02	9.8990298808e-02
4.4605120850e+02	6.0159746557e-02	9.1366305947e-02
4.4647091675e+02	4.8631053418e-02	8.2879960537e-02
4.4689062500e+02	3.8155805320e-02	7.7518112957e-02
4.4731033325e+02	2.8815515339e-02	6.9381378591e-02
4.4773004150e+02	2.0684780553e-02	6.4476788044e-02
4.4814974976e+02	1.3829761185e-02	6.0091231018e-02
4.4856945801e+02	8.3067584783e-03	5.7285510004e-02
4.4898916626e+02	4.1609457694e-03	5.4817218333e-02
4.4940887451e+02	1.4253131812e-03	5.4705664515e-02
4.4982858276e+02	1.1986376921e-04	5.3083587438e-02
4.5024829102e+02	2.5109344278e-04	5.3236681968e-02
4.5066799927e+02	1.8117818981e-03	5.6244101375e-02
4.5108770752e+02	4.7811018303e-03	5.9776298702e-02
4.5150741577e+02	9.1250436381e-03	6.5620914102e-02
4.5192712402e+02	1.4797136188e-02	7.0888839662e-02
4.5234683228e+02	2.1739440039e-02	7.9417765141e-02
4.5276657104e+02	2.9884392396e-02	8.7936937809e-02
4.5318627930e+02	3.9153758436e-02	9.8674863577e-02
4.5360598755e+02	4.9463696778e-02	1.1071313918e-01
4.5402569580e+02	6.0724083334e-02	1.2712574005e-01
4.5444540405e+02	7.2840675712e-02	1.3944342732e-01
4.5486511230e+02	8.5716672242e-02	1.5685889125e-01
4.5528482056e+02	9.9254257977e-02	1.7373964190e-01
4.5570452881e+02	1.1335594952e-01	1.8956649303e-01
4.5612423706e+02	1.2792590261e-01	2.0468206704e-01
4.5654394531e+02	1.4287100732e-01	2.1908786893e-01
4.5696365356e+02	1.5810173750e-01	2.3401172459e-01
4.5738336182e+02	1.7353305221e-01	2.4799014628e-01
4.5780307007e+02	1.8908485770e-01	2.6138916612e-01
4.5822277832e+02	2.0468249917e-01	2.6872110367e-01
4.5864248657e+02	2.2025698423e-01	2.7934467793e-01
4.5906219482e+02	2.3574520648e-01	2.8924208879e-01
4.5948190308e+02	2.5108987093e-01	2.9633158445e-01
4.5990161133e+02	2.6623952389e-01	3.0396071076e-01
4.6032131958e+02	2.8114825487e-01	3.0971166492e-01
4.6074102783e+02	2.9577559233e-01	3.1279140711e-01
4.6116073608e+02	3.1008622050e-01	3.1658789515e-01
4.6158044434e+02	3.2404953241e-01	3.1938368082e-01
4.6200015259e+02	3.3763951063e-01	3.2275894284e-01
4.6241986084e+02	3.5083410144e-01	3.2667309046e-01
4.6283956909e+02	3.6361512542e-01	3.3229833841e-01
4.6325927734e+02	3.7596774101e-01	3.3711946011e-01
4.6367901611e+02	3.8788104057e-01	3.4306615591e-01
4.6409872437e+02	3.9934423566e-01	3.5541039705e-01
4.6451843262e+02	4.1035154462e-01	3.5669636726e-01
4.6493814087e+02	4.2089843750e-01	3.6692807078e-01
4.6535784912e+02	4.3098220229e-01	3.7645256519e-01
4.6577755737e+02	4.4060161710e-01	3.8874936104e-01
4.6619726562e+02	4.4975692034e-01	3.9661565423e-01
4.6661697388e+02	4.5844936371e-01	4.1128295660e-01
4.6703668213e+02	4.6668109298e-01	4.1957697272e-01
4.6745639038e+02	4.7445508838e-01	4.2814347148e-01
4.6787609863e+02	4.8177480698e-01	4.3959957361e-01
4.6829580688e+02	4.8864418268e-01	4.4907540083e-01
4.6871551514e+02	4.9506744742e-01	4.5719009638e-01
4.6913522339e+02	5.0104898214e-01	4.6413207054e-01
4.6955493164e+02	5.0659328699e-01	4.7232750058e-01
4.6997463989e+02	5.1170492172e-01	4.7702670097e-01
4.7039434814e+02	5.1638817787e-01	4.8677673936e-01
4.7081405640e+02	5.2064746618e-01	4.9017471075e-01
4.7123376465e+02	5.2448678017e-01	4.9254941940e-01
4.7165347290e+02	5.2790993452e-01	4.9305453897e-01
4.7207318115e+02	5.3092038631e-01	4.9546378851e-01
4.7249288940e+02	5.3352141380e-01	4.9933829904e-01
4.7291259766e+02	5.3571575880e-01	4.9842059612e-01
4.7333230591e+02	5.3750586510e-01	4.9304589629e-01
4.7375201416e+02	5.3889375925e-01	4.9513933063e-01
4.7417175293e+02	5.3988099098e-01	4.8901042342e-01
4.7459146118e+02	5.4046857357e-01	4.8171168566e-01
4.7501116943e+02	5.4065728188e-01	4.7595223784e-01
4.7543087769e+02	5.4044735432e-01	4.6997246146e-01
4.7585058594e+02	5.3983849287e-01	4.6476909518e-01
4.7627029419e+02	5.3883010149e-01	4.5437693596e-01
4.7669000244e+02	5.3742086887e-01	4.4104778767e-01
4.7710971069e+02	5.3560936451e-01	4.3021693826e-01
4.7752941895e+02	5.3339344263e-01	4.1893041134e-01
4.7794912720e+02	5.3077071905e-01	4.0551215410e-01
4.7836883545e+02	5.2773839235e-01	3.9229202271e-01
4.7878854370e+02	5.2429318428e-01	3.7585887313e-01
4.7920825195e+02	5.2043169737e-01	3.5982039571e-01
4.7962796021e+02	5.1614999771e-01	3.4434285760e-01
4.8004766846e+02	5.1144403219e-01	3.2822316885e-01
4.8046737671e+02	5.0630956888e-01	3.1351083517e-01
4.8088708496e+02	5.0074207783e-01	2.9486498237e-01
4.8130679321e+02	4.9473717809e-01	2.8152102232e-01
4.8172650146e+02	4.8829033971e-01	2.6624733210e-01
4.8214620972e+02	4.8139712214e-01	2.5013199449e-01
4.8256591797e+02	4.7405335307e-01	2.3515096307e-01
4.8298562622e+02	4.6625512838e-01	2.2045673430e-01
4.8340533447e+02	4.5799896121e-01	2.0708194375e-01
4.8382504272e+02	4.4928196073e-01	1.9153442979e-01
4.8424475098e+02	4.4010201097e-01	1.7832465470e-01
4.8466445923e+02	4.3045789003e-01	1.6757155955e-01
4.8508419800e+02	4.2034873366e-01	1.5690612793e-01
4.8550390625e+02	4.0977725387e-01	1.4501768351e-01
4.8592361450e+02	3.9874553680e-01	1.3165298104e-01
4.8634332275e+02	3.8725826144e-01	1.2257172912e-01
4.8676303101e+02	3.7532216311e-01	1.1423578858e-01
4.8718273926e+02	3.6294645071e-01	1.0513785481e-01
4.8760244751e+02	3.5014304519e-01	9.7417064011e-02
4.8802215576e+02	3.3692693710e-01	8.9329190552e-02
4.8844186401e+02	3.2331654429e-01	8.2109466195e-02
4.8886157227e+02	3.0933406949e-01	7.4211560190e-02
4.8928128052e+02	2.9500579834e-01	6.8083338439e-02
4.8970098877e+02	2.8036254644e-01	6.1649087816e-02
4.9012069702e+02	2.6543995738e-01	5.6379441172e-02
4.9054040527e+02	2.5027874112e-01	5.1777623594e-02
4.9096011353e+02	2.3492510617e-01	4.7274880111e-02
4.9137982178e+02	2.1943080425e-01	4.3438445777e-02
4.9179953003e+02	2.0385344326e-01	3.9591252804e-02
4.9221923828e+02	1.8825645745e-01	3.6685902625e-02
4.9263894653e+02	1.7270913720e-01	3.3833544701e-02
4.9305865479e+02	1.5728642046e-01	3.1880866736e-02
4.9347836304e+02	1.4206868410e-01	2.9458956793e-02
4.9389807129e+02	1.2714123726e-01	2.7418293059e-02
4.9431777954e+02	1.1259379983e-01	2.5696039200e-02
4.9473748779e+02	9.8519653082e-02	2.5678489357e-02
4.9515719604e+02	8.5014775395e-02	2.5185046718e-02
4.9557690430e+02	7.2176679969e-02	2.5242641568e-02
4.9599664307e+02	6.0102332383e-02	2.5942809880e-02
4.9641635132e+02	4.8890184611e-02	2.6478616521e-02
4.9683605957e+02	3.8633406162e-02	2.7500126511e-02
4.9725576782e+02	2.9421849176e-02	2.9194800183e-02
4.9767547607e+02	2.1339552477e-02	3.2563574612e-02
4.9809518433e+02	1.4463131316e-02	3.5574529320e-02
4.9851489258e+02	8.8602714241e-03	3.9697445929e-02
4.9893460083e+02	4.5883306302e-03	4.4411532581e-02
4.9935430908e+02	1.6931403661e-03	5.0536762923e-02
4.9977401733e+02	2.0802543440e-04	5.8811943978e-02
5.0019372559e+02	1.5309777518e-04	6.5726332366e-02
5.0061343384e+02	1.5348485904e-03	7.6528422534e-02
5.0103314209e+02	4.3460559100e-03	8.7394505739e-02
5.0145285034e+02	8.5660107434e-03	9.9563166499e-02
5.0187255859e+02	1.4161053114e-02	1.1433072388e-01
5.0229226685e+02	2.1085388958e-02	1.3014705479e-01
5.0271197510e+02	2.9282160103e-02	1.4704896510e-01
5.0313168335e+02	3.8684722036e-02	1.6289079189e-01
5.0355139160e+02	4.9218066037e-02	1.8188568950e-01
5.0397109985e+02	6.0800362378e-02	2.0110593736e-01
5.0439080811e+02	7.3344521224e-02	2.2057586908e-01
5.0481051636e+02	8.6759805679e-02	2.4024213850e-01
5.0523022461e+02	1.0095331073e-01	2.5980508327e-01
5.0564993286e+02	1.1583144963e-01	2.7803218365e-01
5.0606964111e+02	1.3130125403e-01	2.9687020183e-01
5.0648937988e+02	1.4727272093e-01	3.1592860818e-01
5.0690908813e+02	1.6365517676e-01	3.3234837651e-01
5.0732879639e+02	1.8036511540e-01	3.4890383482e-01
5.0774850464e+02	1.9732220471e-01	3.6690270901e-01
5.0816821289e+02	2.1445102990e-01	3.8087379932e-01
5.0858792114e+02	2.3168145120e-01	3.9833045006e-01
5.0900762939e+02	2.4894882739e-01	4.0941843390e-01
5.0942733765e+02	2.6619410515e-01	4.2639651895e-01
5.0984704590e+02	2.8336390853e-01	4.3684896827e-01
5.1026675415e+02	3.0041033030e-01	4.5108512044e-01
5.1068646240e+02	3.1729087234e-01	4.6206998825e-01
5.1110617065e+02	3.3396822214e-01	4.7163683176e-01
5.1152587891e+02	3.5040992498e-01	4.8411822319e-01
5.1194558716e+02	3.6658808589e-01	4.9930289388e-01
5.1236529541e+02	3.8247916102e-01	5.0571042299e-01
5.1278503418e+02	3.9806464314e-01	5.1625752449e-01
5.1320471191e+02	4.1332519054e-01	5.2933532000e-01
5.1362445068e+02	4.2825251818e-01	5.3432327509e-01
5.1404412842e+02	4.4283258915e-01	5.4098021984e-01
5.1446386719e+02	4.5706257224e-01	5.5229681730e-01
5.1488354492e+02	4.7093367577e-01	5.6056940556e-01
5.1530328369e+02	4.8444738984e-01	5.6914681196e-01
5.1572296143e+02	4.9759903550e-01	5.7249015570e-01
5.1614270020e+02	5.1039338112e-01	5.8095479012e-01
5.1656237793e+02	5.2282905579e-01	5.8737450838e-01
5.1698211670e+02	5.3491312265e-01	5.9615105391e-01
5.1740179443e+02	5.4664665461e-01	6.0274004936e-01
5.1782153320e+02	5.5803847313e-01	6.0888749361e-01
5.1824121094e+02	5.6909137964e-01	6.1970323324e-01
5.1866094971e+02	5.7981532812e-01	6.2236928940e-01
5.1908062744e+02	5.9021437168e-01	6.2837529182e-01
5.1950036621e+02	6.0029906034e-01	6.3617873192e-01
5.1992004395e+02	6.1007434130e-01	6.4029967785e-01
5.2033978271e+02	6.1955106258e-01	6.4456224442e-01
5.2075946045e+02	6.2873470783e-01	6.4885824919e-01
5.2117919922e+02	6.3763612509e-01	6.5966534615e-01
5.2159887695e+02	6.4626109600e-01	6.6000008583e-01
5.2201861572e+02	6.5462034941e-01	6.6627931595e-01
5.2243829346e+02	6.6271960735e-01	6.7268097401e-01
5.2285803223e+02	6.7056936026e-01	6.7698949575e-01
5.2327777100e+02	6.7817652225e-01	6.8089121580e-01
5.2369744873e+02	6.8554776907e-01	6.8756973743e-01
5.2411718750e+02	6.9269299507e-01	6.8908327818e-01
5.2453686523e+02	6.9961774349e-01	6.9392293692e-01
5.2495660400e+02	7.0633131266e-01	7.0011579990e-01
5.2537628174e+02	7.1283888817e-01	7.0269697905e-01
5.2579602051e+02	7.1914947033e-01	7.0686143637e-01
5.2621569824e+02	7.2526794672e-01	7.0997071266e-01
5.2663543701e+02	7.3120266199e-01	7.1505868435e-01
5.2705511475e+02	7.3695832491e-01	7.1871328354e-01
5.2747485352e+02	7.4254268408e-01	7.2181206942e-01
5.2789453125e+02	7.4796020985e-01	7.2424107790e-01
5.2831427002e+02	7.5321823359e-01	7.2741973400e-01
5.2873394775e+02	7.5832074881e-01	7.3110502958e-01
5.2915368652e+02	7.6327472925e-01	7.3548650742e-01
5.2957336426e+02	7.6808387041e-01	7.3572367430e-01
5.2999310303e+02	7.7275454998e-01	7.4300873280e-01
5.3041278076e+02	7.7729034424e-01	7.4523425102e-01
5.3083251953e+02	7.8169721365e-01	7.4491548538e-01
5.3125219727e+02	7.8597831726e-01	7.4635106325e-01
5.3167193604e+02	7.9013925791e-01	7.4742341042e-01
5.3209161377e+02	7.9418295622e-01	7.5258994102e-01
5.3251135254e+02	7.9811465740e-01	7.5692152977e-01
5.3293103027e+02	8.0193704367e-01	7.5560736656e-01
5.3335076904e+02	8.0565494299e-01	7.5866097212e-01
5.3377050781e+02	8.0927139521e-01	7.6026445627e-01
5.3419018555e+02	8.1278932095e-01	7.6180946827e-01
5.3460992432e+02	8.1621301174e-01	7.6315146685e-01
5.3502960205e+02	8.1954473257e-01	7.6414877176e-01
5.3544934082e+02	8.2278847694e-01	7.6678782701e-01
5.3586901855e+02	8.2594627142e-01	7.6755607128e-01
5.3628875732e+02	8.2902181149e-01	7.6994115114e-01
5.3670843506e+02	8.3201700449e-01	7.7084118128e-01
5.3712817383e+02	8.3493530750e-01	7.7025943995e-01
5.3754785156e+02	8.3777844906e-01	7.7396619320e-01
5.3796759033e+02	8.4054958820e-01	7.7571362257e-01
5.3838726807e+02	8.4325039387e-01	7.7712887526e-01
5.3880700684e+02	8.4588378668e-01	7.7852612734e-01
5.3922668457e+02	8.4845125675e-01	7.7966201305e-01
5.3964642334e+02	8.5095560551e-01	7.8206098080e-01
5.4006610107e+02	8.5339808464e-01	7.8246021271e-01
5.4048583984e+02	8.5578143597e-01	7.8448641300e-01
5.4090551758e+02	8.5810667276e-01	7.8609097004e-01
5.4132525635e+02	8.6037641764e-01	7.8892678022e-01
5.4174493408e+02	8.6259168386e-01	7.9069918394e-01
5.4216467285e+02	8.6475479603e-01	7.9080587626e-01
5.4258435059e+02	8.6686664820e-01	7.9366159439e-01
5.4300408936e+02	8.6892956495e-01	7.9503387213e-01
5.4342376709e+02	8.7094426155e-01	7.9708319902e-01
5.4384350586e+02	8.7291288376e-01	7.9837679863e-01
5.4426324463e+02	8.7483650446e-01	8.0125349760e-01
5.4468292236e+02	8.7671613693e-01	8.0109930038e-01
5.4510266113e+02	8.7855368853e-01	8.0443513393e-01
5.4552233887e+02	8.8034981489e-01	8.0449581146e-01
5.4594207764e+02	8.8210630417e-01	8.0704158545e-01
5.4636175537e+02	8.8382369280e-01	8.0800199509e-01
5.4678149414e+02	8.8550370932e-01	8.0976885557e-01
5.4720117188e+02	8.8714689016e-01	8.1052398682e-01
5.4762091064e+02	8.8875472546e-01	8.1168401241e-01
5.4804058838e+02	8.9032787085e-01	8.1104964018e-01
5.4846032715e+02	8.9186763763e-01	8.1291592121e-01
5.4888000488e+02	8.9337456226e-01	8.1450617313e-01
5.4929974365e+02	8.9484995604e-01	8.1512075663e-01
5.4971942139e+02	8.9629435539e-01	8.1407433748e-01
5.5013916016e+02	8.9770895243e-01	8.1803166866e-01
5.5055883789e+02	8.9909416437e-01	8.1797367334e-01
5.5097857666e+02	9.0045118332e-01	8.1927937269e-01
5.5139825439e+02	9.0178042650e-01	8.1996887922e-01
5.5181799316e+02	9.0308296680e-01	8.2320904732e-01
5.5223767090e+02	9.0435916185e-01	8.2276916504e-01
5.5265740967e+02	9.0561008453e-01	8.2307606936e-01
5.5307708740e+02	9.0683603287e-01	8.2427209616e-01
5.5349682617e+02	9.0803802013e-01	8.2588118315e-01
5.5391650391e+02	9.0921628475e-01	8.2687371969e-01
5.5433624268e+02	9.1037184000e-01	8.2680916786e-01
5.5475592041e+02	9.1150492430e-01	8.2699549198e-01
5.5517565918e+02	9.1261637211e-01	8.2834881544e-01
5.5559539795e+02	9.1370666027e-01	8.2969260216e-01
5.5601507568e+02	9.1477614641e-01	8.3148682117e-01
5.5643481445e+02	9.1582560539e-01	8.3082622290e-01
5.5685449219e+02	9.1685533524e-01	8.3308219910e-01
5.5727423096e+02	9.1786605120e-01	8.3287602663e-01
5.5769390869e+02	9.1885793209e-01	8.3495855331e-01
5.5811364746e+02	9.1983169317e-01	8.3754885197e-01
5.5853332520e+02	9.2078763247e-01	8.3514958620e-01
5.5895306396e+02	9.2172628641e-01	8.3604013920e-01
5.5937274170e+02	9.2264795303e-01	8.3689200878e-01
5.5979248047e+02	9.2355316877e-01	8.3790951967e-01
5.6021215820e+02	9.2444217205e-01	8.3937484026e-01
5.6063189697e+02	9.2531555891e-01	8.3926987648e-01
5.6105157471e+02	9.2617344856e-01	8.4127354622e-01
5.6147131348e+02	9.2701643705e-01	8.4220933914e-01
5.6189099121e+02	9.2784464359e-01	8.4384894371e-01
5.6231072998e+02	9.2865866423e-01	8.4296953678e-01
5.6273040771e+02	9.2945855856e-01	8.4330278635e-01
5.6315014648e+02	9.3024492264e-01	8.4466463327e-01
5.6356982422e+02	9.3101781607e-01	8.4483039379e-01
5.6398956299e+02	9.3177777529e-01	8.4598499537e-01
5.6440924072e+02	9.3252485991e-01	8.4799242020e-01
5.6482897949e+02	9.3325954676e-01	8.4887951612e-01
5.6524865723e+02	9.3398195505e-01	8.4793728590e-01
5.6566839600e+02	9.3469256163e-01	8.5027307272e-01
5.6608813477e+02	9.3539148569e-01	8.5060960054e-01
5.6650781250e+02	9.3607890606e-01	8.5212153196e-01
5.6692755127e+02	9.3675529957e-01	8.5404431820e-01
5.6734722900e+02	9.3742060661e-01	8.5440325737e-01
5.6776696777e+02	9.3807536364e-01	8.5607582331e-01
5.6818664551e+02	9.3871963024e-01	8.5529524088e-01
5.6860638428e+02	9.3935370445e-01	8.5691231489e-01
5.6902606201e+02	9.3997770548e-01	8.5719269514e-01
5.6944580078e+02	9.4059199095e-01	8.5853040218e-01
5.6986547852e+02	9.4119656086e-01	8.5767441988e-01
5.7028521729e+02	9.4179189205e-01	8.6055254936e-01
5.7070489502e+02	9.4237786531e-01	8.6183124781e-01
5.7112463379e+02	9.4295495749e-01	8.6164671183e-01
5.7154431152e+02	9.4352316856e-01	8.6188679934e-01
5.7196405029e+02	9.4408279657e-01	8.6372637749e-01
5.7238372803e+02	9.4463390112e-01	8.6531692743e-01
5.7280346680e+02	9.4517678022e-01	8.6347180605e-01
5.7322314453e+02	9.4571143389e-01	8.6774623394e-01
5.7364288330e+02	9.4623821974e-01	8.6860281229e-01
5.7406256104e+02	9.4675713778e-01	8.6776673794e-01
5.7448229980e+02	9.4726848602e-01	8.6931282282e-01
5.7490197754e+02	9.4777226448e-01	8.6957091093e-01
5.7532171631e+02	9.4826877117e-01	8.7162834406e-01
5.7574139404e+02	9.4875800610e-01	8.7126272917e-01
5.7616113281e+02	9.4924020767e-01	8.7391382456e-01
5.7658087158e+02	9.4971549511e-01	8.7412154675e-01
5.7700054932e+02	9.5018392801e-01	8.7587034702e-01
5.7742028809e+02	9.5064580441e-01	8.7551581860e-01
5.7783996582e+02	9.5110100508e-01	8.7643122673e-01
5.7825970459e+02	9.5154988766e-01	8.7717199326e-01
5.7867938232e+02	9.5199245214e-01	8.7946701050e-01
5.7909912109e+02	9.5242887735e-01	8.7859380245e-01
5.7951879883e+02	9.5285916328e-01	8.8085079193e-01
5.7993853760e+02	9.5328360796e-01	8.8213282824e-01
5.8035821533e+02	9.5370215178e-01	8.8192588091e-01
5.8077795410e+02	9.5411503315e-01	8.8293039799e-01
5.8119763184e+02	9.5452219248e-01	8.8430982828e-01
5.8161737061e+02	9.5492392778e-01	8.8449758291e-01
5.8203704834e+02	9.5532017946e-01	8.8596749306e-01
5.8245678711e+02	9.5571118593e-01	8.8736468554e-01
5.8287646484e+02	9.5609688759e-01	8.8739931583e-01
5.8329620361e+02	9.5647752285e-01	8.8831818104e-01
5.8371588135e+02	9.5685309172e-01	8.8985520601e-01
5.8413562012e+02	9.5722377300e-01	8.9032220840e-01
5.8455529785e+02	9.5758950710e-01	8.9038896561e-01
5.8497503662e+02	9.5795053244e-01	8.9241695404e-01
5.8539471436e+02	9.5830678940e-01	8.9319503307e-01
5.8581445312e+02	9.5865851641e-01	8.9403396845e-01
5.8623413086e+02	9.5900565386e-01	8.9470583200e-01
5.8665386963e+02	9.5934844017e-01	8.9490085840e-01
5.8707354736e+02	9.5968675613e-01	8.9554363489e-01
5.8749328613e+02	9.6002084017e-01	8.9716273546e-01
5.8791302490e+02	9.6035069227e-01	8.9804995060e-01
5.8833270264e+02	9.6067631245e-01	8.9896398783e-01
5.8875244141e+02	9.6099793911e-01	8.9871776104e-01
5.8917211914e+02	9.6131551266e-01	8.9971613884e-01
5.8959185791e+02	9.6162915230e-01	9.0070414543e-01
5.9001153564e+02	9.6193885803e-01	9.0134704113e-01
5.9043127441e+02	9.6224480867e-01	9.0238595009e-01
5.9085095215e+02	9.6254700422e-01	9.0259397030e-01
5.9127069092e+02	9.6284550428e-01	9.0341025591e-01
5.9169036865e+02	9.6314036846e-01	9.0461528301e-01
5.9211010742e+02	9.6343165636e-01	9.0420418978e-01
5.9252978516e+02	9.6371942759e-01	9.0383386612e-01
5.9294952393e+02	9.6400380135e-01	9.0495401621e-01
5.9336920166e+02	9.6428465843e-01	9.0657341480e-01
5.9378894043e+02	9.6456229687e-01	9.0627974272e-01
5.9420861816e+02	9.6483653784e-01	9.0730774403e-01
5.9462835693e+02	9.6510761976e-01	9.0791922808e-01
5.9504803467e+02	9.6537548304e-01	9.0740215778e-01
5.9546777344e+02	9.6564024687e-01	9.0838497877e-01
5.9588745117e+02	9.6590185165e-01	9.0954035521e-01
5.9630718994e+02	9.6616047621e-01	9.0850901604e-01
5.9672686768e+02	9.6641612053e-01	9.1017866135e-01
5.9714660645e+02	9.6666878462e-01	9.1065382957e-01
5.9756628418e+02	9.6691852808e-01	9.1099572182e-01
5.9798602295e+02	9.6716547012e-01	9.1144382954e-01
5.9840576172e+02	9.6740961075e-01	9.1103577614e-01
5.9882543945e+02	9.6765094995e-01	9.1272974014e-01
5.9924517822e+02	9.6788954735e-01	9.1273015738e-01
5.9966485596e+02	9.6812546253e-01	9.1253745556e-01
6.0008459473e+02	9.6835881472e-01	9.1373372078e-01
6.0050427246e+02	9.6858948469e-01	9.1349369287e-01
6.0092401123e+02	9.6881759167e-01	9.1368025541e-01
6.0134368896e+02	9.6904319525e-01	9.1480797529e-01
6.0176342773e+02	9.6926635504e-01	9.1429579258e-01
6.0218310547e+02	9.6948701143e-01	9.1603469849e-01
6.0260284424e+02	9.6970522404e-01	9.1533780098e-01
6.0302252197e+02	9.6992111206e-01	9.1525316238e-01
6.0344226074e+02	9.7013461590e-01	9.1648459435e-01
6.0386193848e+02	9.7034585476e-01	9.1660761833e-01
6.0428167725e+02	9.7055482864e-01	9.1778922081e-01
6.0470135498e+02	9.7076147795e-01	9.1770142317e-01
6.0512109375e+02	9.7096598148e-01	9.1807997227e-01
6.0554077148e+02	9.7116827965e-01	9.1877400875e-01
6.0596051025e+02	9.7136843204e-01	9.1957545280e-01
6.0638018799e+02	9.7156649828e-01	9.1963028908e-01
6.0679992676e+02	9.7176247835e-01	9.2063099146e-01
6.0721960449e+02	9.7195637226e-01	9.2132574320e-01
6.0763934326e+02	9.7214823961e-01	9.2246431112e-01
6.0805902100e+02	9.7233808041e-01	9.2127937078e-01
6.0847875977e+02	9.7252601385e-01	9.2303568125e-01
6.0889849854e+02	9.7271198034e-01	9.2303931713e-01
6.0931817627e+02	9.7289603949e-01	9.2357444763e-01
6.0973791504e+02	9.7307819128e-01	9.2410647869e-01
6.1015759277e+02	9.7325843573e-01	9.2486983538e-01
6.1057733154e+02	9.7343695164e-01	9.2501062155e-01
6.1099700928e+02	9.7361356020e-01	9.2519742250e-01
6.1141674805e+02	9.7378844023e-01	9.2708086967e-01
6.1183642578e+02	9.7396147251e-01	9.2532503605e-01
6.1225616455e+02	9.7413283587e-01	9.2769676447e-01
6.1267584229e+02	9.7430247068e-01	9.2757683992e-01
6.1309558105e+02	9.7447043657e-01	9.2681449652e-01
6.1351525879e+02	9.7463667393e-01	9.2921465635e-01
6.1393499756e+02	9.7480130196e-01	9.2919564247e-01
6.1435467529e+02	9.7496426105e-01	9.2989861965e-01
6.1477441406e+02	9.7512567043e-01	9.3097746372e-01
6.1519409180e+02	9.7528547049e-01	9.3129605055e-01
6.1561383057e+02	9.7544372082e-01	9.3122327328e-01
6.1603350830e+02	9.7560042143e-01	9.3218034506e-01
6.1645324707e+02	9.7575563192e-01	9.3321019411e-01
6.1687292480e+02	9.7590929270e-01	9.3415206671e-01
6.1729266357e+02	9.7606152296e-01	9.3420302868e-01
6.1771234131e+02	9.7621220350e-01	9.3553310633e-01
6.1813208008e+02	9.7636151314e-01	9.3524032831e-01
6.1855175781e+02	9.7650939226e-01	9.3620079756e-01
6.1897149658e+02	9.7665584087e-01	9.3652689457e-01
6.1939117432e+02	9.7680091858e-01	9.3782085180e-01
6.1981091309e+02	9.7694462538e-01	9.3815094233e-01
6.2023065186e+02	9.7708696127e-01	9.3870270252e-01
6.2065032959e+02	9.7722798586e-01	9.3826627731e-01
6.2107006836e+02	9.7736769915e-01	9.3919050694e-01
6.2148974609e+02	9.7750604153e-01	9.3921476603e-01
6.2190948486e+02	9.7764313221e-01	9.4057345390e-01
6.2232916260e+02	9.7777897120e-01	9.4090318680e-01
6.2274890137e+02	9.7791355848e-01	9.4113540649e-01
6.2316857910e+02	9.7804689407e-01	9.4234561920e-01
6.2358831787e+02	9.7817903757e-01	9.4116294384e-01
6.2400799561e+02	9.7830992937e-01	9.4276243448e-01
6.2442773438e+02	9.7843962908e-01	9.4327324629e-01
6.2484741211e+02	9.7856813669e-01	9.4413793087e-01
6.2526715088e+02	9.7869551182e-01	9.4352054596e-01
6.2568682861e+02	9.7882175446e-01	9.4421923161e-01
6.2610656738e+02	9.7894680500e-01	9.4419455528e-01
6.2652624512e+02	9.7907078266e-01	9.4502061605e-01
6.2694598389e+02	9.7919362783e-01	9.4541394711e-01
6.2736566162e+02	9.7931540012e-01	9.4628518820e-01
6.2778540039e+02	9.7943603992e-01	9.4581037760e-01
6.2820507812e+02	9.7955566645e-01	9.4570738077e-01
6.2862481689e+02	9.7967422009e-01	9.4654035568e-01
6.2904449463e+02	9.7979170084e-01	9.4692897797e-01
6.2946423340e+02	9.7990816832e-01	9.4705158472e-01
6.2988391113e+02	9.8002362251e-01	9.4609624147e-01
6.3030364990e+02	9.8013806343e-01	9.4775992632e-01
6.3072338867e+02	9.8025155067e-01	9.4785708189e-01
6.3114306641e+02	9.8036396503e-01	9.4863396883e-01
6.3156280518e+02	9.8047548532e-01	9.4869202375e-01
6.3198248291e+02	9.8058599234e-01	9.4915562868e-01
6.3240222168e+02	9.8069560528e-01	9.4985926151e-01
6.3282189941e+02	9.8080420494e-01	9.4967949390e-01
6.3324163818e+02	9.8091191053e-01	9.5067316294e-01
6.3366131592e+02	9.8101872206e-01	9.4984990358e-01
6.3408105469e+02	9.8112457991e-01	9.5107328892e-01
6.3450073242e+02	9.8122960329e-01	9.5050740242e-01
6.3492047119e+02	9.8133367300e-01	9.5135229826e-01
6.3534014893e+02	9.8143690825e-01	9.5228433609e-01
6.3575988770e+02	9.8153930902e-01	9.5225018263e-01
6.3617956543e+02	9.8164075613e-01	9.5280051231e-01
6.3659930420e+02	9.8174142838e-01	9.5315343142e-01
6.3701898193e+02	9.8184126616e-01	9.5273727179e-01
6.3743872070e+02	9.8194026947e-01	9.5394796133e-01
6.3785839844e+02	9.8203837872e-01	9.5435827971e-01
6.3827813721e+02	9.8213577271e-01	9.5462548733e-01
6.3869781494e+02	9.8223233223e-01	9.5452392101e-01
6.3911755371e+02	9.8232811689e-01	9.5479702950e-01
6.3953723145e+02	9.8242306709e-01	9.5542114973e-01
6.3995697021e+02	9.8251730204e-01	9.5485150814e-01
6.4037664795e+02	9.8261076212e-01	9.5540642738e-01
6.4079638672e+02	9.8270344734e-01	9.5605736971e-01
6.4121612549e+02	9.8279535770e-01	9.5606642962e-01
6.4163580322e+02	9.8288655281e-01	9.5608896017e-01
6.4205554199e+02	9.8297703266e-01	9.5578438044e-01
6.4247521973e+02	9.8306673765e-01	9.5552688837e-01
6.4289495850e+02	9.8315578699e-01	9.5587968826e-01
6.4331463623e+02	9.8324406147e-01	9.5593547821e-01
6.4373437500e+02	9.8333168030e-01	9.5658677816e-01
6.4415405273e+02	9.8341858387e-01	9.5677125454e-01
6.4457379150e+02	9.8350483179e-01	9.5635122061e-01
6.4499346924e+02	9.8359036446e-01	9.5678502321e-01
6.4541320801e+02	9.8367524147e-01	9.5722317696e-01
6.4583288574e+02	9.8375946283e-01	9.5779061317e-01
6.4625262451e+02	9.8384302855e-01	9.5771199465e-01
6.4667230225e+02	9.8392587900e-01	9.5815414190e-01
6.4709204102e+02	9.8400813341e-01	9.5882350206e-01
6.4751171875e+02	9.8408973217e-01	9.5915496349e-01
6.4793145752e+02	9.8417073488e-01	9.5946466923e-01
6.4835113525e+02	9.8425108194e-01	9.6019309759e-01
6.4877087402e+02	9.8433083296e-01	9.6009296179e-01
6.4919055176e+02	9.8440992832e-01	9.6087259054e-01
6.4961029053e+02	9.8448848724e-01	9.6108019352e-01
6.5002996826e+02	9.8456639051e-01	9.6217167377e-01
6.5044970703e+02	9.8464375734e-01	9.6212089062e-01
6.5086938477e+02	9.8472046852e-01	9.6327686310e-01
6.5128912354e+02	9.8479664326e-01	9.6305334568e-01
6.5170880127e+02	9.8487222195e-01	9.6345365047e-01
6.5212854004e+02	9.8494720459e-01	9.6460527182e-01
6.5254827881e+02	9.8502171040e-01	9.6480977535e-01
6.5296795654e+02	9.8509556055e-01	9.6468496323e-01
6.5338769531e+02	9.8516893387e-01	9.6540015936e-01
6.5380737305e+02	9.8524171114e-01	9.6599823236e-01
6.5422711182e+02	9.8531395197e-01	9.6643763781e-01
6.5464678955e+02	9.8538565636e-01	9.6660220623e-01
6.5506652832e+02	9.8545688391e-01	9.6711170673e-01
6.5548620605e+02	9.8552751541e-01	9.6759641171e-01
6.5590594482e+02	9.8559767008e-01	9.6804672480e-01
6.5632562256e+02	9.8566728830e-01	9.6814763546e-01
6.5674536133e+02	9.8573642969e-01	9.6814340353e-01
6.5716503906e+02	9.8580503464e-01	9.6845006943e-01
6.5758477783e+02	9.8587310314e-01	9.6914064884e-01
6.5800445557e+02	9.8594075441e-01	9.6882051229e-01
6.5842419434e+02	9.8600786924e-01	9.6887558699e-01
6.5884387207e+02	9.8607450724e-01	9.6934223175e-01
6.5926361084e+02	9.8614066839e-01	9.6898746490e-01
6.5968328857e+02	9.8620635271e-01	9.6998292208e-01
6.6010302734e+02	9.8627156019e-01	9.6975189447e-01
6.6052270508e+02	9.8633629084e-01	9.6978878975e-01
6.6094244385e+02	9.8640060425e-01	9.7005265951e-01
6.6136212158e+02	9.8646438122e-01	9.7031861544e-01
6.6178186035e+02	9.8652780056e-01	9.7001105547e-01
6.6220153809e+02	9.8659068346e-01	9.7048598528e-01
6.6262127686e+02	9.8665320873e-01	9.7060859203e-01
6.6304101562e+02	9.8671519756e-01	9.7095191479e-01
6.6346069336e+02	9.8677682877e-01	9.7056019306e-01
6.6388043213e+02	9.8683798313e-01	9.7055995464e-01
6.6430010986e+02	9.8689872026e-01	9.7044485807e-01
6.6471984863e+02	9.8695904016e-01	9.7067403793e-01
6.6513952637e+02	9.8701894283e-01	9.7079741955e-01
6.6555926514e+02	9.8707842827e-01	9.7054916620e-01
6.6597894287e+02	9.8713749647e-01	9.7131019831e-01
6.6639868164e+02	9.8719614744e-01	9.7120875120e-01
6.6681835938e+02	9.8725438118e-01	9.7096383572e-01
6.6723809814e+02	9.8731225729e-01	9.7127926350e-01
6.6765777588e+02	9.8736965656e-01	9.7121989727e-01
6.6807751465e+02	9.8742675781e-01	9.7131180763e-01
6.6849719238e+02	9.8748338223e-01	9.7181612253e-01
6.6891693115e+02	9.8753970861e-01	9.7126525640e-01
6.6933660889e+02	9.8759561777e-01	9.7156774998e-01
6.6975634766e+02	9.8765110970e-01	9.7147232294e-01
6.7017602539e+02	9.8770624399e-01	9.7153139114e-01
6.7059576416e+02	9.8776102066e-01	9.7181963921e-01
6.7101544189e+02	9.8781543970e-01	9.7180789709e-01
6.7143518066e+02	9.8786950111e-01	9.7164410353e-01
6.7185485840e+02	9.8792314529e-01	9.7176522017e-01
6.7227459717e+02	9.8797643185e-01	9.7216343880e-01
6.7269427490e+02	9.8802942038e-01	9.7220540047e-01
6.7311401367e+02	9.8808205128e-01	9.7236001492e-01
6.7353375244e+02	9.8813426495e-01	9.7194135189e-01
6.7395343018e+02	9.8818618059e-01	9.7207951546e-01
6.7437316895e+02	9.8823773861e-01	9.7185724974e-01
6.7479284668e+02	9.8828899860e-01	9.7220224142e-01
6.7521258545e+02	9.8833984137e-01	9.7239851952e-01
6.7563226318e+02	9.8839044571e-01	9.7232663631e-01
6.7605200195e+02	9.8844063282e-01	9.7263848782e-01
6.7647167969e+02	9.8849052191e-01	9.7213882208e-01
6.7689141846e+02	9.8854011297e-01	9.7226375341e-01
6.7731109619e+02	9.8858934641e-01	9.7212076187e-01
6.7773083496e+02	9.8863828182e-01	9.7168236971e-01
6.7815051270e+02	9.8868685961e-01	9.7210568190e-01
6.7857025146e+02	9.8873519897e-01	9.7207188606e-01
6.7898992920e+02	9.8878318071e-01	9.7243279219e-01
6.7940966797e+02	9.8883080482e-01	9.7232705355e-01
6.7982934570e+02	9.8887819052e-01	9.7249221802e-01
6.8024908447e+02	9.8892527819e-01	9.7183549404e-01
6.8066876221e+02	9.8897200823e-01	9.7190499306e-01
6.8108850098e+02	9.8901849985e-01	9.7207123041e-01
6.8150817871e+02	9.8906463385e-01	9.7227376699e-01
6.8192791748e+02	9.8911052942e-01	9.7179079056e-01
6.8234759521e+02	9.8915612698e-01	9.7224855423e-01
6.8276733398e+02	9.8920136690e-01	9.7190010548e-01
6.8318701172e+02	9.8924642801e-01	9.7192412615e-01
6.8360675049e+02	9.8929113150e-01	9.7215825319e-01
6.8402642822e+02	9.8933553696e-01	9.7182977200e-01
6.8444616699e+02	9.8937970400e-01	9.7230082750e-01
6.8486590576e+02	9.8942363262e-01	9.7172784805e-01
6.8528558350e+02	9.8946726322e-01	9.7219073772e-01
6.8570532227e+02	9.8951059580e-01	9.7210621834e-01
6.8612500000e+02	9.8955363035e-01	9.7218388319e-01
6.8654473877e+02	9.8959642649e-01	9.7189563513e-01
6.8696441650e+02	9.8963898420e-01	9.7182852030e-01
6.8738415527e+02	9.8968124390e-01	9.7196227312e-01
6.8780383301e+02	9.8972326517e-01	9.7135454416e-01
6.8822357178e+02	9.8976504803e-01	9.7196912766e-01
6.8864324951e+02	9.8980653286e-01	9.7162503004e-01
6.8906298828e+02	9.8984777927e-01	9.7190946341e-01
6.8948266602e+02	9.8988878727e-01	9.7196692228e-01
6.8990240479e+02	9.8992955685e-01	9.7169500589e-01
6.9032208252e+02	9.8997002840e-01	9.7131460905e-01
6.9074182129e+02	9.9001026154e-01	9.7186928988e-01
6.9116149902e+02	9.9005025625e-01	9.7153574228e-01
6.9158123779e+02	9.9009007215e-01	9.7159731388e-01
6.9200091553e+02	9.9012959003e-01	9.7143864632e-01
6.9242065430e+02	9.9016886950e-01	9.7121089697e-01
6.9284033203e+02	9.9020791054e-01	9.7141426802e-01
6.9326007080e+02	9.9024671316e-01	9.7147160769e-01
6.9367974854e+02	9.9028527737e-01	9.7136789560e-01
6.9409948730e+02	9.9032366276e-01	9.7128129005e-01
6.9451916504e+02	9.9036175013e-01	9.7146487236e-01
6.9493890381e+02	9.9039965868e-01	9.7125554085e-01
6.9535864258e+02	9.9043732882e-01	9.7092932463e-01
6.9577832031e+02	9.9047482014e-01	9.7117090225e-01
6.9619805908e+02	9.9051201344e-01	9.7094541788e-01
6.9661773682e+02	9.9054902792e-01	9.7093361616e-01
6.9703747559e+02	9.9058580399e-01	9.7082674503e-01
6.9745715332e+02	9.9062240124e-01	9.7058534622e-01
6.9787689209e+02	9.9065876007e-01	9.7083765268e-01
6.9829656982e+02	9.9069488049e-01	9.7057873011e-01
6.9871630859e+02	9.9073082209e-01	9.7075068951e-01
6.9913598633e+02	9.9076652527e-01	9.7035056353e-01
6.9955572510e+02	9.9080204964e-01	9.7027158737e-01
6.9997540283e+02	9.9083739519e-01	9.7026753426e-01
7.0039514160e+02	9.9087250233e-01	9.7016721964e-01
7.0081481934e+02	9.9090737104e-01	9.7004759312e-01
7.0123455811e+02	9.9094206095e-01	9.7020196915e-01
7.0165423584e+02	9.9097657204e-01	9.7006839514e-01
7.0207397461e+02	9.9101090431e-01	9.6982800961e-01
7.0249365234e+02	9.9104499817e-01	9.6990573406e-01
7.0291339111e+02	9.9107891321e-01	9.6969383955e-01
7.0333306885e+02	9.9111264944e-01	9.6959292889e-01
7.0375280762e+02	9.9114614725e-01	9.6909517050e-01
7.0417248535e+02	9.9117946625e-01	9.6932852268e-01
7.0459222412e+02	9.9121260643e-01	9.6921366453e-01
7.0501190186e+02	9.9124556780e-01	9.6892076731e-01
7.0543164062e+02	9.9127835035e-01	9.6926605701e-01
7.0585137939e+02	9.9131095409e-01	9.6908420324e-01
7.0627105713e+02	9.9134331942e-01	9.6895164251e-01
7.0669079590e+02	9.9137556553e-01	9.6907347441e-01
7.0711047363e+02	9.9140757322e-01	9.6883928776e-01
7.0753021240e+02	9.9143946171e-01	9.6879893541e-01
7.0794989014e+02	9.9147111177e-01	9.6872609854e-01
7.0836962891e+02	9.9150264263e-01	9.6858662367e-01
7.0878930664e+02	9.9153393507e-01	9.6850931644e-01
7.0920904541e+02	9.9156510830e-01	9.6826672554e-01
7.0962872314e+02	9.9159610271e-01	9.6821421385e-01
7.1004846191e+02	9.9162685871e-01	9.6823823452e-01
7.1046813965e+02	9.9165749550e-01	9.6818292141e-01
7.1088787842e+02	9.9168801308e-01	9.6738427877e-01
7.1130755615e+02	9.9171829224e-01	9.6810829639e-01
7.1172729492e+02	9.9174839258e-01	9.6790552139e-01
7.1214697266e+02	9.9177837372e-01	9.6742969751e-01
7.1256671143e+02	9.9180817604e-01	9.6710580587e-01
7.1298638916e+02	9.9183779955e-01	9.6710556746e-01
7.1340612793e+02	9.9186730385e-01	9.6707391739e-01
7.1382580566e+02	9.9189662933e-01	9.6677154303e-01
7.1424554443e+02	9.9192577600e-01	9.6685868502e-01
7.1466522217e+02	9.9195480347e-01	9.6665692329e-01
7.1508496094e+02	9.9198365211e-01	9.6652245522e-01
7.1550463867e+02	9.9201232195e-01	9.6656459570e-01
7.1592437744e+02	9.9204081297e-01	9.6597254276e-01
7.1634405518e+02	9.9206924438e-01	9.6624469757e-01
7.1676379395e+02	9.9209743738e-01	9.6590983868e-01
7.1718353271e+02	9.9212551117e-01	9.6605879068e-01
7.1760321045e+02	9.9215346575e-01	9.6601915359e-01
7.1802294922e+02	9.9218124151e-01	9.6580630541e-01
7.1844262695e+02	9.9220883846e-01	9.6571379900e-01
7.1886236572e+02	9.9223631620e-01	9.6547168493e-01
7.1928204346e+02	9.9226367474e-01	9.6567606926e-01
7.1970178223e+02	9.9229085445e-01	9.6525794268e-01
7.2012145996e+02	9.9231785536e-01	9.6503221989e-01
7.2054119873e+02	9.9234479666e-01	9.6504986286e-01
7.2096087646e+02	9.9237155914e-01	9.6510726213e-01
7.2138061523e+02	9.9239814281e-01	9.6504372358e-01
7.2180029297e+02	9.9242460728e-01	9.6481841803e-01
7.2222003174e+02	9.9245095253e-01	9.6467095613e-01
7.2263970947e+02	9.9247717857e-01	9.6459174156e-01
7.2305944824e+02	9.9250322580e-01	9.6455770731e-01
7.2347912598e+02	9.9252915382e-01	9.6420347691e-01
7.2389886475e+02	9.9255496264e-01	9.6388173103e-01
7.2431854248e+02	9.9258059263e-01	9.6415817738e-01
7.2473828125e+02	9.9260610342e-01	9.6415472031e-01
7.2515795898e+02	9.9263149500e-01	9.6364390850e-01
7.2557769775e+02	9.9265676737e-01	9.6349304914e-01
7.2599737549e+02	9.9268192053e-01	9.6351486444e-01
7.2641711426e+02	9.9270689487e-01	9.6345013380e-01
7.2683679199e+02	9.9273175001e-01	9.6308499575e-01
7.2725653076e+02	9.9275648594e-01	9.6291184425e-01
7.2767626953e+02	9.9278110266e-01	9.6285384893e-01
7.2809594727e+02	9.9280560017e-01	9.6240246296e-01
7.2851568604e+02	9.9282997847e-01	9.6265923977e-01
7.2893536377e+02	9.9285423756e-01	9.6239787340e-01
7.2935510254e+02	9.9287831783e-01	9.6233510971e-01
7.2977478027e+02	9.9290233850e-01	9.6205192804e-01
7.3019451904e+02	9.9292618036e-01	9.6178740263e-01
7.3061419678e+02	9.9294996262e-01	9.6169632673e-01
7.3103393555e+02	9.9297356606e-01	9.6159076691e-01
7.3145361328e+02	9.9299705029e-01	9.6124064922e-01
7.3187335205e+02	9.9302047491e-01	9.6141272783e-01
7.3229302979e+02	9.9304372072e-01	9.6133422852e-01
7.3271276855e+02	9.9306690693e-01	9.6065956354e-01
7.3313244629e+02	9.9308991432e-01	9.6076154709e-01
7.3355218506e+02	9.9311286211e-01	9.6061491966e-01
7.3397186279e+02	9.9313569069e-01	9.6053171158e-01
7.3439160156e+02	9.9315834045e-01	9.6032851934e-01
7.3481127930e+02	9.9318093061e-01	9.6018999815e-01
7.3523101807e+02	9.9320340157e-01	9.5996356010e-01
7.3565069580e+02	9.9322575331e-01	9.6003210545e-01
7.3607043457e+02	9.9324804544e-01	9.5960336924e-01
7.3649011230e+02	9.9327015877e-01	9.5980966091e-01
7.3690985107e+02	9.9329221249e-01	9.5932143927e-01
7.3732952881e+02	9.9331408739e-01	9.5910900831e-01
7.3774926758e+02	9.9333590269e-01	9.5893585682e-01
7.3816900635e+02	9.9335765839e-01	9.5886909962e-01
7.3858868408e+02	9.9337923527e-01	9.5887011290e-01
7.3900842285e+02	9.9340075254e-01	9.5871239901e-01
7.3942810059e+02	9.9342209101e-01	9.5839464664e-01
7.3984783936e+02	9.9344336987e-01	9.5839112997e-01
7.4026751709e+02	9.9346458912e-01	9.5801198483e-01
7.4068725586e+02	9.9348562956e-01	9.5780634880e-01
7.4110693359e+02	9.9350661039e-01	9.5799177885e-01
7.4152667236e+02	9.9352747202e-01	9.5749455690e-01
7.4194635010e+02	9.9354827404e-01	9.5731723309e-01
7.4236608887e+02	9.9356895685e-01	9.5732563734e-01
7.4278576660e+02	9.9358952045e-01	9.5688337088e-01
7.4320550537e+02	9.9360996485e-01	9.5690780878e-01
7.4362518311e+02	9.9363034964e-01	9.5654052496e-01
7.4404492188e+02	9.9365061522e-01	9.5635670424e-01
7.4446459961e+02	9.9367082119e-01	9.5668584108e-01
7.4488433838e+02	9.9369084835e-01	9.5612210035e-01
7.4530401611e+02	9.9371087551e-01	9.5557689667e-01
7.4572375488e+02	9.9373072386e-01	9.5586991310e-01
7.4614343262e+02	9.9375057220e-01	9.5577710867e-01
7.4656317139e+02	9.9377024174e-01	9.5550578833e-01
7.4698284912e+02	9.9378985167e-01	9.5510476828e-01
7.4740258789e+02	9.9380934238e-01	9.5524042845e-01
7.4782226562e+02	9.9382877350e-01	9.5511794090e-01
7.4824200439e+02	9.9384814501e-01	9.5455008745e-01
7.4866168213e+02	9.9386733770e-01	9.5430976152e-01
7.4908142090e+02	9.9388653040e-01	9.5412665606e-01
7.4950115967e+02	9.9390554428e-01	9.5410025120e-01
7.4992083740e+02	9.9392449856e-01	9.5395487547e-01
7.5034057617e+02	9.9394339323e-01	9.5315396786e-01
7.5076025391e+02	9.9396216869e-01	9.5317649841e-01
7.5117999268e+02	9.9398088455e-01	9.5324486494e-01
7.5159967041e+02	9.9399954081e-01	9.5298826694e-01
7.5201940918e+02	9.9401801825e-01	9.5322781801e-01
7.5243908691e+02	9.9403649569e-01	9.5256000757e-01
7.5285882568e+02	9.9405485392e-01	9.5248663425e-01
7.5327850342e+02	9.9407309294e-01	9.5217895508e-01
7.5369824219e+02	9.9409127235e-01	9.5193076134e-01
7.5411791992e+02	9.9410939217e-01	9.5198512077e-01
7.5453765869e+02	9.9412739277e-01	9.5175170898e-01
7.5495733643e+02	9.9414533377e-01	9.5168083906e-01
7.5537707520e+02	9.9416321516e-01	9.5111501217e-01
7.5579675293e+02	9.9418097734e-01	9.5086884499e-01
7.5621649170e+02	9.9419867992e-01	9.5049822330e-01
7.5663616943e+02	9.9421626329e-01	9.5019471645e-01
7.5705590820e+02	9.9423378706e-01	9.5040994883e-01
7.5747558594e+02	9.9425125122e-01	9.5055508614e-01
7.5789532471e+02	9.9426865578e-01	9.4974184036e-01
7.5831500244e+02	9.9428594112e-01	9.4984024763e-01
7.5873474121e+02	9.9430310726e-01	9.4984626770e-01
7.5915441895e+02	9.9432027340e-01	9.4947469234e-01
7.5957415771e+02	9.9433732033e-01	9.4898855686e-01
7.5999389648e+02	9.9435430765e-01	9.4875800610e-01
7.6041357422e+02	9.9437117577e-01	9.4855558872e-01
7.6083331299e+02	9.9438804388e-01	9.4829243422e-01
7.6125299072e+02	9.9440479279e-01	9.4803369045e-01
7.6167272949e+02	9.9442142248e-01	9.4806951284e-01
7.6209240723e+02	9.9443805218e-01	9.4751191139e-01
7.6251214600e+02	9.9445456266e-01	9.4750213623e-01
7.6293182373e+02	9.9447101355e-01	9.4763839245e-01
7.6335156250e+02	9.9448740482e-01	9.4712042809e-01
7.6377124023e+02	9.9450373650e-01	9.4682157040e-01
7.6419097900e+02	9.9451994896e-01	9.4662851095e-01
7.6461065674e+02	9.9453610182e-01	9.4679057598e-01
7.6503039551e+02	9.9455219507e-01	9.4628316164e-01
7.6545007324e+02	9.9456822872e-01	9.4612699747e-01
7.6586981201e+02	9.9458414316e-01	9.4599205256e-01
7.6628948975e+02	9.9459999800e-01	9.4530659914e-01
7.6670922852e+02	9.9461585283e-01	9.4580358267e-01
7.6712890625e+02	9.9463158846e-01	9.4573444128e-01
7.6754864502e+02	9.9464726448e-01	9.4520199299e-01
7.6796832275e+02	9.9466282129e-01	9.4479107857e-01
7.6838806152e+02	9.9467837811e-01	9.4471400976e-01
7.6880773926e+02	9.9469381571e-01	9.4434189796e-01
7.6922747803e+02	9.9470919371e-01	9.4426590204e-01
7.6964715576e+02	9.9472457170e-01	9.4341832399e-01
7.7006689453e+02	9.9473983049e-01	9.4343543053e-01
7.7048663330e+02	9.9475497007e-01	9.4334059954e-01
7.7090631104e+02	9.9477010965e-01	9.4214820862e-01
7.7132604980e+02	9.9478518963e-01	9.4211459160e-01
7.7174572754e+02	9.9480015039e-01	9.4219100475e-01
7.7216546631e+02	9.9481511116e-01	9.4243890047e-01
7.7258514404e+02	9.9482995272e-01	9.4176429510e-01
7.7300488281e+02	9.9484479427e-01	9.4173824787e-01
7.7342456055e+02	9.9485951662e-01	9.4169241190e-01
7.7384429932e+02	9.9487417936e-01	9.4116538763e-01
7.7426397705e+02	9.9488878250e-01	9.4084888697e-01
7.7468371582e+02	9.9490332603e-01	9.4076949358e-01
7.7510339355e+02	9.9491780996e-01	9.4059151411e-01
7.7552313232e+02	9.9493223429e-01	9.4023472071e-01
7.7594281006e+02	9.9494659901e-01	9.3971085548e-01
7.7636254883e+02	9.9496090412e-01	9.4029796124e-01
7.7678222656e+02	9.9497514963e-01	9.3934172392e-01
7.7720196533e+02	9.9498933554e-01	9.3949931860e-01
7.7762164307e+02	9.9500346184e-01	9.3916523457e-01
7.7804138184e+02	9.9501752853e-01	9.3860715628e-01
7.7846105957e+02	9.9503153563e-01	9.3839818239e-01
7.7888079834e+02	9.9504548311e-01	9.3863058090e-01
7.7930047607e+02	9.9505937099e-01	9.3808948994e-01
7.7972021484e+02	9.9507319927e-01	9.3791401386e-01
7.8013989258e+02	9.9508696795e-01	9.3751996756e-01
7.8055963135e+02	9.9510067701e-01	9.3791449070e-01
7.8097930908e+02	9.9511432648e-01	9.3708932400e-01
7.8139904785e+02	9.9512791634e-01	9.3714427948e-01
7.8181878662e+02	9.9514144659e-01	9.3644994497e-01
7.8223846436e+02	9.9515491724e-01	9.3637353182e-01
7.8265820312e+02	9.9516832829e-01	9.3613588810e-01
7.8307788086e+02	9.9518167973e-01	9.3587106466e-01
7.8349761963e+02	9.9519503117e-01	9.3579375744e-01
7.8391729736e+02	9.9520826340e-01	9.3517607450e-01
7.8433703613e+02	9.9522149563e-01	9.3467998505e-01
7.8475671387e+02	9.9523460865e-01	9.3515741825e-01
7.8517645264e+02	9.9524772167e-01	9.3459022045e-01
7.8559613037e+02	9.9526071548e-01	9.3418991566e-01
7.8601586914e+02	9.9527370930e-01	9.3379122019e-01
7.8643554688e+02	9.9528664351e-01	9.3353062868e-01
7.8685528564e+02	9.9529951811e-01	9.3314546347e-01
7.8727496338e+02	9.9531233311e-01	9.3342727423e-01
7.8769470215e+02	9.9532514811e-01	9.3323910236e-01
7.8811437988e+02	9.9533784389e-01	9.3202263117e-01
7.8853411865e+02	9.9535053968e-01	9.3184155226e-01
7.8895379639e+02	9.9536311626e-01	9.3147593737e-01
7.8937353516e+02	9.9537569284e-01	9.3160372972e-01
7.8979321289e+02	9.9538820982e-01	9.3078464270e-01
7.9021295166e+02	9.9540066719e-01	9.3092787266e-01
7.9063262939e+02	9.9541306496e-01	9.3045890331e-01
7.9105236816e+02	9.9542546272e-01	9.3028420210e-01
7.9147204590e+02	9.9543774128e-01	9.3041408062e-01
7.9189178467e+02	9.9545001984e-01	9.2936640978e-01
7.9231152344e+02	9.9546223879e-01	9.2946225405e-01
7.9273120117e+02	9.9547439814e-01	9.2828446627e-01
7.9315093994e+02	9.9548649788e-01	9.2848122120e-01
7.9357061768e+02	9.9549853802e-01	9.2864531279e-01
7.9399035645e+02	9.9551057816e-01	9.2794203758e-01
7.9441003418e+02	9.9552255869e-01	9.2799735069e-01
7.9482977295e+02	9.9553447962e-01	9.2727655172e-01
7.9524945068e+02	9.9554634094e-01	9.2658984661e-01
7.9566918945e+02	9.9555814266e-01	9.2734336853e-01
7.9608886719e+02	9.9556994438e-01	9.2611038685e-01
7.9650860596e+02	9.9558162689e-01	9.2530614138e-01
7.9692828369e+02	9.9559330940e-01	9.2547118664e-01
7.9734802246e+02	9.9560499191e-01	9.2560988665e-01
7.9776770020e+02	9.9561655521e-01	9.2519092560e-01
7.9818743896e+02	9.9562811852e-01	9.2459630966e-01
7.9860711670e+02	9.9563962221e-01	9.2404603958e-01
7.9902685547e+02	9.9565106630e-01	9.2389851809e-01
7.9944653320e+02	9.9566245079e-01	9.2350322008e-01
