wavelength_nm	current_final_result_transmittance	nearest_dataset_average_transmittance	nearest_neighbor_tandem_result_transmittance
3.7973711347e+02	7.7686411142e-01	8.6570197344e-01	8.6345481873e-01
3.8015682291e+02	7.7300304582e-01	8.6515665054e-01	8.6158758402e-01
3.8057653235e+02	7.6944373947e-01	8.6452263594e-01	8.6040544510e-01
3.8099624179e+02	7.6677295480e-01	8.6379671097e-01	8.5951972008e-01
3.8141595123e+02	7.6260528323e-01	8.6297589540e-01	8.5886752605e-01
3.8183566067e+02	7.5768735565e-01	8.6205720901e-01	8.5726344585e-01
3.8225537011e+02	7.5244314698e-01	8.6103749275e-01	8.5588335991e-01
3.8267507956e+02	7.4754982887e-01	8.5991352797e-01	8.5464578867e-01
3.8309478900e+02	7.4140779367e-01	8.5868221521e-01	8.5287106037e-01
3.8351449844e+02	7.3600622199e-01	8.5734027624e-01	8.5152769089e-01
3.8393420788e+02	7.2985375000e-01	8.5588425398e-01	8.5001486540e-01
3.8435391732e+02	7.2331379342e-01	8.5431051254e-01	8.4841585159e-01
3.8477362676e+02	7.1701122942e-01	8.5261505842e-01	8.4656763077e-01
3.8519333620e+02	7.0997678852e-01	8.5079354048e-01	8.4514272213e-01
3.8561304564e+02	7.0294435181e-01	8.4884023666e-01	8.4281057119e-01
3.8603275508e+02	6.9481272177e-01	8.4674960375e-01	8.4083640575e-01
3.8645246453e+02	6.8738493710e-01	8.4451586008e-01	8.3879488707e-01
3.8687217397e+02	6.7951225741e-01	8.4213113785e-01	8.3656924963e-01
3.8729188341e+02	6.7106909281e-01	8.3958607912e-01	8.3408474922e-01
3.8771159285e+02	6.6188400202e-01	8.3686929941e-01	8.3135879040e-01
3.8813130229e+02	6.5301890744e-01	8.3396738768e-01	8.2844632864e-01
3.8855101173e+02	6.4339722712e-01	8.3086436987e-01	8.2554137707e-01
3.8897072117e+02	6.3444062849e-01	8.2754200697e-01	8.2261174917e-01
3.8939043061e+02	6.2389509399e-01	8.2398039103e-01	8.1900638342e-01
3.8981014006e+02	6.1381018575e-01	8.2015943527e-01	8.1520992517e-01
3.9022984950e+02	6.0375538936e-01	8.1606078148e-01	8.1141173840e-01
3.9064955894e+02	5.9253838408e-01	8.1166917086e-01	8.0723166466e-01
3.9106926838e+02	5.8168171823e-01	8.0697470903e-01	8.0269867182e-01
3.9148897782e+02	5.7009628226e-01	8.0197149515e-01	7.9837429523e-01
3.9190868726e+02	5.5830335352e-01	7.9665613174e-01	7.9350280762e-01
3.9232839670e+02	5.4624565991e-01	7.9102420807e-01	7.8835517168e-01
3.9274810614e+02	5.3347277056e-01	7.8506773710e-01	7.8249806166e-01
3.9316781559e+02	5.2118988528e-01	7.7877235413e-01	7.7694278955e-01
3.9358752503e+02	5.0723836846e-01	7.7211755514e-01	7.7001625299e-01
3.9400723447e+02	4.9389058390e-01	7.6507455111e-01	7.6357650757e-01
3.9442694391e+02	4.8006303465e-01	7.5760793686e-01	7.5590831041e-01
3.9484665335e+02	4.6521300075e-01	7.4968248606e-01	7.4844229221e-01
3.9526636279e+02	4.5024796426e-01	7.4125641584e-01	7.4017512798e-01
3.9568607223e+02	4.3324691795e-01	7.3228400946e-01	7.3133611679e-01
3.9610578167e+02	4.1656428744e-01	7.2271603346e-01	7.2192502022e-01
3.9652549111e+02	3.9888706471e-01	7.1250027418e-01	7.1143800020e-01
3.9694520056e+02	3.8053158318e-01	7.0158076286e-01	7.0033645630e-01
3.9736491000e+02	3.6216513695e-01	6.8989896774e-01	6.8817633390e-01
3.9778461944e+02	3.4167415750e-01	6.7739289999e-01	6.7479753494e-01
3.9820432888e+02	3.2195816898e-01	6.6399794817e-01	6.6111570597e-01
3.9862403832e+02	3.0138860397e-01	6.4964616299e-01	6.4624214172e-01
3.9904374776e+02	2.8072514736e-01	6.3426566124e-01	6.2970012426e-01
3.9946345720e+02	2.5871450687e-01	6.1777675152e-01	6.1199623346e-01
3.9988316664e+02	2.3716377581e-01	6.0006880760e-01	5.9377157688e-01
4.0030287609e+02	2.1585017531e-01	5.8098763227e-01	5.7397806644e-01
4.0072258553e+02	1.9459563357e-01	5.6032466888e-01	5.5361062288e-01
4.0114229497e+02	1.7407518471e-01	5.3771191835e-01	5.3049910069e-01
4.0156200441e+02	1.5518893417e-01	5.1271820068e-01	5.0645005703e-01
4.0198171385e+02	1.3663915025e-01	4.8527488112e-01	4.8136979342e-01
4.0240142329e+02	1.1975000514e-01	4.5612248778e-01	4.5487537980e-01
4.0282113273e+02	1.0395083488e-01	4.2633494735e-01	4.2746129632e-01
4.0324084217e+02	8.9890744484e-02	3.9642670751e-01	3.9986583591e-01
4.0366055162e+02	7.6849055980e-02	3.6637392640e-01	3.6979663372e-01
4.0408026106e+02	6.5237653591e-02	3.3614358306e-01	3.4015282989e-01
4.0449997050e+02	5.5275621311e-02	3.0589196086e-01	3.1061261892e-01
4.0491967994e+02	4.5459682036e-02	2.7593630552e-01	2.8122916818e-01
4.0533938938e+02	3.8718286805e-02	2.4669770896e-01	2.5154179335e-01
4.0575909882e+02	3.2248985988e-02	2.1864879131e-01	2.2365203500e-01
4.0617880826e+02	2.6193941627e-02	1.9226966798e-01	1.9638815522e-01
4.0659851770e+02	2.1769310250e-02	1.6812390089e-01	1.7367824912e-01
4.0701822714e+02	1.7553435735e-02	1.4649485052e-01	1.5112899244e-01
4.0743793659e+02	1.4394784266e-02	1.2763975561e-01	1.3194902241e-01
4.0785764603e+02	1.1962797765e-02	1.1170407385e-01	1.1535847187e-01
4.0827735547e+02	1.0042830467e-02	9.8725199699e-02	1.0089518130e-01
4.0869706491e+02	8.6786620512e-03	8.8674843311e-02	9.0270362794e-02
4.0911677435e+02	7.6619269933e-03	8.1529073417e-02	8.1893719733e-02
4.0953648379e+02	6.9402117438e-03	7.7001474798e-02	7.6308794320e-02
4.0995619323e+02	6.7565600378e-03	7.4948608875e-02	7.2788558900e-02
4.1037590267e+02	6.0495708628e-03	7.5263291597e-02	7.1237862110e-02
4.1079561212e+02	6.4452418048e-03	7.7893063426e-02	7.4725873768e-02
4.1121532156e+02	6.8911407633e-03	8.2995302975e-02	7.6668106019e-02
4.1163503100e+02	7.6562653582e-03	9.0527892113e-02	8.4272570908e-02
4.1205474044e+02	8.3686041060e-03	1.0060787201e-01	9.1766357422e-02
4.1247444988e+02	9.5359863377e-03	1.1337255687e-01	1.0284411907e-01
4.1289415932e+02	1.1407333075e-02	1.2897616625e-01	1.1977849156e-01
4.1331386876e+02	1.3550840479e-02	1.4760933816e-01	1.3840955496e-01
4.1373357820e+02	1.6573293324e-02	1.6906331480e-01	1.6067235172e-01
4.1415328765e+02	2.0136896935e-02	1.9317893684e-01	1.8597075343e-01
4.1457299709e+02	2.4772126760e-02	2.1968801320e-01	2.1326723695e-01
4.1499270653e+02	3.0422024449e-02	2.4831397831e-01	2.4396348000e-01
4.1541241597e+02	3.7331861125e-02	2.7847823501e-01	2.7467450500e-01
4.1583212541e+02	4.6330224688e-02	3.0965879560e-01	3.0720251799e-01
4.1625183485e+02	5.7108386063e-02	3.4137091041e-01	3.3919808269e-01
4.1667154429e+02	7.0129085972e-02	3.7313446403e-01	3.7029385567e-01
4.1709125373e+02	8.6187905182e-02	4.0449309349e-01	4.0227961540e-01
4.1751096317e+02	1.0483578553e-01	4.3511578441e-01	4.3193626404e-01
4.1793067262e+02	1.2476967580e-01	4.6473923326e-01	4.6068638563e-01
4.1835038206e+02	1.4648305293e-01	4.9307450652e-01	4.8800978065e-01
4.1877009150e+02	1.7104376689e-01	5.2002233267e-01	5.1612532139e-01
4.1918980094e+02	1.9558946188e-01	5.4553943872e-01	5.4075038433e-01
4.1960951038e+02	2.2118339607e-01	5.6959140301e-01	5.6423157454e-01
4.2002921982e+02	2.4676554182e-01	5.9204500914e-01	5.8609032631e-01
4.2044892926e+02	2.7272162535e-01	6.1306941509e-01	6.0703593493e-01
4.2086863870e+02	2.9855522031e-01	6.3271331787e-01	6.2536895275e-01
4.2128834815e+02	3.2359373775e-01	6.5097749233e-01	6.4344084263e-01
4.2170805759e+02	3.4906250436e-01	6.6793227196e-01	6.6047179699e-01
4.2212776703e+02	3.7215096976e-01	6.8372058868e-01	6.7585170269e-01
4.2254747647e+02	3.9601028143e-01	6.9840794802e-01	6.9036030769e-01
4.2296718591e+02	4.1867378554e-01	7.1198016405e-01	7.0381987095e-01
4.2338689535e+02	4.4037761410e-01	7.2461557388e-01	7.1631830931e-01
4.2380660479e+02	4.6065218393e-01	7.3637968302e-01	7.2748225927e-01
4.2422631423e+02	4.8299606530e-01	7.4726945162e-01	7.3879653215e-01
4.2464602368e+02	5.0329218023e-01	7.5740319490e-01	7.4933356047e-01
4.2506573312e+02	5.2096967506e-01	7.6685357094e-01	7.5963181257e-01
4.2548544256e+02	5.4121771721e-01	7.7562826872e-01	7.6860725880e-01
4.2590515200e+02	5.5914172258e-01	7.8379875422e-01	7.7698546648e-01
4.2632486144e+02	5.7722367271e-01	7.9143500328e-01	7.8510779142e-01
4.2674457088e+02	5.9423273982e-01	7.9854458570e-01	7.9292243719e-01
4.2716428032e+02	6.1110017137e-01	8.0517596006e-01	8.0018329620e-01
4.2758398976e+02	6.2641628662e-01	8.1138831377e-01	8.0657976866e-01
4.2800369920e+02	6.4196756379e-01	8.1718444824e-01	8.1407475471e-01
4.2842340865e+02	6.5521967922e-01	8.2260447741e-01	8.1888657808e-01
4.2884311809e+02	6.6838141304e-01	8.2769393921e-01	8.2412755489e-01
4.2926282753e+02	6.8049423305e-01	8.3244925737e-01	8.2927012444e-01
4.2968253697e+02	6.9216565499e-01	8.3691042662e-01	8.3370751143e-01
4.3010224641e+02	7.0253786339e-01	8.4110885859e-01	8.3788299561e-01
4.3052195585e+02	7.1149350630e-01	8.4503489733e-01	8.4190988541e-01
4.3094166529e+02	7.2104962498e-01	8.4873223305e-01	8.4563106298e-01
4.3136137473e+02	7.2995453268e-01	8.5221642256e-01	8.4926146269e-01
4.3178108418e+02	7.3627636764e-01	8.5548192263e-01	8.5173302889e-01
4.3220079362e+02	7.4481099196e-01	8.5856771469e-01	8.5457444191e-01
4.3262050306e+02	7.5222562436e-01	8.6147516966e-01	8.5890895128e-01
4.3304021250e+02	7.5875618907e-01	8.6421418190e-01	8.6110097170e-01
4.3345992194e+02	7.6509760919e-01	8.6680889130e-01	8.6402708292e-01
4.3387963138e+02	7.7079929941e-01	8.6925262213e-01	8.6622893810e-01
4.3429934082e+02	7.7585749431e-01	8.7156850100e-01	8.6856645346e-01
4.3471905026e+02	7.8134417067e-01	8.7376457453e-01	8.7101942301e-01
4.3513875971e+02	7.8628720426e-01	8.7584060431e-01	8.7291747332e-01
4.3555846915e+02	7.9060098905e-01	8.7781792879e-01	8.7481689453e-01
4.3597817859e+02	7.9531131668e-01	8.7969309092e-01	8.7660318613e-01
4.3639788803e+02	7.9961651409e-01	8.8148069382e-01	8.7807333469e-01
4.3681759747e+02	8.0356855072e-01	8.8318830729e-01	8.7960535288e-01
4.3723730691e+02	8.0712058380e-01	8.8481712341e-01	8.8075160980e-01
4.3765701635e+02	8.1131484841e-01	8.8638305664e-01	8.8249635696e-01
4.3807672579e+02	8.1465623609e-01	8.8788443804e-01	8.8398927450e-01
4.3849643523e+02	8.1812671511e-01	8.8933449984e-01	8.8509106636e-01
4.3891614468e+02	8.2078071123e-01	8.9073735476e-01	8.8646483421e-01
4.3933585412e+02	8.2537405285e-01	8.9209812880e-01	8.8811701536e-01
4.3975556356e+02	8.2771825825e-01	8.9342492819e-01	8.8901966810e-01
4.4017527300e+02	8.3040711093e-01	8.9471721649e-01	8.9051312208e-01
4.4059498244e+02	8.3388830502e-01	8.9598304033e-01	8.9174586535e-01
4.4101469188e+02	8.3647332525e-01	8.9722007513e-01	8.9322829247e-01
4.4143440132e+02	8.3967921042e-01	8.9843159914e-01	8.9447140694e-01
4.4185411076e+02	8.4230961800e-01	8.9961606264e-01	8.9590418339e-01
4.4227382021e+02	8.4523685926e-01	9.0077275038e-01	8.9738768339e-01
4.4269352965e+02	8.4752671869e-01	9.0190172195e-01	8.9878815413e-01
4.4311323909e+02	8.4952652868e-01	9.0299946070e-01	9.0001386404e-01
4.4353294853e+02	8.5186004788e-01	9.0406924486e-01	9.0119677782e-01
4.4395265797e+02	8.5353948937e-01	9.0510576963e-01	9.0263348818e-01
4.4437236741e+02	8.5574598834e-01	9.0611475706e-01	9.0334314108e-01
4.4479207685e+02	8.5719928741e-01	9.0709161758e-01	9.0463668108e-01
4.4521178629e+02	8.5876593848e-01	9.0804213285e-01	9.0534645319e-01
4.4563149574e+02	8.6010150668e-01	9.0896391869e-01	9.0627038479e-01
4.4605120518e+02	8.6218266031e-01	9.0986138582e-01	9.0686231852e-01
4.4647091462e+02	8.6364870519e-01	9.1073459387e-01	9.0864008665e-01
4.4689062406e+02	8.6500203305e-01	9.1158658266e-01	9.0883523226e-01
4.4731033350e+02	8.6860889187e-01	9.1241884232e-01	9.0976613760e-01
4.4773004294e+02	8.6846054118e-01	9.1323351860e-01	9.1025996208e-01
4.4814975238e+02	8.6996854214e-01	9.1403245926e-01	9.1122716665e-01
4.4856946182e+02	8.7134785655e-01	9.1481709480e-01	9.1181772947e-01
4.4898917126e+02	8.7266327563e-01	9.1558915377e-01	9.1269302368e-01
4.4940888071e+02	8.7401475469e-01	9.1634958982e-01	9.1360759735e-01
4.4982859015e+02	8.7533351538e-01	9.1709947586e-01	9.1450965405e-01
4.5024829959e+02	8.7688985358e-01	9.1783946753e-01	9.1534662247e-01
4.5066800903e+02	8.7829604920e-01	9.1857028008e-01	9.1648018360e-01
4.5108771847e+02	8.7965289163e-01	9.1929197311e-01	9.1758477688e-01
4.5150742791e+02	8.8095018437e-01	9.2000514269e-01	9.1829615831e-01
4.5192713735e+02	8.8203893634e-01	9.2070966959e-01	9.1942346096e-01
4.5234684679e+02	8.8345623320e-01	9.2140561342e-01	9.2027562857e-01
4.5276655624e+02	8.8526761103e-01	9.2209321260e-01	9.2128545046e-01
4.5318626568e+02	8.8649525234e-01	9.2277216911e-01	9.2173409462e-01
4.5360597512e+02	8.8814337140e-01	9.2344278097e-01	9.2273938656e-01
4.5402568456e+02	8.8892880958e-01	9.2410445213e-01	9.2302477360e-01
4.5444539400e+02	8.9010653060e-01	9.2475795746e-01	9.2436331511e-01
4.5486510344e+02	8.9242405768e-01	9.2540234327e-01	9.2499506474e-01
4.5528481288e+02	8.9388796989e-01	9.2603874207e-01	9.2593991756e-01
4.5570452232e+02	8.9539847424e-01	9.2666584253e-01	9.2665117979e-01
4.5612423177e+02	8.9652292502e-01	9.2728525400e-01	9.2755389214e-01
4.5654394121e+02	8.9789007757e-01	9.2789536715e-01	9.2853623629e-01
4.5696365065e+02	8.9886718310e-01	9.2849802971e-01	9.2924618721e-01
4.5738336009e+02	8.9982193314e-01	9.2909187078e-01	9.2976069450e-01
4.5780306953e+02	9.0072482708e-01	9.2967820168e-01	9.3034458160e-01
4.5822277897e+02	9.0174216232e-01	9.3025642633e-01	9.3079310656e-01
4.5864248841e+02	9.0303373316e-01	9.3082696199e-01	9.3151104450e-01
4.5906219785e+02	9.0298539085e-01	9.3139034510e-01	9.3148857355e-01
4.5948190729e+02	9.0254945093e-01	9.3194597960e-01	9.3111008406e-01
4.5990161674e+02	9.0307702324e-01	9.3249511719e-01	9.3127387762e-01
4.6032132618e+02	9.0438891275e-01	9.3303656578e-01	9.3193179369e-01
4.6074103562e+02	9.0490920740e-01	9.3357181549e-01	9.3239587545e-01
4.6116074506e+02	9.0565728905e-01	9.3410015106e-01	9.3294942379e-01
4.6158045450e+02	9.0554695068e-01	9.3462228775e-01	9.3306601048e-01
4.6200016394e+02	9.0749122541e-01	9.3513822556e-01	9.3438410759e-01
4.6241987338e+02	9.0816733365e-01	9.3564790487e-01	9.3463855982e-01
4.6283958282e+02	9.0920582198e-01	9.3615204096e-01	9.3522924185e-01
4.6325929227e+02	9.1005089616e-01	9.3664979935e-01	9.3567353487e-01
4.6367900171e+02	9.1081497431e-01	9.3714219332e-01	9.3621510267e-01
4.6409871115e+02	9.1172638645e-01	9.3762892485e-01	9.3663918972e-01
4.6451842059e+02	9.1264859179e-01	9.3811005354e-01	9.3707573414e-01
4.6493813003e+02	9.1342721359e-01	9.3858605623e-01	9.3756699562e-01
4.6535783947e+02	9.1447637053e-01	9.3905639648e-01	9.3819230795e-01
4.6577754891e+02	9.1549722283e-01	9.3952178955e-01	9.3867260218e-01
4.6619725835e+02	9.1663048690e-01	9.3998175859e-01	9.3932521343e-01
4.6661696780e+02	9.1719864975e-01	9.4043678045e-01	9.3958383799e-01
4.6703667724e+02	9.1840551877e-01	9.4088679552e-01	9.4027078152e-01
4.6745638668e+02	9.1909586774e-01	9.4133138657e-01	9.4069182873e-01
4.6787609612e+02	9.1974621622e-01	9.4177126884e-01	9.4112133980e-01
4.6829580556e+02	9.1996079616e-01	9.4220608473e-01	9.4149452448e-01
4.6871551500e+02	9.2161554043e-01	9.4263577461e-01	9.4212633371e-01
4.6913522444e+02	9.2177462828e-01	9.4306093454e-01	9.4264507294e-01
4.6955493388e+02	9.2277277018e-01	9.4348055124e-01	9.4339179993e-01
4.6997464332e+02	9.2371166181e-01	9.4389563799e-01	9.4366371632e-01
4.7039435277e+02	9.2423588534e-01	9.4430583715e-01	9.4423133135e-01
4.7081406221e+02	9.2468691670e-01	9.4471073151e-01	9.4460463524e-01
4.7123377165e+02	9.2526377455e-01	9.4511109591e-01	9.4503724575e-01
4.7165348109e+02	9.2598832034e-01	9.4550639391e-01	9.4560569525e-01
4.7207319053e+02	9.2618300060e-01	9.4589662552e-01	9.4587981701e-01
4.7249289997e+02	9.2686713645e-01	9.4628238678e-01	9.4621890783e-01
4.7291260941e+02	9.2722548355e-01	9.4666272402e-01	9.4672614336e-01
4.7333231885e+02	9.2768999646e-01	9.4703835249e-01	9.4712913036e-01
4.7375202830e+02	9.2856295737e-01	9.4740921259e-01	9.4763606787e-01
4.7417173774e+02	9.2910341453e-01	9.4777464867e-01	9.4794833660e-01
4.7459144718e+02	9.2967097058e-01	9.4813537598e-01	9.4845461845e-01
4.7501115662e+02	9.3005894431e-01	9.4849151373e-01	9.4894003868e-01
4.7543086606e+02	9.3054364769e-01	9.4884204865e-01	9.4912934303e-01
4.7585057550e+02	9.3089102835e-01	9.4918805361e-01	9.4968003035e-01
4.7627028494e+02	9.3143414254e-01	9.4952917099e-01	9.4988799095e-01
4.7668999438e+02	9.3226371604e-01	9.4986504316e-01	9.5068234205e-01
4.7710970383e+02	9.3267356679e-01	9.5019608736e-01	9.5091784000e-01
4.7752941327e+02	9.3298029485e-01	9.5052242279e-01	9.5114004612e-01
4.7794912271e+02	9.3351977487e-01	9.5084333420e-01	9.5150047541e-01
4.7836883215e+02	9.3387096844e-01	9.5115965605e-01	9.5186710358e-01
4.7878854159e+02	9.3446349800e-01	9.5147114992e-01	9.5234358311e-01
4.7920825103e+02	9.3484705603e-01	9.5177721977e-01	9.5262801647e-01
4.7962796047e+02	9.3529462834e-01	9.5207881927e-01	9.5278006792e-01
4.8004766991e+02	9.3560904410e-01	9.5237565041e-01	9.5310705900e-01
4.8046737935e+02	9.3603009251e-01	9.5266705751e-01	9.5342588425e-01
4.8088708880e+02	9.3645090430e-01	9.5295387506e-01	9.5366716385e-01
4.8130679824e+02	9.3706888528e-01	9.5323616266e-01	9.5383447409e-01
4.8172650768e+02	9.3754309998e-01	9.5351296663e-01	9.5401662588e-01
4.8214621712e+02	9.3793613704e-01	9.5378535986e-01	9.5425307751e-01
4.8256592656e+02	9.3849487041e-01	9.5405316353e-01	9.5471304655e-01
4.8298563600e+02	9.3894816440e-01	9.5431584120e-01	9.5505517721e-01
4.8340534544e+02	9.3937488448e-01	9.5457381010e-01	9.5538586378e-01
4.8382505488e+02	9.4015444644e-01	9.5482730865e-01	9.5566046238e-01
4.8424476433e+02	9.4060964206e-01	9.5507603884e-01	9.5596158504e-01
4.8466447377e+02	9.4086571383e-01	9.5531988144e-01	9.5623904467e-01
4.8508418321e+02	9.4139538328e-01	9.5555931330e-01	9.5675832033e-01
4.8550389265e+02	9.4197956815e-01	9.5579439402e-01	9.5699852705e-01
4.8592360209e+02	9.4240592649e-01	9.5602446795e-01	9.5725989342e-01
4.8634331153e+02	9.4315920247e-01	9.5625025034e-01	9.5759916306e-01
4.8676302097e+02	9.4330936311e-01	9.5647168159e-01	9.5766019821e-01
4.8718273041e+02	9.4398872612e-01	9.5668870211e-01	9.5812273026e-01
4.8760243986e+02	9.4454436481e-01	9.5690107346e-01	9.5816522837e-01
4.8802214930e+02	9.4472241128e-01	9.5710927248e-01	9.5828038454e-01
4.8844185874e+02	9.4550209259e-01	9.5731335878e-01	9.5866608620e-01
4.8886156818e+02	9.4572233939e-01	9.5751303434e-01	9.5878201723e-01
4.8928127762e+02	9.4618177097e-01	9.5770835876e-01	9.5885401964e-01
4.8970098706e+02	9.4640815166e-01	9.5789974928e-01	9.5896911621e-01
4.9012069650e+02	9.4701099322e-01	9.5808720589e-01	9.5916032791e-01
4.9054040594e+02	9.4736689356e-01	9.5827025175e-01	9.5946472883e-01
4.9096011538e+02	9.4753509861e-01	9.5844930410e-01	9.5957386494e-01
4.9137982483e+02	9.4776290972e-01	9.5862466097e-01	9.5969349146e-01
4.9179953427e+02	9.4819957163e-01	9.5879632235e-01	9.5990806818e-01
4.9221924371e+02	9.4834309975e-01	9.5896369219e-01	9.5999652147e-01
4.9263895315e+02	9.4846589191e-01	9.5912748575e-01	9.5997512341e-01
4.9305866259e+02	9.4898480635e-01	9.5928770304e-01	9.6021497250e-01
4.9347837203e+02	9.4923115668e-01	9.5944446325e-01	9.6018058062e-01
4.9389808147e+02	9.4964718932e-01	9.5959711075e-01	9.6025413275e-01
4.9431779091e+02	9.4969386569e-01	9.5974653959e-01	9.6022826433e-01
4.9473750036e+02	9.4995481546e-01	9.5989257097e-01	9.6037667990e-01
4.9515720980e+02	9.5021195651e-01	9.6003532410e-01	9.6050930023e-01
4.9557691924e+02	9.5064861694e-01	9.6017438173e-01	9.6057021618e-01
4.9599662868e+02	9.5096104266e-01	9.6031039953e-01	9.6054458618e-01
4.9641633812e+02	9.5126610035e-01	9.6044319868e-01	9.6053832769e-01
4.9683604756e+02	9.5157342270e-01	9.6057313681e-01	9.6059620380e-01
4.9725575700e+02	9.5198475255e-01	9.6069973707e-01	9.6066373587e-01
4.9767546644e+02	9.5244037060e-01	9.6082323790e-01	9.6082055569e-01
4.9809517589e+02	9.5281260457e-01	9.6094393730e-01	9.6077555418e-01
4.9851488533e+02	9.5324724162e-01	9.6106195450e-01	9.6082967520e-01
4.9893459477e+02	9.5363562738e-01	9.6117711067e-01	9.6093237400e-01
4.9935430421e+02	9.5382946505e-01	9.6128934622e-01	9.6091598272e-01
4.9977401365e+02	9.5404046589e-01	9.6139901876e-01	9.6100437641e-01
5.0019372309e+02	9.5433211153e-01	9.6150612831e-01	9.6079796553e-01
5.0061343253e+02	9.5507097014e-01	9.6161079407e-01	9.6127825975e-01
5.0103314197e+02	9.5532125228e-01	9.6171283722e-01	9.6133440733e-01
5.0145285141e+02	9.5549553740e-01	9.6181249619e-01	9.6143114567e-01
5.0187256086e+02	9.5591485695e-01	9.6190977097e-01	9.6150445938e-01
5.0229227030e+02	9.5627522540e-01	9.6200489998e-01	9.6161496639e-01
5.0271197974e+02	9.5636171720e-01	9.6209788322e-01	9.6156924963e-01
5.0313168918e+02	9.5691960891e-01	9.6218848228e-01	9.6191424131e-01
5.0355139862e+02	9.5680481852e-01	9.6227693558e-01	9.6165060997e-01
5.0397110806e+02	9.5719773369e-01	9.6236342192e-01	9.6185612679e-01
5.0439081750e+02	9.5760244327e-01	9.6244788170e-01	9.6196180582e-01
5.0481052694e+02	9.5769000465e-01	9.6253043413e-01	9.6197557449e-01
5.0523023639e+02	9.5785350672e-01	9.6261101961e-01	9.6210026741e-01
5.0564994583e+02	9.5823306305e-01	9.6268957853e-01	9.6215122938e-01
5.0606965527e+02	9.5838208016e-01	9.6276634932e-01	9.6219176054e-01
5.0648936471e+02	9.5868163218e-01	9.6284133196e-01	9.6237093210e-01
5.0690907415e+02	9.5904617288e-01	9.6291464567e-01	9.6250528097e-01
5.0732878359e+02	9.5913618529e-01	9.6298617125e-01	9.6253985167e-01
5.0774849303e+02	9.5912927408e-01	9.6305578947e-01	9.6247500181e-01
5.0816820247e+02	9.5947080003e-01	9.6312379837e-01	9.6270442009e-01
5.0858791192e+02	9.5968812226e-01	9.6319013834e-01	9.6272212267e-01
5.0900762136e+02	9.5995902496e-01	9.6325492859e-01	9.6287184954e-01
5.0942733080e+02	9.6008080045e-01	9.6331793070e-01	9.6289825439e-01
5.0984704024e+02	9.6035647020e-01	9.6337938309e-01	9.6302372217e-01
5.1026674968e+02	9.6053623962e-01	9.6343904734e-01	9.6304607391e-01
5.1068645912e+02	9.6053493024e-01	9.6349722147e-01	9.6323263645e-01
5.1110616856e+02	9.6077179791e-01	9.6355372667e-01	9.6330928802e-01
5.1152587800e+02	9.6096903043e-01	9.6360874176e-01	9.6346670389e-01
5.1194558744e+02	9.6105271596e-01	9.6366220713e-01	9.6345543861e-01
5.1236529689e+02	9.6131163892e-01	9.6371406317e-01	9.6351188421e-01
5.1278500633e+02	9.6147083180e-01	9.6376419067e-01	9.6357274055e-01
5.1320471577e+02	9.6126776814e-01	9.6381282806e-01	9.6351885796e-01
5.1362442521e+02	9.6113706428e-01	9.6385985613e-01	9.6334755421e-01
5.1404413465e+02	9.6123516705e-01	9.6390539408e-01	9.6327751875e-01
5.1446384409e+02	9.6133273303e-01	9.6394938231e-01	9.6322125196e-01
5.1488355353e+02	9.6145606561e-01	9.6399182081e-01	9.6316117048e-01
5.1530326297e+02	9.6170954645e-01	9.6403264999e-01	9.6321117878e-01
5.1572297242e+02	9.6161872966e-01	9.6407192945e-01	9.6313452721e-01
5.1614268186e+02	9.6193079777e-01	9.6410971880e-01	9.6325451136e-01
5.1656239130e+02	9.6182108744e-01	9.6414607763e-01	9.6314448118e-01
5.1698210074e+02	9.6207838273e-01	9.6418094635e-01	9.6321749687e-01
5.1740181018e+02	9.6233274124e-01	9.6421432495e-01	9.6327036619e-01
5.1782151962e+02	9.6275161342e-01	9.6424633265e-01	9.6335726976e-01
5.1824122906e+02	9.6285605911e-01	9.6427696943e-01	9.6342664957e-01
5.1866093850e+02	9.6296733321e-01	9.6430605650e-01	9.6333462000e-01
5.1908064795e+02	9.6312654642e-01	9.6433377266e-01	9.6344947815e-01
5.1950035739e+02	9.6325432985e-01	9.6436023712e-01	9.6344262362e-01
5.1992006683e+02	9.6339047508e-01	9.6438533068e-01	9.6349936724e-01
5.2033977627e+02	9.6349197470e-01	9.6440929174e-01	9.6364599466e-01
5.2075948571e+02	9.6364767237e-01	9.6443194151e-01	9.6369940042e-01
5.2117919515e+02	9.6379363395e-01	9.6445345879e-01	9.6368944645e-01
5.2159890459e+02	9.6401549251e-01	9.6447378397e-01	9.6377235651e-01
5.2201861403e+02	9.6414685196e-01	9.6449297667e-01	9.6387720108e-01
5.2243832347e+02	9.6428407522e-01	9.6451109648e-01	9.6399885416e-01
5.2285803292e+02	9.6446347230e-01	9.6452814341e-01	9.6403926611e-01
5.2327774236e+02	9.6442097715e-01	9.6454429626e-01	9.6405321360e-01
5.2369745180e+02	9.6466809591e-01	9.6455937624e-01	9.6415996552e-01
5.2411716124e+02	9.6477811841e-01	9.6457368135e-01	9.6410930157e-01
5.2453687068e+02	9.6473634180e-01	9.6458703279e-01	9.6408271790e-01
5.2495658012e+02	9.6468806542e-01	9.6459966898e-01	9.6410942078e-01
5.2537628956e+02	9.6505541224e-01	9.6461147070e-01	9.6420806646e-01
5.2579599900e+02	9.6538559891e-01	9.6462249756e-01	9.6451246738e-01
5.2621570845e+02	9.6560370198e-01	9.6463280916e-01	9.6455383301e-01
5.2663541789e+02	9.6530581878e-01	9.6464246511e-01	9.6452033520e-01
5.2705512733e+02	9.6536081633e-01	9.6465152502e-01	9.6437275410e-01
5.2747483677e+02	9.6522874167e-01	9.6465992928e-01	9.6423351765e-01
5.2789454621e+02	9.6518076141e-01	9.6466785669e-01	9.6424216032e-01
5.2831425565e+02	9.6537005253e-01	9.6467524767e-01	9.6450060606e-01
5.2873396509e+02	9.6536369716e-01	9.6468216181e-01	9.6431642771e-01
5.2915367453e+02	9.6574710705e-01	9.6468871832e-01	9.6449458599e-01
5.2957338398e+02	9.6566731488e-01	9.6469479799e-01	9.6444773674e-01
5.2999309342e+02	9.6582698456e-01	9.6470052004e-01	9.6442949772e-01
5.3041280286e+02	9.6582597553e-01	9.6470576525e-01	9.6448940039e-01
5.3083251230e+02	9.6583718042e-01	9.6471077204e-01	9.6438717842e-01
5.3125222174e+02	9.6586411858e-01	9.6471548080e-01	9.6437007189e-01
5.3167193118e+02	9.6580696172e-01	9.6471995115e-01	9.6438193321e-01
5.3209164062e+02	9.6588903512e-01	9.6472412348e-01	9.6449393034e-01
5.3251135006e+02	9.6586489691e-01	9.6472811699e-01	9.6443808079e-01
5.3293105950e+02	9.6593647574e-01	9.6473193169e-01	9.6449196339e-01
5.3335076895e+02	9.6584731342e-01	9.6473550797e-01	9.6439480782e-01
5.3377047839e+02	9.6580106344e-01	9.6473890543e-01	9.6448564529e-01
5.3419018783e+02	9.6583664356e-01	9.6474224329e-01	9.6445560455e-01
5.3460989727e+02	9.6572411785e-01	9.6474534273e-01	9.6443808079e-01
5.3502960671e+02	9.6560841904e-01	9.6474844217e-01	9.6440821886e-01
5.3544931615e+02	9.6570312420e-01	9.6475142241e-01	9.6441864967e-01
5.3586902559e+02	9.6566420712e-01	9.6475428343e-01	9.6443539858e-01
5.3628873503e+02	9.6561515591e-01	9.6475714445e-01	9.6454870701e-01
5.3670844448e+02	9.6564960816e-01	9.6475982666e-01	9.6450406313e-01
5.3712815392e+02	9.6579938416e-01	9.6476250887e-01	9.6448498964e-01
5.3754786336e+02	9.6564531724e-01	9.6476525068e-01	9.6417546272e-01
5.3796757280e+02	9.6578680878e-01	9.6476787329e-01	9.6436178684e-01
5.3838728224e+02	9.6589625586e-01	9.6477037668e-01	9.6448886395e-01
5.3880699168e+02	9.6610491714e-01	9.6477299929e-01	9.6453976631e-01
5.3922670112e+02	9.6593607438e-01	9.6477556229e-01	9.6430170536e-01
5.3964641056e+02	9.6618103235e-01	9.6477812529e-01	9.6448653936e-01
5.4006612001e+02	9.6587856607e-01	9.6478062868e-01	9.6408915520e-01
5.4048582945e+02	9.6631817921e-01	9.6478325129e-01	9.6433126926e-01
5.4090553889e+02	9.6639251458e-01	9.6478575468e-01	9.6433109045e-01
5.4132524833e+02	9.6634310578e-01	9.6478837729e-01	9.6414411068e-01
5.4174495777e+02	9.6632672016e-01	9.6479088068e-01	9.6419829130e-01
5.4216466721e+02	9.6644365631e-01	9.6479344368e-01	9.6422845125e-01
5.4258437665e+02	9.6639330659e-01	9.6479600668e-01	9.6404516697e-01
5.4300408609e+02	9.6662902649e-01	9.6479851007e-01	9.6421039104e-01
5.4342379553e+02	9.6661514865e-01	9.6480113268e-01	9.6406465769e-01
5.4384350498e+02	9.6673631642e-01	9.6480369568e-01	9.6415096521e-01
5.4426321442e+02	9.6666133944e-01	9.6480625868e-01	9.6391707659e-01
5.4468292386e+02	9.6660298174e-01	9.6480876207e-01	9.6385741234e-01
5.4510263330e+02	9.6678547841e-01	9.6481132507e-01	9.6403163671e-01
5.4552234274e+02	9.6706354502e-01	9.6481388807e-01	9.6395099163e-01
5.4594205218e+02	9.6693760921e-01	9.6481627226e-01	9.6397590637e-01
5.4636176162e+02	9.6680164843e-01	9.6481877565e-01	9.6397936344e-01
5.4678147106e+02	9.6714125197e-01	9.6482115984e-01	9.6398353577e-01
5.4720118051e+02	9.6725153946e-01	9.6482366323e-01	9.6402490139e-01
5.4762088995e+02	9.6726292316e-01	9.6482592821e-01	9.6404415369e-01
5.4804059939e+02	9.6747988684e-01	9.6482831240e-01	9.6410208941e-01
5.4846030883e+02	9.6756469833e-01	9.6483057737e-01	9.6416878700e-01
5.4888001827e+02	9.6746862392e-01	9.6483272314e-01	9.6415239573e-01
5.4929972771e+02	9.6761178426e-01	9.6483486891e-01	9.6407884359e-01
5.4971943715e+02	9.6758133439e-01	9.6483689547e-01	9.6408027411e-01
5.5013914659e+02	9.6765208015e-01	9.6483880281e-01	9.6420407295e-01
5.5055885604e+02	9.6776705983e-01	9.6484071016e-01	9.6421301365e-01
5.5097856548e+02	9.6776777504e-01	9.6484249830e-01	9.6420180798e-01
5.5139827492e+02	9.6782113659e-01	9.6484416723e-01	9.6426624060e-01
5.5181798436e+02	9.6813535031e-01	9.6484565735e-01	9.6418786049e-01
5.5223769380e+02	9.6810686164e-01	9.6484708786e-01	9.6433526278e-01
5.5265740324e+02	9.6802920222e-01	9.6484833956e-01	9.6432477236e-01
5.5307711268e+02	9.6826284125e-01	9.6484947205e-01	9.6429562569e-01
5.5349682212e+02	9.6809703272e-01	9.6485048532e-01	9.6434748173e-01
5.5391653156e+02	9.6826886692e-01	9.6485137939e-01	9.6439558268e-01
5.5433624101e+02	9.6820223358e-01	9.6485203505e-01	9.6436142921e-01
5.5475595045e+02	9.6828026093e-01	9.6485251188e-01	9.6444684267e-01
5.5517565989e+02	9.6835201988e-01	9.6485280991e-01	9.6442663670e-01
5.5559536933e+02	9.6840726952e-01	9.6485298872e-01	9.6451944113e-01
5.5601507877e+02	9.6847659240e-01	9.6485286951e-01	9.6438097954e-01
5.5643478821e+02	9.6832854482e-01	9.6485257149e-01	9.6441268921e-01
5.5685449765e+02	9.6845233527e-01	9.6485203505e-01	9.6447145939e-01
5.5727420709e+02	9.6851908781e-01	9.6485131979e-01	9.6442121267e-01
5.5769391654e+02	9.6860831766e-01	9.6485036612e-01	9.6446502209e-01
5.5811362598e+02	9.6849614956e-01	9.6484917402e-01	9.6427166462e-01
5.5853333542e+02	9.6873950722e-01	9.6484774351e-01	9.6433603764e-01
5.5895304486e+02	9.6864265644e-01	9.6484595537e-01	9.6433895826e-01
5.5937275430e+02	9.6864945155e-01	9.6484398842e-01	9.6428239346e-01
5.5979246374e+02	9.6880250559e-01	9.6484166384e-01	9.6433359385e-01
5.6021217318e+02	9.6881735492e-01	9.6483922005e-01	9.6435791254e-01
5.6063188262e+02	9.6886414129e-01	9.6483635902e-01	9.6426355839e-01
5.6105159207e+02	9.6927611553e-01	9.6483325958e-01	9.6448785067e-01
5.6147130151e+02	9.6892143308e-01	9.6482974291e-01	9.6430712938e-01
5.6189101095e+02	9.6925359839e-01	9.6482592821e-01	9.6445810795e-01
5.6231072039e+02	9.6922695698e-01	9.6482199430e-01	9.6434879303e-01
5.6273042983e+02	9.6942579073e-01	9.6481752396e-01	9.6438974142e-01
5.6315013927e+02	9.6929818611e-01	9.6481275558e-01	9.6433126926e-01
5.6356984871e+02	9.6926796992e-01	9.6480774879e-01	9.6423840523e-01
5.6398955815e+02	9.6936327109e-01	9.6480232477e-01	9.6444338560e-01
5.6440926759e+02	9.6938287558e-01	9.6479654312e-01	9.6433371305e-01
5.6482897704e+02	9.6928072036e-01	9.6479040384e-01	9.6426224709e-01
5.6524868648e+02	9.6934622877e-01	9.6478396654e-01	9.6439635754e-01
5.6566839592e+02	9.6939653157e-01	9.6477705240e-01	9.6431344748e-01
5.6608810536e+02	9.6946137690e-01	9.6476984024e-01	9.6435803175e-01
5.6650781480e+02	9.6960115299e-01	9.6476221085e-01	9.6456283331e-01
5.6692752424e+02	9.6935714862e-01	9.6475428343e-01	9.6427464485e-01
5.6734723368e+02	9.6951073511e-01	9.6474581957e-01	9.6438032389e-01
5.6776694312e+02	9.6960323506e-01	9.6473699808e-01	9.6438384056e-01
5.6818665257e+02	9.6974044958e-01	9.6472781897e-01	9.6436899900e-01
5.6860636201e+02	9.6969294800e-01	9.6471816301e-01	9.6445167065e-01
5.6902607145e+02	9.6950137908e-01	9.6470814943e-01	9.6424430609e-01
5.6944578089e+02	9.6963172533e-01	9.6469777822e-01	9.6434438229e-01
5.6986549033e+02	9.6984004204e-01	9.6468693018e-01	9.6429425478e-01
5.7028519977e+02	9.6956653545e-01	9.6467566490e-01	9.6412414312e-01
5.7070490921e+02	9.6954298032e-01	9.6466398239e-01	9.6408450603e-01
5.7112461865e+02	9.6954679475e-01	9.6465188265e-01	9.6391475201e-01
5.7154432810e+02	9.6943587492e-01	9.6463936567e-01	9.6390646696e-01
5.7196403754e+02	9.6954399018e-01	9.6462631226e-01	9.6394920349e-01
5.7238374698e+02	9.6952157746e-01	9.6461302042e-01	9.6392154694e-01
5.7280345642e+02	9.6941817063e-01	9.6459913254e-01	9.6386235952e-01
5.7322316586e+02	9.6950971536e-01	9.6458488703e-01	9.6387332678e-01
5.7364287530e+02	9.6940267290e-01	9.6457010508e-01	9.6381938457e-01
5.7406258474e+02	9.6942788767e-01	9.6455496550e-01	9.6390724182e-01
5.7448229418e+02	9.6949940824e-01	9.6453934908e-01	9.6396547556e-01
5.7490200362e+02	9.6949206918e-01	9.6452325583e-01	9.6392852068e-01
5.7532171307e+02	9.6935296167e-01	9.6450680494e-01	9.6386605501e-01
5.7574142251e+02	9.6919382027e-01	9.6448987722e-01	9.6371424198e-01
5.7616113195e+02	9.6925407636e-01	9.6447247267e-01	9.6378266811e-01
5.7658084139e+02	9.6893277095e-01	9.6445465088e-01	9.6371799707e-01
5.7700055083e+02	9.6909517002e-01	9.6443629265e-01	9.6379482746e-01
5.7742026027e+02	9.6896154574e-01	9.6441763639e-01	9.6363359690e-01
5.7783996971e+02	9.6888035610e-01	9.6439844370e-01	9.6363359690e-01
5.7825967915e+02	9.6896051875e-01	9.6437883377e-01	9.6363973618e-01
5.7867938860e+02	9.6885365412e-01	9.6435874701e-01	9.6362787485e-01
5.7909909804e+02	9.6896319979e-01	9.6433812380e-01	9.6362894773e-01
5.7951880748e+02	9.6921545139e-01	9.6431726217e-01	9.6368324757e-01
5.7993851692e+02	9.6915352650e-01	9.6429586411e-01	9.6370881796e-01
5.8035822636e+02	9.6888667454e-01	9.6427392960e-01	9.6350222826e-01
5.8077793580e+02	9.6892827568e-01	9.6425169706e-01	9.6343505383e-01
5.8119764524e+02	9.6890467872e-01	9.6422892809e-01	9.6339136362e-01
5.8161735468e+02	9.6905105751e-01	9.6420574188e-01	9.6334105730e-01
5.8203706413e+02	9.6906036193e-01	9.6418213844e-01	9.6333879232e-01
5.8245677357e+02	9.6907466604e-01	9.6415805817e-01	9.6328681707e-01
5.8287648301e+02	9.6907717243e-01	9.6413356066e-01	9.6313416958e-01
5.8329619245e+02	9.6913570010e-01	9.6410864592e-01	9.6309441328e-01
5.8371590189e+02	9.6898210650e-01	9.6408325434e-01	9.6303260326e-01
5.8413561133e+02	9.6910500269e-01	9.6405750513e-01	9.6298527718e-01
5.8455532077e+02	9.6899825060e-01	9.6403127909e-01	9.6297740936e-01
5.8497503021e+02	9.6894794780e-01	9.6400469542e-01	9.6284234524e-01
5.8539473965e+02	9.6898847974e-01	9.6397763491e-01	9.6284443140e-01
5.8581444910e+02	9.6901434635e-01	9.6395021677e-01	9.6286886930e-01
5.8623415854e+02	9.6902365134e-01	9.6392232180e-01	9.6291297674e-01
5.8665386798e+02	9.6912103853e-01	9.6389406919e-01	9.6282744408e-01
5.8707357742e+02	9.6904837743e-01	9.6386533976e-01	9.6268922091e-01
5.8749328686e+02	9.6900057778e-01	9.6383625269e-01	9.6272069216e-01
5.8791299630e+02	9.6891236906e-01	9.6380680799e-01	9.6278601885e-01
5.8833270574e+02	9.6890252827e-01	9.6377688646e-01	9.6265184879e-01
5.8875241518e+02	9.6890020385e-01	9.6374660730e-01	9.6268290281e-01
5.8917212463e+02	9.6893960175e-01	9.6371597052e-01	9.6274673939e-01
5.8959183407e+02	9.6889102735e-01	9.6368497610e-01	9.6270906925e-01
5.9001154351e+02	9.6894192612e-01	9.6365350485e-01	9.6264785528e-01
5.9043125295e+02	9.6889716616e-01	9.6362161636e-01	9.6258980036e-01
5.9085096239e+02	9.6885252331e-01	9.6358937025e-01	9.6257209778e-01
5.9127067183e+02	9.6898847200e-01	9.6355682611e-01	9.6258747578e-01
5.9169038127e+02	9.6899253045e-01	9.6352386475e-01	9.6262371540e-01
5.9211009071e+02	9.6896422022e-01	9.6349066496e-01	9.6271282434e-01
5.9252980016e+02	9.6895605543e-01	9.6345692873e-01	9.6269130707e-01
5.9294950960e+02	9.6901678832e-01	9.6342295408e-01	9.6261560917e-01
5.9336921904e+02	9.6904981479e-01	9.6338850260e-01	9.6291273832e-01
5.9378892848e+02	9.6913254025e-01	9.6335381269e-01	9.6273338795e-01
5.9420863792e+02	9.6908831880e-01	9.6331864595e-01	9.6284079552e-01
5.9462834736e+02	9.6914857489e-01	9.6328330040e-01	9.6279549599e-01
5.9504805680e+02	9.6927958081e-01	9.6324759722e-01	9.6288061142e-01
5.9546776624e+02	9.6915698261e-01	9.6321153641e-01	9.6289360523e-01
5.9588747568e+02	9.6920669828e-01	9.6317511797e-01	9.6293097734e-01
5.9630718513e+02	9.6933489891e-01	9.6313840151e-01	9.6309185028e-01
5.9672689457e+02	9.6927297196e-01	9.6310132742e-01	9.6303880215e-01
5.9714660401e+02	9.6928554766e-01	9.6306395531e-01	9.6305924654e-01
5.9756631345e+02	9.6924197251e-01	9.6302628517e-01	9.6305704117e-01
5.9798602289e+02	9.6918135882e-01	9.6298831701e-01	9.6298182011e-01
5.9840573233e+02	9.6906048905e-01	9.6295005083e-01	9.6289575100e-01
5.9882544177e+02	9.6912896699e-01	9.6291142702e-01	9.6288138628e-01
5.9924515121e+02	9.6924810835e-01	9.6287256479e-01	9.6287858486e-01
5.9966486066e+02	9.6921497568e-01	9.6283340454e-01	9.6286535263e-01
6.0008457010e+02	9.6920174438e-01	9.6279388666e-01	9.6270090342e-01
6.0050427954e+02	9.6925818903e-01	9.6275418997e-01	9.6266812086e-01
6.0092398898e+02	9.6924823576e-01	9.6271419525e-01	9.6258825064e-01
6.0134369842e+02	9.6931499022e-01	9.6267390251e-01	9.6254271269e-01
6.0176340786e+02	9.6921688782e-01	9.6263331175e-01	9.6245592833e-01
6.0218311730e+02	9.6905988243e-01	9.6259242296e-01	9.6235972643e-01
6.0260282674e+02	9.6898478583e-01	9.6255129576e-01	9.6220833063e-01
6.0302253619e+02	9.6893500665e-01	9.6250993013e-01	9.6206980944e-01
6.0344224563e+02	9.6875280798e-01	9.6246832609e-01	9.6202600002e-01
6.0386195507e+02	9.6876549107e-01	9.6242648363e-01	9.6197193861e-01
6.0428166451e+02	9.6861023182e-01	9.6238440275e-01	9.6176153421e-01
6.0470137395e+02	9.6863078585e-01	9.6234202385e-01	9.6159362793e-01
6.0512108339e+02	9.6852332619e-01	9.6229934692e-01	9.6159237623e-01
6.0554079283e+02	9.6845149745e-01	9.6225649118e-01	9.6156448126e-01
6.0596050227e+02	9.6840256546e-01	9.6221345663e-01	9.6154111624e-01
6.0638021171e+02	9.6803916067e-01	9.6217012405e-01	9.6131384373e-01
6.0679992116e+02	9.6813934907e-01	9.6212655306e-01	9.6130895615e-01
6.0721963060e+02	9.6805781097e-01	9.6208280325e-01	9.6131896973e-01
6.0763934004e+02	9.6805310253e-01	9.6203881502e-01	9.6126669645e-01
6.0805904948e+02	9.6782969142e-01	9.6199458838e-01	9.6122479439e-01
6.0847875892e+02	9.6764016189e-01	9.6195012331e-01	9.6112912893e-01
6.0889846836e+02	9.6771215875e-01	9.6190547943e-01	9.6114122868e-01
6.0931817780e+02	9.6770477234e-01	9.6186059713e-01	9.6108549833e-01
6.0973788724e+02	9.6753681818e-01	9.6181553602e-01	9.6107351780e-01
6.1015759669e+02	9.6744388123e-01	9.6177023649e-01	9.6102374792e-01
6.1057730613e+02	9.6720917454e-01	9.6172481775e-01	9.6103066206e-01
6.1099701557e+02	9.6730965284e-01	9.6167916059e-01	9.6100664139e-01
6.1141672501e+02	9.6724820474e-01	9.6163320541e-01	9.6089375019e-01
6.1183643445e+02	9.6709084078e-01	9.6158719063e-01	9.6095854044e-01
6.1225614389e+02	9.6688128549e-01	9.6154087782e-01	9.6079128981e-01
6.1267585333e+02	9.6697091898e-01	9.6149444580e-01	9.6089118719e-01
6.1309556277e+02	9.6691072249e-01	9.6144789457e-01	9.6086931229e-01
6.1351527222e+02	9.6691662059e-01	9.6140098572e-01	9.6086508036e-01
6.1393498166e+02	9.6691226975e-01	9.6135401726e-01	9.6086519957e-01
6.1435469110e+02	9.6671450294e-01	9.6130681038e-01	9.6074593067e-01
6.1477440054e+02	9.6675604448e-01	9.6125942469e-01	9.6072512865e-01
6.1519410998e+02	9.6665030441e-01	9.6121191978e-01	9.6067416668e-01
6.1561381942e+02	9.6658641270e-01	9.6116417646e-01	9.6063470840e-01
6.1603352886e+02	9.6660607432e-01	9.6111631393e-01	9.6057683229e-01
6.1645323830e+02	9.6647936371e-01	9.6106821299e-01	9.6062248945e-01
6.1687294774e+02	9.6649329994e-01	9.6101999283e-01	9.6051347256e-01
6.1729265719e+02	9.6633607388e-01	9.6097159386e-01	9.6045857668e-01
6.1771236663e+02	9.6638273677e-01	9.6092301607e-01	9.6046519279e-01
6.1813207607e+02	9.6629715048e-01	9.6087425947e-01	9.6038424969e-01
6.1855178551e+02	9.6631770961e-01	9.6082538366e-01	9.6047157049e-01
6.1897149495e+02	9.6626240036e-01	9.6077632904e-01	9.6035665274e-01
6.1939120439e+02	9.6613139726e-01	9.6072703600e-01	9.6026694775e-01
6.1981091383e+02	9.6624469720e-01	9.6067768335e-01	9.6035152674e-01
6.2023062327e+02	9.6603776433e-01	9.6062821150e-01	9.6026259661e-01
6.2065033272e+02	9.6595406542e-01	9.6057850122e-01	9.6019452810e-01
6.2107004216e+02	9.6596765433e-01	9.6052867174e-01	9.6015846729e-01
6.2148975160e+02	9.6585768463e-01	9.6047860384e-01	9.6008443832e-01
6.2190946104e+02	9.6585953226e-01	9.6042847633e-01	9.6017587185e-01
6.2232917048e+02	9.6576469973e-01	9.6037817001e-01	9.6002167463e-01
6.2274887992e+02	9.6567744463e-01	9.6032768488e-01	9.5999705791e-01
6.2316858936e+02	9.6559869860e-01	9.6027708054e-01	9.5988380909e-01
6.2358829880e+02	9.6544212814e-01	9.6022629738e-01	9.5972818136e-01
6.2400800825e+02	9.6538603040e-01	9.6017533541e-01	9.5970535278e-01
6.2442771769e+02	9.6529770248e-01	9.6012431383e-01	9.5964407921e-01
6.2484742713e+02	9.6513110158e-01	9.6007317305e-01	9.5956230164e-01
6.2526713657e+02	9.6506363383e-01	9.6002179384e-01	9.5943766832e-01
6.2568684601e+02	9.6490543923e-01	9.5997029543e-01	9.5939266682e-01
6.2610655545e+02	9.6486735452e-01	9.5991867781e-01	9.5933890343e-01
6.2652626489e+02	9.6462028791e-01	9.5986682177e-01	9.5922470093e-01
6.2694597433e+02	9.6452933757e-01	9.5981484652e-01	9.5922285318e-01
6.2736568377e+02	9.6436810410e-01	9.5976281166e-01	9.5913696289e-01
6.2778539322e+02	9.6435236958e-01	9.5971059799e-01	9.5904946327e-01
6.2820510266e+02	9.6411305391e-01	9.5965820551e-01	9.5904386044e-01
6.2862481210e+02	9.6406608874e-01	9.5960569382e-01	9.5897305012e-01
6.2904452154e+02	9.6389348523e-01	9.5955306292e-01	9.5879560709e-01
6.2946423098e+02	9.6408182274e-01	9.5950031281e-01	9.5886516571e-01
6.2988394042e+02	9.6379446377e-01	9.5944732428e-01	9.5878529549e-01
6.3030364986e+02	9.6370756627e-01	9.5939427614e-01	9.5863497257e-01
6.3072335930e+02	9.6343721851e-01	9.5934104919e-01	9.5851522684e-01
6.3114306875e+02	9.6348810123e-01	9.5928764343e-01	9.5849263668e-01
6.3156277819e+02	9.6335686097e-01	9.5923417807e-01	9.5825225115e-01
6.3198248763e+02	9.6348065001e-01	9.5918053389e-01	9.5832753181e-01
6.3240219707e+02	9.6335918423e-01	9.5912677050e-01	9.5825767517e-01
6.3282190651e+02	9.6338128898e-01	9.5907288790e-01	9.5811587572e-01
6.3324161595e+02	9.6329522589e-01	9.5901876688e-01	9.5807361603e-01
6.3366132539e+02	9.6330284911e-01	9.5896458626e-01	9.5800787210e-01
6.3408103483e+02	9.6323162654e-01	9.5891022682e-01	9.5785665512e-01
6.3450074428e+02	9.6321904288e-01	9.5885568857e-01	9.5779389143e-01
6.3492045372e+02	9.6308756422e-01	9.5880109072e-01	9.5764857531e-01
6.3534016316e+02	9.6308654246e-01	9.5874637365e-01	9.5761936903e-01
6.3575987260e+02	9.6299767814e-01	9.5869141817e-01	9.5755314827e-01
6.3617958204e+02	9.6298169327e-01	9.5863646269e-01	9.5748585463e-01
6.3659929148e+02	9.6278900492e-01	9.5858120918e-01	9.5729243755e-01
6.3701900092e+02	9.6273672530e-01	9.5852589607e-01	9.5731276274e-01
6.3743871036e+02	9.6272546081e-01	9.5847040415e-01	9.5720797777e-01
6.3785841980e+02	9.6259450640e-01	9.5841485262e-01	9.5715826750e-01
6.3827812925e+02	9.6254116398e-01	9.5835906267e-01	9.5711135864e-01
6.3869783869e+02	9.6266698456e-01	9.5830321312e-01	9.5719683170e-01
6.3911754813e+02	9.6259969562e-01	9.5824718475e-01	9.5709419250e-01
6.3953725757e+02	9.6251940122e-01	9.5819097757e-01	9.5692050457e-01
6.3995696701e+02	9.6242213323e-01	9.5813471079e-01	9.5686697960e-01
6.4037667645e+02	9.6230357923e-01	9.5807832479e-01	9.5672208071e-01
6.4079638589e+02	9.6230918168e-01	9.5802170038e-01	9.5675545931e-01
6.4121609533e+02	9.6204854931e-01	9.5796507597e-01	9.5682495832e-01
6.4163580478e+02	9.6216666682e-01	9.5790815353e-01	9.5661872625e-01
6.4205551422e+02	9.6212220486e-01	9.5785117149e-01	9.5660585165e-01
6.4247522366e+02	9.6216142072e-01	9.5779401064e-01	9.5669436455e-01
6.4289493310e+02	9.6204817980e-01	9.5773679018e-01	9.5663893223e-01
6.4331464254e+02	9.6203493975e-01	9.5767933130e-01	9.5664316416e-01
6.4373435198e+02	9.6197021363e-01	9.5762181282e-01	9.5671713352e-01
6.4415406142e+02	9.6183574031e-01	9.5756411552e-01	9.5665127039e-01
6.4457377086e+02	9.6175402805e-01	9.5750635862e-01	9.5652014017e-01
6.4499348031e+02	9.6168243393e-01	9.5744842291e-01	9.5655077696e-01
6.4541318975e+02	9.6149576522e-01	9.5739030838e-01	9.5649158955e-01
6.4583289919e+02	9.6156769595e-01	9.5733213425e-01	9.5667767525e-01
6.4625260863e+02	9.6144396535e-01	9.5727366209e-01	9.5652431250e-01
6.4667231807e+02	9.6125167389e-01	9.5721524954e-01	9.5641183853e-01
6.4709202751e+02	9.6119356342e-01	9.5715659857e-01	9.5642316341e-01
6.4751173695e+02	9.6116322464e-01	9.5709776878e-01	9.5633703470e-01
6.4793144639e+02	9.6120589859e-01	9.5703887939e-01	9.5647114515e-01
6.4835115583e+02	9.6107506488e-01	9.5697993040e-01	9.5634990931e-01
6.4877086528e+02	9.6102118604e-01	9.5692068338e-01	9.5620787144e-01
6.4919057472e+02	9.6089768338e-01	9.5686143637e-01	9.5626544952e-01
6.4961028416e+02	9.6088457128e-01	9.5680195093e-01	9.5611858368e-01
6.5002999360e+02	9.6079873826e-01	9.5674246550e-01	9.5619040728e-01
6.5044970304e+02	9.6076351437e-01	9.5668268204e-01	9.5610105991e-01
6.5086941248e+02	9.6062743527e-01	9.5662283897e-01	9.5616114140e-01
6.5128912192e+02	9.6060663470e-01	9.5656293631e-01	9.5594382286e-01
6.5170883136e+02	9.6027785606e-01	9.5650285482e-01	9.5582824945e-01
6.5212854081e+02	9.6028709378e-01	9.5644259453e-01	9.5577859879e-01
6.5254825025e+02	9.6010125948e-01	9.5638227463e-01	9.5561516285e-01
6.5296795969e+02	9.6007609283e-01	9.5632177591e-01	9.5562672615e-01
6.5338766913e+02	9.5996463994e-01	9.5626115799e-01	9.5549362898e-01
6.5380737857e+02	9.6002971870e-01	9.5620042086e-01	9.5554625988e-01
6.5422708801e+02	9.5983536154e-01	9.5613962412e-01	9.5539641380e-01
6.5464679745e+02	9.5969175981e-01	9.5607858896e-01	9.5525127649e-01
6.5506650689e+02	9.5952666649e-01	9.5601749420e-01	9.5525729656e-01
6.5548621634e+02	9.5946991375e-01	9.5595628023e-01	9.5517319441e-01
6.5590592578e+02	9.5944190152e-01	9.5589494705e-01	9.5507270098e-01
6.5632563522e+02	9.5929229072e-01	9.5583343506e-01	9.5492649078e-01
6.5674534466e+02	9.5923018703e-01	9.5577192307e-01	9.5493942499e-01
6.5716505410e+02	9.5896535729e-01	9.5571017265e-01	9.5470947027e-01
6.5758476354e+02	9.5885837442e-01	9.5564842224e-01	9.5466774702e-01
6.5800447298e+02	9.5894460152e-01	9.5558643341e-01	9.5461809635e-01
6.5842418242e+02	9.5853055699e-01	9.5552438498e-01	9.5454615355e-01
6.5884389186e+02	9.5840912758e-01	9.5546221733e-01	9.5436233282e-01
6.5926360131e+02	9.5834583188e-01	9.5539993048e-01	9.5437663794e-01
6.5968331075e+02	9.5824413996e-01	9.5533752441e-01	9.5436024666e-01
6.6010302019e+02	9.5815032881e-01	9.5527505875e-01	9.5428687334e-01
6.6052272963e+02	9.5790982489e-01	9.5521241426e-01	9.5408117771e-01
6.6094243907e+02	9.5795142604e-01	9.5514971018e-01	9.5417481661e-01
6.6136214851e+02	9.5780579985e-01	9.5508688688e-01	9.5407301188e-01
6.6178185795e+02	9.5761084668e-01	9.5502394438e-01	9.5394492149e-01
6.6220156739e+02	9.5767985143e-01	9.5496088266e-01	9.5392179489e-01
6.6262127684e+02	9.5744627715e-01	9.5489782095e-01	9.5383924246e-01
6.6304098628e+02	9.5740878844e-01	9.5483452082e-01	9.5391422510e-01
6.6346069572e+02	9.5734149276e-01	9.5477110147e-01	9.5380192995e-01
6.6388040516e+02	9.5744448238e-01	9.5470768213e-01	9.5382821560e-01
6.6430011460e+02	9.5716994914e-01	9.5464420319e-01	9.5374327898e-01
6.6471982404e+02	9.5709288571e-01	9.5458060503e-01	9.5368117094e-01
6.6513953348e+02	9.5700597660e-01	9.5451682806e-01	9.5369803905e-01
6.6555924292e+02	9.5694518411e-01	9.5445305109e-01	9.5358508825e-01
6.6597895237e+02	9.5687233948e-01	9.5438909531e-01	9.5350205898e-01
6.6639866181e+02	9.5667166466e-01	9.5432513952e-01	9.5346307755e-01
6.6681837125e+02	9.5668822138e-01	9.5426100492e-01	9.5336520672e-01
6.6723808069e+02	9.5655060386e-01	9.5419687033e-01	9.5340907574e-01
6.6765779013e+02	9.5641588829e-01	9.5413255692e-01	9.5329117775e-01
6.6807749957e+02	9.5631701109e-01	9.5406824350e-01	9.5318740606e-01
6.6849720901e+02	9.5622729641e-01	9.5400381088e-01	9.5320922136e-01
6.6891691845e+02	9.5607227556e-01	9.5393925905e-01	9.5305132866e-01
6.6933662789e+02	9.5598487997e-01	9.5387464762e-01	9.5298743248e-01
6.6975633734e+02	9.5575327251e-01	9.5381003618e-01	9.5291209221e-01
6.7017604678e+02	9.5576041156e-01	9.5374530554e-01	9.5286476612e-01
6.7059575622e+02	9.5560723833e-01	9.5368051529e-01	9.5278185606e-01
6.7101546566e+02	9.5558679293e-01	9.5361566544e-01	9.5281952620e-01
6.7143517510e+02	9.5562016920e-01	9.5355063677e-01	9.5281857252e-01
6.7185488454e+02	9.5555989053e-01	9.5348566771e-01	9.5288056135e-01
6.7227459398e+02	9.5525795450e-01	9.5342057943e-01	9.5274490118e-01
6.7269430342e+02	9.5515989639e-01	9.5335549116e-01	9.5271390676e-01
6.7311401287e+02	9.5506900566e-01	9.5329022408e-01	9.5265698433e-01
6.7353372231e+02	9.5514720117e-01	9.5322495699e-01	9.5267993212e-01
6.7395343175e+02	9.5501583776e-01	9.5315963030e-01	9.5264977217e-01
6.7437314119e+02	9.5491249053e-01	9.5309418440e-01	9.5260435343e-01
6.7479285063e+02	9.5487344227e-01	9.5302885771e-01	9.5260149240e-01
6.7521256007e+02	9.5483267554e-01	9.5296329260e-01	9.5248371363e-01
6.7563226951e+02	9.5468228908e-01	9.5289772749e-01	9.5255303383e-01
6.7605197895e+02	9.5458514030e-01	9.5283216238e-01	9.5241385698e-01
6.7647168840e+02	9.5449131155e-01	9.5276647806e-01	9.5242697001e-01
6.7689139784e+02	9.5421530172e-01	9.5270079374e-01	9.5234328508e-01
6.7731110728e+02	9.5428514241e-01	9.5263510942e-01	9.5226109028e-01
6.7773081672e+02	9.5419425167e-01	9.5256930590e-01	9.5224887133e-01
6.7815052616e+02	9.5412015911e-01	9.5250350237e-01	9.5214098692e-01
6.7857023560e+02	9.5411884790e-01	9.5243763924e-01	9.5211094618e-01
6.7898994504e+02	9.5389151734e-01	9.5237177610e-01	9.5211887360e-01
6.7940965448e+02	9.5393419129e-01	9.5230579376e-01	9.5211499929e-01
6.7982936392e+02	9.5351278412e-01	9.5223981142e-01	9.5186930895e-01
6.8024907337e+02	9.5342761503e-01	9.5217388868e-01	9.5182317495e-01
6.8066878281e+02	9.5332741880e-01	9.5210790634e-01	9.5179241896e-01
6.8108849225e+02	9.5335662304e-01	9.5204180479e-01	9.5168137550e-01
6.8150820169e+02	9.5316338694e-01	9.5197576284e-01	9.5163941383e-01
6.8192791113e+02	9.5319163756e-01	9.5190972090e-01	9.5159035921e-01
6.8234762057e+02	9.5289391164e-01	9.5184355974e-01	9.5147174597e-01
6.8276733001e+02	9.5287483949e-01	9.5177745819e-01	9.5142257214e-01
6.8318703945e+02	9.5289050359e-01	9.5171123743e-01	9.5136642456e-01
6.8360674890e+02	9.5271283455e-01	9.5164507627e-01	9.5130723715e-01
6.8402645834e+02	9.5263612227e-01	9.5157891512e-01	9.5117962360e-01
6.8444616778e+02	9.5263010228e-01	9.5151275396e-01	9.5119816065e-01
6.8486587722e+02	9.5244253957e-01	9.5144653320e-01	9.5102995634e-01
6.8528558666e+02	9.5228695806e-01	9.5138025284e-01	9.5104557276e-01
6.8570529610e+02	9.5220381539e-01	9.5131403208e-01	9.5095014572e-01
6.8612500554e+02	9.5205813727e-01	9.5124787092e-01	9.5089483261e-01
6.8654471498e+02	9.5211982377e-01	9.5118159056e-01	9.5075410604e-01
6.8696442443e+02	9.5203631702e-01	9.5111536980e-01	9.5083189011e-01
6.8738413387e+02	9.5181692766e-01	9.5104914904e-01	9.5067584515e-01
6.8780384331e+02	9.5169490632e-01	9.5098286867e-01	9.5063579082e-01
6.8822355275e+02	9.5171791211e-01	9.5091658831e-01	9.5064043999e-01
6.8864326219e+02	9.5153736995e-01	9.5085042715e-01	9.5048874617e-01
6.8906297163e+02	9.5151329137e-01	9.5078420639e-01	9.5035374165e-01
6.8948268107e+02	9.5150619210e-01	9.5071792603e-01	9.5042276382e-01
6.8990239051e+02	9.5135707170e-01	9.5065170527e-01	9.5038396120e-01
6.9032209995e+02	9.5129578687e-01	9.5058554411e-01	9.5025146008e-01
6.9074180940e+02	9.5114672606e-01	9.5051932335e-01	9.5026975870e-01
6.9116151884e+02	9.5110754781e-01	9.5045322180e-01	9.5017147064e-01
6.9158122828e+02	9.5081574386e-01	9.5038700104e-01	9.5008766651e-01
6.9200093772e+02	9.5091561996e-01	9.5032089949e-01	9.5014953613e-01
6.9242064716e+02	9.5063806052e-01	9.5025467873e-01	9.5000511408e-01
6.9284035660e+02	9.5070051367e-01	9.5018863678e-01	9.4997942448e-01
6.9326006604e+02	9.5056730660e-01	9.5012253523e-01	9.5010948181e-01
6.9367977548e+02	9.5047949231e-01	9.5005637407e-01	9.4993680716e-01
6.9409948493e+02	9.5024359359e-01	9.4999045134e-01	9.4984507561e-01
6.9451919437e+02	9.5019507326e-01	9.4992429018e-01	9.4977688789e-01
6.9493890381e+02	9.5018333197e-01	9.4985836744e-01	9.4989109039e-01
6.9535861325e+02	9.5005495253e-01	9.4979238510e-01	9.4980347157e-01
6.9577832269e+02	9.4999951039e-01	9.4972640276e-01	9.4979965687e-01
6.9619803213e+02	9.4984937678e-01	9.4966048002e-01	9.4966375828e-01
6.9661774157e+02	9.4981777473e-01	9.4959455729e-01	9.4958013296e-01
6.9703745101e+02	9.4964594655e-01	9.4952869415e-01	9.4965142012e-01
6.9745716046e+02	9.4973915503e-01	9.4946289062e-01	9.4960182905e-01
6.9787686990e+02	9.4955564515e-01	9.4939708710e-01	9.4959497452e-01
6.9829657934e+02	9.4934630348e-01	9.4933134317e-01	9.4948041439e-01
6.9871628878e+02	9.4932580091e-01	9.4926565886e-01	9.4945931435e-01
6.9913599822e+02	9.4917493781e-01	9.4919991493e-01	9.4944912195e-01
6.9955570766e+02	9.4907683542e-01	9.4913429022e-01	9.4923305511e-01
6.9997541710e+02	9.4889300731e-01	9.4906872511e-01	9.4922327995e-01
7.0039512654e+02	9.4879567972e-01	9.4900304079e-01	9.4912117720e-01
7.0081483598e+02	9.4875007547e-01	9.4893759489e-01	9.4923287630e-01
7.0123454543e+02	9.4866925722e-01	9.4887208939e-01	9.4915002584e-01
7.0165425487e+02	9.4867216777e-01	9.4880658388e-01	9.4914734364e-01
7.0207396431e+02	9.4850367722e-01	9.4874119759e-01	9.4896644354e-01
7.0249367375e+02	9.4841634079e-01	9.4867581129e-01	9.4900691509e-01
7.0291338319e+02	9.4819122978e-01	9.4861048460e-01	9.4896590710e-01
7.0333309263e+02	9.4813102039e-01	9.4854521751e-01	9.4897782803e-01
7.0375280207e+02	9.4805246696e-01	9.4847995043e-01	9.4881981611e-01
7.0417251151e+02	9.4790977772e-01	9.4841480255e-01	9.4883739948e-01
7.0459222096e+02	9.4799512561e-01	9.4834965467e-01	9.4887906313e-01
7.0501193040e+02	9.4771986673e-01	9.4828444719e-01	9.4876635075e-01
7.0543163984e+02	9.4764238610e-01	9.4821947813e-01	9.4867718220e-01
7.0585134928e+02	9.4754678697e-01	9.4815444946e-01	9.4862258434e-01
7.0627105872e+02	9.4755589899e-01	9.4808954000e-01	9.4857615232e-01
7.0669076816e+02	9.4738937525e-01	9.4802457094e-01	9.4844335318e-01
7.0711047760e+02	9.4717091158e-01	9.4795972109e-01	9.4846093655e-01
7.0753018704e+02	9.4699753378e-01	9.4789487123e-01	9.4845563173e-01
7.0794989649e+02	9.4696080557e-01	9.4783014059e-01	9.4833356142e-01
7.0836960593e+02	9.4687641129e-01	9.4776540995e-01	9.4827419519e-01
7.0878931537e+02	9.4676279710e-01	9.4770079851e-01	9.4827610254e-01
7.0920902481e+02	9.4661260388e-01	9.4763612747e-01	9.4827568531e-01
7.0962873425e+02	9.4659107392e-01	9.4757157564e-01	9.4811856747e-01
7.1004844369e+02	9.4639010109e-01	9.4750708342e-01	9.4814097881e-01
7.1046815313e+02	9.4634162552e-01	9.4744271040e-01	9.4799041748e-01
7.1088786257e+02	9.4608379383e-01	9.4737821817e-01	9.4798773527e-01
7.1130757201e+02	9.4611888300e-01	9.4731384516e-01	9.4785910845e-01
7.1172728146e+02	9.4590086444e-01	9.4724959135e-01	9.4794058800e-01
7.1214699090e+02	9.4603191372e-01	9.4718527794e-01	9.4786071777e-01
7.1256670034e+02	9.4570184626e-01	9.4712108374e-01	9.4765353203e-01
7.1298640978e+02	9.4556718601e-01	9.4705694914e-01	9.4769084454e-01
7.1340611922e+02	9.4547265964e-01	9.4699287415e-01	9.4760471582e-01
7.1382582866e+02	9.4533968304e-01	9.4692879915e-01	9.4763165712e-01
7.1424553810e+02	9.4540023713e-01	9.4686484337e-01	9.4742476940e-01
7.1466524754e+02	9.4504755630e-01	9.4680088758e-01	9.4746500254e-01
7.1508495699e+02	9.4503021256e-01	9.4673699141e-01	9.4742149115e-01
7.1550466643e+02	9.4490622169e-01	9.4667315483e-01	9.4729316235e-01
7.1592437587e+02	9.4470894411e-01	9.4660943747e-01	9.4726502895e-01
7.1634408531e+02	9.4464272413e-01	9.4654560089e-01	9.4726055861e-01
7.1676379475e+02	9.4466394141e-01	9.4648194313e-01	9.4730848074e-01
7.1718350419e+02	9.4443018832e-01	9.4641828537e-01	9.4719123840e-01
7.1760321363e+02	9.4434607057e-01	9.4635468721e-01	9.4705939293e-01
7.1802292307e+02	9.4438272487e-01	9.4629120827e-01	9.4707596302e-01
7.1844263252e+02	9.4409567078e-01	9.4622772932e-01	9.4693088531e-01
7.1886234196e+02	9.4406581094e-01	9.4616430998e-01	9.4687747955e-01
7.1928205140e+02	9.4389349274e-01	9.4610089064e-01	9.4684344530e-01
7.1970176084e+02	9.4392108776e-01	9.4603759050e-01	9.4677591324e-01
7.2012147028e+02	9.4383644367e-01	9.4597434998e-01	9.4675821066e-01
7.2054117972e+02	9.4355554661e-01	9.4591099024e-01	9.4663447142e-01
7.2096088916e+02	9.4356321721e-01	9.4584792852e-01	9.4658309221e-01
7.2138059860e+02	9.4337547569e-01	9.4578474760e-01	9.4650852680e-01
7.2180030804e+02	9.4327598735e-01	9.4572162628e-01	9.4645452499e-01
7.2222001749e+02	9.4325518679e-01	9.4565862417e-01	9.4645237923e-01
7.2263972693e+02	9.4315432963e-01	9.4559556246e-01	9.4633823633e-01
7.2305943637e+02	9.4302463898e-01	9.4553261995e-01	9.4621270895e-01
7.2347914581e+02	9.4295858522e-01	9.4546979666e-01	9.4605851173e-01
7.2389885525e+02	9.4278598223e-01	9.4540691376e-01	9.4613647461e-01
7.2431856469e+02	9.4265597537e-01	9.4534415007e-01	9.4607746601e-01
7.2473827413e+02	9.4255739617e-01	9.4528132677e-01	9.4597381353e-01
7.2515798357e+02	9.4261954458e-01	9.4521856308e-01	9.4599491358e-01
7.2557769302e+02	9.4231969456e-01	9.4515585899e-01	9.4575214386e-01
7.2599740246e+02	9.4255261534e-01	9.4509321451e-01	9.4572180510e-01
7.2641711190e+02	9.4238466119e-01	9.4503068924e-01	9.4566845894e-01
7.2683682134e+02	9.4223391049e-01	9.4496804476e-01	9.4561761618e-01
7.2725653078e+02	9.4209647178e-01	9.4490557909e-01	9.4552445412e-01
7.2767624022e+02	9.4194872219e-01	9.4484311342e-01	9.4537222385e-01
7.2809594966e+02	9.4183689278e-01	9.4478064775e-01	9.4532555342e-01
7.2851565910e+02	9.4169981168e-01	9.4471830130e-01	9.4517654181e-01
7.2893536855e+02	9.4184356840e-01	9.4465589523e-01	9.4523149729e-01
7.2935507799e+02	9.4176662418e-01	9.4459360838e-01	9.4509643316e-01
7.2977478743e+02	9.4165921015e-01	9.4453138113e-01	9.4512784481e-01
7.3019449687e+02	9.4154418123e-01	9.4446903467e-01	9.4489133358e-01
7.3061420631e+02	9.4145798679e-01	9.4440692663e-01	9.4483757019e-01
7.3103391575e+02	9.4145619877e-01	9.4434469938e-01	9.4483798742e-01
7.3145362519e+02	9.4150363700e-01	9.4428253174e-01	9.4478636980e-01
7.3187333463e+02	9.4125718901e-01	9.4422048330e-01	9.4462245703e-01
7.3229304407e+02	9.4123899700e-01	9.4415837526e-01	9.4456851482e-01
7.3271275352e+02	9.4116926443e-01	9.4409638643e-01	9.4451731443e-01
7.3313246296e+02	9.4121330031e-01	9.4403439760e-01	9.4437420368e-01
7.3355217240e+02	9.4097525599e-01	9.4397240877e-01	9.4431275129e-01
7.3397188184e+02	9.4091635607e-01	9.4391041994e-01	9.4421511889e-01
7.3439159128e+02	9.4084251108e-01	9.4384860992e-01	9.4414365292e-01
7.3481130072e+02	9.4085073411e-01	9.4378668070e-01	9.4413870573e-01
7.3523101016e+02	9.4083899282e-01	9.4372487068e-01	9.4401055574e-01
7.3565071960e+02	9.4062495909e-01	9.4366306067e-01	9.4393587112e-01
7.3607042905e+02	9.4074433885e-01	9.4360131025e-01	9.4386631250e-01
7.3649013849e+02	9.4068182683e-01	9.4353955984e-01	9.4384253025e-01
7.3690984793e+02	9.4086897233e-01	9.4347780943e-01	9.4376838207e-01
7.3732955737e+02	9.4066785739e-01	9.4341611862e-01	9.4372987747e-01
7.3774926681e+02	9.4051694898e-01	9.4335442781e-01	9.4354045391e-01
7.3816897625e+02	9.4055658295e-01	9.4329279661e-01	9.4355493784e-01
7.3858868569e+02	9.4049763656e-01	9.4323116541e-01	9.4339245558e-01
7.3900839513e+02	9.4043451965e-01	9.4316959381e-01	9.4339418411e-01
7.3942810458e+02	9.4050216709e-01	9.4310802221e-01	9.4334304333e-01
7.3984781402e+02	9.4053846379e-01	9.4304651022e-01	9.4327121973e-01
7.4026752346e+02	9.4044041793e-01	9.4298499823e-01	9.4320893288e-01
7.4068723290e+02	9.4054507636e-01	9.4292348623e-01	9.4313758612e-01
7.4110694234e+02	9.4035756596e-01	9.4286203384e-01	9.4303846359e-01
7.4152665178e+02	9.4036155919e-01	9.4280052185e-01	9.4295883179e-01
7.4194636122e+02	9.4028574723e-01	9.4273906946e-01	9.4290840626e-01
7.4236607066e+02	9.4047265434e-01	9.4267773628e-01	9.4292068481e-01
7.4278578010e+02	9.4029027044e-01	9.4261628389e-01	9.4269001484e-01
7.4320548955e+02	9.4023424598e-01	9.4255495071e-01	9.4266772270e-01
7.4362519899e+02	9.4039904761e-01	9.4249361753e-01	9.4265335798e-01
7.4404490843e+02	9.4031703735e-01	9.4243234396e-01	9.4259381294e-01
7.4446461787e+02	9.4026982117e-01	9.4237107038e-01	9.4248008728e-01
7.4488432731e+02	9.4011640954e-01	9.4230967760e-01	9.4246590137e-01
7.4530403675e+02	9.4013756591e-01	9.4224852324e-01	9.4224524498e-01
7.4572374619e+02	9.4015330043e-01	9.4218724966e-01	9.4234466553e-01
7.4614345563e+02	9.4010388612e-01	9.4212603569e-01	9.4225984812e-01
7.4656316508e+02	9.4006037777e-01	9.4206476212e-01	9.4208210707e-01
7.4698287452e+02	9.4002950387e-01	9.4200366735e-01	9.4211572409e-01
7.4740258396e+02	9.4006186694e-01	9.4194245338e-01	9.4190996885e-01
7.4782229340e+02	9.3991363542e-01	9.4188135862e-01	9.4188320637e-01
7.4824200284e+02	9.3998819562e-01	9.4182014465e-01	9.4188040495e-01
7.4866171228e+02	9.3994195545e-01	9.4175910950e-01	9.4182455540e-01
7.4908142172e+02	9.4011956409e-01	9.4169801474e-01	9.4173330069e-01
7.4950113116e+02	9.3989731390e-01	9.4163686037e-01	9.4161331654e-01
7.4992084061e+02	9.3993324012e-01	9.4157582521e-01	9.4155251980e-01
7.5034055005e+02	9.3989521502e-01	9.4151479006e-01	9.4137620926e-01
7.5076025949e+02	9.3997502157e-01	9.4145375490e-01	9.4144272804e-01
7.5117996893e+02	9.3984688053e-01	9.4139271975e-01	9.4136279821e-01
7.5159967837e+02	9.3984425256e-01	9.4133180380e-01	9.4129824638e-01
7.5201938781e+02	9.3994324895e-01	9.4127082825e-01	9.4117784500e-01
7.5243909725e+02	9.3997323741e-01	9.4120985270e-01	9.4115442038e-01
7.5285880669e+02	9.4006573736e-01	9.4114893675e-01	9.4110119343e-01
7.5327851613e+02	9.3988806080e-01	9.4108802080e-01	9.4101923704e-01
7.5369822558e+02	9.3991166260e-01	9.4102710485e-01	9.4095748663e-01
7.5411793502e+02	9.4006406395e-01	9.4096618891e-01	9.4086652994e-01
7.5453764446e+02	9.3982321841e-01	9.4090533257e-01	9.4082528353e-01
7.5495735390e+02	9.3999736777e-01	9.4084453583e-01	9.4069719315e-01
7.5537706334e+02	9.3982339397e-01	9.4078367949e-01	9.4056755304e-01
7.5579677278e+02	9.4003760198e-01	9.4072288275e-01	9.4062292576e-01
7.5621648222e+02	9.3990713653e-01	9.4066208601e-01	9.4042080641e-01
7.5663619166e+02	9.4006657441e-01	9.4060134888e-01	9.4056546688e-01
7.5705590111e+02	9.4003647617e-01	9.4054055214e-01	9.4043004513e-01
7.5747561055e+02	9.4006109284e-01	9.4047981501e-01	9.4041866064e-01
7.5789531999e+02	9.4006901970e-01	9.4041913748e-01	9.4028639793e-01
7.5831502943e+02	9.4024264101e-01	9.4035845995e-01	9.4026130438e-01
7.5873473887e+02	9.4013202252e-01	9.4029778242e-01	9.4013082981e-01
7.5915444831e+02	9.4023687111e-01	9.4023710489e-01	9.4015425444e-01
7.5957415775e+02	9.4030326606e-01	9.4017654657e-01	9.4008606672e-01
7.5999386719e+02	9.4040267966e-01	9.4011592865e-01	9.4006460905e-01
7.6041357664e+02	9.4018912369e-01	9.4005537033e-01	9.3997633457e-01
7.6083328608e+02	9.4028269645e-01	9.3999481201e-01	9.3988543749e-01
7.6125299552e+02	9.4031602268e-01	9.3993425369e-01	9.3983769417e-01
7.6167270496e+02	9.4042449556e-01	9.3987387419e-01	9.3981057405e-01
7.6209241440e+02	9.4036954794e-01	9.3981337547e-01	9.3977636099e-01
7.6251212384e+02	9.4045924666e-01	9.3975287676e-01	9.3971621990e-01
7.6293183328e+02	9.4043439502e-01	9.3969249725e-01	9.3964707851e-01
7.6335154272e+02	9.4037944337e-01	9.3963211775e-01	9.3963497877e-01
7.6377125216e+02	9.4056946204e-01	9.3957167864e-01	9.3957686424e-01
7.6419096161e+02	9.4062745331e-01	9.3951147795e-01	9.3954056501e-01
7.6461067105e+02	9.4060647516e-01	9.3945115805e-01	9.3948447704e-01
7.6503038049e+02	9.4061470003e-01	9.3939089775e-01	9.3951475620e-01
7.6545008993e+02	9.4068735738e-01	9.3933063745e-01	9.3946415186e-01
7.6586979937e+02	9.4066220598e-01	9.3927049637e-01	9.3925601244e-01
7.6628950881e+02	9.4071430300e-01	9.3921035528e-01	9.3935930729e-01
7.6670921825e+02	9.4078737318e-01	9.3915015459e-01	9.3933129311e-01
7.6712892769e+02	9.4071811959e-01	9.3909007311e-01	9.3924337626e-01
7.6754863714e+02	9.4082009600e-01	9.3903011084e-01	9.3922972679e-01
7.6796834658e+02	9.4088542115e-01	9.3897008896e-01	9.3914389610e-01
7.6838805602e+02	9.4082444986e-01	9.3891006708e-01	9.3911927938e-01
7.6880776546e+02	9.4086170985e-01	9.3885022402e-01	9.3913882971e-01
7.6922747490e+02	9.4098800327e-01	9.3879032135e-01	9.3905293941e-01
7.6964718434e+02	9.4087415930e-01	9.3873047829e-01	9.3895006180e-01
7.7006689378e+02	9.4087350368e-01	9.3867069483e-01	9.3888670206e-01
7.7048660322e+02	9.4095771902e-01	9.3861103058e-01	9.3889784813e-01
7.7090631267e+02	9.4094359882e-01	9.3855124712e-01	9.3884497881e-01
7.7132602211e+02	9.4096153857e-01	9.3849164248e-01	9.3891745806e-01
7.7174573155e+02	9.4104713131e-01	9.3843203783e-01	9.3873572350e-01
7.7216544099e+02	9.4097227310e-01	9.3837255239e-01	9.3873757124e-01
7.7258515043e+02	9.4098168608e-01	9.3831300735e-01	9.3866121769e-01
7.7300485987e+02	9.4097906365e-01	9.3825358152e-01	9.3862622976e-01
7.7342456931e+02	9.4090736092e-01	9.3819427490e-01	9.3855756521e-01
7.7384427875e+02	9.4099348361e-01	9.3813490868e-01	9.3851119280e-01
7.7426398819e+02	9.4111394369e-01	9.3807572126e-01	9.3850505352e-01
7.7468369764e+02	9.4092077854e-01	9.3801647425e-01	9.3851786852e-01
7.7510340708e+02	9.4098699270e-01	9.3795734644e-01	9.3839842081e-01
7.7552311652e+02	9.4104182514e-01	9.3789833784e-01	9.3845880032e-01
7.7594282596e+02	9.4100921980e-01	9.3783926964e-01	9.3839108944e-01
7.7636253540e+02	9.4091254782e-01	9.3778032064e-01	9.3826460838e-01
7.7678224484e+02	9.4099431991e-01	9.3772149086e-01	9.3822562695e-01
7.7720195428e+02	9.4093936827e-01	9.3766266108e-01	9.3825870752e-01
7.7762166372e+02	9.4105535567e-01	9.3760395050e-01	9.3809431791e-01
7.7804137317e+02	9.4101893977e-01	9.3754529953e-01	9.3821966648e-01
7.7846108261e+02	9.4089187191e-01	9.3748682737e-01	9.3817394972e-01
7.7888079205e+02	9.4107383217e-01	9.3742829561e-01	9.3809807301e-01
7.7930050149e+02	9.4088488737e-01	9.3736988306e-01	9.3806260824e-01
7.7972021093e+02	9.4087159646e-01	9.3731158972e-01	9.3797826767e-01
7.8013992037e+02	9.4076806555e-01	9.3725329638e-01	9.3791884184e-01
7.8055962981e+02	9.4080555425e-01	9.3719512224e-01	9.3793141842e-01
7.8097933925e+02	9.4066305005e-01	9.3713706732e-01	9.3783837557e-01
7.8139904870e+02	9.4080734214e-01	9.3707901239e-01	9.3788075447e-01
7.8181875814e+02	9.4061334258e-01	9.3702119589e-01	9.3781805038e-01
7.8223846758e+02	9.4057381153e-01	9.3696337938e-01	9.3784916401e-01
7.8265817702e+02	9.4057440754e-01	9.3690568209e-01	9.3783521652e-01
7.8307788646e+02	9.4053864180e-01	9.3684798479e-01	9.3775987625e-01
7.8349759590e+02	9.4031466320e-01	9.3679064512e-01	9.3768221140e-01
7.8391730534e+02	9.4037174963e-01	9.3673318624e-01	9.3756133318e-01
7.8433701478e+02	9.4025827031e-01	9.3667584658e-01	9.3762582541e-01
7.8475672422e+02	9.4000601884e-01	9.3661862612e-01	9.3750363588e-01
7.8517643367e+02	9.4005298403e-01	9.3656158447e-01	9.3752950430e-01
7.8559614311e+02	9.4005381335e-01	9.3650460243e-01	9.3742638826e-01
7.8601585255e+02	9.3981463663e-01	9.3644779921e-01	9.3738532066e-01
7.8643556199e+02	9.3968045243e-01	9.3639093637e-01	9.3738859892e-01
7.8685527143e+02	9.3955016577e-01	9.3633437157e-01	9.3738186359e-01
7.8727498087e+02	9.3952768995e-01	9.3627780676e-01	9.3731516600e-01
7.8769469031e+02	9.3951666386e-01	9.3622142076e-01	9.3733924627e-01
7.8811439975e+02	9.3926232246e-01	9.3616509438e-01	9.3724960089e-01
7.8853410920e+02	9.3909198430e-01	9.3610900640e-01	9.3724143505e-01
7.8895381864e+02	9.3904213209e-01	9.3605285883e-01	9.3721318245e-01
7.8937352808e+02	9.3868601923e-01	9.3599706888e-01	9.3699711561e-01
7.8979323752e+02	9.3872926637e-01	9.3594121933e-01	9.3697291613e-01
7.9021294696e+02	9.3839151045e-01	9.3588566780e-01	9.3689996004e-01
7.9063265640e+02	9.3823043505e-01	9.3583011627e-01	9.3683594465e-01
7.9105236584e+02	9.3792164496e-01	9.3577480316e-01	9.3674296141e-01
7.9147207528e+02	9.3750476277e-01	9.3571954966e-01	9.3655091524e-01
7.9189178473e+02	9.3742483850e-01	9.3566447496e-01	9.3640959263e-01
7.9231149417e+02	9.3715067630e-01	9.3560951948e-01	9.3640613556e-01
7.9273120361e+02	9.3696379404e-01	9.3555474281e-01	9.3621897697e-01
7.9315091305e+02	9.3651893605e-01	9.3550014496e-01	9.3598359823e-01
7.9357062249e+02	9.3618070878e-01	9.3544560671e-01	9.3599581718e-01
7.9399033193e+02	9.3600524497e-01	9.3539124727e-01	9.3587481976e-01
7.9441004137e+02	9.3553036301e-01	9.3533712626e-01	9.3574398756e-01
7.9482975081e+02	9.3544263111e-01	9.3528312445e-01	9.3562096357e-01
7.9524946025e+02	9.3506513935e-01	9.3522924185e-01	9.3553453684e-01
7.9566916970e+02	9.3458702430e-01	9.3517559767e-01	9.3537318707e-01
7.9608887914e+02	9.3442248108e-01	9.3512201309e-01	9.3527156115e-01
7.9650858858e+02	9.3400426451e-01	9.3506866693e-01	9.3526333570e-01
7.9692829802e+02	9.3370078995e-01	9.3501543999e-01	9.3530267477e-01
7.9734800746e+02	9.3340815160e-01	9.3496251106e-01	9.3510258198e-01
7.9776771690e+02	9.3304870313e-01	9.3490958214e-01	9.3512552977e-01
7.9818742634e+02	9.3249578946e-01	9.3485695124e-01	9.3501889706e-01
7.9860713578e+02	9.3235520287e-01	9.3480443954e-01	9.3500792980e-01
7.9902684523e+02	9.3186647893e-01	9.3475216627e-01	9.3499255180e-01
7.9944655467e+02	9.3141216040e-01	9.3469995260e-01	9.3497920036e-01
