candidate_index	condition_order_code	valid	candidate_spectrum_valid	candidate_spectrum_maximum_absolute_error_nm	candidate_spectrum_summed_absolute_error_nm	peak1_wavelength_nm	peak2_wavelength_nm	peak1_signed_error_nm	peak2_signed_error_nm	maximum_absolute_error_nm	summed_absolute_error_nm	mean_absolute_error_nm	peak1_transmittance	peak2_transmittance	worst_valley_transmittance	peak1_fwhm_nm	peak2_fwhm_nm	widest_fwhm_nm	peak1_prominence	peak2_prominence	minimum_prominence	valley_transmittance_imbalance	peak1_fwhm_to_ideal_ratio	peak2_fwhm_to_ideal_ratio	shape_gate_passed	shape_minimax_score	inside_position_window	selected
0.0000000000e+00	0.0000000000e+00	1.0000000000e+00	1.0000000000e+00	4.4046020508e+00	7.8468627930e+00	5.5601507568e+02	5.9252978516e+02	-3.9849243164e+00	-7.4702148438e+00	7.4702148438e+00	1.1455139160e+01	5.7275695801e+00	1.5989768505e-01	2.3363082111e-01	2.3363082111e-01	2.6200931090e+01	2.6523915783e+01	2.6523915783e+01	6.9006669521e-01	3.4400083125e-01	3.4400083125e-01	7.3733136058e-02	1.5610973522e+00	3.6915721404e-01	0.0000000000e+00	1.8024079599e+00	1.0000000000e+00	0.0000000000e+00
1.0000000000e+00	0.0000000000e+00	1.0000000000e+00	1.0000000000e+00	4.4046020508e+00	5.7482910156e+00	5.5601507568e+02	5.9252978516e+02	-3.9849243164e+00	-7.4702148438e+00	7.4702148438e+00	1.1455139160e+01	5.7275695801e+00	1.8177780509e-01	2.7303504944e-01	2.7303504944e-01	2.5157285441e+01	2.6435075810e+01	2.6435075810e+01	6.6685226560e-01	3.2004851103e-01	3.2004851103e-01	9.1257244349e-02	1.4989151170e+00	3.6792074816e-01	0.0000000000e+00	1.8059407196e+00	1.0000000000e+00	0.0000000000e+00
2.0000000000e+00	0.0000000000e+00	1.0000000000e+00	1.0000000000e+00	4.4046020508e+00	5.3286132812e+00	5.5517565918e+02	6.0596051025e+02	-4.8243408203e+00	5.9605102539e+00	5.9605102539e+00	1.0784851074e+01	5.3924255371e+00	1.2240133435e-01	1.2824128568e-01	1.2824128568e-01	2.8605922183e+01	2.6977950170e+01	2.8605922183e+01	7.2725053877e-01	4.3869920075e-01	4.3869920075e-01	5.8399513364e-03	1.7043909327e+00	3.7547641935e-01	0.0000000000e+00	2.0125455219e+00	1.0000000000e+00	0.0000000000e+00
3.0000000000e+00	0.0000000000e+00	1.0000000000e+00	1.0000000000e+00	4.4046020508e+00	7.8468627930e+00	5.5475592041e+02	6.0554077148e+02	-5.2440795898e+00	5.5407714844e+00	5.5407714844e+00	1.0784851074e+01	5.3924255371e+00	8.9767284691e-02	8.9918397367e-02	8.9918397367e-02	3.0807921555e+01	2.7831543814e+01	3.0807921555e+01	7.6524757594e-01	4.3937508017e-01	4.3937508017e-01	1.5111267567e-04	1.8355899110e+00	3.8735665054e-01	0.0000000000e+00	2.3873997456e+00	1.0000000000e+00	0.0000000000e+00
4.0000000000e+00	0.0000000000e+00	1.0000000000e+00	1.0000000000e+00	4.4046020508e+00	8.6862792969e+00	5.5517565918e+02	6.0470135498e+02	-4.8243408203e+00	4.7013549805e+00	4.8243408203e+00	9.5256958008e+00	4.7628479004e+00	3.2195213437e-01	4.0160995722e-01	4.0160995722e-01	2.3560495901e+01	2.5418307772e+01	2.5418307772e+01	5.2106776834e-01	2.9253017902e-01	2.9253017902e-01	7.9657822847e-02	1.4037756002e+00	3.5376947203e-01	0.0000000000e+00	2.0080497861e+00	1.0000000000e+00	0.0000000000e+00
5.0000000000e+00	0.0000000000e+00	1.0000000000e+00	1.0000000000e+00	4.4046020508e+00	4.9088745117e+00	5.5643481445e+02	5.9546777344e+02	-3.5651855469e+00	-4.5322265625e+00	4.5322265625e+00	8.0974121094e+00	4.0487060547e+00	1.7212275416e-02	1.8558433279e-02	1.8558433279e-02	1.0288357999e+02	2.6869899123e+01	1.0288357999e+02	8.5337870941e-01	1.3455262221e-01	1.3455262221e-01	1.3461578637e-03	6.1299838452e+00	3.7397257564e-01	0.0000000000e+00	1.4657096701e+01	1.0000000000e+00	0.0000000000e+00
6.0000000000e+00	0.0000000000e+00	1.0000000000e+00	1.0000000000e+00	4.4046020508e+00	5.7482910156e+00	5.5643481445e+02	5.9252978516e+02	-3.5651855469e+00	-7.4702148438e+00	7.4702148438e+00	1.1035400391e+01	5.5177001953e+00	1.4529329538e-01	1.9297856092e-01	1.9297856092e-01	2.7026723024e+01	2.5832181872e+01	2.7026723024e+01	7.0478993654e-01	3.5725605488e-01	3.5725605488e-01	4.7685265541e-02	1.6102994815e+00	3.5952973047e-01	0.0000000000e+00	1.8299150558e+00	1.0000000000e+00	0.0000000000e+00
7.0000000000e+00	0.0000000000e+00	1.0000000000e+00	1.0000000000e+00	4.4046020508e+00	6.5877075195e+00	5.5559539795e+02	5.9462835693e+02	-4.4046020508e+00	-5.3716430664e+00	5.3716430664e+00	9.7762451172e+00	4.8881225586e+00	2.5764340535e-02	3.1188290566e-02	3.1188290566e-02	9.7145697848e+01	2.8182332318e+01	9.7145697848e+01	8.3964533173e-01	1.9451073185e-01	1.9451073185e-01	5.4239500314e-03	5.7881107800e+00	3.9223888994e-01	0.0000000000e+00	1.3680316514e+01	1.0000000000e+00	0.0000000000e+00
8.0000000000e+00	0.0000000000e+00	1.0000000000e+00	1.0000000000e+00	4.4046020508e+00	8.6862792969e+00	5.5601507568e+02	6.0386193848e+02	-3.9849243164e+00	3.8619384766e+00	3.9849243164e+00	7.8468627930e+00	3.9234313965e+00	1.6260062158e-01	2.3858384788e-01	2.3858384788e-01	2.5927062310e+01	2.7056683203e+01	2.7056683203e+01	6.8660177290e-01	3.5714550316e-01	3.5714550316e-01	7.5983226299e-02	1.5447797707e+00	3.7657221784e-01	0.0000000000e+00	1.7812222347e+00	1.0000000000e+00	0.0000000000e+00
9.0000000000e+00	0.0000000000e+00	1.0000000000e+00	1.0000000000e+00	4.4046020508e+00	8.6862792969e+00	5.5517565918e+02	6.0596051025e+02	-4.8243408203e+00	5.9605102539e+00	5.9605102539e+00	1.0784851074e+01	5.3924255371e+00	2.5547015667e-01	3.6697229743e-01	3.6697229743e-01	2.3420404271e+01	2.6130459313e+01	2.6130459313e+01	5.9038978815e-01	2.9864963889e-01	2.9864963889e-01	1.1150214076e-01	1.3954286956e+00	3.6368112613e-01	0.0000000000e+00	1.8348614872e+00	1.0000000000e+00	0.0000000000e+00
1.0000000000e+01	0.0000000000e+00	1.0000000000e+00	1.0000000000e+00	4.4046020508e+00	7.8468627930e+00	5.5475592041e+02	5.9546777344e+02	-5.2440795898e+00	-4.5322265625e+00	5.2440795898e+00	9.7763061523e+00	4.8881530762e+00	3.7168152630e-02	4.8928592354e-02	4.8928592354e-02	9.2295423904e+01	2.9159299141e+01	9.2295423904e+01	8.2480066270e-01	2.6049622521e-01	2.6049622521e-01	1.1760439724e-02	5.4991229655e+00	4.0583621673e-01	0.0000000000e+00	1.2854637044e+01	1.0000000000e+00	0.0000000000e+00
1.1000000000e+01	0.0000000000e+00	1.0000000000e+00	1.0000000000e+00	4.4046020508e+00	7.8468627930e+00	5.5559539795e+02	6.0512109375e+02	-4.4046020508e+00	5.1210937500e+00	5.1210937500e+00	9.5256958008e+00	4.7628479004e+00	1.3286393881e-01	1.4727024734e-01	1.4727024734e-01	2.8098172160e+01	2.7174920720e+01	2.8098172160e+01	7.1661466360e-01	4.3225969374e-01	4.3225969374e-01	1.4406308532e-02	1.6741382972e+00	3.7821783582e-01	0.0000000000e+00	1.9261094205e+00	1.0000000000e+00	0.0000000000e+00
1.2000000000e+01	0.0000000000e+00	1.0000000000e+00	1.0000000000e+00	4.4046020508e+00	4.9088745117e+00	5.5643481445e+02	5.9756628418e+02	-3.5651855469e+00	-2.4337158203e+00	3.5651855469e+00	5.9989013672e+00	2.9994506836e+00	1.5952480957e-02	1.7610518262e-02	1.7610518262e-02	1.0520842445e+02	2.8193251453e+01	1.0520842445e+02	8.5473470576e-01	1.3251827843e-01	1.3251827843e-01	1.6580373049e-03	6.2685021489e+00	3.9239086137e-01	0.0000000000e+00	1.5052863283e+01	1.0000000000e+00	0.0000000000e+00
1.3000000000e+01	0.0000000000e+00	1.0000000000e+00	1.0000000000e+00	6.3801879883e+00	1.2043945312e+01	5.5391650391e+02	6.0428167725e+02	-6.0834960938e+00	4.2816772461e+00	6.0834960938e+00	1.0365173340e+01	5.1825866699e+00	4.2124977708e-01	4.9412781000e-01	4.9412781000e-01	2.1483357114e+01	2.3417162042e+01	2.3417162042e+01	4.2123648524e-01	2.6059633493e-01	2.6059633493e-01	7.2878032923e-02	1.2800160342e+00	3.2591772538e-01	0.0000000000e+00	2.4706390500e+00	1.0000000000e+00	0.0000000000e+00
1.4000000000e+01	0.0000000000e+00	1.0000000000e+00	1.0000000000e+00	4.4046020508e+00	5.7482910156e+00	5.5601507568e+02	5.9252978516e+02	-3.9849243164e+00	-7.4702148438e+00	7.4702148438e+00	1.1455139160e+01	5.7275695801e+00	1.5988525748e-01	2.2053807974e-01	2.2053807974e-01	2.6195427682e+01	2.5785960005e+01	2.6195427682e+01	6.9013825059e-01	3.5051417351e-01	3.5051417351e-01	6.0652822256e-02	1.5607694495e+00	3.5888641913e-01	0.0000000000e+00	1.8317530882e+00	1.0000000000e+00	0.0000000000e+00
1.5000000000e+01	0.0000000000e+00	1.0000000000e+00	1.0000000000e+00	2.7257690430e+00	3.2300415039e+00	5.5559539795e+02	5.9462835693e+02	-4.4046020508e+00	-5.3716430664e+00	5.3716430664e+00	9.7762451172e+00	4.8881225586e+00	1.9293455407e-02	2.0459445193e-02	2.0459445193e-02	1.0085118872e+02	2.6388289645e+01	1.0085118872e+02	8.5003534146e-01	1.4474449866e-01	1.4474449866e-01	1.1659897864e-03	6.0088904143e+00	3.6726958298e-01	0.0000000000e+00	1.4311115470e+01	1.0000000000e+00	0.0000000000e+00
1.6000000000e+01	0.0000000000e+00	1.0000000000e+00	1.0000000000e+00	4.8243408203e+00	8.6862792969e+00	5.5391650391e+02	6.0596051025e+02	-6.0834960938e+00	5.9605102539e+00	6.0834960938e+00	1.2044006348e+01	6.0220031738e+00	4.1522020102e-01	4.3461158872e-01	4.3461158872e-01	2.1307956789e+01	1.8910762485e+01	2.1307956789e+01	4.2479866743e-01	3.1853440404e-01	3.1853440404e-01	1.9391387701e-02	1.2695653758e+00	2.6319810587e-01	0.0000000000e+00	2.1730579436e+00	1.0000000000e+00	0.0000000000e+00
1.7000000000e+01	0.0000000000e+00	1.0000000000e+00	1.0000000000e+00	4.4046020508e+00	6.5877075195e+00	5.5559539795e+02	5.9462835693e+02	-4.4046020508e+00	-5.3716430664e+00	5.3716430664e+00	9.7762451172e+00	4.8881225586e+00	2.7113659307e-02	3.3932279795e-02	3.3932279795e-02	9.6415536964e+01	2.8175107310e+01	9.6415536964e+01	8.3737935312e-01	2.0183989778e-01	2.0183989778e-01	6.8186204880e-03	5.7446065160e+00	3.9213833299e-01	0.0000000000e+00	1.3556018617e+01	1.0000000000e+00	0.0000000000e+00
1.8000000000e+01	0.0000000000e+00	1.0000000000e+00	1.0000000000e+00	4.8243408203e+00	8.6862792969e+00	5.5475592041e+02	6.0386193848e+02	-5.2440795898e+00	3.8619384766e+00	5.2440795898e+00	9.1060180664e+00	4.5530090332e+00	4.8381108791e-02	5.4092399776e-02	5.4092399776e-02	9.0576013238e+01	2.9464035772e+01	9.0576013238e+01	8.1016037986e-01	3.5164196044e-01	3.5164196044e-01	5.7112909853e-03	5.3966774673e+00	4.1007751076e-01	0.0000000000e+00	1.2561935621e+01	1.0000000000e+00	0.0000000000e+00
1.9000000000e+01	0.0000000000e+00	1.0000000000e+00	1.0000000000e+00	4.4046020508e+00	5.7482910156e+00	5.5643481445e+02	5.9252978516e+02	-3.5651855469e+00	-7.4702148438e+00	7.4702148438e+00	1.1035400391e+01	5.5177001953e+00	1.4412553608e-01	1.8923744559e-01	1.8923744559e-01	2.7094741325e+01	2.5768813857e+01	2.7094741325e+01	7.0611254871e-01	3.5902670026e-01	3.5902670026e-01	4.5111909509e-02	1.6143521310e+00	3.5864778075e-01	0.0000000000e+00	1.8324349121e+00	1.0000000000e+00	0.0000000000e+00
2.0000000000e+01	0.0000000000e+00	1.0000000000e+00	1.0000000000e+00	4.4046020508e+00	5.3286132812e+00	5.5559539795e+02	6.0596051025e+02	-4.4046020508e+00	5.9605102539e+00	5.9605102539e+00	1.0365112305e+01	5.1825561523e+00	1.2764245272e-01	1.2544475496e-01	1.2764245272e-01	1.9463498199e+01	3.6852417685e+01	3.6852417685e+01	4.5431339741e-01	7.2389419377e-01	4.5431339741e-01	2.1976977587e-03	1.1596693033e+00	5.1290827322e-01	1.0000000000e+00	1.3916906480e+00	1.0000000000e+00	1.0000000000e+00
2.1000000000e+01	0.0000000000e+00	1.0000000000e+00	1.0000000000e+00	5.6637573242e+00	9.1060180664e+00	5.5391650391e+02	6.0344226074e+02	-6.0834960938e+00	3.4422607422e+00	6.0834960938e+00	9.5257568359e+00	4.7628784180e+00	3.6777707934e-01	4.6175920963e-01	4.6175920963e-01	2.2163727661e+01	2.5576871004e+01	2.5576871004e+01	4.7407594323e-01	2.5118321180e-01	2.5118321180e-01	9.3982130289e-02	1.3205537027e+00	3.5597633928e-01	0.0000000000e+00	2.3087960482e+00	1.0000000000e+00	0.0000000000e+00
2.2000000000e+01	0.0000000000e+00	1.0000000000e+00	1.0000000000e+00	4.8243408203e+00	8.6862792969e+00	5.5391650391e+02	6.0596051025e+02	-6.0834960938e+00	5.9605102539e+00	6.0834960938e+00	1.2044006348e+01	6.0220031738e+00	3.7895929813e-01	4.0409126878e-01	4.0409126878e-01	2.1655551546e+01	1.9566494535e+01	2.1655551546e+01	4.6041673422e-01	3.2597956061e-01	3.2597956061e-01	2.5131970644e-02	1.2902756800e+00	2.7232451913e-01	0.0000000000e+00	2.0790728025e+00	1.0000000000e+00	0.0000000000e+00
2.3000000000e+01	0.0000000000e+00	1.0000000000e+00	1.0000000000e+00	5.6637573242e+00	9.5256958008e+00	5.5475592041e+02	5.9420861816e+02	-5.2440795898e+00	-5.7913818359e+00	5.7913818359e+00	1.1035461426e+01	5.5177307129e+00	8.2383066416e-02	1.1411785334e-01	1.1411785334e-01	3.3772807560e+01	2.8410622484e+01	3.3772807560e+01	7.7587112784e-01	3.6243049055e-01	3.6243049055e-01	3.1734786928e-02	2.0122430106e+00	3.9541620969e-01	0.0000000000e+00	2.8921228874e+00	1.0000000000e+00	0.0000000000e+00
2.4000000000e+01	0.0000000000e+00	1.0000000000e+00	1.0000000000e+00	5.6637573242e+00	9.5256958008e+00	5.5391650391e+02	6.0386193848e+02	-6.0834960938e+00	3.8619384766e+00	6.0834960938e+00	9.9454345703e+00	4.9727172852e+00	5.5533066392e-02	6.8336233497e-02	6.8336233497e-02	8.7118966649e+01	2.9289913432e+01	8.7118966649e+01	8.0312351882e-01	3.6198966205e-01	3.6198966205e-01	1.2803167105e-02	5.1907005783e+00	4.0765409339e-01	0.0000000000e+00	1.1973430224e+01	1.0000000000e+00	0.0000000000e+00
2.5000000000e+01	0.0000000000e+00	1.0000000000e+00	1.0000000000e+00	4.4046020508e+00	8.6862792969e+00	5.5517565918e+02	6.0344226074e+02	-4.8243408203e+00	3.4422607422e+00	4.8243408203e+00	8.2666015625e+00	4.1333007812e+00	3.2363069057e-01	4.3899813294e-01	4.3899813294e-01	2.3686852249e+01	2.6726020968e+01	2.6726020968e+01	5.2018696070e-01	2.5284382701e-01	2.5284382701e-01	1.1536744237e-01	1.4113041327e+00	3.7197009385e-01	0.0000000000e+00	2.1949906647e+00	1.0000000000e+00	0.0000000000e+00
2.6000000000e+01	0.0000000000e+00	1.0000000000e+00	1.0000000000e+00	4.4046020508e+00	7.8468627930e+00	5.5517565918e+02	6.0596051025e+02	-4.8243408203e+00	5.9605102539e+00	5.9605102539e+00	1.0784851074e+01	5.3924255371e+00	1.2255124003e-01	1.1400093138e-01	1.2255124003e-01	1.9732559819e+01	3.6999931385e+01	3.6999931385e+01	4.5790901035e-01	7.3570983112e-01	4.5790901035e-01	8.5503086448e-03	1.1757004657e+00	5.1496135417e-01	1.0000000000e+00	1.3858247024e+00	1.0000000000e+00	0.0000000000e+00
2.7000000000e+01	0.0000000000e+00	1.0000000000e+00	1.0000000000e+00	4.4046020508e+00	5.3286132812e+00	5.5517565918e+02	6.0596051025e+02	-4.8243408203e+00	5.9605102539e+00	5.9605102539e+00	1.0784851074e+01	5.3924255371e+00	1.1241253465e-01	1.1113176495e-01	1.1241253465e-01	1.9746321774e+01	3.8230058316e+01	3.8230058316e+01	4.4890478998e-01	7.3995979875e-01	4.4890478998e-01	1.2807697058e-03	1.1765204271e+00	5.3208213809e-01	1.0000000000e+00	1.3369081769e+00	1.0000000000e+00	0.0000000000e+00
2.8000000000e+01	0.0000000000e+00	1.0000000000e+00	1.0000000000e+00	2.3060913086e+00	2.8103637695e+00	5.5643481445e+02	5.9756628418e+02	-3.5651855469e+00	-2.4337158203e+00	3.5651855469e+00	5.9989013672e+00	2.9994506836e+00	1.6180578619e-02	1.7802478746e-02	1.7802478746e-02	1.0383445422e+02	2.7378130504e+01	1.0383445422e+02	8.5462593660e-01	1.3048882596e-01	1.3048882596e-01	1.6219001263e-03	6.1866385968e+00	3.8104608931e-01	0.0000000000e+00	1.4818967419e+01	1.0000000000e+00	0.0000000000e+00
2.9000000000e+01	0.0000000000e+00	1.0000000000e+00	1.0000000000e+00	4.4046020508e+00	5.7482910156e+00	5.5643481445e+02	5.9085095215e+02	-3.5651855469e+00	-9.1490478516e+00	9.1490478516e+00	1.2714233398e+01	6.3571166992e+00	2.6034206152e-01	2.8264182806e-01	2.8264182806e-01	2.3020221062e+01	1.6334744181e+01	2.3020221062e+01	5.8801972866e-01	3.4916406870e-01	3.4916406870e-01	2.2299766541e-02	1.3715850793e+00	2.2734534007e-01	0.0000000000e+00	2.2075847426e+00	0.0000000000e+00	0.0000000000e+00
3.0000000000e+01	0.0000000000e+00	1.0000000000e+00	1.0000000000e+00	4.4046020508e+00	8.6862792969e+00	5.5517565918e+02	6.0596051025e+02	-4.8243408203e+00	5.9605102539e+00	5.9605102539e+00	1.0784851074e+01	5.3924255371e+00	1.2266870588e-01	1.1468610913e-01	1.2266870588e-01	1.9725661588e+01	3.7025479065e+01	3.7025479065e+01	4.5759133250e-01	7.3503460735e-01	4.5759133250e-01	7.9825967550e-03	1.1752894571e+00	5.1531692424e-01	1.0000000000e+00	1.3848087879e+00	1.0000000000e+00	0.0000000000e+00
3.1000000000e+01	0.0000000000e+00	1.0000000000e+00	1.0000000000e+00	2.7257690430e+00	4.7397460938e+00	5.5769390869e+02	5.9924517822e+02	-2.3060913086e+00	-7.5482177734e-01	2.3060913086e+00	3.0609130859e+00	1.5304565430e+00	9.9533153698e-03	1.3494340703e-02	1.3494340703e-02	1.1281120521e+02	3.0774400565e+01	1.1281120521e+02	8.6337256897e-01	1.1090556718e-01	1.1090556718e-01	3.5410253331e-03	6.7214891388e+00	4.2831503723e-01	0.0000000000e+00	1.6347111825e+01	1.0000000000e+00	0.0000000000e+00
3.2000000000e+01	0.0000000000e+00	1.0000000000e+00	1.0000000000e+00	4.4046020508e+00	5.3286132812e+00	5.5643481445e+02	5.9252978516e+02	-3.5651855469e+00	-7.4702148438e+00	7.4702148438e+00	1.1035400391e+01	5.5177001953e+00	1.5312510729e-01	1.9419451058e-01	1.9419451058e-01	2.6501990509e+01	2.4901310057e+01	2.6501990509e+01	6.9667828083e-01	3.5927169025e-01	3.5927169025e-01	4.1069403291e-02	1.5790349995e+00	3.4657394940e-01	0.0000000000e+00	1.8669315731e+00	1.0000000000e+00	0.0000000000e+00
3.3000000000e+01	0.0000000000e+00	1.0000000000e+00	1.0000000000e+00	4.4046020508e+00	5.3286132812e+00	5.5601507568e+02	5.9294952393e+02	-3.9849243164e+00	-7.0504760742e+00	7.0504760742e+00	1.1035400391e+01	5.5177001953e+00	1.4157296717e-01	2.0424677432e-01	2.0424677432e-01	2.7314971856e+01	2.7049909648e+01	2.7314971856e+01	7.0897506177e-01	3.5415677726e-01	3.5415677726e-01	6.2673807144e-02	1.6274738517e+00	3.7647794417e-01	0.0000000000e+00	1.7927824334e+00	1.0000000000e+00	0.0000000000e+00
3.4000000000e+01	0.0000000000e+00	1.0000000000e+00	1.0000000000e+00	4.4046020508e+00	7.8468627930e+00	5.5559539795e+02	6.0512109375e+02	-4.4046020508e+00	5.1210937500e+00	5.1210937500e+00	9.5256958008e+00	4.7628479004e+00	1.3472267985e-01	1.6667701304e-01	1.6667701304e-01	2.7889742593e+01	2.7402898081e+01	2.7889742593e+01	7.1495047212e-01	4.0527693927e-01	4.0527693927e-01	3.1954333186e-02	1.6617196987e+00	3.8139080198e-01	0.0000000000e+00	1.8906277104e+00	1.0000000000e+00	0.0000000000e+00
3.5000000000e+01	0.0000000000e+00	1.0000000000e+00	1.0000000000e+00	5.6637573242e+00	1.0365112305e+01	5.5391650391e+02	6.0386193848e+02	-6.0834960938e+00	3.8619384766e+00	6.0834960938e+00	9.9454345703e+00	4.9727172852e+00	5.4658181965e-02	5.8618973941e-02	5.8618973941e-02	8.9018588223e+01	2.9341297847e+01	8.9018588223e+01	8.0322121829e-01	3.7934066728e-01	3.7934066728e-01	3.9607919753e-03	5.3038833579e+00	4.0836925656e-01	0.0000000000e+00	1.2296809594e+01	1.0000000000e+00	0.0000000000e+00
3.6000000000e+01	0.0000000000e+00	1.0000000000e+00	1.0000000000e+00	5.6637573242e+00	1.0365112305e+01	5.5475592041e+02	6.0512109375e+02	-5.2440795898e+00	5.1210937500e+00	5.2440795898e+00	1.0365173340e+01	5.1825866699e+00	8.5741229355e-02	9.3709714711e-02	9.3709714711e-02	3.1177384774e+01	2.8264592785e+01	3.1177384774e+01	7.6957517117e-01	4.2701547593e-01	4.2701547593e-01	7.9684853554e-03	1.8576031764e+00	3.9338378291e-01	0.0000000000e+00	2.4502947899e+00	1.0000000000e+00	0.0000000000e+00
3.7000000000e+01	0.0000000000e+00	1.0000000000e+00	1.0000000000e+00	4.4046020508e+00	7.8468627930e+00	5.5475592041e+02	5.9924517822e+02	-5.2440795898e+00	-7.5482177734e-01	5.2440795898e+00	5.9989013672e+00	2.9994506836e+00	4.1147246957e-02	5.7002425194e-02	5.7002425194e-02	9.1143762951e+01	2.9391080103e+01	9.1143762951e+01	8.1948088109e-01	2.8640887141e-01	2.8640887141e-01	1.5855178237e-02	5.4305049894e+00	4.0906212103e-01	0.0000000000e+00	1.2658585684e+01	1.0000000000e+00	0.0000000000e+00
3.8000000000e+01	0.0000000000e+00	1.0000000000e+00	1.0000000000e+00	5.9605102539e+00	1.0784851074e+01	5.5391650391e+02	6.0638018799e+02	-6.0834960938e+00	6.3801879883e+00	6.3801879883e+00	1.2463684082e+01	6.2318420410e+00	3.8948825002e-01	3.7154829502e-01	3.8948825002e-01	1.6998190001e+01	2.2099445646e+01	2.2099445646e+01	3.5850927234e-01	4.6673750877e-01	3.5850927234e-01	1.7939954996e-02	1.0127819241e+00	3.0757788002e-01	0.0000000000e+00	1.9783489142e+00	1.0000000000e+00	0.0000000000e+00
3.9000000000e+01	0.0000000000e+00	1.0000000000e+00	1.0000000000e+00	4.4046020508e+00	5.3286132812e+00	5.5559539795e+02	5.9420861816e+02	-4.4046020508e+00	-5.7913818359e+00	5.7913818359e+00	1.0195983887e+01	5.0979919434e+00	2.7934735641e-02	3.2944958657e-02	3.2944958657e-02	9.5949878963e+01	2.7770980191e+01	9.5949878963e+01	8.3639287390e-01	2.0637737587e-01	2.0637737587e-01	5.0102230161e-03	5.7168617969e+00	3.8651373207e-01	0.0000000000e+00	1.3476747991e+01	1.0000000000e+00	0.0000000000e+00
4.0000000000e+01	0.0000000000e+00	1.0000000000e+00	1.0000000000e+00	5.9605102539e+00	1.0784851074e+01	5.5391650391e+02	6.0638018799e+02	-6.0834960938e+00	6.3801879883e+00	6.3801879883e+00	1.2463684082e+01	6.2318420410e+00	4.0481862426e-01	4.1354253888e-01	4.1354253888e-01	2.0928194517e+01	1.8228463488e+01	2.0928194517e+01	4.3385705352e-01	3.3598330617e-01	3.3598330617e-01	8.7239146233e-03	1.2469384746e+00	2.5370193648e-01	0.0000000000e+00	2.1322801815e+00	1.0000000000e+00	0.0000000000e+00
4.1000000000e+01	0.0000000000e+00	1.0000000000e+00	1.0000000000e+00	4.4046020508e+00	7.8468627930e+00	5.5601507568e+02	6.0386193848e+02	-3.9849243164e+00	3.8619384766e+00	3.9849243164e+00	7.8468627930e+00	3.9234313965e+00	2.0098339021e-01	3.1880417466e-01	3.1880417466e-01	2.4565243800e+01	2.7452723143e+01	2.7452723143e+01	6.4728815854e-01	3.0152067542e-01	3.0152067542e-01	1.1782078445e-01	1.4636402393e+00	3.8208426222e-01	0.0000000000e+00	1.7654735365e+00	1.0000000000e+00	0.0000000000e+00
4.2000000000e+01	0.0000000000e+00	1.0000000000e+00	1.0000000000e+00	4.4046020508e+00	6.5877075195e+00	5.5559539795e+02	5.9378894043e+02	-4.4046020508e+00	-6.2110595703e+00	6.2110595703e+00	1.0615661621e+01	5.3078308105e+00	2.4348419160e-02	2.7524320409e-02	2.7524320409e-02	9.7094344565e+01	2.6984640779e+01	9.7094344565e+01	8.4177984670e-01	1.8074135669e-01	1.8074135669e-01	3.1759012491e-03	5.7850510614e+00	3.7556953857e-01	0.0000000000e+00	1.3671574461e+01	1.0000000000e+00	0.0000000000e+00
4.3000000000e+01	0.0000000000e+00	1.0000000000e+00	1.0000000000e+00	5.6637573242e+00	1.0365112305e+01	5.5475592041e+02	6.0596051025e+02	-5.2440795898e+00	5.9605102539e+00	5.9605102539e+00	1.1204589844e+01	5.6022949219e+00	9.1989800334e-02	7.9607449472e-02	9.1989800334e-02	2.0328882594e+01	3.9338495169e+01	3.9338495169e+01	4.5360155404e-01	7.7457932383e-01	4.5360155404e-01	1.2382350862e-02	1.2112304208e+00	5.4750925164e-01	1.0000000000e+00	1.2928307096e+00	1.0000000000e+00	0.0000000000e+00
4.4000000000e+01	0.0000000000e+00	1.0000000000e+00	1.0000000000e+00	4.4046020508e+00	7.8468627930e+00	5.5475592041e+02	5.9420861816e+02	-5.2440795898e+00	-5.7913818359e+00	5.7913818359e+00	1.1035461426e+01	5.5177307129e+00	5.0703388453e-01	5.0651097298e-01	5.0703388453e-01	1.8665150057e+01	2.3543116248e+01	2.3543116248e+01	2.3809266090e-01	3.3648753166e-01	2.3809266090e-01	5.2291154861e-04	1.1121023231e+00	3.2767074345e-01	0.0000000000e+00	2.5351694226e+00	1.0000000000e+00	0.0000000000e+00
4.5000000000e+01	0.0000000000e+00	1.0000000000e+00	1.0000000000e+00	4.4046020508e+00	5.7482910156e+00	5.5601507568e+02	5.9252978516e+02	-3.9849243164e+00	-7.4702148438e+00	7.4702148438e+00	1.1455139160e+01	5.7275695801e+00	2.6577681303e-01	3.9315918088e-01	3.9315918088e-01	2.3382249813e+01	2.6208505775e+01	2.6208505775e+01	5.8087480068e-01	2.6461121440e-01	2.6461121440e-01	1.2738236785e-01	1.3931553862e+00	3.6476736901e-01	0.0000000000e+00	1.9657959044e+00	1.0000000000e+00	0.0000000000e+00
4.6000000000e+01	0.0000000000e+00	1.0000000000e+00	1.0000000000e+00	5.6637573242e+00	9.5256958008e+00	5.5475592041e+02	5.9420861816e+02	-5.2440795898e+00	-5.7913818359e+00	5.7913818359e+00	1.1035461426e+01	5.5177307129e+00	6.3014328480e-02	8.7742455304e-02	8.7742455304e-02	8.2209773993e+01	2.8453672253e+01	8.2209773993e+01	7.9695147276e-01	3.4240507334e-01	3.4240507334e-01	2.4728126824e-02	4.8982022839e+00	3.9601537209e-01	0.0000000000e+00	1.1137720811e+01	1.0000000000e+00	0.0000000000e+00
4.7000000000e+01	0.0000000000e+00	1.0000000000e+00	1.0000000000e+00	4.4046020508e+00	7.8468627930e+00	5.5517565918e+02	6.0470135498e+02	-4.8243408203e+00	4.7013549805e+00	4.8243408203e+00	9.5256958008e+00	4.7628479004e+00	2.7147826552e-01	4.1135001183e-01	4.1135001183e-01	2.3409678461e+01	2.7269352055e+01	2.7269352055e+01	5.7455834746e-01	2.5490939617e-01	2.5490939617e-01	1.3987174630e-01	1.3947896331e+00	3.7953212172e-01	0.0000000000e+00	2.0567500591e+00	1.0000000000e+00	0.0000000000e+00
4.8000000000e+01	0.0000000000e+00	1.0000000000e+00	1.0000000000e+00	3.8619384766e+00	7.4271240234e+00	5.5685449219e+02	5.9211010742e+02	-3.1455078125e+00	-7.8898925781e+00	7.8898925781e+00	1.1035400391e+01	5.5177001953e+00	5.5479860306e-01	5.2373200655e-01	5.5479860306e-01	1.8716189904e+01	2.1918243226e+01	2.1918243226e+01	1.6618412733e-01	3.1691944599e-01	1.6618412733e-01	3.1066596508e-02	1.1151433666e+00	3.0505592282e-01	0.0000000000e+00	3.0087109282e+00	0.0000000000e+00	0.0000000000e+00
4.9000000000e+01	0.0000000000e+00	1.0000000000e+00	1.0000000000e+00	5.6637573242e+00	9.5256958008e+00	5.5391650391e+02	6.0470135498e+02	-6.0834960938e+00	4.7013549805e+00	6.0834960938e+00	1.0784851074e+01	5.3924255371e+00	4.1075524688e-01	4.8321807384e-01	4.8321807384e-01	2.1178892992e+01	2.3245520289e+01	2.3245520289e+01	4.3123677373e-01	2.6841562986e-01	2.6841562986e-01	7.2462826967e-02	1.2618755287e+00	3.2352883259e-01	0.0000000000e+00	2.4160903692e+00	1.0000000000e+00	0.0000000000e+00
5.0000000000e+01	0.0000000000e+00	1.0000000000e+00	1.0000000000e+00	4.4046020508e+00	5.3286132812e+00	5.5559539795e+02	5.9756628418e+02	-4.4046020508e+00	-2.4337158203e+00	4.4046020508e+00	6.8383178711e+00	3.4191589355e+00	2.6413524523e-02	3.4374598414e-02	3.4374598414e-02	9.8194415165e+01	2.9578098235e+01	9.8194415165e+01	8.3847222291e-01	2.0721925423e-01	2.0721925423e-01	7.9610738903e-03	5.8505951940e+00	4.1166502074e-01	0.0000000000e+00	1.3858843411e+01	1.0000000000e+00	0.0000000000e+00
5.1000000000e+01	0.0000000000e+00	1.0000000000e+00	1.0000000000e+00	4.4046020508e+00	7.8468627930e+00	5.5475592041e+02	5.9756628418e+02	-5.2440795898e+00	-2.4337158203e+00	5.2440795898e+00	7.6777954102e+00	3.8388977051e+00	4.1975371540e-02	5.9570390731e-02	5.9570390731e-02	8.9839962166e+01	2.9176114319e+01	8.9839962166e+01	8.1884635240e-01	2.8318686411e-01	2.8318686411e-01	1.7595019192e-02	5.3528222557e+00	4.0607024870e-01	0.0000000000e+00	1.2436635016e+01	1.0000000000e+00	0.0000000000e+00
5.2000000000e+01	0.0000000000e+00	1.0000000000e+00	1.0000000000e+00	5.6637573242e+00	1.0365112305e+01	5.5475592041e+02	6.0554077148e+02	-5.2440795898e+00	5.5407714844e+00	5.5407714844e+00	1.0784851074e+01	5.3924255371e+00	8.9254938066e-02	8.9640468359e-02	8.9640468359e-02	3.0836299269e+01	2.7893627702e+01	3.0836299269e+01	7.6573661715e-01	4.3970033526e-01	4.3970033526e-01	3.8553029299e-04	1.8372807048e+00	3.8822072789e-01	0.0000000000e+00	2.3922305852e+00	1.0000000000e+00	0.0000000000e+00
5.3000000000e+01	0.0000000000e+00	1.0000000000e+00	1.0000000000e+00	4.4046020508e+00	5.7482910156e+00	5.5601507568e+02	5.9085095215e+02	-3.9849243164e+00	-9.1490478516e+00	9.1490478516e+00	1.3133972168e+01	6.5669860840e+00	2.3747919500e-01	3.0223163962e-01	3.0223163962e-01	2.3483535821e+01	2.0798079171e+01	2.3483535821e+01	6.1177881062e-01	3.2359752059e-01	3.2359752059e-01	6.4752444625e-02	1.3991901839e+00	2.8946559123e-01	0.0000000000e+00	2.0300983108e+00	0.0000000000e+00	0.0000000000e+00
5.4000000000e+01	0.0000000000e+00	1.0000000000e+00	1.0000000000e+00	4.4046020508e+00	7.8468627930e+00	5.5601507568e+02	6.0470135498e+02	-3.9849243164e+00	4.7013549805e+00	4.7013549805e+00	8.6862792969e+00	4.3431396484e+00	2.5960049033e-01	3.9817383885e-01	3.9817383885e-01	2.3329131068e+01	2.7174066964e+01	2.7174066964e+01	5.8653417230e-01	2.6190695167e-01	2.6190695167e-01	1.3857334852e-01	1.3899904783e+00	3.7820595333e-01	0.0000000000e+00	1.9908691943e+00	1.0000000000e+00	0.0000000000e+00
5.5000000000e+01	0.0000000000e+00	1.0000000000e+00	1.0000000000e+00	4.8243408203e+00	9.1060180664e+00	5.5475592041e+02	6.0596051025e+02	-5.2440795898e+00	5.9605102539e+00	5.9605102539e+00	1.1204589844e+01	5.6022949219e+00	9.0338371694e-02	6.9767624140e-02	9.0338371694e-02	2.1017020504e+01	3.8788374564e+01	3.8788374564e+01	4.6868900210e-01	7.8388473392e-01	4.6868900210e-01	2.0570747554e-02	1.2522308824e+00	5.3985272793e-01	1.0000000000e+00	1.3147064916e+00	1.0000000000e+00	0.0000000000e+00
5.6000000000e+01	0.0000000000e+00	1.0000000000e+00	1.0000000000e+00	4.4046020508e+00	7.8468627930e+00	5.5517565918e+02	6.0596051025e+02	-4.8243408203e+00	5.9605102539e+00	5.9605102539e+00	1.0784851074e+01	5.3924255371e+00	2.1446539462e-01	2.9424929619e-01	2.9424929619e-01	2.4011659870e+01	2.5784531308e+01	2.5784531308e+01	6.3261006773e-01	3.5874646902e-01	3.5874646902e-01	7.9783901572e-02	1.4306567395e+00	3.5886653467e-01	0.0000000000e+00	1.8318099009e+00	1.0000000000e+00	0.0000000000e+00
5.7000000000e+01	0.0000000000e+00	1.0000000000e+00	1.0000000000e+00	4.4046020508e+00	7.8468627930e+00	5.5517565918e+02	6.0470135498e+02	-4.8243408203e+00	4.7013549805e+00	4.8243408203e+00	9.5256958008e+00	4.7628479004e+00	3.2307881117e-01	3.9470216632e-01	3.9470216632e-01	2.3598579480e+01	2.4822849429e+01	2.4822849429e+01	5.1971209049e-01	3.0242606997e-01	3.0242606997e-01	7.1623355150e-02	1.4060446865e+00	3.4548194220e-01	0.0000000000e+00	1.9735108316e+00	1.0000000000e+00	0.0000000000e+00
5.8000000000e+01	0.0000000000e+00	1.0000000000e+00	1.0000000000e+00	4.8243408203e+00	8.2666015625e+00	5.5391650391e+02	6.0470135498e+02	-6.0834960938e+00	4.7013549805e+00	6.0834960938e+00	1.0784851074e+01	5.3924255371e+00	3.7356433272e-01	4.1301801801e-01	4.1301801801e-01	2.2527090518e+01	2.2508380108e+01	2.2527090518e+01	4.6676769853e-01	3.0585852265e-01	3.0585852265e-01	3.9453685284e-02	1.3422034980e+00	3.1326938907e-01	0.0000000000e+00	2.0650900900e+00	1.0000000000e+00	0.0000000000e+00
5.9000000000e+01	0.0000000000e+00	1.0000000000e+00	1.0000000000e+00	2.3060913086e+00	2.8103637695e+00	5.5643481445e+02	6.0218310547e+02	-3.5651855469e+00	2.1831054688e+00	3.5651855469e+00	5.7482910156e+00	2.8741455078e+00	1.4399250969e-02	1.5095219016e-02	1.5095219016e-02	1.1097385753e+02	3.2954015728e+01	1.1097385753e+02	8.5576734878e-01	1.5879201889e-01	1.5879201889e-01	6.9596804678e-04	6.6120167468e+00	4.5865070365e-01	0.0000000000e+00	1.6034333562e+01	1.0000000000e+00	0.0000000000e+00
6.0000000000e+01	0.0000000000e+00	1.0000000000e+00	1.0000000000e+00	4.4046020508e+00	7.8468627930e+00	5.5517565918e+02	5.9252978516e+02	-4.8243408203e+00	-7.4702148438e+00	7.4702148438e+00	1.2294555664e+01	6.1472778320e+00	3.1362640858e-01	4.1431903839e-01	4.1431903839e-01	2.3738622413e+01	2.5572484892e+01	2.5572484892e+01	5.3123861551e-01	2.6745015383e-01	2.6745015383e-01	1.0069262981e-01	1.4143886897e+00	3.5591529381e-01	0.0000000000e+00	2.0715951920e+00	1.0000000000e+00	0.0000000000e+00
6.1000000000e+01	0.0000000000e+00	1.0000000000e+00	1.0000000000e+00	5.6637573242e+00	1.0365112305e+01	5.5475592041e+02	6.0386193848e+02	-5.2440795898e+00	3.8619384766e+00	5.2440795898e+00	9.1060180664e+00	4.5530090332e+00	4.1554622352e-02	4.0736697614e-02	4.1554622352e-02	2.1760040397e+01	9.4907016847e+01	9.4907016847e+01	3.3348257095e-01	8.1761942059e-01	3.3348257095e-01	8.1792473793e-04	1.2965013087e+00	1.3209063933e+00	1.0000000000e+00	1.4993287313e+00	1.0000000000e+00	0.0000000000e+00
6.2000000000e+01	0.0000000000e+00	1.0000000000e+00	1.0000000000e+00	4.4046020508e+00	5.3286132812e+00	5.5559539795e+02	5.9924517822e+02	-4.4046020508e+00	-7.5482177734e-01	4.4046020508e+00	5.1594238281e+00	2.5797119141e+00	2.2567685694e-02	2.7860091999e-02	2.7860091999e-02	1.0049633732e+02	3.0140689429e+01	1.0049633732e+02	8.4388506785e-01	1.8973830156e-01	1.8973830156e-01	5.2924063057e-03	5.9877477467e+00	4.1949510885e-01	0.0000000000e+00	1.4250707848e+01	1.0000000000e+00	0.0000000000e+00
6.3000000000e+01	0.0000000000e+00	1.0000000000e+00	1.0000000000e+00	4.4046020508e+00	8.6862792969e+00	5.5517565918e+02	6.0596051025e+02	-4.8243408203e+00	5.9605102539e+00	5.9605102539e+00	1.0784851074e+01	5.3924255371e+00	1.1306713521e-01	1.0884084553e-01	1.1306713521e-01	1.9638385865e+01	3.8020204151e+01	3.8020204151e+01	4.4982089102e-01	7.4192676693e-01	4.4982089102e-01	4.2262896895e-03	1.1700894167e+00	5.2916140875e-01	1.0000000000e+00	1.3452531178e+00	1.0000000000e+00	0.0000000000e+00
6.4000000000e+01	0.0000000000e+00	1.0000000000e+00	1.0000000000e+00	4.4046020508e+00	7.8468627930e+00	5.5601507568e+02	6.0512109375e+02	-3.9849243164e+00	5.1210937500e+00	5.1210937500e+00	9.1060180664e+00	4.5530090332e+00	1.8098865449e-01	2.3412388563e-01	2.3412388563e-01	2.5180772472e+01	2.5961006328e+01	2.5961006328e+01	6.6690279543e-01	3.8960462809e-01	3.8960462809e-01	5.3135231137e-02	1.5003145154e+00	3.6132269639e-01	0.0000000000e+00	1.8247922960e+00	1.0000000000e+00	0.0000000000e+00
6.5000000000e+01	0.0000000000e+00	1.0000000000e+00	1.0000000000e+00	4.4046020508e+00	5.3286132812e+00	5.5601507568e+02	5.9252978516e+02	-3.9849243164e+00	-7.4702148438e+00	7.4702148438e+00	1.1455139160e+01	5.7275695801e+00	1.5680359304e-01	2.1963088214e-01	2.1963088214e-01	2.6394708304e+01	2.6024523782e+01	2.6394708304e+01	6.9394661486e-01	3.5407979786e-01	3.5407979786e-01	6.2827289104e-02	1.5726429379e+00	3.6220672598e-01	0.0000000000e+00	1.8222664972e+00	1.0000000000e+00	0.0000000000e+00
6.6000000000e+01	0.0000000000e+00	1.0000000000e+00	1.0000000000e+00	4.4046020508e+00	7.8468627930e+00	5.5559539795e+02	5.9504803467e+02	-4.4046020508e+00	-4.9519653320e+00	4.9519653320e+00	9.3565673828e+00	4.6782836914e+00	3.0853725970e-02	3.9861008525e-02	3.9861008525e-02	9.5126710799e+01	2.8683565139e+01	9.5126710799e+01	8.3232518286e-01	2.2752018273e-01	2.2752018273e-01	9.0072825551e-03	5.6678159963e+00	3.9921499835e-01	0.0000000000e+00	1.3336617132e+01	1.0000000000e+00	0.0000000000e+00
6.7000000000e+01	0.0000000000e+00	1.0000000000e+00	1.0000000000e+00	4.4046020508e+00	7.8468627930e+00	5.5475592041e+02	6.0470135498e+02	-5.2440795898e+00	4.7013549805e+00	5.2440795898e+00	9.9454345703e+00	4.9727172852e+00	3.5194629431e-01	4.2918184400e-01	4.2918184400e-01	2.3079901681e+01	2.5319608964e+01	2.5319608964e+01	4.8990064859e-01	2.7723911405e-01	2.7723911405e-01	7.7235549688e-02	1.3751409550e+00	3.5239579186e-01	0.0000000000e+00	2.1459092200e+00	1.0000000000e+00	0.0000000000e+00
6.8000000000e+01	0.0000000000e+00	1.0000000000e+00	1.0000000000e+00	4.4046020508e+00	6.5877075195e+00	5.5559539795e+02	5.9546777344e+02	-4.4046020508e+00	-4.5322265625e+00	4.5322265625e+00	8.9368286133e+00	4.4684143066e+00	2.5064282119e-02	3.2344490290e-02	3.2344490290e-02	9.8184584254e+01	2.9146913183e+01	9.8184584254e+01	8.4021396190e-01	1.9582982361e-01	1.9582982361e-01	7.2802081704e-03	5.8500094511e+00	4.0566383020e-01	0.0000000000e+00	1.3857169860e+01	1.0000000000e+00	0.0000000000e+00
6.9000000000e+01	0.0000000000e+00	1.0000000000e+00	1.0000000000e+00	4.4046020508e+00	7.8468627930e+00	5.5559539795e+02	5.9336920166e+02	-4.4046020508e+00	-6.6307983398e+00	6.6307983398e+00	1.1035400391e+01	5.5177001953e+00	3.3170424402e-02	3.9622876793e-02	3.9622876793e-02	9.2858472229e+01	2.8098543679e+01	9.2858472229e+01	8.3014998585e-01	2.3522156104e-01	2.3522156104e-01	6.4524523914e-03	5.5326703706e+00	3.9107272801e-01	0.0000000000e+00	1.2950486773e+01	1.0000000000e+00	0.0000000000e+00
7.0000000000e+01	0.0000000000e+00	1.0000000000e+00	1.0000000000e+00	4.7013549805e+00	9.1059570312e+00	5.5517565918e+02	6.0596051025e+02	-4.8243408203e+00	5.9605102539e+00	5.9605102539e+00	1.0784851074e+01	5.3924255371e+00	1.1184617132e-01	1.1085606366e-01	1.1184617132e-01	1.9566764895e+01	3.8279522941e+01	3.8279522941e+01	4.4671676308e-01	7.4016516656e-01	4.4671676308e-01	9.9010765553e-04	1.1658221139e+00	5.3277058181e-01	1.0000000000e+00	1.3349411948e+00	1.0000000000e+00	0.0000000000e+00
7.1000000000e+01	0.0000000000e+00	1.0000000000e+00	1.0000000000e+00	4.4046020508e+00	7.8468627930e+00	5.5517565918e+02	6.0596051025e+02	-4.8243408203e+00	5.9605102539e+00	5.9605102539e+00	1.0784851074e+01	5.3924255371e+00	2.2965987027e-01	3.4479185939e-01	3.4479185939e-01	2.3652587490e+01	2.6629249811e+01	2.6629249811e+01	6.1744575202e-01	3.0878397822e-01	3.0878397822e-01	1.1513198912e-01	1.4092625783e+00	3.7062324253e-01	0.0000000000e+00	1.7982193071e+00	1.0000000000e+00	0.0000000000e+00
7.2000000000e+01	0.0000000000e+00	1.0000000000e+00	1.0000000000e+00	5.5407714844e+00	9.9453735352e+00	5.5475592041e+02	5.9169036865e+02	-5.2440795898e+00	-8.3096313477e+00	8.3096313477e+00	1.3553710938e+01	6.7768554688e+00	7.6367564499e-02	5.5545125157e-02	7.6367564499e-02	1.7769838835e+01	7.4949926302e+01	7.4949926302e+01	3.3491858095e-01	8.0690636858e-01	3.3491858095e-01	2.0822439343e-02	1.0587581128e+00	1.0431455978e+00	1.0000000000e+00	1.4929001508e+00	0.0000000000e+00	0.0000000000e+00
7.3000000000e+01	0.0000000000e+00	1.0000000000e+00	1.0000000000e+00	4.8243408203e+00	9.1060180664e+00	5.5475592041e+02	6.0386193848e+02	-5.2440795898e+00	3.8619384766e+00	5.2440795898e+00	9.1060180664e+00	4.5530090332e+00	5.4474532604e-02	6.5305076540e-02	6.5305076540e-02	8.7723037623e+01	2.9321946275e+01	8.7723037623e+01	8.0410832167e-01	3.6287886649e-01	3.6287886649e-01	1.0830543935e-02	5.2266921846e+00	4.0809992331e-01	0.0000000000e+00	1.2076263385e+01	1.0000000000e+00	0.0000000000e+00
7.4000000000e+01	0.0000000000e+00	1.0000000000e+00	1.0000000000e+00	5.6637573242e+00	9.1060180664e+00	5.5391650391e+02	6.0470135498e+02	-6.0834960938e+00	4.7013549805e+00	6.0834960938e+00	1.0784851074e+01	5.3924255371e+00	3.9154824615e-01	4.5124828815e-01	4.5124828815e-01	2.0637640308e+01	2.1832841479e+01	2.1832841479e+01	4.4824162126e-01	2.9015100002e-01	2.9015100002e-01	5.9700042009e-02	1.2296267461e+00	3.0386730982e-01	0.0000000000e+00	2.2562414408e+00	1.0000000000e+00	0.0000000000e+00
7.5000000000e+01	0.0000000000e+00	1.0000000000e+00	1.0000000000e+00	3.5651855469e+00	7.0074462891e+00	5.5685449219e+02	5.9420861816e+02	-3.1455078125e+00	-5.7913818359e+00	5.7913818359e+00	8.9368896484e+00	4.4684448242e+00	5.4333668947e-01	5.7075768709e-01	5.7075768709e-01	2.8094354319e+01	2.2563407805e+01	2.8094354319e+01	2.9745715857e-01	1.5723854303e-01	1.5723854303e-01	2.7420997620e-02	1.6739108235e+00	3.1403525906e-01	0.0000000000e+00	3.1798819192e+00	1.0000000000e+00	0.0000000000e+00
7.6000000000e+01	0.0000000000e+00	1.0000000000e+00	1.0000000000e+00	5.9605102539e+00	1.0784851074e+01	5.5391650391e+02	6.0596051025e+02	-6.0834960938e+00	5.9605102539e+00	6.0834960938e+00	1.2044006348e+01	6.0220031738e+00	3.7879082561e-01	3.8696631789e-01	3.8696631789e-01	2.1440446644e+01	1.8525310218e+01	2.1440446644e+01	4.6030375361e-01	3.4815070033e-01	3.4815070033e-01	8.1754922867e-03	1.2774593533e+00	2.5783341967e-01	0.0000000000e+00	2.1204759438e+00	1.0000000000e+00	0.0000000000e+00
7.7000000000e+01	0.0000000000e+00	1.0000000000e+00	1.0000000000e+00	6.3801879883e+00	1.0784790039e+01	5.5391650391e+02	6.0470135498e+02	-6.0834960938e+00	4.7013549805e+00	6.0834960938e+00	1.0784851074e+01	5.3924255371e+00	4.2935398221e-01	4.9275061488e-01	4.9275061488e-01	2.1718896042e+01	2.2890062415e+01	2.2890062415e+01	4.1305735707e-01	2.6273968816e-01	2.6273968816e-01	6.3396632671e-02	1.2940498560e+00	3.1858160534e-01	0.0000000000e+00	2.4637530744e+00	1.0000000000e+00	0.0000000000e+00
7.8000000000e+01	0.0000000000e+00	1.0000000000e+00	1.0000000000e+00	4.4046020508e+00	6.5877075195e+00	5.5559539795e+02	5.9546777344e+02	-4.4046020508e+00	-4.5322265625e+00	4.5322265625e+00	8.9368286133e+00	4.4684143066e+00	2.4087952450e-02	3.0191110447e-02	3.0191110447e-02	9.8763698245e+01	2.8885246154e+01	9.8763698245e+01	8.4189243428e-01	1.8825690262e-01	1.8825690262e-01	6.1031579971e-03	5.8845140767e+00	4.0202197460e-01	0.0000000000e+00	1.3955754505e+01	1.0000000000e+00	0.0000000000e+00
7.9000000000e+01	0.0000000000e+00	1.0000000000e+00	1.0000000000e+00	5.6637573242e+00	9.9454345703e+00	5.5475592041e+02	6.0386193848e+02	-5.2440795898e+00	3.8619384766e+00	5.2440795898e+00	9.1060180664e+00	4.5530090332e+00	5.1036071032e-02	5.3349554539e-02	5.3349554539e-02	9.0345539335e+01	2.9352403069e+01	9.0345539335e+01	8.0688803270e-01	3.7060555816e-01	3.7060555816e-01	2.3134835064e-03	5.3829454286e+00	4.0852381793e-01	0.0000000000e+00	1.2522701225e+01	1.0000000000e+00	0.0000000000e+00
8.0000000000e+01	0.0000000000e+00	1.0000000000e+00	1.0000000000e+00	4.4046020508e+00	5.7482910156e+00	5.5601507568e+02	5.9252978516e+02	-3.9849243164e+00	-7.4702148438e+00	7.4702148438e+00	1.1455139160e+01	5.7275695801e+00	2.0629648864e-01	3.2328167558e-01	3.2328167558e-01	2.4367232428e+01	2.6923775680e+01	2.6923775680e+01	6.4250136912e-01	2.9626306891e-01	2.9626306891e-01	1.1698518693e-01	1.4518423751e+00	3.7472242420e-01	0.0000000000e+00	1.7865073594e+00	1.0000000000e+00	0.0000000000e+00
8.1000000000e+01	0.0000000000e+00	1.0000000000e+00	1.0000000000e+00	5.6637573242e+00	9.1060180664e+00	5.5391650391e+02	6.0344226074e+02	-6.0834960938e+00	3.4422607422e+00	6.0834960938e+00	9.5257568359e+00	4.7628784180e+00	3.6648601294e-01	4.6148353815e-01	4.6148353815e-01	2.1660961908e+01	2.5299786520e+01	2.5299786520e+01	4.7503966093e-01	2.5687271357e-01	2.5687271357e-01	9.4997525215e-02	1.2905980388e+00	3.5211990507e-01	0.0000000000e+00	2.3074176908e+00	1.0000000000e+00	0.0000000000e+00
8.2000000000e+01	0.0000000000e+00	1.0000000000e+00	1.0000000000e+00	4.4046020508e+00	5.7482910156e+00	5.5601507568e+02	6.0344226074e+02	-3.9849243164e+00	3.4422607422e+00	3.9849243164e+00	7.4271850586e+00	3.7135925293e+00	1.9546300173e-01	3.0926686525e-01	3.0926686525e-01	2.4695172290e+01	2.7299796731e+01	2.7299796731e+01	6.5231710672e-01	3.0052632093e-01	3.0052632093e-01	1.1380386353e-01	1.4713816063e+00	3.7995584768e-01	0.0000000000e+00	1.7715547209e+00	1.0000000000e+00	0.0000000000e+00
8.3000000000e+01	0.0000000000e+00	1.0000000000e+00	1.0000000000e+00	6.5031738281e+00	7.4271850586e+00	5.5559539795e+02	6.0554077148e+02	-4.4046020508e+00	5.5407714844e+00	5.5407714844e+00	9.9453735352e+00	4.9726867676e+00	2.7358859777e-02	2.0981410518e-02	2.7358859777e-02	2.3701228091e+01	1.0112800960e+02	1.0112800960e+02	2.7251288295e-01	8.4147497080e-01	2.7251288295e-01	6.3774492592e-03	1.4121606705e+00	1.4074895498e+00	0.0000000000e+00	1.8347756429e+00	1.0000000000e+00	0.0000000000e+00
8.4000000000e+01	0.0000000000e+00	1.0000000000e+00	1.0000000000e+00	2.7257690430e+00	3.2300415039e+00	5.5643481445e+02	6.0218310547e+02	-3.5651855469e+00	2.1831054688e+00	3.5651855469e+00	5.7482910156e+00	2.8741455078e+00	1.2438805774e-02	1.3858173043e-02	1.3858173043e-02	1.1278710227e+02	3.3228974377e+01	1.1278710227e+02	8.5865923576e-01	1.4622120187e-01	1.4622120187e-01	1.4193672687e-03	6.7200530433e+00	4.6247755070e-01	0.0000000000e+00	1.6343008695e+01	1.0000000000e+00	0.0000000000e+00
8.5000000000e+01	0.0000000000e+00	1.0000000000e+00	1.0000000000e+00	6.3801879883e+00	1.0784790039e+01	5.5391650391e+02	6.0344226074e+02	-6.0834960938e+00	3.4422607422e+00	6.0834960938e+00	9.5257568359e+00	4.7628784180e+00	4.3819028139e-01	5.1326382160e-01	5.1326382160e-01	2.1917697089e+01	2.3551510997e+01	2.3551510997e+01	4.0486359596e-01	2.4107021093e-01	2.4107021093e-01	7.5073540211e-02	1.3058947704e+00	3.2778758074e-01	0.0000000000e+00	2.5663191080e+00	1.0000000000e+00	0.0000000000e+00
8.6000000000e+01	0.0000000000e+00	1.0000000000e+00	1.0000000000e+00	4.4046020508e+00	7.8468627930e+00	5.5601507568e+02	6.0596051025e+02	-3.9849243164e+00	5.9605102539e+00	5.9605102539e+00	9.9454345703e+00	4.9727172852e+00	1.7719013989e-01	2.1661971509e-01	2.1661971509e-01	2.5245112016e+01	2.5524008285e+01	2.5524008285e+01	6.7058680952e-01	4.0843041241e-01	4.0843041241e-01	3.9429575205e-02	1.5041479781e+00	3.5524060123e-01	0.0000000000e+00	1.8421697108e+00	1.0000000000e+00	0.0000000000e+00
8.7000000000e+01	0.0000000000e+00	1.0000000000e+00	1.0000000000e+00	6.3801879883e+00	1.1204528809e+01	5.5391650391e+02	6.0596051025e+02	-6.0834960938e+00	5.9605102539e+00	6.0834960938e+00	1.2044006348e+01	6.0220031738e+00	4.2507186532e-01	4.5189526677e-01	4.5189526677e-01	2.1665325080e+01	1.9773794743e+01	2.1665325080e+01	4.1634961963e-01	3.0364647508e-01	3.0364647508e-01	2.6823401451e-02	1.2908580043e+00	2.7520970274e-01	0.0000000000e+00	2.2594763339e+00	1.0000000000e+00	0.0000000000e+00
8.8000000000e+01	0.0000000000e+00	1.0000000000e+00	1.0000000000e+00	4.4046020508e+00	7.8468627930e+00	5.5601507568e+02	6.0512109375e+02	-3.9849243164e+00	5.1210937500e+00	5.1210937500e+00	9.1060180664e+00	4.5530090332e+00	1.7816956341e-01	2.2905895114e-01	2.2905895114e-01	2.5226746545e+01	2.5937899363e+01	2.5937899363e+01	6.6974656284e-01	3.9253976941e-01	3.9253976941e-01	5.0889387727e-02	1.5030537312e+00	3.6100109596e-01	0.0000000000e+00	1.8257111544e+00	1.0000000000e+00	0.0000000000e+00
8.9000000000e+01	0.0000000000e+00	1.0000000000e+00	1.0000000000e+00	4.4046020508e+00	5.7482910156e+00	5.5643481445e+02	5.9252978516e+02	-3.5651855469e+00	-7.4702148438e+00	7.4702148438e+00	1.1035400391e+01	5.5177001953e+00	1.4780262113e-01	1.9162641466e-01	1.9162641466e-01	2.6868894129e+01	2.5415143038e+01	2.6868894129e+01	7.0226135850e-01	3.5931183398e-01	3.5931183398e-01	4.3823793530e-02	1.6008957597e+00	3.5372542557e-01	0.0000000000e+00	1.8464987841e+00	1.0000000000e+00	0.0000000000e+00
9.0000000000e+01	0.0000000000e+00	1.0000000000e+00	1.0000000000e+00	4.4046020508e+00	8.6862792969e+00	5.5517565918e+02	5.9252978516e+02	-4.8243408203e+00	-7.4702148438e+00	7.4702148438e+00	1.2294555664e+01	6.1472778320e+00	2.7549400926e-01	4.2055091262e-01	4.2055091262e-01	2.3380806372e+01	2.7337944971e+01	2.7337944971e+01	5.7063171268e-01	2.4402543902e-01	2.4402543902e-01	1.4505690336e-01	1.3930693835e+00	3.8048679107e-01	0.0000000000e+00	2.1027545631e+00	1.0000000000e+00	0.0000000000e+00
9.1000000000e+01	0.0000000000e+00	1.0000000000e+00	1.0000000000e+00	4.4046020508e+00	7.8468627930e+00	5.5559539795e+02	6.0512109375e+02	-4.4046020508e+00	5.1210937500e+00	5.1210937500e+00	9.5256958008e+00	4.7628479004e+00	1.3297358155e-01	1.6177108884e-01	1.6177108884e-01	2.7916466290e+01	2.7312352331e+01	2.7916466290e+01	7.1642580628e-01	4.0644785762e-01	4.0644785762e-01	2.8797507286e-02	1.6633119433e+00	3.8013059526e-01	0.0000000000e+00	1.8951769809e+00	1.0000000000e+00	0.0000000000e+00
9.2000000000e+01	0.0000000000e+00	1.0000000000e+00	1.0000000000e+00	5.6637573242e+00	9.5256958008e+00	5.5475592041e+02	5.9420861816e+02	-5.2440795898e+00	-5.7913818359e+00	5.7913818359e+00	1.1035461426e+01	5.5177307129e+00	6.4456269145e-02	9.1970920563e-02	9.1970920563e-02	8.2017745977e+01	2.8515798968e+01	8.2017745977e+01	7.9537607729e-01	3.4382545948e-01	3.4382545948e-01	2.7514651418e-02	4.8867609184e+00	3.9688004551e-01	0.0000000000e+00	1.1105031196e+01	1.0000000000e+00	0.0000000000e+00
9.3000000000e+01	0.0000000000e+00	1.0000000000e+00	1.0000000000e+00	4.4046020508e+00	7.8468627930e+00	5.5559539795e+02	6.0218310547e+02	-4.4046020508e+00	2.1831054688e+00	4.4046020508e+00	6.5877075195e+00	3.2938537598e+00	2.7934672311e-02	3.1638141721e-02	3.1638141721e-02	9.8962828566e+01	3.0635371660e+01	9.8962828566e+01	8.3524483256e-01	2.4278661981e-01	2.4278661981e-01	3.7034694105e-03	5.8963786099e+00	4.2638004680e-01	0.0000000000e+00	1.3989653171e+01	1.0000000000e+00	0.0000000000e+00
9.4000000000e+01	0.0000000000e+00	1.0000000000e+00	1.0000000000e+00	4.4046020508e+00	7.8468627930e+00	5.5517565918e+02	6.0470135498e+02	-4.8243408203e+00	4.7013549805e+00	4.8243408203e+00	9.5256958008e+00	4.7628479004e+00	3.2363095880e-01	4.0084406734e-01	4.0084406734e-01	2.3595659477e+01	2.5284368904e+01	2.5284368904e+01	5.1926943660e-01	2.9533663392e-01	2.9533663392e-01	7.7213108540e-02	1.4058707076e+00	3.5190532422e-01	0.0000000000e+00	2.0042203367e+00	1.0000000000e+00	0.0000000000e+00
9.5000000000e+01	0.0000000000e+00	1.0000000000e+00	1.0000000000e+00	2.7257690430e+00	3.2300415039e+00	5.5769390869e+02	6.0092401123e+02	-2.3060913086e+00	9.2401123047e-01	2.3060913086e+00	3.2301025391e+00	1.6150512695e+00	1.2155669741e-02	1.4692356810e-02	1.4692356810e-02	1.1132553174e+02	3.1651187135e+01	1.1132553174e+02	8.5989592690e-01	1.3016601838e-01	1.3016601838e-01	2.5366870686e-03	6.6329701119e+00	4.4051806526e-01	0.0000000000e+00	1.6094200320e+01	1.0000000000e+00	0.0000000000e+00
9.6000000000e+01	0.0000000000e+00	1.0000000000e+00	1.0000000000e+00	4.4046020508e+00	7.8468627930e+00	5.5391650391e+02	5.9672686768e+02	-6.0834960938e+00	-3.2731323242e+00	6.0834960938e+00	9.3566284180e+00	4.6783142090e+00	4.2467477918e-01	5.1657652855e-01	5.1657652855e-01	2.1435648682e+01	2.4104117344e+01	2.4104117344e+01	4.1845962405e-01	2.3424988985e-01	2.3424988985e-01	9.1901749372e-02	1.2771734823e+00	3.3547870074e-01	0.0000000000e+00	2.5828826427e+00	1.0000000000e+00	0.0000000000e+00
9.7000000000e+01	0.0000000000e+00	1.0000000000e+00	1.0000000000e+00	4.4046020508e+00	7.8468627930e+00	5.5475592041e+02	5.9546777344e+02	-5.2440795898e+00	-4.5322265625e+00	5.2440795898e+00	9.7763061523e+00	4.8881530762e+00	4.3016880751e-02	6.0036920011e-02	6.0036920011e-02	8.8432407397e+01	2.8877653121e+01	8.8432407397e+01	8.1812492013e-01	2.8341526538e-01	2.8341526538e-01	1.7020039260e-02	5.2689576779e+00	4.0191629552e-01	0.0000000000e+00	1.2197021937e+01	1.0000000000e+00	0.0000000000e+00
9.8000000000e+01	0.0000000000e+00	1.0000000000e+00	1.0000000000e+00	6.3801879883e+00	1.1204528809e+01	5.5391650391e+02	6.0596051025e+02	-6.0834960938e+00	5.9605102539e+00	6.0834960938e+00	1.2044006348e+01	6.0220031738e+00	4.1413632035e-01	4.4307219982e-01	4.4307219982e-01	2.1295936365e+01	1.9467072618e+01	2.1295936365e+01	4.2640092969e-01	3.1056880951e-01	3.1056880951e-01	2.8935879469e-02	1.2688491778e+00	2.7094077481e-01	0.0000000000e+00	2.2153609991e+00	1.0000000000e+00	0.0000000000e+00
9.9000000000e+01	0.0000000000e+00	1.0000000000e+00	1.0000000000e+00	4.4046020508e+00	7.8468627930e+00	5.5559539795e+02	5.9420861816e+02	-4.4046020508e+00	-5.7913818359e+00	5.7913818359e+00	1.0195983887e+01	5.0979919434e+00	2.8397725895e-02	3.5541813821e-02	3.5541813821e-02	9.5542695442e+01	2.7926042599e+01	9.5542695442e+01	8.3566112630e-01	2.0850524679e-01	2.0850524679e-01	7.1440879256e-03	5.6926010897e+00	3.8867187519e-01	0.0000000000e+00	1.3407431685e+01	1.0000000000e+00	0.0000000000e+00
