wavelength_nm	ideal_target_transmittance	cvae_target_transmittance	tandem_response_transmittance
3.7973712158e+02	9.7312594436e-01	8.8515287638e-01	8.8978499174e-01
3.8015682983e+02	9.7288109518e-01	8.8522124290e-01	8.8957417011e-01
3.8057653809e+02	9.7263291613e-01	8.8538020849e-01	8.8961547613e-01
3.8099624634e+02	9.7238134715e-01	8.8530927896e-01	8.8948351145e-01
3.8141595459e+02	9.7212632681e-01	8.8400053978e-01	8.8901811838e-01
3.8183566284e+02	9.7186779234e-01	8.8325524330e-01	8.8879746199e-01
3.8225537109e+02	9.7160567952e-01	8.8253551722e-01	8.8814091682e-01
3.8267507935e+02	9.7133992269e-01	8.8259571791e-01	8.8788348436e-01
3.8309478760e+02	9.7107045467e-01	8.8169354200e-01	8.8709384203e-01
3.8351449585e+02	9.7079720677e-01	8.8075143099e-01	8.8664060831e-01
3.8393420410e+02	9.7052010871e-01	8.7998789549e-01	8.8589310646e-01
3.8435391235e+02	9.7023908856e-01	8.7991821766e-01	8.8524496555e-01
3.8477362061e+02	9.6995407278e-01	8.7858164310e-01	8.8429760933e-01
3.8519332886e+02	9.6966498605e-01	8.7822431326e-01	8.8364720345e-01
3.8561303711e+02	9.6937175135e-01	8.7600845098e-01	8.8271254301e-01
3.8603274536e+02	9.6907428980e-01	8.7489038706e-01	8.8199901581e-01
3.8645245361e+02	9.6877252068e-01	8.7490314245e-01	8.8110077381e-01
3.8687216187e+02	9.6846636137e-01	8.7274819613e-01	8.8064223528e-01
3.8729187012e+02	9.6815572726e-01	8.7209510803e-01	8.7962764502e-01
3.8771157837e+02	9.6784053173e-01	8.7210965157e-01	8.7882095575e-01
3.8813131714e+02	9.6752066265e-01	8.7123626471e-01	8.7781840563e-01
3.8855102539e+02	9.6719607567e-01	8.6998975277e-01	8.7712585926e-01
3.8897073364e+02	9.6686665466e-01	8.7024378777e-01	8.7669599056e-01
3.8939044189e+02	9.6653230432e-01	8.7040108442e-01	8.7569993734e-01
3.8981015015e+02	9.6619292700e-01	8.6903595924e-01	8.7491720915e-01
3.9022985840e+02	9.6584842266e-01	8.6815655231e-01	8.7437951565e-01
3.9064956665e+02	9.6549868878e-01	8.6780416965e-01	8.7355965376e-01
3.9106927490e+02	9.6514362033e-01	8.6722737551e-01	8.7323933840e-01
3.9148898315e+02	9.6478310963e-01	8.6588418484e-01	8.7245631218e-01
3.9190869141e+02	9.6441704632e-01	8.6639499664e-01	8.7144660950e-01
3.9232839966e+02	9.6404531728e-01	8.6469203234e-01	8.7087649107e-01
3.9274810791e+02	9.6366780651e-01	8.6455655098e-01	8.7031090260e-01
3.9316781616e+02	9.6328439508e-01	8.6293798685e-01	8.6942416430e-01
3.9358752441e+02	9.6289496103e-01	8.6249780655e-01	8.6862033606e-01
3.9400723267e+02	9.6249937928e-01	8.6315363646e-01	8.6803603172e-01
3.9442694092e+02	9.6209752153e-01	8.6345887184e-01	8.6777615547e-01
3.9484664917e+02	9.6168925617e-01	8.6303818226e-01	8.6730098724e-01
3.9526635742e+02	9.6127444816e-01	8.6131274700e-01	8.6634618044e-01
3.9568606567e+02	9.6085295894e-01	8.6061799526e-01	8.6579757929e-01
3.9610577393e+02	9.6042464634e-01	8.6040532589e-01	8.6503440142e-01
3.9652548218e+02	9.5998936442e-01	8.5926967859e-01	8.6420774460e-01
3.9694519043e+02	9.5954696340e-01	8.5804742575e-01	8.6373221874e-01
3.9736489868e+02	9.5909728949e-01	8.5942554474e-01	8.6304593086e-01
3.9778460693e+02	9.5864018483e-01	8.5849070549e-01	8.6270052195e-01
3.9820431519e+02	9.5817548730e-01	8.5766434669e-01	8.6186927557e-01
3.9862402344e+02	9.5770303040e-01	8.5712242126e-01	8.6093288660e-01
3.9904376221e+02	9.5722260790e-01	8.5531449318e-01	8.5986870527e-01
3.9946347046e+02	9.5673411401e-01	8.5583782196e-01	8.5883474350e-01
3.9988317871e+02	9.5623733362e-01	8.5399597883e-01	8.5836070776e-01
4.0030288696e+02	9.5573208129e-01	8.5325449705e-01	8.5710787773e-01
4.0072259521e+02	9.5521816647e-01	8.5434919596e-01	8.5629409552e-01
4.0114230347e+02	9.5469539332e-01	8.5121220350e-01	8.5511380434e-01
4.0156201172e+02	9.5416356052e-01	8.5064470768e-01	8.5441362858e-01
4.0198171997e+02	9.5362246112e-01	8.4921288490e-01	8.5325670242e-01
4.0240142822e+02	9.5307188232e-01	8.4955155849e-01	8.5215127468e-01
4.0282113647e+02	9.5251160531e-01	8.4743797779e-01	8.5121613741e-01
4.0324084473e+02	9.5194140504e-01	8.4554636478e-01	8.4999006987e-01
4.0366055298e+02	9.5136105002e-01	8.4801030159e-01	8.4887260199e-01
4.0408026123e+02	9.5077030211e-01	8.4367889166e-01	8.4722656012e-01
4.0449996948e+02	9.5016891628e-01	8.4128445387e-01	8.4622812271e-01
4.0491967773e+02	9.4955664038e-01	8.4645706415e-01	8.4421318769e-01
4.0533938599e+02	9.4893321491e-01	8.4198498726e-01	8.4343153238e-01
4.0575909424e+02	9.4829837276e-01	8.3935433626e-01	8.4224677086e-01
4.0617880249e+02	9.4765183891e-01	8.3626127243e-01	8.4003263712e-01
4.0659851074e+02	9.4699333024e-01	8.3586549759e-01	8.3847302198e-01
4.0701821899e+02	9.4632255514e-01	8.2677119970e-01	8.3663350344e-01
4.0743792725e+02	9.4563921329e-01	8.3523744345e-01	8.3512949944e-01
4.0785763550e+02	9.4494299535e-01	8.3201241493e-01	8.3325725794e-01
4.0827734375e+02	9.4423358260e-01	8.3033716679e-01	8.3219510317e-01
4.0869705200e+02	9.4351064661e-01	8.2969188690e-01	8.3022421598e-01
4.0911676025e+02	9.4277384893e-01	8.3054685593e-01	8.2840973139e-01
4.0953649902e+02	9.4202278559e-01	8.3186978102e-01	8.2682251930e-01
4.0995620728e+02	9.4125720614e-01	8.2409781218e-01	8.2470643520e-01
4.1037591553e+02	9.4047668570e-01	8.2425630093e-01	8.2303428650e-01
4.1079562378e+02	9.3968084190e-01	8.2180851698e-01	8.2140046358e-01
4.1121533203e+02	9.3886928037e-01	8.2245922089e-01	8.1991231441e-01
4.1163504028e+02	9.3804159431e-01	8.2030820847e-01	8.1856697798e-01
4.1205474854e+02	9.3719736399e-01	8.1519335508e-01	8.1639963388e-01
4.1247445679e+02	9.3633615636e-01	8.0930334330e-01	8.1395715475e-01
4.1289416504e+02	9.3545752443e-01	8.0423974991e-01	8.1164652109e-01
4.1331387329e+02	9.3456100687e-01	8.0774945021e-01	8.1018477678e-01
4.1373358154e+02	9.3364612738e-01	8.0330651999e-01	8.0812609196e-01
4.1415328979e+02	9.3271239415e-01	7.9815131426e-01	8.0597299337e-01
4.1457299805e+02	9.3175929931e-01	7.9690474272e-01	8.0358433723e-01
4.1499270630e+02	9.3078631825e-01	7.9075282812e-01	8.0189305544e-01
4.1541241455e+02	9.2979290904e-01	7.8818476200e-01	7.9988574982e-01
4.1583212280e+02	9.2877851172e-01	7.8493469954e-01	7.9774427414e-01
4.1625183105e+02	9.2774254762e-01	7.8165239096e-01	7.9581153393e-01
4.1667153931e+02	9.2668441864e-01	7.8237313032e-01	7.9366558790e-01
4.1709124756e+02	9.2560350646e-01	7.8146892786e-01	7.9109513760e-01
4.1751095581e+02	9.2449917180e-01	7.7686691284e-01	7.8934234381e-01
4.1793066406e+02	9.2337075353e-01	7.7102082968e-01	7.8670805693e-01
4.1835037231e+02	9.2221756788e-01	7.6977759600e-01	7.8471815586e-01
4.1877008057e+02	9.2103890745e-01	7.7286815643e-01	7.8193444014e-01
4.1918978882e+02	9.1983404037e-01	7.6981753111e-01	7.8004139662e-01
4.1960949707e+02	9.1860220922e-01	7.6909482479e-01	7.7679198980e-01
4.2002920532e+02	9.1734263009e-01	7.6602441072e-01	7.7463346720e-01
4.2044894409e+02	9.1605439671e-01	7.6455157995e-01	7.7139532566e-01
4.2086865234e+02	9.1473685612e-01	7.6751506329e-01	7.6930522919e-01
4.2128836060e+02	9.1338904554e-01	7.6621937752e-01	7.6684206724e-01
4.2170806885e+02	9.1201006373e-01	7.6160615683e-01	7.6379287243e-01
4.2212777710e+02	9.1059897703e-01	7.6626950502e-01	7.6138949394e-01
4.2254748535e+02	9.0915481809e-01	7.7338761091e-01	7.5810831785e-01
4.2296719360e+02	9.0767658440e-01	7.5879293680e-01	7.5542128086e-01
4.2338690186e+02	9.0616323691e-01	7.5836092234e-01	7.5193685293e-01
4.2380661011e+02	9.0461369846e-01	7.5901490450e-01	7.4893993139e-01
4.2422631836e+02	9.0302685221e-01	7.5579559803e-01	7.4540001154e-01
4.2464602661e+02	9.0140153996e-01	7.4460393190e-01	7.4278473854e-01
4.2506573486e+02	8.9973656041e-01	7.4393534660e-01	7.3958420753e-01
4.2548544312e+02	8.9803066740e-01	7.4291795492e-01	7.3547291756e-01
4.2590515137e+02	8.9628256791e-01	7.3681503534e-01	7.3087602854e-01
4.2632485962e+02	8.9449092017e-01	7.4121493101e-01	7.2649925947e-01
4.2674456787e+02	8.9265433155e-01	7.3788481951e-01	7.2264993191e-01
4.2716427612e+02	8.9077135637e-01	7.3677569628e-01	7.1850615740e-01
4.2758398438e+02	8.8884049369e-01	7.2248417139e-01	7.1406567097e-01
4.2800369263e+02	8.8686018490e-01	7.1680259705e-01	7.1014213562e-01
4.2842340088e+02	8.8482881127e-01	7.2038453817e-01	7.0551872253e-01
4.2884310913e+02	8.8274469138e-01	7.2451889515e-01	7.0167773962e-01
4.2926281738e+02	8.8060607841e-01	7.0999085903e-01	6.9729697704e-01
4.2968252563e+02	8.7841115736e-01	7.0706713200e-01	6.9338190556e-01
4.3010223389e+02	8.7615804208e-01	6.9991660118e-01	6.8910086155e-01
4.3052194214e+02	8.7384477222e-01	6.9569110870e-01	6.8471401930e-01
4.3094165039e+02	8.7146931009e-01	6.8567806482e-01	6.7987668514e-01
4.3136138916e+02	8.6902935747e-01	6.8677264452e-01	6.7505848408e-01
4.3178109741e+02	8.6652306645e-01	6.6450780630e-01	6.7069125175e-01
4.3220080566e+02	8.6394797163e-01	6.7057752609e-01	6.6699534655e-01
4.3262051392e+02	8.6130169114e-01	6.5950548649e-01	6.6037088633e-01
4.3304022217e+02	8.5858174767e-01	6.5423280001e-01	6.5618795156e-01
4.3345993042e+02	8.5578556443e-01	6.5373992920e-01	6.5059822798e-01
4.3387963867e+02	8.5291046095e-01	6.4594566822e-01	6.4497351646e-01
4.3429934692e+02	8.4995364869e-01	6.3945466280e-01	6.3843935728e-01
4.3471905518e+02	8.4691222652e-01	6.3131982088e-01	6.3190066814e-01
4.3513876343e+02	8.4378317604e-01	6.1497122049e-01	6.2571161985e-01
4.3555847168e+02	8.4056335676e-01	6.1659222841e-01	6.1757373810e-01
4.3597817993e+02	8.3724950103e-01	6.1001521349e-01	6.1028045416e-01
4.3639788818e+02	8.3383820898e-01	5.9559994936e-01	6.0295283794e-01
4.3681759644e+02	8.3032594316e-01	5.8606427908e-01	5.9469819069e-01
4.3723730469e+02	8.2670902313e-01	5.7731187344e-01	5.8525753021e-01
4.3765701294e+02	8.2298361987e-01	5.7011020184e-01	5.7627975941e-01
4.3807672119e+02	8.1914575013e-01	5.6030660868e-01	5.6813687086e-01
4.3849642944e+02	8.1519127063e-01	5.4541581869e-01	5.5786973238e-01
4.3891613770e+02	8.1111587219e-01	5.3539311886e-01	5.4814243317e-01
4.3933584595e+02	8.0691507382e-01	5.1312518120e-01	5.3667837381e-01
4.3975555420e+02	8.0258421679e-01	5.0708520412e-01	5.2604693174e-01
4.4017526245e+02	7.9811845863e-01	4.9551090598e-01	5.1430988312e-01
4.4059497070e+02	7.9351276729e-01	4.9093985558e-01	5.0133281946e-01
4.4101467896e+02	7.8876191535e-01	4.7345224023e-01	4.8913541436e-01
4.4143438721e+02	7.8386047434e-01	4.6127587557e-01	4.7570863366e-01
4.4185412598e+02	7.7880243580e-01	4.4394007325e-01	4.6297883987e-01
4.4227383423e+02	7.7358268840e-01	4.3003356457e-01	4.4973778725e-01
4.4269354248e+02	7.6819480740e-01	4.1671308875e-01	4.3387937546e-01
4.4311325073e+02	7.6263250958e-01	4.0403729677e-01	4.2016637325e-01
4.4353295898e+02	7.5688928761e-01	3.8504424691e-01	4.0549632907e-01
4.4395266724e+02	7.5095840727e-01	3.7359535694e-01	3.9000099897e-01
4.4437237549e+02	7.4483290549e-01	3.5766512156e-01	3.7447965145e-01
4.4479208374e+02	7.3850558962e-01	3.3679091930e-01	3.5867926478e-01
4.4521179199e+02	7.3196903786e-01	3.2113286853e-01	3.4363090992e-01
4.4563150024e+02	7.2521560145e-01	3.0057987571e-01	3.2647824287e-01
4.4605120850e+02	7.1823740851e-01	2.7664053440e-01	3.0989435315e-01
4.4647091675e+02	7.1102637014e-01	2.5876495242e-01	2.9284480214e-01
4.4689062500e+02	7.0357418895e-01	2.4747659266e-01	2.7960342169e-01
4.4731033325e+02	6.9587237054e-01	2.3586286604e-01	2.6262429357e-01
4.4773004150e+02	6.8791223821e-01	2.2117419541e-01	2.4623250961e-01
4.4814974976e+02	6.7968495155e-01	2.0839157701e-01	2.3214544356e-01
4.4856945801e+02	6.7118152942e-01	1.9161754847e-01	2.1624805033e-01
4.4898916626e+02	6.6239287783e-01	1.7481096089e-01	2.0184279978e-01
4.4940887451e+02	6.5330982354e-01	1.5942706168e-01	1.8795549870e-01
4.4982858276e+02	6.4392315403e-01	1.4930720627e-01	1.7341476679e-01
4.5024829102e+02	6.3422366468e-01	1.4041836560e-01	1.5966787934e-01
4.5066799927e+02	6.2420221407e-01	1.2380083650e-01	1.4633275568e-01
4.5108770752e+02	6.1384978834e-01	1.1311756819e-01	1.3334827125e-01
4.5150741577e+02	6.0315757566e-01	1.0123015940e-01	1.2042780966e-01
4.5192712402e+02	5.9211705188e-01	9.5665030181e-02	1.0793191195e-01
4.5234683228e+02	5.8072007860e-01	8.4458239377e-02	9.5521323383e-02
4.5276657104e+02	5.6895814622e-01	5.3075294942e-02	8.4853187203e-02
4.5318627930e+02	5.5682594747e-01	6.1316978186e-02	7.4342481792e-02
4.5360598755e+02	5.4431638979e-01	5.5448509753e-02	6.6194981337e-02
4.5402569580e+02	5.3142414880e-01	5.0737865269e-02	5.7667378336e-02
4.5444540405e+02	5.1814500484e-01	4.1710212827e-02	5.0270512700e-02
4.5486511230e+02	5.0447604100e-01	3.4031309187e-02	4.2276356369e-02
4.5528482056e+02	4.9041586162e-01	3.4944616258e-02	3.7393759936e-02
4.5570452881e+02	4.7596483191e-01	2.9334623367e-02	3.2271187752e-02
4.5612423706e+02	4.6112533905e-01	2.6637826115e-02	2.7364403009e-02
4.5654394531e+02	4.4590207463e-01	2.3955717683e-02	2.3480953649e-02
4.5696365356e+02	4.3030233774e-01	2.0297186449e-02	2.0168134943e-02
4.5738336182e+02	4.1433635732e-01	1.7969364300e-02	1.7809726298e-02
4.5780307007e+02	3.9801763154e-01	1.6576129943e-02	1.5171284787e-02
4.5822277832e+02	3.8136328095e-01	1.4609779231e-02	1.3340076432e-02
4.5864248657e+02	3.6439441096e-01	1.3362753205e-02	1.1847743765e-02
4.5906219482e+02	3.4713647775e-01	1.2478788383e-02	9.9477013573e-03
4.5948190308e+02	3.2961965045e-01	5.2251694724e-03	8.7164919823e-03
4.5990161133e+02	3.1187916045e-01	8.2164127380e-03	7.2125904262e-03
4.6032131958e+02	2.9395562714e-01	8.9925779030e-03	6.2289829366e-03
4.6074102783e+02	2.7589534757e-01	8.7186833844e-03	4.8054954968e-03
4.6116073608e+02	2.5775053570e-01	8.1290137023e-03	4.0151565336e-03
4.6158044434e+02	2.3957949544e-01	7.5559932739e-03	3.0091700610e-03
4.6200015259e+02	2.2144671022e-01	7.2681806050e-03	2.8284920845e-03
4.6241986084e+02	2.0342283102e-01	7.2042471729e-03	2.5025215000e-03
4.6283956909e+02	1.8558454468e-01	6.1889090575e-03	2.0472763572e-03
4.6325927734e+02	1.6801430455e-01	5.9635248035e-03	1.9893944263e-03
4.6367901611e+02	1.5079867084e-01	5.7978108525e-03	2.0411438309e-03
4.6409872437e+02	1.3403270226e-01	5.6706094183e-03	1.7286555376e-03
4.6451843262e+02	1.1781166815e-01	5.2122524939e-03	1.7571452772e-03
4.6493814087e+02	1.0223513954e-01	4.9586701207e-03	1.7788681434e-03
4.6535784912e+02	8.7404594697e-02	5.0705880858e-03	1.8112203106e-03
4.6577755737e+02	7.3422120677e-02	5.0655612722e-03	1.7442269018e-03
4.6619726562e+02	6.0388963069e-02	2.3648107890e-03	1.7324555665e-03
4.6661697388e+02	4.8403951225e-02	4.4822082855e-03	1.6685700975e-03
4.6703668213e+02	3.7561834834e-02	5.0602266565e-03	1.9107933622e-03
4.6745639038e+02	2.7951575993e-02	4.8119076528e-03	1.6514763702e-03
4.6787609863e+02	1.9654647761e-02	5.1045212895e-03	1.6593246255e-03
4.6829580688e+02	1.2743394939e-02	5.1016085781e-03	1.4658517903e-03
4.6871551514e+02	7.2795150321e-03	5.1968004555e-03	1.6366948839e-03
4.6913522339e+02	3.3127164901e-03	5.5928817019e-03	1.4513093047e-03
4.6955493164e+02	8.7960714130e-04	6.7131156102e-03	1.8420235720e-03
4.6997463989e+02	2.8583698228e-06	5.9658684768e-03	2.1904567257e-03
4.7039434814e+02	6.9068022709e-04	6.3888537697e-03	2.4306746200e-03
4.7081405640e+02	2.9366299900e-03	7.1002594195e-03	2.6044433471e-03
4.7123376465e+02	6.7197624530e-03	7.4909259565e-03	2.8878080193e-03
4.7165347290e+02	1.2005115446e-02	7.9623041674e-03	3.0997691210e-03
4.7207318115e+02	1.8744509717e-02	8.9172059670e-03	3.5894233733e-03
4.7249288940e+02	2.6877629418e-02	1.0150601156e-02	3.8211732171e-03
4.7291259766e+02	3.6333338737e-02	1.1347486638e-02	4.3049333617e-03
4.7333230591e+02	4.7031182497e-02	1.2222257443e-02	5.0994213670e-03
4.7375201416e+02	5.8883013942e-02	1.4267528430e-02	5.4956087843e-03
4.7417175293e+02	7.1795666690e-02	1.5719084069e-02	6.0780062340e-03
4.7459146118e+02	8.5668830979e-02	1.7850352451e-02	7.6925703324e-03
4.7501116943e+02	1.0040236876e-01	1.9780637696e-02	8.9384522289e-03
4.7543087769e+02	1.1589421487e-01	2.1821282804e-02	1.0627227835e-02
4.7585058594e+02	1.3204274533e-01	2.3634878919e-02	1.3051090762e-02
4.7627029419e+02	1.4874809537e-01	2.4893911555e-02	1.5860186890e-02
4.7669000244e+02	1.6591330927e-01	3.3263150603e-02	1.8112784252e-02
4.7710971069e+02	1.8344531147e-01	3.6862432957e-02	2.1454593167e-02
4.7752941895e+02	2.0125569606e-01	4.1930474341e-02	2.5160135701e-02
4.7794912720e+02	2.1926133828e-01	4.5494344085e-02	2.9349777848e-02
4.7836883545e+02	2.3738483720e-01	5.2683763206e-02	3.5385053605e-02
4.7878854370e+02	2.5555480287e-01	5.7074472308e-02	4.2632680386e-02
4.7920825195e+02	2.7370600370e-01	6.5933071077e-02	5.0685174763e-02
4.7962796021e+02	2.9177939192e-01	7.2977446020e-02	5.9465575963e-02
4.8004766846e+02	3.0972202531e-01	8.1272363663e-02	6.9762893021e-02
4.8046737671e+02	3.2748690333e-01	9.0611897409e-02	7.9620674253e-02
4.8088708496e+02	3.4503273500e-01	9.9389322102e-02	9.1695025563e-02
4.8130679321e+02	3.6232365453e-01	1.1229293048e-01	1.0436410457e-01
4.8172650146e+02	3.7932889922e-01	1.1995480210e-01	1.1735077202e-01
4.8214620972e+02	3.9602246241e-01	1.3487932086e-01	1.3080795109e-01
4.8256591797e+02	4.1238273238e-01	1.2622609735e-01	1.4533396065e-01
4.8298562622e+02	4.2839212639e-01	1.5742780268e-01	1.5907904506e-01
4.8340533447e+02	4.4403672751e-01	1.7084445059e-01	1.7285667360e-01
4.8382504272e+02	4.5930593006e-01	1.8167470396e-01	1.8788078427e-01
4.8424475098e+02	4.7419209838e-01	1.9598723948e-01	2.0038199425e-01
4.8466445923e+02	4.8869024228e-01	2.1448287368e-01	2.1358819306e-01
4.8508419800e+02	5.0279872306e-01	2.1730101109e-01	2.2620347142e-01
4.8550390625e+02	5.1651489393e-01	2.2610442340e-01	2.3993852735e-01
4.8592361450e+02	5.2984099105e-01	2.4257445335e-01	2.5177893043e-01
4.8634332275e+02	5.4277975961e-01	2.4584418535e-01	2.6494902372e-01
4.8676303101e+02	5.5533527282e-01	2.6340186596e-01	2.7591210604e-01
4.8718273926e+02	5.6751273153e-01	2.7627566457e-01	2.8778052330e-01
4.8760244751e+02	5.7931828341e-01	2.9162988067e-01	2.9930624366e-01
4.8802215576e+02	5.9075886094e-01	2.9482442141e-01	3.1002902985e-01
4.8844186401e+02	6.0184203680e-01	3.1106132269e-01	3.2123735547e-01
4.8886157227e+02	6.1257589548e-01	3.2157939672e-01	3.3136671782e-01
4.8928128052e+02	6.2296892000e-01	3.3147028089e-01	3.4221917391e-01
4.8970098877e+02	6.3302989219e-01	3.3808380365e-01	3.5340234637e-01
4.9012069702e+02	6.4276780568e-01	3.3965879679e-01	3.6360982060e-01
4.9054040527e+02	6.5219179007e-01	3.6525028944e-01	3.7343797088e-01
4.9096011353e+02	6.6131104546e-01	3.6779505014e-01	3.8255667686e-01
4.9137982178e+02	6.7013478607e-01	3.8197827339e-01	3.9312332869e-01
4.9179953003e+02	6.7867219215e-01	3.8803896308e-01	4.0199807286e-01
4.9221923828e+02	6.8693236916e-01	4.0048226714e-01	4.1030597687e-01
4.9263894653e+02	6.9492431349e-01	4.2974871397e-01	4.2100217938e-01
4.9305865479e+02	7.0265688384e-01	4.1403013468e-01	4.2999961972e-01
4.9347836304e+02	7.1013877777e-01	4.4272994995e-01	4.3797573447e-01
4.9389807129e+02	7.1737851258e-01	4.3452093005e-01	4.4798526168e-01
4.9431777954e+02	7.2438441013e-01	4.3885627389e-01	4.5619347692e-01
4.9473748779e+02	7.3116458501e-01	4.5482793450e-01	4.6472799778e-01
4.9515719604e+02	7.3772693570e-01	4.6226060390e-01	4.7305113077e-01
4.9557690430e+02	7.4407913818e-01	4.6708205342e-01	4.8126032948e-01
4.9599664307e+02	7.5022908176e-01	4.7497609258e-01	4.8985996842e-01
4.9641635132e+02	7.5618309300e-01	4.8862305284e-01	4.9798470736e-01
4.9683605957e+02	7.6194861708e-01	4.8742416501e-01	5.0565665960e-01
4.9725576782e+02	7.6753241580e-01	4.9540793896e-01	5.1394420862e-01
4.9767547607e+02	7.7294102374e-01	5.0855678320e-01	5.2270859480e-01
4.9809518433e+02	7.7818075102e-01	5.1238232851e-01	5.3021603823e-01
4.9851489258e+02	7.8325768679e-01	5.1970213652e-01	5.3786665201e-01
4.9893460083e+02	7.8817770341e-01	5.3220766783e-01	5.4460304976e-01
4.9935430908e+02	7.9294646108e-01	5.2785360813e-01	5.5206471682e-01
4.9977401733e+02	7.9756941292e-01	5.4630470276e-01	5.6037706137e-01
5.0019372559e+02	8.0205181036e-01	5.5283516645e-01	5.6632173061e-01
5.0061343384e+02	8.0639870876e-01	5.5859488249e-01	5.7521951199e-01
5.0103314209e+02	8.1061497318e-01	5.6868350506e-01	5.8183866739e-01
5.0145285034e+02	8.1470528423e-01	5.7240468264e-01	5.8896809816e-01
5.0187255859e+02	8.1867414408e-01	5.8502084017e-01	5.9535688162e-01
5.0229226685e+02	8.2252588235e-01	5.8523750305e-01	6.0217112303e-01
5.0271197510e+02	8.2626466206e-01	5.9769296646e-01	6.0973566771e-01
5.0313168335e+02	8.2989448549e-01	6.1074608564e-01	6.1528956890e-01
5.0355139160e+02	8.3341919999e-01	6.0628855228e-01	6.2201261520e-01
5.0397109985e+02	8.3684250365e-01	6.1454057693e-01	6.2845045328e-01
5.0439080811e+02	8.4016795091e-01	6.1707115173e-01	6.3426578045e-01
5.0481051636e+02	8.4339895800e-01	6.2387681007e-01	6.4019125700e-01
5.0523022461e+02	8.4653880825e-01	6.3143855333e-01	6.4552181959e-01
5.0564993286e+02	8.4959065727e-01	6.3975340128e-01	6.5163308382e-01
5.0606964111e+02	8.5255753793e-01	6.3960993290e-01	6.5678125620e-01
5.0648937988e+02	8.5544257215e-01	6.4570719004e-01	6.6238951683e-01
5.0690908813e+02	8.5824814245e-01	6.5289747715e-01	6.6717517376e-01
5.0732879639e+02	8.6097715485e-01	6.6171097755e-01	6.7255878448e-01
5.0774850464e+02	8.6363219842e-01	6.6570752859e-01	6.7766332626e-01
5.0816821289e+02	8.6621576227e-01	6.7026919127e-01	6.8187236786e-01
5.0858792114e+02	8.6873023960e-01	6.7115718126e-01	6.8622207642e-01
5.0900762939e+02	8.7117793160e-01	6.7458331585e-01	6.9160997868e-01
5.0942733765e+02	8.7356105128e-01	6.8172776699e-01	6.9612848759e-01
5.0984704590e+02	8.7588172703e-01	6.8693286180e-01	6.9967824221e-01
5.1026675415e+02	8.7814200613e-01	6.9206714630e-01	7.0460224152e-01
5.1068646240e+02	8.8034385811e-01	7.0154350996e-01	7.0898091793e-01
5.1110617065e+02	8.8248917790e-01	6.9624584913e-01	7.1291583776e-01
5.1152587891e+02	8.8457978896e-01	7.0520037413e-01	7.1694386005e-01
5.1194558716e+02	8.8661744619e-01	7.0744508505e-01	7.2070580721e-01
5.1236529541e+02	8.8860383878e-01	7.0609498024e-01	7.2539794445e-01
5.1278503418e+02	8.9054073193e-01	7.1816492081e-01	7.2873711586e-01
5.1320471191e+02	8.9242927423e-01	7.2268199921e-01	7.3312997818e-01
5.1362445068e+02	8.9427152291e-01	7.2925531864e-01	7.3653644323e-01
5.1404412842e+02	8.9606839430e-01	7.2956389189e-01	7.3993360996e-01
5.1446386719e+02	8.9782181009e-01	7.3388844728e-01	7.4360918999e-01
5.1488354492e+02	8.9953260804e-01	7.4807459116e-01	7.4775105715e-01
5.1530328369e+02	9.0120258467e-01	7.3981720209e-01	7.5095748901e-01
5.1572296143e+02	9.0283250593e-01	7.4995565414e-01	7.5442439318e-01
5.1614270020e+02	9.0442405264e-01	7.5390887260e-01	7.5775557756e-01
5.1656237793e+02	9.0597792513e-01	7.5098770857e-01	7.6167309284e-01
5.1698211670e+02	9.0749569723e-01	7.5733619928e-01	7.6416558027e-01
5.1740179443e+02	9.0897800929e-01	7.5125199556e-01	7.6731127501e-01
5.1782153320e+02	9.1042633617e-01	7.6538008451e-01	7.7009147406e-01
5.1824121094e+02	9.1184126337e-01	7.6510947943e-01	7.7360862494e-01
5.1866094971e+02	9.1322417408e-01	7.6738953590e-01	7.7626544237e-01
5.1908062744e+02	9.1457560368e-01	7.7332717180e-01	7.7910679579e-01
5.1950036621e+02	9.1589685045e-01	7.7585905790e-01	7.8262114525e-01
5.1992004395e+02	9.1718840388e-01	7.7869516611e-01	7.8489208221e-01
5.2033978271e+02	9.1845148352e-01	7.8465306759e-01	7.8704106808e-01
5.2075946045e+02	9.1968653691e-01	7.9094392061e-01	7.9005497694e-01
5.2117919922e+02	9.2089471057e-01	7.9028016329e-01	7.9236596823e-01
5.2159887695e+02	9.2207641361e-01	7.9218292236e-01	7.9496204853e-01
5.2201861572e+02	9.2323272473e-01	8.0557817221e-01	7.9763388634e-01
5.2243829346e+02	9.2436401789e-01	7.9845672846e-01	7.9956430197e-01
5.2285803223e+02	9.2547130878e-01	8.0479496717e-01	8.0185723305e-01
5.2327777100e+02	9.2655509505e-01	8.0027246475e-01	8.0445635319e-01
5.2369744873e+02	9.2761586609e-01	8.0538642406e-01	8.0694383383e-01
5.2411718750e+02	9.2865455129e-01	8.1164026260e-01	8.0900102854e-01
5.2453686523e+02	9.2967144904e-01	8.0967897177e-01	8.1148856878e-01
5.2495660400e+02	9.3066743614e-01	8.1733602285e-01	8.1341505051e-01
5.2537628174e+02	9.3164278506e-01	8.1694078445e-01	8.1542539597e-01
5.2579602051e+02	9.3259832363e-01	8.1951981783e-01	8.1753498316e-01
5.2621569824e+02	9.3353430058e-01	8.1764370203e-01	8.1937056780e-01
5.2663543701e+02	9.3445149805e-01	8.2277369499e-01	8.2165557146e-01
5.2705511475e+02	9.3535014297e-01	8.1295275688e-01	8.2379716635e-01
5.2747485352e+02	9.3623097491e-01	8.2557791471e-01	8.2588684559e-01
5.2789453125e+02	9.3709420078e-01	8.2368767262e-01	8.2775932550e-01
5.2831427002e+02	9.3794052039e-01	8.2739484310e-01	8.2906651497e-01
5.2873394775e+02	9.3877012229e-01	8.3768588305e-01	8.3211404085e-01
5.2915368652e+02	9.3958366912e-01	8.3289361000e-01	8.3300280571e-01
5.2957336426e+02	9.4038133259e-01	8.3454221487e-01	8.3553385735e-01
5.2999310303e+02	9.4116374059e-01	8.3361220360e-01	8.3719652891e-01
5.3041278076e+02	9.4193104934e-01	8.3529311419e-01	8.3847016096e-01
5.3083251953e+02	9.4268385424e-01	8.3963233232e-01	8.4064203501e-01
5.3125219727e+02	9.4342229728e-01	8.4003329277e-01	8.4239548445e-01
5.3167193604e+02	9.4414694340e-01	8.4309667349e-01	8.4406524897e-01
5.3209161377e+02	9.4485792154e-01	8.4505563974e-01	8.4564721584e-01
5.3251135254e+02	9.4555576812e-01	8.4569126368e-01	8.4738737345e-01
5.3293103027e+02	9.4624060004e-01	8.4848153591e-01	8.4888184071e-01
5.3335076904e+02	9.4691292699e-01	8.4770929813e-01	8.5033369064e-01
5.3377050781e+02	9.4757294991e-01	8.5319709778e-01	8.5201299191e-01
5.3419018555e+02	9.4822086811e-01	8.5258495808e-01	8.5330051184e-01
5.3460992432e+02	9.4885715424e-01	8.5515254736e-01	8.5452729464e-01
5.3502960205e+02	9.4948189919e-01	8.5575008392e-01	8.5631006956e-01
5.3544934082e+02	9.5009555275e-01	8.5726052523e-01	8.5677492619e-01
5.3586901855e+02	9.5069819686e-01	8.6045521498e-01	8.5873538256e-01
5.3628875732e+02	9.5129025983e-01	8.6485022306e-01	8.6052364111e-01
5.3670843506e+02	9.5187181535e-01	8.6116999388e-01	8.6154592037e-01
5.3712817383e+02	9.5244327154e-01	8.6512011290e-01	8.6313223839e-01
5.3754785156e+02	9.5300469447e-01	8.6147201061e-01	8.6292076111e-01
5.3796759033e+02	9.5355647329e-01	8.6197447777e-01	8.6541932821e-01
5.3838726807e+02	9.5409866705e-01	8.6627584696e-01	8.6662989855e-01
5.3880700684e+02	9.5463164699e-01	8.6414963007e-01	8.6752623320e-01
5.3922668457e+02	9.5515546575e-01	8.6392658949e-01	8.6875593662e-01
5.3964642334e+02	9.5567047768e-01	8.6817830801e-01	8.7013149261e-01
5.4006610107e+02	9.5617672949e-01	8.6598581076e-01	8.7129312754e-01
5.4048583984e+02	9.5667455962e-01	8.6645114422e-01	8.7265485525e-01
5.4090551758e+02	9.5716400933e-01	8.6744755507e-01	8.7385064363e-01
5.4132525635e+02	9.5764540206e-01	8.6652040482e-01	8.7480688095e-01
5.4174493408e+02	9.5811877400e-01	8.6653321981e-01	8.7577664852e-01
5.4216467285e+02	9.5858443443e-01	8.7011486292e-01	8.7651979923e-01
5.4258435059e+02	9.5904241494e-01	8.6778807640e-01	8.7756949663e-01
5.4300408936e+02	9.5949301138e-01	8.7061977386e-01	8.7911456823e-01
5.4342376709e+02	9.5993625109e-01	8.6426019669e-01	8.8007146120e-01
5.4384350586e+02	9.6037241726e-01	8.7048274279e-01	8.8103324175e-01
5.4426324463e+02	9.6080159520e-01	8.7235683203e-01	8.8190752268e-01
5.4468292236e+02	9.6122387042e-01	8.7629890442e-01	8.8305944204e-01
5.4510266113e+02	9.6163950838e-01	8.7581062317e-01	8.8386613131e-01
5.4552233887e+02	9.6204852718e-01	8.7632250786e-01	8.8482481241e-01
5.4594207764e+02	9.6245118125e-01	8.7772268057e-01	8.8568621874e-01
5.4636175537e+02	9.6284748551e-01	8.7890726328e-01	8.8710331917e-01
5.4678149414e+02	9.6323768392e-01	8.7780046463e-01	8.8776820898e-01
5.4720117188e+02	9.6362178848e-01	8.7997335196e-01	8.8889282942e-01
5.4762091064e+02	9.6400003323e-01	8.8069599867e-01	8.8967901468e-01
5.4804058838e+02	9.6437242747e-01	8.8546997309e-01	8.9055722952e-01
5.4846032715e+02	9.6473919585e-01	8.8531380892e-01	8.9149463177e-01
5.4888000488e+02	9.6510034519e-01	8.8698983192e-01	8.9241850376e-01
5.4929974365e+02	9.6545609121e-01	8.8790804148e-01	8.9349031448e-01
5.4971942139e+02	9.6580643845e-01	8.8953751326e-01	8.9438015223e-01
5.5013916016e+02	9.6615159417e-01	8.9159131050e-01	8.9514118433e-01
5.5055883789e+02	9.6649156081e-01	8.9194440842e-01	8.9602386951e-01
5.5097857666e+02	9.6682653758e-01	8.9226120710e-01	8.9691543579e-01
5.5139825439e+02	9.6715652500e-01	8.9237833023e-01	8.9796453714e-01
5.5181799316e+02	9.6748171463e-01	8.9526319504e-01	8.9853107929e-01
5.5223767090e+02	9.6780210522e-01	8.9592248201e-01	8.9937525988e-01
5.5265740967e+02	9.6811788108e-01	8.9793753624e-01	9.0026539564e-01
5.5307708740e+02	9.6842903931e-01	8.9705163240e-01	9.0111505985e-01
5.5349682617e+02	9.6873575732e-01	8.9663541317e-01	9.0175467730e-01
5.5391650391e+02	9.6903803072e-01	9.0168225765e-01	9.0291875601e-01
5.5433624268e+02	9.6933603032e-01	9.0468847752e-01	9.0369886160e-01
5.5475592041e+02	9.6962975039e-01	9.0409964323e-01	9.0451854467e-01
5.5517565918e+02	9.6991935546e-01	9.0673840046e-01	9.0500217676e-01
5.5559539795e+02	9.7020487979e-01	9.0690028667e-01	9.0588468313e-01
5.5601507568e+02	9.7048635823e-01	9.0819329023e-01	9.0698951483e-01
5.5643481445e+02	9.7076394646e-01	9.0957725048e-01	9.0773999691e-01
5.5685449219e+02	9.7103763583e-01	9.0884375572e-01	9.0869724751e-01
5.5727423096e+02	9.7130757644e-01	9.1355419159e-01	9.0947294235e-01
5.5769390869e+02	9.7157375867e-01	9.1195976734e-01	9.1045665741e-01
5.5811364746e+02	9.7183632730e-01	9.1319793463e-01	9.1108465195e-01
5.5853332520e+02	9.7209527180e-01	9.1300266981e-01	9.1180312634e-01
5.5895306396e+02	9.7235073189e-01	9.1440451145e-01	9.1285282373e-01
5.5937274170e+02	9.7260269622e-01	9.1495746374e-01	9.1396886110e-01
5.5979248047e+02	9.7285129967e-01	9.1622781754e-01	9.1439294815e-01
5.6021215820e+02	9.7309653015e-01	9.1514748335e-01	9.1540503502e-01
5.6063189697e+02	9.7333851790e-01	9.1640937328e-01	9.1637104750e-01
5.6105157471e+02	9.7357725017e-01	9.1714280844e-01	9.1682642698e-01
5.6147131348e+02	9.7381285279e-01	9.1817498207e-01	9.1770362854e-01
5.6189099121e+02	9.7404531238e-01	9.1808450222e-01	9.1846096516e-01
5.6231072998e+02	9.7427475054e-01	9.2202615738e-01	9.1924130917e-01
5.6273040771e+02	9.7450115336e-01	9.1995513439e-01	9.1987079382e-01
5.6315014648e+02	9.7472463839e-01	9.1921824217e-01	9.2076444626e-01
5.6356982422e+02	9.7494519123e-01	9.1843199730e-01	9.2158311605e-01
5.6398956299e+02	9.7516292555e-01	9.1965746880e-01	9.2227989435e-01
5.6440924072e+02	9.7537782652e-01	9.2137742043e-01	9.2270517349e-01
5.6482897949e+02	9.7559000412e-01	9.2321240902e-01	9.2365479469e-01
5.6524865723e+02	9.7579944309e-01	9.2389822006e-01	9.2449247837e-01
5.6566839600e+02	9.7600624987e-01	9.2125481367e-01	9.2497932911e-01
5.6608813477e+02	9.7621043838e-01	9.2341691256e-01	9.2558938265e-01
5.6650781250e+02	9.7641202314e-01	9.2290669680e-01	9.2629456520e-01
5.6692755127e+02	9.7661110552e-01	9.2489409447e-01	9.2695271969e-01
5.6734722900e+02	9.7680766950e-01	9.2429596186e-01	9.2756074667e-01
5.6776696777e+02	9.7700181325e-01	9.2274528742e-01	9.2815208435e-01
5.6818664551e+02	9.7719352050e-01	9.2566382885e-01	9.2878234386e-01
5.6860638428e+02	9.7738288637e-01	9.2306381464e-01	9.2951065302e-01
5.6902606201e+02	9.7756989436e-01	9.2389822006e-01	9.3022352457e-01
5.6944580078e+02	9.7775463665e-01	9.2683708668e-01	9.3039953709e-01
5.6986547852e+02	9.7793709656e-01	9.2783129215e-01	9.3144625425e-01
5.7028521729e+02	9.7811736346e-01	9.2854458094e-01	9.3179786205e-01
5.7070489502e+02	9.7829542049e-01	9.2938709259e-01	9.3288344145e-01
5.7112463379e+02	9.7847135432e-01	9.3083679676e-01	9.3323814869e-01
5.7154431152e+02	9.7864514797e-01	9.2996448278e-01	9.3409109116e-01
5.7196405029e+02	9.7881688549e-01	9.3350797892e-01	9.3421751261e-01
5.7238372803e+02	9.7898654981e-01	9.2979419231e-01	9.3502211571e-01
5.7280346680e+02	9.7915422248e-01	9.3349415064e-01	9.3556761742e-01
5.7322314453e+02	9.7931988633e-01	9.3436056376e-01	9.3606400490e-01
5.7364288330e+02	9.7948362053e-01	9.3693202734e-01	9.3676739931e-01
5.7406256104e+02	9.7964540782e-01	9.3789583445e-01	9.3729537725e-01
5.7448229980e+02	9.7980532508e-01	9.3719786406e-01	9.3795633316e-01
5.7490197754e+02	9.7996335501e-01	9.3782633543e-01	9.3840324879e-01
5.7532171631e+02	9.8011957225e-01	9.3858194351e-01	9.3904054165e-01
5.7574139404e+02	9.8027395948e-01	9.3971830606e-01	9.3949902058e-01
5.7616113281e+02	9.8042658921e-01	9.3889582157e-01	9.4008409977e-01
5.7658087158e+02	9.8057746593e-01	9.4102823734e-01	9.4073867798e-01
5.7700054932e+02	9.8072659463e-01	9.4121783972e-01	9.4130206108e-01
5.7742028809e+02	9.8087404475e-01	9.4142925739e-01	9.4210273027e-01
5.7783996582e+02	9.8101979899e-01	9.4349402189e-01	9.4232666492e-01
5.7825970459e+02	9.8116392485e-01	9.4234287739e-01	9.4316661358e-01
5.7867938232e+02	9.8130640503e-01	9.4350534678e-01	9.4342398643e-01
5.7909912109e+02	9.8144730516e-01	9.4444280863e-01	9.4412636757e-01
5.7951879883e+02	9.8158660800e-01	9.4563210011e-01	9.4435709715e-01
5.7993853760e+02	9.8172437737e-01	9.4528400898e-01	9.4490027428e-01
5.8035821533e+02	9.8186059606e-01	9.4449800253e-01	9.4576525688e-01
5.8077795410e+02	9.8199532615e-01	9.4781988859e-01	9.4604623318e-01
5.8119763184e+02	9.8212855052e-01	9.4793736935e-01	9.4656366110e-01
5.8161737061e+02	9.8226032955e-01	9.4918149710e-01	9.4690996408e-01
5.8203704834e+02	9.8239064619e-01	9.4900435209e-01	9.4753211737e-01
5.8245678711e+02	9.8251955921e-01	9.4887518883e-01	9.4821202755e-01
5.8287646484e+02	9.8264705162e-01	9.4858068228e-01	9.4860911369e-01
5.8329620361e+02	9.8277318066e-01	9.5067435503e-01	9.4903707504e-01
5.8371588135e+02	9.8289792940e-01	9.5064216852e-01	9.4945716858e-01
5.8413562012e+02	9.8302135357e-01	9.5078945160e-01	9.4994318485e-01
5.8455529785e+02	9.8314343636e-01	9.5177674294e-01	9.5017850399e-01
5.8497503662e+02	9.8326423202e-01	9.5266985893e-01	9.5079690218e-01
5.8539471436e+02	9.8338372385e-01	9.5279735327e-01	9.5120978355e-01
5.8581445312e+02	9.8350196470e-01	9.5271414518e-01	9.5138382912e-01
5.8623413086e+02	9.8361893797e-01	9.5300161839e-01	9.5199340582e-01
5.8665386963e+02	9.8373469515e-01	9.5820611715e-01	9.5237600803e-01
5.8707354736e+02	9.8384921975e-01	9.5309627056e-01	9.5276314020e-01
5.8749328613e+02	9.8396256196e-01	9.5314878225e-01	9.5299339294e-01
5.8791302490e+02	9.8407472162e-01	9.5393371582e-01	9.5373266935e-01
5.8833270264e+02	9.8418569899e-01	9.5193833113e-01	9.5387572050e-01
5.8875244141e+02	9.8429554236e-01	9.5429909229e-01	9.5413476229e-01
5.8917211914e+02	9.8440423554e-01	9.5422500372e-01	9.5467317104e-01
5.8959185791e+02	9.8451182563e-01	9.5466315746e-01	9.5509022474e-01
5.9001153564e+02	9.8461829656e-01	9.5476073027e-01	9.5539599657e-01
5.9043127441e+02	9.8472369426e-01	9.5521885157e-01	9.5594882965e-01
5.9085095215e+02	9.8482800279e-01	9.5560854673e-01	9.5631414652e-01
5.9127069092e+02	9.8493126696e-01	9.5549470186e-01	9.5667403936e-01
5.9169036865e+02	9.8503347097e-01	9.5638740063e-01	9.5710498095e-01
5.9211010742e+02	9.8513465852e-01	9.5617145300e-01	9.5749205351e-01
5.9252978516e+02	9.8523481395e-01	9.5743215084e-01	9.5779442787e-01
5.9294952393e+02	9.8533397992e-01	9.5728421211e-01	9.5835077763e-01
5.9336920166e+02	9.8543214089e-01	9.5703017712e-01	9.5866072178e-01
5.9378894043e+02	9.8552933851e-01	9.5744645596e-01	9.5885950327e-01
5.9420861816e+02	9.8562555737e-01	9.5839500427e-01	9.5945137739e-01
5.9462835693e+02	9.8572083813e-01	9.5876282454e-01	9.5985293388e-01
5.9504803467e+02	9.8581516553e-01	9.5967966318e-01	9.5994985104e-01
5.9546777344e+02	9.8590857927e-01	9.5898550749e-01	9.6036237478e-01
5.9588745117e+02	9.8600106423e-01	9.6034401655e-01	9.6064835787e-01
5.9630718994e+02	9.8609265919e-01	9.5951730013e-01	9.6099579334e-01
5.9672686768e+02	9.8618334916e-01	9.6172875166e-01	9.6148031950e-01
5.9714660645e+02	9.8627317202e-01	9.6196919680e-01	9.6140128374e-01
5.9756628418e+02	9.8636211294e-01	9.6285861731e-01	9.6184182167e-01
5.9798602295e+02	9.8645020891e-01	9.6154510975e-01	9.6221846342e-01
5.9840576172e+02	9.8653745789e-01	9.6339237690e-01	9.6213048697e-01
5.9882543945e+02	9.8662385814e-01	9.6407651901e-01	9.6325594187e-01
5.9924517822e+02	9.8670944539e-01	9.6369928122e-01	9.6324813366e-01
5.9966485596e+02	9.8679420520e-01	9.6388542652e-01	9.6355944872e-01
6.0008459473e+02	9.8687817247e-01	9.6525883675e-01	9.6375715733e-01
6.0050427246e+02	9.8696133292e-01	9.6592718363e-01	9.6398043633e-01
6.0092401123e+02	9.8704372067e-01	9.6576571465e-01	9.6427786350e-01
6.0134368896e+02	9.8712532156e-01	9.6576499939e-01	9.6471089125e-01
6.0176342773e+02	9.8720616898e-01	9.6567732096e-01	9.6484404802e-01
6.0218310547e+02	9.8728624891e-01	9.6643853188e-01	9.6500223875e-01
6.0260284424e+02	9.8736559400e-01	9.6734958887e-01	9.6547925472e-01
6.0302252197e+02	9.8744419037e-01	9.6697169542e-01	9.6553701162e-01
6.0344226074e+02	9.8752206996e-01	9.6617984772e-01	9.6604621410e-01
6.0386193848e+02	9.8759921904e-01	9.6637982130e-01	9.6619242430e-01
6.0428167725e+02	9.8767566886e-01	9.6674400568e-01	9.6629154682e-01
6.0470135498e+02	9.8775140582e-01	9.6743959188e-01	9.6676844358e-01
6.0512109375e+02	9.8782646050e-01	9.6678525209e-01	9.6695351601e-01
6.0554077148e+02	9.8790081946e-01	9.6781474352e-01	9.6739768982e-01
6.0596051025e+02	9.8797451260e-01	9.6764069796e-01	9.6750748158e-01
6.0638018799e+02	9.8804752665e-01	9.6847838163e-01	9.6781027317e-01
6.0679992676e+02	9.8811989087e-01	9.6779757738e-01	9.6799826622e-01
6.0721960449e+02	9.8819159212e-01	9.6866589785e-01	9.6815454960e-01
6.0763934326e+02	9.8826265904e-01	9.6838647127e-01	9.6842771769e-01
6.0805902100e+02	9.8833307864e-01	9.6741873026e-01	9.6864980459e-01
6.0847875977e+02	9.8840287898e-01	9.6785461903e-01	9.6882832050e-01
6.0889849854e+02	9.8847205720e-01	9.6722352505e-01	9.6909654140e-01
6.0931817627e+02	9.8854061074e-01	9.6699666977e-01	9.6938151121e-01
6.0973791504e+02	9.8860856676e-01	9.6733087301e-01	9.6945840120e-01
6.1015759277e+02	9.8867591262e-01	9.6754050255e-01	9.6983957291e-01
6.1057733154e+02	9.8874267494e-01	9.6767824888e-01	9.7015410662e-01
6.1099700928e+02	9.8880884122e-01	9.6836453676e-01	9.7032159567e-01
6.1141674805e+02	9.8887443754e-01	9.6767944098e-01	9.7054749727e-01
6.1183642578e+02	9.8893945153e-01	9.6741539240e-01	9.7081089020e-01
6.1225616455e+02	9.8900390874e-01	9.6867853403e-01	9.7095978260e-01
6.1267584229e+02	9.8906779694e-01	9.6833848953e-01	9.7117853165e-01
6.1309558105e+02	9.8913114116e-01	9.6839493513e-01	9.7131055593e-01
6.1351525879e+02	9.8919392933e-01	9.6827191114e-01	9.7153395414e-01
6.1393499756e+02	9.8925618595e-01	9.6847510338e-01	9.7184878588e-01
6.1435467529e+02	9.8931789909e-01	9.6801972389e-01	9.7188335657e-01
6.1477441406e+02	9.8937909278e-01	9.7066664696e-01	9.7208654881e-01
6.1519409180e+02	9.8943975521e-01	9.6951460838e-01	9.7247427702e-01
6.1561383057e+02	9.8949990995e-01	9.6937143803e-01	9.7259300947e-01
6.1603350830e+02	9.8955954531e-01	9.7065520287e-01	9.7256743908e-01
6.1645324707e+02	9.8961868439e-01	9.7078686953e-01	9.7294104099e-01
6.1687292480e+02	9.8967731566e-01	9.7093582153e-01	9.7297048569e-01
6.1729266357e+02	9.8973546175e-01	9.7144484520e-01	9.7311198711e-01
6.1771234131e+02	9.8979311125e-01	9.7192513943e-01	9.7333139181e-01
6.1813208008e+02	9.8985028638e-01	9.7251802683e-01	9.7358453274e-01
6.1855175781e+02	9.8990697585e-01	9.7251993418e-01	9.7373574972e-01
6.1897149658e+02	9.8996320144e-01	9.7302293777e-01	9.7386002541e-01
6.1939117432e+02	9.9001895200e-01	9.7330969572e-01	9.7420787811e-01
6.1981091309e+02	9.9007424889e-01	9.7429829836e-01	9.7431856394e-01
6.2023065186e+02	9.9012908903e-01	9.7436708212e-01	9.7427952290e-01
6.2065032959e+02	9.9018346956e-01	9.7530859709e-01	9.7453135252e-01
6.2107006836e+02	9.9023741121e-01	9.7464549541e-01	9.7473067045e-01
6.2148974609e+02	9.9029090317e-01	9.7548067570e-01	9.7510600090e-01
6.2190948486e+02	9.9034396579e-01	9.7655701637e-01	9.7507518530e-01
6.2232916260e+02	9.9039658837e-01	9.7771787643e-01	9.7508132458e-01
6.2274890137e+02	9.9044879088e-01	9.7694981098e-01	9.7551029921e-01
6.2316857910e+02	9.9050056276e-01	9.7803294659e-01	9.7539955378e-01
6.2358831787e+02	9.9055192361e-01	9.7816270590e-01	9.7566831112e-01
6.2400799561e+02	9.9060286297e-01	9.7866332531e-01	9.7569239140e-01
6.2442773438e+02	9.9065340009e-01	9.7891473770e-01	9.7598528862e-01
6.2484741211e+02	9.9070352463e-01	9.7792518139e-01	9.7611153126e-01
6.2526715088e+02	9.9075325548e-01	9.7970151901e-01	9.7608125210e-01
6.2568682861e+02	9.9080258244e-01	9.7982329130e-01	9.7633242607e-01
6.2610656738e+02	9.9085152403e-01	9.8044061661e-01	9.7634613514e-01
6.2652624512e+02	9.9090007018e-01	9.8040801287e-01	9.7655314207e-01
6.2694598389e+02	9.9094823908e-01	9.8036694527e-01	9.7661864758e-01
6.2736566162e+02	9.9099602077e-01	9.8107898235e-01	9.7676336765e-01
6.2778540039e+02	9.9104343311e-01	9.8036032915e-01	9.7696095705e-01
6.2820507812e+02	9.9109046625e-01	9.8121058941e-01	9.7711616755e-01
6.2862481689e+02	9.9113713774e-01	9.8108345270e-01	9.7709536552e-01
6.2904449463e+02	9.9118343784e-01	9.8142319918e-01	9.7732067108e-01
6.2946423340e+02	9.9122938380e-01	9.8138415813e-01	9.7754067183e-01
6.2988391113e+02	9.9127496597e-01	9.8142480850e-01	9.7748899460e-01
6.3030364990e+02	9.9132020131e-01	9.8184454441e-01	9.7778099775e-01
6.3072338867e+02	9.9136508678e-01	9.8161834478e-01	9.7808057070e-01
6.3114306641e+02	9.9140961953e-01	9.8123377562e-01	9.7796362638e-01
6.3156280518e+02	9.9145381605e-01	9.8131954670e-01	9.7823411226e-01
6.3198248291e+02	9.9149766698e-01	9.8173159361e-01	9.7826296091e-01
6.3240222168e+02	9.9154118853e-01	9.8185974360e-01	9.7842419147e-01
6.3282189941e+02	9.9158437146e-01	9.8163646460e-01	9.7858858109e-01
6.3324163818e+02	9.9162723168e-01	9.8137444258e-01	9.7853171825e-01
6.3366131592e+02	9.9166976006e-01	9.8141252995e-01	9.7864061594e-01
6.3408105469e+02	9.9171197225e-01	9.8106396198e-01	9.7877204418e-01
6.3450073242e+02	9.9175385921e-01	9.8137211800e-01	9.7891926765e-01
6.3492047119e+02	9.9179543633e-01	9.8083233833e-01	9.7892600298e-01
6.3534014893e+02	9.9183669466e-01	9.8084771633e-01	9.7907441854e-01
6.3575988770e+02	9.9187764935e-01	9.8089575768e-01	9.7919148207e-01
6.3617956543e+02	9.9191829155e-01	9.8057186604e-01	9.7919458151e-01
6.3659930420e+02	9.9195863613e-01	9.8030751944e-01	9.7919309139e-01
6.3701898193e+02	9.9199867436e-01	9.7981035709e-01	9.7944813967e-01
6.3743872070e+02	9.9203842087e-01	9.8002475500e-01	9.7934091091e-01
6.3785839844e+02	9.9207786701e-01	9.8075759411e-01	9.7931379080e-01
6.3827813721e+02	9.9211702717e-01	9.8008716106e-01	9.7958552837e-01
6.3869781494e+02	9.9215589281e-01	9.7989517450e-01	9.7950762510e-01
6.3911755371e+02	9.9219447808e-01	9.7901147604e-01	9.7970080376e-01
6.3953723145e+02	9.9223277452e-01	9.8015218973e-01	9.7958570719e-01
6.3995697021e+02	9.9227079605e-01	9.7999817133e-01	9.7981697321e-01
6.4037664795e+02	9.9230853434e-01	9.7994381189e-01	9.7969371080e-01
6.4079638672e+02	9.9234600304e-01	9.7945821285e-01	9.7988486290e-01
6.4121612549e+02	9.9238319931e-01	9.7941464186e-01	9.7988837957e-01
6.4163580322e+02	9.9242012044e-01	9.7963398695e-01	9.7997713089e-01
6.4205554199e+02	9.9245677974e-01	9.7953903675e-01	9.8021095991e-01
6.4247521973e+02	9.9249316914e-01	9.7994595766e-01	9.8016434908e-01
6.4289495850e+02	9.9252930174e-01	9.7951114178e-01	9.8029035330e-01
6.4331463623e+02	9.9256516954e-01	9.8034018278e-01	9.8022115231e-01
6.4373437500e+02	9.9260078546e-01	9.7934842110e-01	9.8023086786e-01
6.4415405273e+02	9.9263614156e-01	9.7963654995e-01	9.8022937775e-01
6.4457379150e+02	9.9267125057e-01	9.7994357347e-01	9.8033809662e-01
6.4499346924e+02	9.9270610464e-01	9.7973859310e-01	9.8048901558e-01
6.4541320801e+02	9.9274071629e-01	9.7972142696e-01	9.8032402992e-01
6.4583288574e+02	9.9277507777e-01	9.7957360744e-01	9.8050206900e-01
6.4625262451e+02	9.9280920138e-01	9.7954910994e-01	9.8050975800e-01
6.4667230225e+02	9.9284307948e-01	9.7942227125e-01	9.8055946827e-01
6.4709204102e+02	9.9287672418e-01	9.8036020994e-01	9.8067849874e-01
6.4751171875e+02	9.9291012790e-01	9.7934591770e-01	9.8053795099e-01
6.4793145752e+02	9.9294330257e-01	9.7902619839e-01	9.8066836596e-01
6.4835113525e+02	9.9297624072e-01	9.7973674536e-01	9.8062998056e-01
6.4877087402e+02	9.9300895406e-01	9.7921478748e-01	9.8061609268e-01
6.4919055176e+02	9.9304143522e-01	9.7906327248e-01	9.8065483570e-01
6.4961029053e+02	9.9307369573e-01	9.7880703211e-01	9.8065727949e-01
6.5002996826e+02	9.9310572829e-01	9.7876667976e-01	9.8074305058e-01
6.5044970703e+02	9.9313754427e-01	9.7906565666e-01	9.8068213463e-01
6.5086938477e+02	9.9316913644e-01	9.7960108519e-01	9.8076736927e-01
6.5128912354e+02	9.9320051600e-01	9.7936201096e-01	9.8064994812e-01
6.5170880127e+02	9.9323167580e-01	9.7952067852e-01	9.8065829277e-01
6.5212854004e+02	9.9326262687e-01	9.7923022509e-01	9.8078525066e-01
6.5254827881e+02	9.9329336659e-01	9.7921079397e-01	9.8076742887e-01
6.5296795654e+02	9.9332389245e-01	9.7924131155e-01	9.8065483570e-01
6.5338769531e+02	9.9335421523e-01	9.7943031788e-01	9.8063379526e-01
6.5380737305e+02	9.9338432799e-01	9.7942835093e-01	9.8065358400e-01
6.5422711182e+02	9.9341424133e-01	9.7925537825e-01	9.8065483570e-01
6.5464678955e+02	9.9344394838e-01	9.7945410013e-01	9.8049795628e-01
6.5506652832e+02	9.9347345959e-01	9.7940117121e-01	9.8063707352e-01
6.5548620605e+02	9.9350276817e-01	9.7982519865e-01	9.8062872887e-01
6.5590594482e+02	9.9353188442e-01	9.7922486067e-01	9.8044353724e-01
6.5632562256e+02	9.9356080162e-01	9.7823870182e-01	9.8049873114e-01
6.5674536133e+02	9.9358952990e-01	9.7987800837e-01	9.8053288460e-01
6.5716503906e+02	9.9361806264e-01	9.7897732258e-01	9.8044121265e-01
6.5758477783e+02	9.9364640981e-01	9.7965377569e-01	9.8050516844e-01
6.5800445557e+02	9.9367456485e-01	9.7895550728e-01	9.8044294119e-01
6.5842419434e+02	9.9370253760e-01	9.7944986820e-01	9.8031824827e-01
6.5884387207e+02	9.9373032157e-01	9.7937875986e-01	9.8034805059e-01
6.5926361084e+02	9.9375792646e-01	9.7911763191e-01	9.8033821583e-01
6.5968328857e+02	9.9378534584e-01	9.7920107841e-01	9.8038208485e-01
6.6010302734e+02	9.9381258927e-01	9.7919720411e-01	9.8026144505e-01
6.6052270508e+02	9.9383965040e-01	9.7942209244e-01	9.8019605875e-01
6.6094244385e+02	9.9386653864e-01	9.7923362255e-01	9.8028117418e-01
6.6136212158e+02	9.9389324771e-01	9.7864782810e-01	9.8007303476e-01
6.6178186035e+02	9.9391978690e-01	9.7895300388e-01	9.8016113043e-01
6.6220153809e+02	9.9394614999e-01	9.7929286957e-01	9.8015058041e-01
6.6262127686e+02	9.9397234614e-01	9.7919595242e-01	9.8015677929e-01
6.6304101562e+02	9.9399837295e-01	9.7858399153e-01	9.8014289141e-01
6.6346069336e+02	9.9402422815e-01	9.7856873274e-01	9.8005670309e-01
6.6388043213e+02	9.9404992068e-01	9.7888672352e-01	9.8006582260e-01
6.6430010986e+02	9.9407544451e-01	9.7861331701e-01	9.7995626926e-01
6.6471984863e+02	9.9410080845e-01	9.7876906395e-01	9.7981351614e-01
6.6513952637e+02	9.9412600652e-01	9.7915560007e-01	9.7986024618e-01
6.6555926514e+02	9.9415104743e-01	9.7872138023e-01	9.7983574867e-01
6.6597894287e+02	9.9417592527e-01	9.7888344526e-01	9.7985190153e-01
6.6639868164e+02	9.9420064861e-01	9.7837847471e-01	9.7959077358e-01
6.6681835938e+02	9.9422521160e-01	9.7830897570e-01	9.7962313890e-01
6.6723809814e+02	9.9424962271e-01	9.7830015421e-01	9.7961455584e-01
6.6765777588e+02	9.9427387613e-01	9.7846084833e-01	9.7956722975e-01
6.6807751465e+02	9.9429798023e-01	9.7842878103e-01	9.7946608067e-01
6.6849719238e+02	9.9432192926e-01	9.7806757689e-01	9.7942721844e-01
6.6891693115e+02	9.9434573146e-01	9.7839671373e-01	9.7939062119e-01
6.6933660889e+02	9.9436938116e-01	9.7830873728e-01	9.7914838791e-01
6.6975634766e+02	9.9439288647e-01	9.7799712420e-01	9.7914016247e-01
6.7017602539e+02	9.9441624180e-01	9.7815972567e-01	9.7906601429e-01
6.7059576416e+02	9.9443945514e-01	9.7799122334e-01	9.7899997234e-01
6.7101544189e+02	9.9446252095e-01	9.7748905420e-01	9.7885507345e-01
6.7143518066e+02	9.9448544712e-01	9.7775703669e-01	9.7879308462e-01
6.7185485840e+02	9.9450822817e-01	9.7740709782e-01	9.7860616446e-01
6.7227459717e+02	9.9453087188e-01	9.7703480721e-01	9.7853648663e-01
6.7269427490e+02	9.9455337283e-01	9.7714239359e-01	9.7834581137e-01
6.7311401367e+02	9.9457573870e-01	9.7717356682e-01	9.7826528549e-01
6.7353375244e+02	9.9459796733e-01	9.7710865736e-01	9.7824519873e-01
6.7395343018e+02	9.9462005665e-01	9.7677338123e-01	9.7805684805e-01
6.7437316895e+02	9.9464201418e-01	9.7712618113e-01	9.7788017988e-01
6.7479284668e+02	9.9466383463e-01	9.7664815187e-01	9.7774225473e-01
6.7521258545e+02	9.9468552544e-01	9.7655355930e-01	9.7752827406e-01
6.7563226318e+02	9.9470708137e-01	9.7627866268e-01	9.7736662626e-01
6.7605200195e+02	9.9472850976e-01	9.7658926249e-01	9.7718870640e-01
6.7647167969e+02	9.9474980542e-01	9.7595232725e-01	9.7712153196e-01
6.7689141846e+02	9.9477097559e-01	9.7589111328e-01	9.7704017162e-01
6.7731109619e+02	9.9479201514e-01	9.7625499964e-01	9.7693574429e-01
6.7773083496e+02	9.9481293122e-01	9.7588545084e-01	9.7676438093e-01
6.7815051270e+02	9.9483371875e-01	9.7574186325e-01	9.7660392523e-01
6.7857025146e+02	9.9485438478e-01	9.7561115026e-01	9.7648459673e-01
6.7898992920e+02	9.9487492429e-01	9.7541421652e-01	9.7630387545e-01
6.7940966797e+02	9.9489534424e-01	9.7537857294e-01	9.7620618343e-01
6.7982934570e+02	9.9491563965e-01	9.7536486387e-01	9.7610157728e-01
6.8024908447e+02	9.9493581740e-01	9.7527539730e-01	9.7588443756e-01
6.8066876221e+02	9.9495587256e-01	9.7547429800e-01	9.7577333450e-01
6.8108850098e+02	9.9497581191e-01	9.7490328550e-01	9.7562307119e-01
6.8150817871e+02	9.9499563059e-01	9.7482520342e-01	9.7550928593e-01
6.8192791748e+02	9.9501533529e-01	9.7457325459e-01	9.7541105747e-01
6.8234759521e+02	9.9503492119e-01	9.7452193499e-01	9.7518104315e-01
6.8276733398e+02	9.9505439489e-01	9.7434741259e-01	9.7495067120e-01
6.8318701172e+02	9.9507375163e-01	9.7454833984e-01	9.7498917580e-01
6.8360675049e+02	9.9509299792e-01	9.7421872616e-01	9.7479104996e-01
6.8402642822e+02	9.9511212906e-01	9.7391575575e-01	9.7474527359e-01
6.8444616699e+02	9.9513115147e-01	9.7429782152e-01	9.7472983599e-01
6.8486590576e+02	9.9515006324e-01	9.7401696444e-01	9.7448819876e-01
6.8528558350e+02	9.9516886248e-01	9.7373509407e-01	9.7421979904e-01
6.8570532227e+02	9.9518755551e-01	9.7365391254e-01	9.7415971756e-01
6.8612500000e+02	9.9520613774e-01	9.7331702709e-01	9.7403818369e-01
6.8654473877e+02	9.9522461540e-01	9.7332507372e-01	9.7386234999e-01
6.8696441650e+02	9.9524298394e-01	9.7344809771e-01	9.7362577915e-01
6.8738415527e+02	9.9526124952e-01	9.7295606136e-01	9.7360998392e-01
6.8780383301e+02	9.9527940763e-01	9.7289282084e-01	9.7341024876e-01
6.8822357178e+02	9.9529746436e-01	9.7268855572e-01	9.7327560186e-01
6.8864324951e+02	9.9531541523e-01	9.7258478403e-01	9.7306245565e-01
6.8906298828e+02	9.9533326627e-01	9.7254681587e-01	9.7300523520e-01
6.8948266602e+02	9.9535101305e-01	9.7256785631e-01	9.7280043364e-01
6.8990240479e+02	9.9536866150e-01	9.7218960524e-01	9.7268468142e-01
6.9032208252e+02	9.9538620727e-01	9.7178143263e-01	9.7249877453e-01
6.9074182129e+02	9.9540365619e-01	9.7207671404e-01	9.7244590521e-01
6.9116149902e+02	9.9542100395e-01	9.7200948000e-01	9.7225564718e-01
6.9158123779e+02	9.9543825634e-01	9.7175914049e-01	9.7206807137e-01
6.9200091553e+02	9.9545540906e-01	9.7164142132e-01	9.7174191475e-01
6.9242065430e+02	9.9547246785e-01	9.7145992517e-01	9.7144711018e-01
6.9284033203e+02	9.9548942845e-01	9.7119605541e-01	9.7153460979e-01
6.9326007080e+02	9.9550629651e-01	9.7108918428e-01	9.7125160694e-01
6.9367974854e+02	9.9552306783e-01	9.7123765945e-01	9.7120988369e-01
6.9409948730e+02	9.9553974800e-01	9.7068303823e-01	9.7087776661e-01
6.9451916504e+02	9.9555633285e-01	9.7071605921e-01	9.7084301710e-01
6.9493890381e+02	9.9557282791e-01	9.7053438425e-01	9.7064453363e-01
6.9535864258e+02	9.9558923142e-01	9.6997493505e-01	9.7039628029e-01
6.9577832031e+02	9.9560554170e-01	9.6985626221e-01	9.7026538849e-01
6.9619805908e+02	9.9562176416e-01	9.6983724833e-01	9.7006714344e-01
6.9661773682e+02	9.9563789475e-01	9.6985828876e-01	9.6992290020e-01
6.9703747559e+02	9.9565393882e-01	9.6983981133e-01	9.6972608566e-01
6.9745715332e+02	9.9566989235e-01	9.6951878071e-01	9.6963340044e-01
6.9787689209e+02	9.9568576062e-01	9.6942400932e-01	9.6937292814e-01
6.9829656982e+02	9.9570153966e-01	9.6926784515e-01	9.6922695637e-01
6.9871630859e+02	9.9571723469e-01	9.6873635054e-01	9.6894919872e-01
6.9913598633e+02	9.9573284178e-01	9.6851849556e-01	9.6884667873e-01
6.9955572510e+02	9.9574836608e-01	9.6863973141e-01	9.6863949299e-01
6.9997540283e+02	9.9576380369e-01	9.6848362684e-01	9.6851301193e-01
7.0039514160e+02	9.9577915973e-01	9.6810907125e-01	9.6826493740e-01
7.0081481934e+02	9.9579443032e-01	9.6791684628e-01	9.6815878153e-01
7.0123455811e+02	9.9580962051e-01	9.6765464544e-01	9.6790140867e-01
7.0165423584e+02	9.9582472647e-01	9.6756595373e-01	9.6777290106e-01
7.0207397461e+02	9.9583975319e-01	9.6753013134e-01	9.6744686365e-01
7.0249365234e+02	9.9585469687e-01	9.6719914675e-01	9.6734231710e-01
7.0291339111e+02	9.9586956245e-01	9.6701753139e-01	9.6708977222e-01
7.0333306885e+02	9.9588434618e-01	9.6698927879e-01	9.6701639891e-01
7.0375280762e+02	9.9589905291e-01	9.6685522795e-01	9.6683847904e-01
7.0417248535e+02	9.9591367895e-01	9.6646302938e-01	9.6659594774e-01
7.0459222412e+02	9.9592822909e-01	9.6628051996e-01	9.6634912491e-01
7.0501190186e+02	9.9594269967e-01	9.6612429619e-01	9.6617859602e-01
7.0543164062e+02	9.9595709543e-01	9.6565294266e-01	9.6610629559e-01
7.0585137939e+02	9.9597141482e-01	9.6582186222e-01	9.6584486961e-01
7.0627105713e+02	9.9598565630e-01	9.6508848667e-01	9.6558851004e-01
7.0669079590e+02	9.9599982455e-01	9.6548211575e-01	9.6541213989e-01
7.0711047363e+02	9.9601391598e-01	9.6502232552e-01	9.6515023708e-01
7.0753021240e+02	9.9602793522e-01	9.6455973387e-01	9.6506828070e-01
7.0794989014e+02	9.9604187870e-01	9.6439850330e-01	9.6490544081e-01
7.0836962891e+02	9.9605575099e-01	9.6445083618e-01	9.6456426382e-01
7.0878930664e+02	9.9606954858e-01	9.6406775713e-01	9.6458476782e-01
7.0920904541e+02	9.9608327599e-01	9.6442472935e-01	9.6432799101e-01
7.0962872314e+02	9.9609692971e-01	9.6387290955e-01	9.6410506964e-01
7.1004846191e+02	9.9611051423e-01	9.6375620365e-01	9.6385443211e-01
7.1046813965e+02	9.9612402608e-01	9.6328729391e-01	9.6371299028e-01
7.1088787842e+02	9.9613746968e-01	9.6305060387e-01	9.6354222298e-01
7.1130755615e+02	9.9615084162e-01	9.6289962530e-01	9.6330851316e-01
7.1172729492e+02	9.9616414625e-01	9.6283018589e-01	9.6309751272e-01
7.1214697266e+02	9.9617738019e-01	9.6263939142e-01	9.6285945177e-01
7.1256671143e+02	9.9619054775e-01	9.6256977320e-01	9.6270620823e-01
7.1298638916e+02	9.9620364558e-01	9.6203392744e-01	9.6242642403e-01
7.1340612793e+02	9.9621667796e-01	9.6165907383e-01	9.6219956875e-01
7.1382580566e+02	9.9622964154e-01	9.6145188808e-01	9.6202117205e-01
7.1424554443e+02	9.9624254056e-01	9.6099203825e-01	9.6173000336e-01
7.1466522217e+02	9.9625537173e-01	9.6070939302e-01	9.6155470610e-01
7.1508496094e+02	9.9626813921e-01	9.6067982912e-01	9.6116191149e-01
7.1550463867e+02	9.9628083975e-01	9.6067792177e-01	9.6107095480e-01
7.1592437744e+02	9.9629347747e-01	9.5990163088e-01	9.6075648069e-01
7.1634405518e+02	9.9630604915e-01	9.6048039198e-01	9.6051877737e-01
7.1676379395e+02	9.9631855886e-01	9.5960390568e-01	9.6044212580e-01
7.1718353271e+02	9.9633100522e-01	9.5919573307e-01	9.6005475521e-01
7.1760321045e+02	9.9634338684e-01	9.5873552561e-01	9.5992380381e-01
7.1802294922e+02	9.9635570776e-01	9.5875197649e-01	9.5957612991e-01
7.1844262695e+02	9.9636796480e-01	9.5893764496e-01	9.5946627855e-01
7.1886236572e+02	9.9638016196e-01	9.5833402872e-01	9.5928591490e-01
7.1928204346e+02	9.9639229609e-01	9.5833486319e-01	9.5896941423e-01
7.1970178223e+02	9.9640437114e-01	9.5775836706e-01	9.5861864090e-01
7.2012145996e+02	9.9641638399e-01	9.5775091648e-01	9.5854258537e-01
7.2054119873e+02	9.9642833855e-01	9.5736849308e-01	9.5813357830e-01
7.2096087646e+02	9.9644023173e-01	9.5704036951e-01	9.5796990395e-01
7.2138061523e+02	9.9645206740e-01	9.5693773031e-01	9.5762997866e-01
7.2180029297e+02	9.9646384250e-01	9.5606869459e-01	9.5742362738e-01
7.2222003174e+02	9.9647556084e-01	9.5600378513e-01	9.5726346970e-01
7.2263970947e+02	9.9648721941e-01	9.5604962111e-01	9.5686942339e-01
7.2305944824e+02	9.9649882197e-01	9.5533692837e-01	9.5658308268e-01
7.2347912598e+02	9.9651036554e-01	9.5522975922e-01	9.5629465580e-01
7.2389886475e+02	9.9652185385e-01	9.5545125008e-01	9.5620352030e-01
7.2431854248e+02	9.9653328392e-01	9.5448827744e-01	9.5601999760e-01
7.2473828125e+02	9.9654465946e-01	9.5425784588e-01	9.5564186573e-01
7.2515795898e+02	9.9655597752e-01	9.5463991165e-01	9.5528340340e-01
7.2557769775e+02	9.9656724176e-01	9.5449697971e-01	9.5520830154e-01
7.2599737549e+02	9.9657844927e-01	9.5353764296e-01	9.5493656397e-01
7.2641711426e+02	9.9658960366e-01	9.5330041647e-01	9.5458137989e-01
7.2683679199e+02	9.9660070204e-01	9.5326977968e-01	9.5433920622e-01
7.2725653076e+02	9.9661174800e-01	9.5308053493e-01	9.5400965214e-01
7.2767626953e+02	9.9662274027e-01	9.5219916105e-01	9.5376098156e-01
7.2809594727e+02	9.9663367760e-01	9.5225739479e-01	9.5338696241e-01
7.2851568604e+02	9.9664456353e-01	9.5154082775e-01	9.5324027538e-01
7.2893536377e+02	9.9665539523e-01	9.5154809952e-01	9.5285254717e-01
7.2935510254e+02	9.9666617619e-01	9.5111024380e-01	9.5264887810e-01
7.2977478027e+02	9.9667690360e-01	9.5093053579e-01	9.5245152712e-01
7.3019451904e+02	9.9668758092e-01	9.5050764084e-01	9.5223957300e-01
7.3061419678e+02	9.9669820539e-01	9.5026975870e-01	9.5195233822e-01
7.3103393555e+02	9.9670878041e-01	9.4989818335e-01	9.5165723562e-01
7.3145361328e+02	9.9671930323e-01	9.4966560602e-01	9.5133906603e-01
7.3187335205e+02	9.9672977724e-01	9.4917374849e-01	9.5103186369e-01
7.3229302979e+02	9.9674019972e-01	9.4909012318e-01	9.5083117485e-01
7.3271276855e+02	9.9675057401e-01	9.4840443134e-01	9.5058751106e-01
7.3313244629e+02	9.9676089741e-01	9.4823014736e-01	9.5043188334e-01
7.3355218506e+02	9.9677117323e-01	9.4789808989e-01	9.5003664494e-01
7.3397186279e+02	9.9678139880e-01	9.4784730673e-01	9.4972783327e-01
7.3439160156e+02	9.9679157740e-01	9.4726002216e-01	9.4940775633e-01
7.3481127930e+02	9.9680170638e-01	9.4733214378e-01	9.4900864363e-01
7.3523101807e+02	9.9681178898e-01	9.4673424959e-01	9.4888037443e-01
7.3565069580e+02	9.9682182257e-01	9.4647926092e-01	9.4868075848e-01
7.3607043457e+02	9.9683181037e-01	9.4621044397e-01	9.4830054045e-01
7.3649011230e+02	9.9684174976e-01	9.4616532326e-01	9.4796591997e-01
7.3690985107e+02	9.9685164395e-01	9.4534993172e-01	9.4772672653e-01
7.3732952881e+02	9.9686149033e-01	9.4527357817e-01	9.4740068913e-01
7.3774926758e+02	9.9687129206e-01	9.4501084089e-01	9.4712227583e-01
7.3816900635e+02	9.9688104799e-01	9.4400596619e-01	9.4683116674e-01
7.3858868408e+02	9.9689075701e-01	9.4397026300e-01	9.4656258821e-01
7.3900842285e+02	9.9690042220e-01	9.4374406338e-01	9.4618690014e-01
7.3942810059e+02	9.9691004105e-01	9.4355404377e-01	9.4609731436e-01
7.3984783936e+02	9.9691961663e-01	9.4336044788e-01	9.4561642408e-01
7.4026751709e+02	9.9692914643e-01	9.4303137064e-01	9.4525170326e-01
7.4068725586e+02	9.9693863350e-01	9.4234043360e-01	9.4504106045e-01
7.4110693359e+02	9.9694807535e-01	9.4216907024e-01	9.4489979744e-01
7.4152667236e+02	9.9695747499e-01	9.4182568789e-01	9.4465017319e-01
7.4194635010e+02	9.9696682995e-01	9.4080936909e-01	9.4439578056e-01
7.4236608887e+02	9.9697614324e-01	9.4140821695e-01	9.4410496950e-01
7.4278576660e+02	9.9698541239e-01	9.4053864479e-01	9.4374227524e-01
7.4320550537e+02	9.9699464037e-01	9.4115811586e-01	9.4345462322e-01
7.4362518311e+02	9.9700382475e-01	9.3965041637e-01	9.4319844246e-01
7.4404492188e+02	9.9701296846e-01	9.3987917900e-01	9.4288021326e-01
7.4446459961e+02	9.9702206911e-01	9.3912053108e-01	9.4249987602e-01
7.4488433838e+02	9.9703112958e-01	9.3858981133e-01	9.4232171774e-01
7.4530401611e+02	9.9704014749e-01	9.3870639801e-01	9.4197875261e-01
7.4572375488e+02	9.9704912572e-01	9.3828064203e-01	9.4176948071e-01
7.4614343262e+02	9.9705806191e-01	9.3765264750e-01	9.4130414724e-01
7.4656317139e+02	9.9706695889e-01	9.3713033199e-01	9.4107109308e-01
7.4698284912e+02	9.9707581434e-01	9.3714833260e-01	9.4071197510e-01
7.4740258789e+02	9.9708463105e-01	9.3665432930e-01	9.4058412313e-01
7.4782226562e+02	9.9709340672e-01	9.3646150827e-01	9.4027060270e-01
7.4824200439e+02	9.9710214413e-01	9.3587678671e-01	9.3998706341e-01
7.4866168213e+02	9.9711084097e-01	9.3610268831e-01	9.3970537186e-01
7.4908142090e+02	9.9711950002e-01	9.3497884274e-01	9.3936693668e-01
7.4950115967e+02	9.9712812023e-01	9.3494325876e-01	9.3916851282e-01
7.4992083740e+02	9.9713670060e-01	9.3448436260e-01	9.3885803223e-01
7.5034057617e+02	9.9714524385e-01	9.3412864208e-01	9.3857026100e-01
7.5076025391e+02	9.9715374772e-01	9.3394207954e-01	9.3817108870e-01
7.5117999268e+02	9.9716221492e-01	9.3320512772e-01	9.3781560659e-01
7.5159967041e+02	9.9717064320e-01	9.3323147297e-01	9.3768042326e-01
7.5201940918e+02	9.9717903524e-01	9.3269991875e-01	9.3743050098e-01
7.5243908691e+02	9.9718738883e-01	9.3214935064e-01	9.3703287840e-01
7.5285882568e+02	9.9719570660e-01	9.3159854412e-01	9.3668091297e-01
7.5327850342e+02	9.9720398636e-01	9.3106079102e-01	9.3670403957e-01
7.5369824219e+02	9.9721223074e-01	9.3117189407e-01	9.3639349937e-01
7.5411791992e+02	9.9722043755e-01	9.3086034060e-01	9.3588763475e-01
7.5453765869e+02	9.9722860940e-01	9.3072110415e-01	9.3544828892e-01
7.5495733643e+02	9.9723674411e-01	9.3044441938e-01	9.3534904718e-01
7.5537707520e+02	9.9724484426e-01	9.2970407009e-01	9.3497139215e-01
7.5579675293e+02	9.9725290772e-01	9.2952406406e-01	9.3461513519e-01
7.5621649170e+02	9.9726093702e-01	9.2949223518e-01	9.3443906307e-01
7.5663616943e+02	9.9726893005e-01	9.2870545387e-01	9.3402743340e-01
7.5705590820e+02	9.9727688932e-01	9.2843466997e-01	9.3379443884e-01
7.5747558594e+02	9.9728481274e-01	9.2807161808e-01	9.3336045742e-01
7.5789532471e+02	9.9729270279e-01	9.2790383101e-01	9.3289315701e-01
7.5831500244e+02	9.9730055740e-01	9.2669868469e-01	9.3273818493e-01
7.5873474121e+02	9.9730837904e-01	9.2730152607e-01	9.3263840675e-01
7.5915441895e+02	9.9731616564e-01	9.2677175999e-01	9.3212401867e-01
7.5957415771e+02	9.9732391965e-01	9.2636954784e-01	9.3185311556e-01
7.5999389648e+02	9.9733164013e-01	9.2582970858e-01	9.3160033226e-01
7.6041357422e+02	9.9733932617e-01	9.2632937431e-01	9.3121695518e-01
7.6083331299e+02	9.9734698018e-01	9.2543774843e-01	9.3100404739e-01
7.6125299072e+02	9.9735460014e-01	9.2463850975e-01	9.3063664436e-01
7.6167272949e+02	9.9736218845e-01	9.2425400019e-01	9.3013906479e-01
7.6209240723e+02	9.9736974308e-01	9.2393863201e-01	9.2992049456e-01
7.6251214600e+02	9.9737726643e-01	9.2364239693e-01	9.2976152897e-01
7.6293182373e+02	9.9738475649e-01	9.2361074686e-01	9.2956423759e-01
7.6335156250e+02	9.9739221561e-01	9.2374479771e-01	9.2908096313e-01
7.6377124023e+02	9.9739964182e-01	9.2334502935e-01	9.2871034145e-01
7.6419097900e+02	9.9740703746e-01	9.2223131657e-01	9.2825508118e-01
7.6461065674e+02	9.9741440054e-01	9.2198151350e-01	9.2812281847e-01
7.6503039551e+02	9.9742173340e-01	9.2199629545e-01	9.2771941423e-01
7.6545007324e+02	9.9742903408e-01	9.2087292671e-01	9.2751049995e-01
7.6586981201e+02	9.9743630487e-01	9.2113298178e-01	9.2709493637e-01
7.6628948975e+02	9.9744354384e-01	9.2088097334e-01	9.2693561316e-01
7.6670922852e+02	9.9745075326e-01	9.2080509663e-01	9.2648476362e-01
7.6712890625e+02	9.9745793122e-01	9.2073535919e-01	9.2628884315e-01
7.6754864502e+02	9.9746507996e-01	9.1989457607e-01	9.2588084936e-01
7.6796832275e+02	9.9747219758e-01	9.1940844059e-01	9.2554575205e-01
7.6838806152e+02	9.9747928632e-01	9.1927856207e-01	9.2537331581e-01
7.6880773926e+02	9.9748634429e-01	9.1929042339e-01	9.2486244440e-01
7.6922747803e+02	9.9749337369e-01	9.1898941994e-01	9.2462491989e-01
7.6964715576e+02	9.9750037267e-01	9.1816753149e-01	9.2438578606e-01
7.7006689453e+02	9.9750734340e-01	9.1788190603e-01	9.2413377762e-01
7.7048663330e+02	9.9751428504e-01	9.1750741005e-01	9.2380219698e-01
7.7090631104e+02	9.9752119674e-01	9.1687965393e-01	9.2327827215e-01
7.7132604980e+02	9.9752808068e-01	9.1677653790e-01	9.2299169302e-01
7.7174572754e+02	9.9753493501e-01	9.1713237762e-01	9.2269867659e-01
7.7216546631e+02	9.9754176189e-01	9.1583108902e-01	9.2238271236e-01
7.7258514404e+02	9.9754855948e-01	9.1611993313e-01	9.2179691792e-01
7.7300488281e+02	9.9755532992e-01	9.1528791189e-01	9.2163068056e-01
7.7342456055e+02	9.9756207139e-01	9.1586059332e-01	9.2137593031e-01
7.7384429932e+02	9.9756878602e-01	9.1530269384e-01	9.2102050781e-01
7.7426397705e+02	9.9757547199e-01	9.1467970610e-01	9.2103981972e-01
7.7468371582e+02	9.9758213141e-01	9.1431748867e-01	9.2049390078e-01
7.7510339355e+02	9.9758876250e-01	9.1438406706e-01	9.2008477449e-01
7.7552313232e+02	9.9759536732e-01	9.1397708654e-01	9.1986262798e-01
7.7594281006e+02	9.9760194410e-01	9.1289377213e-01	9.1949731112e-01
7.7636254883e+02	9.9760849491e-01	9.1324436665e-01	9.1912686825e-01
7.7678222656e+02	9.9761501800e-01	9.1302895546e-01	9.1896647215e-01
7.7720196533e+02	9.9762151539e-01	9.1239917278e-01	9.1822892427e-01
7.7762164307e+02	9.9762798535e-01	9.1183823347e-01	9.1838806868e-01
7.7804138184e+02	9.9763442991e-01	9.1228902340e-01	9.1806632280e-01
7.7846105957e+02	9.9764084732e-01	9.1169929504e-01	9.1763788462e-01
7.7888079834e+02	9.9764723960e-01	9.1179680824e-01	9.1723626852e-01
7.7930047607e+02	9.9765360504e-01	9.1109681129e-01	9.1693508625e-01
7.7972021484e+02	9.9765994562e-01	9.1055005789e-01	9.1653895378e-01
7.8013989258e+02	9.9766625963e-01	9.0987145901e-01	9.1637647152e-01
7.8055963135e+02	9.9767254906e-01	9.1072613001e-01	9.1613727808e-01
7.8097930908e+02	9.9767881220e-01	9.0907591581e-01	9.1590839624e-01
7.8139904785e+02	9.9768505103e-01	9.0975916386e-01	9.1528701782e-01
7.8181878662e+02	9.9769126475e-01	9.0957397223e-01	9.1529327631e-01
7.8223846436e+02	9.9769745261e-01	9.0927743912e-01	9.1487145424e-01
7.8265820312e+02	9.9770361654e-01	9.0838301182e-01	9.1474550962e-01
7.8307788086e+02	9.9770975488e-01	9.0814501047e-01	9.1409182549e-01
7.8349761963e+02	9.9771586955e-01	9.0841406584e-01	9.1375935078e-01
7.8391729736e+02	9.9772195890e-01	9.0805643797e-01	9.1366982460e-01
7.8433703613e+02	9.9772802483e-01	9.0800678730e-01	9.1349530220e-01
7.8475671387e+02	9.9773406570e-01	9.0690243244e-01	9.1302025318e-01
7.8517645264e+02	9.9774008340e-01	9.0686386824e-01	9.1287147999e-01
7.8559613037e+02	9.9774607631e-01	9.0544182062e-01	9.1232854128e-01
7.8601586914e+02	9.9775204630e-01	9.0676027536e-01	9.1209036112e-01
7.8643554688e+02	9.9775799176e-01	9.0518349409e-01	9.1181254387e-01
7.8685528564e+02	9.9776391453e-01	9.0552639961e-01	9.1158235073e-01
7.8727496338e+02	9.9776981303e-01	9.0541046858e-01	9.1117024422e-01
7.8769470215e+02	9.9777568910e-01	9.0430790186e-01	9.1074252129e-01
7.8811437988e+02	9.9778154113e-01	9.0432196856e-01	9.1049164534e-01
7.8853411865e+02	9.9778737097e-01	9.0422523022e-01	9.0991050005e-01
7.8895379639e+02	9.9779317703e-01	9.0458631516e-01	9.0973603725e-01
7.8937353516e+02	9.9779896112e-01	9.0369939804e-01	9.0935903788e-01
7.8979321289e+02	9.9780472168e-01	9.0328234434e-01	9.0938794613e-01
7.9021295166e+02	9.9781046051e-01	9.0343266726e-01	9.0899652243e-01
7.9063262939e+02	9.9781617605e-01	9.0257316828e-01	9.0851551294e-01
7.9105236816e+02	9.9782187008e-01	9.0287721157e-01	9.0812849998e-01
7.9147204590e+02	9.9782754106e-01	9.0224963427e-01	9.0767174959e-01
7.9189178467e+02	9.9783319076e-01	9.0209656954e-01	9.0749746561e-01
7.9231152344e+02	9.9783881847e-01	9.0148824453e-01	9.0698784590e-01
7.9273120117e+02	9.9784442348e-01	9.0073984861e-01	9.0659856796e-01
7.9315093994e+02	9.9785000754e-01	9.0085786581e-01	9.0646523237e-01
7.9357061768e+02	9.9785556914e-01	9.0016740561e-01	9.0600842237e-01
7.9399035645e+02	9.9786111001e-01	9.0013283491e-01	9.0569710732e-01
7.9441003418e+02	9.9786662864e-01	9.0022945404e-01	9.0538221598e-01
7.9482977295e+02	9.9787212676e-01	8.9967632294e-01	9.0511912107e-01
7.9524945068e+02	9.9787760287e-01	8.9865130186e-01	9.0477609634e-01
7.9566918945e+02	9.9788305867e-01	8.9877927303e-01	9.0440499783e-01
7.9608886719e+02	9.9788849269e-01	8.9839869738e-01	9.0404820442e-01
7.9650860596e+02	9.9789390662e-01	8.9851230383e-01	9.0363097191e-01
7.9692828369e+02	9.9789929898e-01	8.9733296633e-01	9.0335655212e-01
7.9734802246e+02	9.9790467145e-01	8.9681762457e-01	9.0288299322e-01
7.9776770020e+02	9.9791002258e-01	8.9674264193e-01	9.0268552303e-01
7.9818743896e+02	9.9791535402e-01	8.9656114578e-01	9.0252745152e-01
7.9860711670e+02	9.9792066433e-01	8.9591538906e-01	9.0199846029e-01
7.9902685547e+02	9.9792595515e-01	8.9560747147e-01	9.0174478292e-01
7.9944653320e+02	9.9793122506e-01	8.9602857828e-01	9.0146094561e-01
