wavelength_nm	final_network_transmittance	nearest_simulation_transmittance
3.7973711347e+02	9.4370967150e-01	9.3854609431e-01
3.8015682291e+02	9.4462722540e-01	9.3970255980e-01
3.8057653235e+02	9.4548588991e-01	9.4070614581e-01
3.8099624179e+02	9.4622093439e-01	9.4155933477e-01
3.8141595123e+02	9.4680780172e-01	9.4226501240e-01
3.8183566067e+02	9.4724208117e-01	9.4282642925e-01
3.8225537011e+02	9.4753438234e-01	9.4324715982e-01
3.8267507956e+02	9.4769662619e-01	9.4353106033e-01
3.8309478900e+02	9.4773972034e-01	9.4368222537e-01
3.8351449844e+02	9.4766080379e-01	9.4370494444e-01
3.8393420788e+02	9.4747382402e-01	9.4360365873e-01
3.8435391732e+02	9.4719380140e-01	9.4338291877e-01
3.8477362676e+02	9.4682687521e-01	9.4304734359e-01
3.8519333620e+02	9.4636672735e-01	9.4260158171e-01
3.8561304564e+02	9.4582277536e-01	9.4204967937e-01
3.8603275508e+02	9.4519656897e-01	9.4139653462e-01
3.8645246453e+02	9.4450151920e-01	9.4064714454e-01
3.8687217397e+02	9.4373279810e-01	9.3980591971e-01
3.8729188341e+02	9.4289577007e-01	9.3887714424e-01
3.8771159285e+02	9.4198966026e-01	9.3786495416e-01
3.8813130229e+02	9.4102126360e-01	9.3677331905e-01
3.8855101173e+02	9.3998610973e-01	9.3560602671e-01
3.8897072117e+02	9.3890190125e-01	9.3436667092e-01
3.8939043061e+02	9.3773597479e-01	9.3305864213e-01
3.8981014006e+02	9.3648380041e-01	9.3168512088e-01
3.9022984950e+02	9.3513315916e-01	9.3024907392e-01
3.9064955894e+02	9.3369746208e-01	9.2875325244e-01
3.9106926838e+02	9.3217796087e-01	9.2720019275e-01
3.9148897782e+02	9.3058997393e-01	9.2559221873e-01
3.9190868726e+02	9.2894452810e-01	9.2393144607e-01
3.9232839670e+02	9.2738652229e-01	9.2221978793e-01
3.9274810614e+02	9.2525988817e-01	9.2045896187e-01
3.9316781559e+02	9.2330437899e-01	9.1865049781e-01
3.9358752503e+02	9.2134016752e-01	9.1679574694e-01
3.9400723447e+02	9.1928672791e-01	9.1489573528e-01
3.9442694391e+02	9.1713082790e-01	9.1295127012e-01
3.9484665335e+02	9.1490703821e-01	9.1096356085e-01
3.9526636279e+02	9.1263639927e-01	9.0893333731e-01
3.9568607223e+02	9.1030502319e-01	9.0686119952e-01
3.9610578167e+02	9.0779721737e-01	9.0474762760e-01
3.9652549111e+02	9.0536677837e-01	9.0259299126e-01
3.9694520056e+02	9.0282243490e-01	9.0039755873e-01
3.9736491000e+02	9.0024113655e-01	8.9816150541e-01
3.9778461944e+02	8.9763307571e-01	8.9588492113e-01
3.9820432888e+02	8.9495116472e-01	8.9356781730e-01
3.9862403832e+02	8.9218777418e-01	8.9121013277e-01
3.9904374776e+02	8.8949221373e-01	8.8881173882e-01
3.9946345720e+02	8.8666087389e-01	8.8637244319e-01
3.9988316664e+02	8.8379490376e-01	8.8389154955e-01
4.0030287609e+02	8.8085180521e-01	8.8136841334e-01
4.0072258553e+02	8.7789976597e-01	8.7880335351e-01
4.0114229497e+02	8.7493807077e-01	8.7619593167e-01
4.0156200441e+02	8.7191563845e-01	8.7354564741e-01
4.0198171385e+02	8.6893445253e-01	8.7085193477e-01
4.0240142329e+02	8.6588811874e-01	8.6811415735e-01
4.0282113273e+02	8.6284577847e-01	8.6533160210e-01
4.0324084217e+02	8.5971546173e-01	8.6250347166e-01
4.0366055162e+02	8.5666090250e-01	8.5962733066e-01
4.0408026106e+02	8.5331135988e-01	8.5670325049e-01
4.0449997050e+02	8.5049408674e-01	8.5373040215e-01
4.0491967994e+02	8.4728193283e-01	8.5070751322e-01
4.0533938938e+02	8.4417879581e-01	8.4763316012e-01
4.0575909882e+02	8.4076726437e-01	8.4450575034e-01
4.0617880826e+02	8.3742028475e-01	8.4132345947e-01
4.0659851770e+02	8.3405423164e-01	8.3808150157e-01
4.0701822714e+02	8.3061641455e-01	8.3478011166e-01
4.0743793659e+02	8.2715523243e-01	8.3141673306e-01
4.0785764603e+02	8.2362431288e-01	8.2798850931e-01
4.0827735547e+02	8.2004255056e-01	8.2449225219e-01
4.0869706491e+02	8.1638091803e-01	8.2092370954e-01
4.0911677435e+02	8.1267321110e-01	8.1727567778e-01
4.0953648379e+02	8.0888152122e-01	8.1354689310e-01
4.0995619323e+02	8.0499523878e-01	8.0973230804e-01
4.1037590267e+02	8.0099916458e-01	8.0582631641e-01
4.1079561212e+02	7.9689788818e-01	8.0182270090e-01
4.1121532156e+02	7.9271525145e-01	7.9770769248e-01
4.1163503100e+02	7.8841465712e-01	7.9347868950e-01
4.1205474044e+02	7.8399622440e-01	7.8912733170e-01
4.1247444988e+02	7.7946358919e-01	7.8464398562e-01
4.1289415932e+02	7.7478986979e-01	7.8001602506e-01
4.1331386876e+02	7.6996028423e-01	7.7522332511e-01
4.1373357820e+02	7.6505458355e-01	7.7026053423e-01
4.1415328765e+02	7.6000177860e-01	7.6511291724e-01
4.1457299709e+02	7.5481331348e-01	7.5976427627e-01
4.1499270653e+02	7.4949854612e-01	7.5418234033e-01
4.1541241597e+02	7.4406909943e-01	7.4835365256e-01
4.1583212541e+02	7.3775893450e-01	7.4225984950e-01
4.1625183485e+02	7.3166906834e-01	7.3587660145e-01
4.1667154429e+02	7.2544854879e-01	7.2915863023e-01
4.1709125373e+02	7.1938693523e-01	7.2207882075e-01
4.1751096317e+02	7.1245104074e-01	7.1461388934e-01
4.1793067262e+02	7.0515686274e-01	7.0672820039e-01
4.1835038206e+02	6.9730198383e-01	6.9834953706e-01
4.1877009150e+02	6.8885987997e-01	6.8944760837e-01
4.1918980094e+02	6.7976015806e-01	6.7998722201e-01
4.1960951038e+02	6.7017233372e-01	6.6991804642e-01
4.2002921982e+02	6.5989696980e-01	6.5911895771e-01
4.2044892926e+02	6.4890402555e-01	6.4758945944e-01
4.2086863870e+02	6.3700854778e-01	6.3527172191e-01
4.2128834815e+02	6.2441122532e-01	6.2206334536e-01
4.2170805759e+02	6.1081534624e-01	6.0788824929e-01
4.2212776703e+02	5.9632205963e-01	5.9273740718e-01
4.2254747647e+02	5.8085513115e-01	5.7655550855e-01
4.2296718591e+02	5.6436520815e-01	5.5920007027e-01
4.2338689535e+02	5.4690027237e-01	5.4075676749e-01
4.2380660479e+02	5.2841001749e-01	5.2123354425e-01
4.2422631423e+02	5.0891339779e-01	5.0058487014e-01
4.2464602368e+02	4.8852914572e-01	4.7898348347e-01
4.2506573312e+02	4.6744927764e-01	4.5660870162e-01
4.2548544256e+02	4.4571155310e-01	4.3366357683e-01
4.2590515200e+02	4.2377007008e-01	4.1054011750e-01
4.2632486144e+02	4.0190947056e-01	3.8767455045e-01
4.2674457088e+02	3.8062861562e-01	3.6565847991e-01
4.2716428032e+02	3.6045315862e-01	3.4520340195e-01
4.2758398976e+02	3.4202805161e-01	3.2691233241e-01
4.2800369920e+02	3.2612439990e-01	3.1171842576e-01
4.2842340865e+02	3.1345722079e-01	3.0034110692e-01
4.2884311809e+02	3.0502471328e-01	2.9313333854e-01
4.2926282753e+02	3.0034306645e-01	2.9092081069e-01
4.2968253697e+02	3.0170309544e-01	2.9366865308e-01
4.3010224641e+02	3.0673277378e-01	3.0109049874e-01
4.3052195585e+02	3.1705874205e-01	3.1337961011e-01
4.3094166529e+02	3.3202117682e-01	3.2951564569e-01
4.3136137473e+02	3.5069432855e-01	3.4885803261e-01
4.3178108418e+02	3.7271422148e-01	3.7087530475e-01
4.3220079362e+02	3.9666026831e-01	3.9449892639e-01
4.3262050306e+02	4.2168280482e-01	4.1914141740e-01
4.3304021250e+02	4.4709292054e-01	4.4413133419e-01
4.3345992194e+02	4.7226575017e-01	4.6896927276e-01
4.3387963138e+02	4.9662423134e-01	4.9320343264e-01
4.3429934082e+02	5.2001947165e-01	5.1658444707e-01
4.3471905026e+02	5.4223209620e-01	5.3892969298e-01
4.3513875971e+02	5.6295412779e-01	5.6001867619e-01
4.3555846915e+02	5.8239799738e-01	5.7993846928e-01
4.3597817859e+02	6.0036301613e-01	5.9854084411e-01
4.3639788803e+02	6.1706739664e-01	6.1593379369e-01
4.3681759747e+02	6.3261556625e-01	6.3216948287e-01
4.3723730691e+02	6.4697498083e-01	6.4721664174e-01
4.3765701635e+02	6.6035151482e-01	6.6127834307e-01
4.3807672579e+02	6.7282193899e-01	6.7429164975e-01
4.3849643523e+02	6.8447130919e-01	6.8643369930e-01
4.3891614468e+02	6.9541418552e-01	6.9773636513e-01
4.3933585412e+02	7.0540964603e-01	7.0825433884e-01
4.3975556356e+02	7.1482384205e-01	7.1811049275e-01
4.4017527300e+02	7.2355657816e-01	7.2727173916e-01
4.4059498244e+02	7.3172074556e-01	7.3589387468e-01
4.4101469188e+02	7.3941338062e-01	7.4395008081e-01
4.4143440132e+02	7.4681377411e-01	7.5154056081e-01
4.4185411076e+02	7.5379049778e-01	7.5868199923e-01
4.4227382021e+02	7.6043748856e-01	7.6541641593e-01
4.4269352965e+02	7.6681452990e-01	7.7179339639e-01
4.4311323909e+02	7.7277928591e-01	7.7781566001e-01
4.4353294853e+02	7.7848368883e-01	7.8355177436e-01
4.4395265797e+02	7.8427863121e-01	7.8897897740e-01
4.4437236741e+02	7.8918319941e-01	7.9416991504e-01
4.4479207685e+02	7.9467374086e-01	7.9910233861e-01
4.4521178629e+02	7.9961293936e-01	8.0383064757e-01
4.4563149574e+02	8.0474030972e-01	8.0834493428e-01
4.4605120518e+02	8.0958575010e-01	8.1268005975e-01
4.4647091462e+02	8.1394267082e-01	8.1683596748e-01
4.4689062406e+02	8.1833517551e-01	8.2083412658e-01
4.4731033350e+02	8.2261395454e-01	8.2468031272e-01
4.4773004294e+02	8.2615762949e-01	8.2838705039e-01
4.4814975238e+02	8.2986664772e-01	8.3196315544e-01
4.4856946182e+02	8.3367627859e-01	8.3541541693e-01
4.4898917126e+02	8.3712744713e-01	8.3875376344e-01
4.4940888071e+02	8.4058964252e-01	8.4198156620e-01
4.4982859015e+02	8.4387868643e-01	8.4510853896e-01
4.5024829959e+02	8.4723657370e-01	8.4813631814e-01
4.5066800903e+02	8.5074192286e-01	8.5107348384e-01
4.5108771847e+02	8.5366272926e-01	8.5392117597e-01
4.5150742791e+02	8.5646432638e-01	8.5668619229e-01
4.5192713735e+02	8.5914468765e-01	8.5937010776e-01
4.5234684679e+02	8.6175221205e-01	8.6197746224e-01
4.5276655624e+02	8.6433249712e-01	8.6451098991e-01
4.5318626568e+02	8.6670869589e-01	8.6697260197e-01
4.5360597512e+02	8.6900657415e-01	8.6936677877e-01
4.5402568456e+02	8.7138617039e-01	8.7169249102e-01
4.5444539400e+02	8.7352800369e-01	8.7395646408e-01
4.5486510344e+02	8.7546008825e-01	8.7615444435e-01
4.5528481288e+02	8.7727171183e-01	8.7829584575e-01
4.5570452232e+02	8.7905156612e-01	8.8037291649e-01
4.5612423177e+02	8.8082259893e-01	8.8239791466e-01
4.5654394121e+02	8.8255798817e-01	8.8436007664e-01
4.5696365065e+02	8.8413262367e-01	8.8627216806e-01
4.5738336009e+02	8.8574057817e-01	8.8812627821e-01
4.5780306953e+02	8.8855057955e-01	8.8993003768e-01
4.5822277897e+02	8.9006489515e-01	8.9168044261e-01
4.5864248841e+02	8.9039689302e-01	8.9337984391e-01
4.5906219785e+02	8.9182609320e-01	8.9503037162e-01
4.5948190729e+02	8.9360004663e-01	8.9662892391e-01
4.5990161674e+02	8.9520579576e-01	8.9818300166e-01
4.6032132618e+02	8.9680355787e-01	8.9968386053e-01
4.6074103562e+02	8.9836150408e-01	9.0114189895e-01
4.6116074506e+02	8.9979541302e-01	9.0255066674e-01
4.6158045450e+02	9.0120863914e-01	9.0391511389e-01
4.6200016394e+02	9.0258610249e-01	9.0523493363e-01
4.6241987338e+02	9.0389513969e-01	9.0650842552e-01
4.6283958282e+02	9.0518122911e-01	9.0774191415e-01
4.6325929227e+02	9.0637797117e-01	9.0892700859e-01
4.6367900171e+02	9.0758651495e-01	9.1007315693e-01
4.6409871115e+02	9.0869224072e-01	9.1117586516e-01
4.6451842059e+02	9.0979218483e-01	9.1223710662e-01
4.6493813003e+02	9.1085010767e-01	9.1325988599e-01
4.6535783947e+02	9.1182714701e-01	9.1423862486e-01
4.6577754891e+02	9.1280323267e-01	9.1518102749e-01
4.6619725835e+02	9.1373318434e-01	9.1608252698e-01
4.6661696780e+02	9.1456967592e-01	9.1694588770e-01
4.6703667724e+02	9.1535061598e-01	9.1777360853e-01
4.6745638668e+02	9.1601008177e-01	9.1856033414e-01
4.6787609612e+02	9.1663742065e-01	9.1931331456e-01
4.6829580556e+02	9.1722965240e-01	9.2002917561e-01
4.6871551500e+02	9.1776478291e-01	9.2070903344e-01
4.6913522444e+02	9.1829055548e-01	9.2135669569e-01
4.6955493388e+02	9.1881740093e-01	9.2196642061e-01
4.6997464332e+02	9.1931724548e-01	9.2254452185e-01
4.7039435277e+02	9.1980916262e-01	9.2309032666e-01
4.7081406221e+02	9.2031121254e-01	9.2360135168e-01
4.7123377165e+02	9.2081081867e-01	9.2408288080e-01
4.7165348109e+02	9.2121148109e-01	9.2453205867e-01
4.7207319053e+02	9.2165279388e-01	9.2495014542e-01
4.7249289997e+02	9.2199456692e-01	9.2534034866e-01
4.7291260941e+02	9.2227685452e-01	9.2569867712e-01
4.7333231885e+02	9.2262256145e-01	9.2602910102e-01
4.7375202830e+02	9.2311334610e-01	9.2633326827e-01
4.7417173774e+02	9.2354893684e-01	9.2660651262e-01
4.7459144718e+02	9.2393374443e-01	9.2685457797e-01
4.7501115662e+02	9.2424207926e-01	9.2707741905e-01
4.7543086606e+02	9.2434251308e-01	9.2727190938e-01
4.7585057550e+02	9.2451405525e-01	9.2744292721e-01
4.7627028494e+02	9.2461752892e-01	9.2759004935e-01
4.7668999438e+02	9.2473912239e-01	9.2771115663e-01
4.7710970383e+02	9.2480844259e-01	9.2781042344e-01
4.7752941327e+02	9.2486524582e-01	9.2788742859e-01
4.7794912271e+02	9.2486053705e-01	9.2794042447e-01
4.7836883215e+02	9.2485123873e-01	9.2797320297e-01
4.7878854159e+02	9.2483717203e-01	9.2798559694e-01
4.7920825103e+02	9.2479526997e-01	9.2797570766e-01
4.7962796047e+02	9.2474585772e-01	9.2794721042e-01
4.8004766991e+02	9.2467355728e-01	9.2790038676e-01
4.8046737935e+02	9.2459172010e-01	9.2783277898e-01
4.8088708880e+02	9.2447471619e-01	9.2774815525e-01
4.8130679824e+02	9.2431890965e-01	9.2764698807e-01
4.8172650768e+02	9.2416197062e-01	9.2752715257e-01
4.8214621712e+02	9.2402422428e-01	9.2739147813e-01
4.8256592656e+02	9.2387145758e-01	9.2724082616e-01
4.8298563600e+02	9.2369651794e-01	9.2707405630e-01
4.8340534544e+02	9.2351347208e-01	9.2689232595e-01
4.8382505488e+02	9.2327111959e-01	9.2669716111e-01
4.8424476433e+02	9.2311853170e-01	9.2648841167e-01
4.8466447377e+02	9.2292183638e-01	9.2626553378e-01
4.8508418321e+02	9.2268103361e-01	9.2603074007e-01
4.8550389265e+02	9.2244380713e-01	9.2578448232e-01
4.8592360209e+02	9.2219930887e-01	9.2552561151e-01
4.8634331153e+02	9.2194712162e-01	9.2525598104e-01
4.8676302097e+02	9.2168045044e-01	9.2497637242e-01
4.8718273041e+02	9.2139071226e-01	9.2468673288e-01
4.8760243986e+02	9.2110830545e-01	9.2438696203e-01
4.8802214930e+02	9.2072129250e-01	9.2407867168e-01
4.8844185874e+02	9.2047590017e-01	9.2376229653e-01
4.8886156818e+02	9.2013239861e-01	9.2343740968e-01
4.8928127762e+02	9.1981601715e-01	9.2310500494e-01
4.8970098706e+02	9.1933596134e-01	9.2276593664e-01
4.9012069650e+02	9.1904741526e-01	9.2242062860e-01
4.9054040594e+02	9.1859877110e-01	9.2206862520e-01
4.9096011538e+02	9.1829067469e-01	9.2171129103e-01
4.9137982483e+02	9.1791462898e-01	9.2134909663e-01
4.9179953427e+02	9.1761171818e-01	9.2098239309e-01
4.9221924371e+02	9.1723233461e-01	9.2061110072e-01
4.9263895315e+02	9.1686874628e-01	9.2023629107e-01
4.9305866259e+02	9.1641968489e-01	9.1985836419e-01
4.9347837203e+02	9.1595441103e-01	9.1947767652e-01
4.9389808147e+02	9.1556960344e-01	9.1909438691e-01
4.9431779091e+02	9.1515910625e-01	9.1870926896e-01
4.9473750036e+02	9.1471642256e-01	9.1832270583e-01
4.9515720980e+02	9.1434133053e-01	9.1793507649e-01
4.9557691924e+02	9.1384994984e-01	9.1754670472e-01
4.9599662868e+02	9.1337043047e-01	9.1715811073e-01
4.9641633812e+02	9.1287457943e-01	9.1676965899e-01
4.9683604756e+02	9.1233664751e-01	9.1638170711e-01
4.9725575700e+02	9.1186130047e-01	9.1599474118e-01
4.9767546644e+02	9.1132378578e-01	9.1560910818e-01
4.9809517589e+02	9.1080093384e-01	9.1522510357e-01
4.9851488533e+02	9.1046416759e-01	9.1484305926e-01
4.9893459477e+02	9.1011774540e-01	9.1446340183e-01
4.9935430421e+02	9.0977859497e-01	9.1408670015e-01
4.9977401365e+02	9.0945410728e-01	9.1371299244e-01
5.0019372309e+02	9.0914589167e-01	9.1334257986e-01
5.0061343253e+02	9.0880870819e-01	9.1297575588e-01
5.0103314197e+02	9.0853005648e-01	9.1261317943e-01
5.0145285141e+02	9.0822994709e-01	9.1225504959e-01
5.0187256086e+02	9.0794199705e-01	9.1190140234e-01
5.0229227030e+02	9.0771400928e-01	9.1155249374e-01
5.0271197974e+02	9.0746694803e-01	9.1120857049e-01
5.0313168918e+02	9.0726619959e-01	9.1087044926e-01
5.0355139862e+02	9.0702950954e-01	9.1053802136e-01
5.0397110806e+02	9.0711295605e-01	9.1021130631e-01
5.0439081750e+02	9.0656310320e-01	9.0989050650e-01
5.0481052694e+02	9.0726721287e-01	9.0957581333e-01
5.0523023639e+02	9.0716695786e-01	9.0926796910e-01
5.0564994583e+02	9.0668022633e-01	9.0896693482e-01
5.0606965527e+02	9.0643918514e-01	9.0867254202e-01
5.0648936471e+02	9.0635204315e-01	9.0838493121e-01
5.0690907415e+02	9.0628093481e-01	9.0810423053e-01
5.0732878359e+02	9.0614193678e-01	9.0783077548e-01
5.0774849303e+02	9.0593928099e-01	9.0756518122e-01
5.0816820247e+02	9.0577745438e-01	9.0730681641e-01
5.0858791192e+02	9.0561163425e-01	9.0705575291e-01
5.0900762136e+02	9.0541553497e-01	9.0681204913e-01
5.0942733080e+02	9.0524739027e-01	9.0657574981e-01
5.0984704024e+02	9.0508878231e-01	9.0634735377e-01
5.1026674968e+02	9.0498995781e-01	9.0612687716e-01
5.1068645912e+02	9.0479403734e-01	9.0591384734e-01
5.1110616856e+02	9.0469390154e-01	9.0570824940e-01
5.1152587800e+02	9.0457469225e-01	9.0551005456e-01
5.1194558744e+02	9.0446341038e-01	9.0531922018e-01
5.1236529689e+02	9.0437197685e-01	9.0513600162e-01
5.1278500633e+02	9.0417271852e-01	9.0496055184e-01
5.1320471577e+02	9.0406960249e-01	9.0479222596e-01
5.1362442521e+02	9.0399831533e-01	9.0463092395e-01
5.1404413465e+02	9.0392303467e-01	9.0447653309e-01
5.1446384409e+02	9.0382921696e-01	9.0432892840e-01
5.1488355353e+02	9.0374344587e-01	9.0418797302e-01
5.1530326297e+02	9.0366953611e-01	9.0405403755e-01
5.1572297242e+02	9.0360635519e-01	9.0392660002e-01
5.1614268186e+02	9.0356254578e-01	9.0380529438e-01
5.1656239130e+02	9.0352559090e-01	9.0368994058e-01
5.1698210074e+02	9.0351235867e-01	9.0358035052e-01
5.1740181018e+02	9.0349435806e-01	9.0347632901e-01
5.1782151962e+02	9.0344285965e-01	9.0337767487e-01
5.1824122906e+02	9.0338528156e-01	9.0328442837e-01
5.1866093850e+02	9.0344834328e-01	9.0319636712e-01
5.1908064795e+02	9.0345776081e-01	9.0311300223e-01
5.1950035739e+02	9.0313833952e-01	9.0303412227e-01
5.1992006683e+02	9.0361988544e-01	9.0295951733e-01
5.2033977627e+02	9.0338265896e-01	9.0288898085e-01
5.2075948571e+02	9.0348839760e-01	9.0282231147e-01
5.2117919515e+02	9.0378820896e-01	9.0275931501e-01
5.2159890459e+02	9.0322351456e-01	9.0269993358e-01
5.2201861403e+02	9.0379583836e-01	9.0264402987e-01
5.2243832347e+02	9.0353590250e-01	9.0259125377e-01
5.2285803292e+02	9.0316945314e-01	9.0254146620e-01
5.2327774236e+02	9.0308225155e-01	9.0249454709e-01
5.2369745180e+02	9.0316450596e-01	9.0245039777e-01
5.2411716124e+02	9.0319907665e-01	9.0240894333e-01
5.2453687068e+02	9.0322041512e-01	9.0237013500e-01
5.2495658012e+02	9.0324711800e-01	9.0233395242e-01
5.2537628956e+02	9.0330588818e-01	9.0230044522e-01
5.2579599900e+02	9.0345466137e-01	9.0226980626e-01
5.2621570845e+02	9.0356063843e-01	9.0224193802e-01
5.2663541789e+02	9.0365523100e-01	9.0221696125e-01
5.2705512733e+02	9.0375238657e-01	9.0219503397e-01
5.2747483677e+02	9.0388065577e-01	9.0217635224e-01
5.2789454621e+02	9.0407431126e-01	9.0216115048e-01
5.2831425565e+02	9.0422523022e-01	9.0214970120e-01
5.2873396509e+02	9.0432828665e-01	9.0214231426e-01
5.2915367453e+02	9.0432614088e-01	9.0213933543e-01
5.2957338398e+02	9.0446859598e-01	9.0214114430e-01
5.2999309342e+02	9.0475571156e-01	9.0214820287e-01
5.3041280286e+02	9.0442371368e-01	9.0216127042e-01
5.3083251230e+02	9.0444082022e-01	9.0218048985e-01
5.3125222174e+02	9.0442502499e-01	9.0220634059e-01
5.3167193118e+02	9.0438073874e-01	9.0223931232e-01
5.3209164062e+02	9.0434455872e-01	9.0227989811e-01
5.3251135006e+02	9.0425682068e-01	9.0232858688e-01
5.3293105950e+02	9.0414845943e-01	9.0238585524e-01
5.3335076895e+02	9.0399557352e-01	9.0245215890e-01
5.3377047839e+02	9.0385568142e-01	9.0252792362e-01
5.3419018783e+02	9.0338468552e-01	9.0261353607e-01
5.3460989727e+02	9.0331959724e-01	9.0270933455e-01
5.3502960671e+02	9.0350282192e-01	9.0281559991e-01
5.3544931615e+02	9.0330344439e-01	9.0293254681e-01
5.3586902559e+02	9.0323042870e-01	9.0306031551e-01
5.3628873503e+02	9.0338695049e-01	9.0319927423e-01
5.3670844448e+02	9.0334594250e-01	9.0334930030e-01
5.3712815392e+02	9.0318828821e-01	9.0351001693e-01
5.3754786336e+02	9.0309828520e-01	9.0368118990e-01
5.3796757280e+02	9.0301215649e-01	9.0386248487e-01
5.3838728224e+02	9.0292823315e-01	9.0405346656e-01
5.3880699168e+02	9.0283465385e-01	9.0425359947e-01
5.3922670112e+02	9.0270227194e-01	9.0446225012e-01
5.3964641056e+02	9.0257793665e-01	9.0467869085e-01
5.4006612001e+02	9.0249109268e-01	9.0490210512e-01
5.4048582945e+02	9.0246123075e-01	9.0513159409e-01
5.4090553889e+02	9.0247130394e-01	9.0536618445e-01
5.4132524833e+02	9.0216422081e-01	9.0560483730e-01
5.4174495777e+02	9.0185946226e-01	9.0584645788e-01
5.4216466721e+02	9.0171569586e-01	9.0608990590e-01
5.4258437665e+02	9.0155649185e-01	9.0633400636e-01
5.4300408609e+02	9.0139138699e-01	9.0657756056e-01
5.4342379553e+02	9.0122795105e-01	9.0681935713e-01
5.4384350498e+02	9.0107369423e-01	9.0705818290e-01
5.4426321442e+02	9.0092331171e-01	9.0729283333e-01
5.4468292386e+02	9.0078568459e-01	9.0752212255e-01
5.4510263330e+02	9.0066170692e-01	9.0774489266e-01
5.4552234274e+02	9.0053337812e-01	9.0796002228e-01
5.4594205218e+02	9.0041130781e-01	9.0816643430e-01
5.4636176162e+02	9.0029704571e-01	9.0836310268e-01
5.4678147106e+02	9.0020656586e-01	9.0854905843e-01
5.4720118051e+02	9.0010607243e-01	9.0872339449e-01
5.4762088995e+02	9.0003222227e-01	9.0888526986e-01
5.4804059939e+02	8.9995354414e-01	9.0903391267e-01
5.4846030883e+02	8.9987868071e-01	9.0916862255e-01
5.4888001827e+02	8.9980936050e-01	9.0928877205e-01
5.4929972771e+02	8.9960181713e-01	9.0939380741e-01
5.4971943715e+02	8.9945173264e-01	9.0948324863e-01
5.5013914659e+02	8.9937865734e-01	9.0955668889e-01
5.5055885604e+02	8.9899116755e-01	9.0961379351e-01
5.5097856548e+02	8.9880448580e-01	9.0965429836e-01
5.5139827492e+02	8.9839041233e-01	9.0967800791e-01
5.5181798436e+02	8.9876645803e-01	9.0968479298e-01
5.5223769380e+02	8.9877754450e-01	9.0967458811e-01
5.5265740324e+02	8.9862453938e-01	9.0964738880e-01
5.5307711268e+02	8.9856082201e-01	9.0960324857e-01
5.5349682212e+02	8.9846497774e-01	9.0954227583e-01
5.5391653156e+02	8.9836448431e-01	9.0946463071e-01
5.5433624101e+02	8.9826303720e-01	9.0937052185e-01
5.5475595045e+02	8.9817416668e-01	9.0926020314e-01
5.5517565989e+02	8.9808243513e-01	9.0913397042e-01
5.5559536933e+02	8.9795696735e-01	9.0899215832e-01
5.5601507877e+02	8.9787548780e-01	9.0883513702e-01
5.5643478821e+02	8.9782863855e-01	9.0866330909e-01
5.5685449765e+02	8.9775407314e-01	9.0847710646e-01
5.5727420709e+02	8.9767110348e-01	9.0827698737e-01
5.5769391654e+02	8.9756149054e-01	9.0806343344e-01
5.5811362598e+02	8.9750361443e-01	9.0783694685e-01
5.5853333542e+02	8.9743745327e-01	9.0759804753e-01
5.5895304486e+02	8.9738714695e-01	9.0734727046e-01
5.5937275430e+02	8.9735889435e-01	9.0708516312e-01
5.5979246374e+02	8.9731734991e-01	9.0681228293e-01
5.6021217318e+02	8.9726060629e-01	9.0652919480e-01
5.6063188262e+02	8.9718586206e-01	9.0623646878e-01
5.6105159207e+02	8.9711391926e-01	9.0593467779e-01
5.6147130151e+02	8.9700347185e-01	9.0562439539e-01
5.6189101095e+02	8.9686435461e-01	9.0530619362e-01
5.6231072039e+02	8.9673316479e-01	9.0498064096e-01
5.6273042983e+02	8.9656114578e-01	9.0464830030e-01
5.6315013927e+02	8.9637172222e-01	9.0430972700e-01
5.6356984871e+02	8.9618998766e-01	9.0396546702e-01
5.6398955815e+02	8.9598178864e-01	9.0361605509e-01
5.6440926759e+02	8.9578354359e-01	9.0326201290e-01
5.6482897704e+02	8.9558249712e-01	9.0290384744e-01
5.6524868648e+02	8.9538580179e-01	9.0254204932e-01
5.6566839592e+02	8.9522278309e-01	9.0217709112e-01
5.6608810536e+02	8.9502924681e-01	9.0180942584e-01
5.6650781480e+02	8.9492040873e-01	9.0143943756e-01
5.6692752424e+02	8.9485388994e-01	9.0106755399e-01
5.6734723368e+02	8.9449882507e-01	9.0069423376e-01
5.6776694312e+02	8.9429938793e-01	9.0031983311e-01
5.6818665257e+02	8.9402812719e-01	8.9994468066e-01
5.6860636201e+02	8.9340907335e-01	8.9956907613e-01
5.6902607145e+02	8.9282321930e-01	8.9919328891e-01
5.6944578089e+02	8.9275592566e-01	8.9881755688e-01
5.6986549033e+02	8.9247566462e-01	8.9844208512e-01
5.7028519977e+02	8.9233523607e-01	8.9806704470e-01
5.7070490921e+02	8.9210683107e-01	8.9769257154e-01
5.7112461865e+02	8.9180153608e-01	8.9731876523e-01
5.7154432810e+02	8.9146906137e-01	8.9694568792e-01
5.7196403754e+02	8.9113497734e-01	8.9657336327e-01
5.7238374698e+02	8.9076334238e-01	8.9620177539e-01
5.7280345642e+02	8.9028292894e-01	8.9583086780e-01
5.7322316586e+02	8.8970869780e-01	8.9546057382e-01
5.7364287530e+02	8.8960862160e-01	8.9509069005e-01
5.7406258474e+02	8.8934105635e-01	8.9472100899e-01
5.7448229418e+02	8.8896912336e-01	8.9435128390e-01
5.7490200362e+02	8.8861167431e-01	8.9398122122e-01
5.7532171307e+02	8.8823437691e-01	8.9361047970e-01
5.7574142251e+02	8.8792824745e-01	8.9323866950e-01
5.7616113195e+02	8.8765633106e-01	8.9286535125e-01
5.7658084139e+02	8.8738965988e-01	8.9249003526e-01
5.7700055083e+02	8.8707429171e-01	8.9211218059e-01
5.7742026027e+02	8.8674360514e-01	8.9173119430e-01
5.7783996971e+02	8.8638794422e-01	8.9134643056e-01
5.7825967915e+02	8.8602226973e-01	8.9095668733e-01
5.7867938860e+02	8.8570082188e-01	8.9056139729e-01
5.7909909804e+02	8.8535654545e-01	8.9015980669e-01
5.7951880748e+02	8.8503915071e-01	8.8975101398e-01
5.7993851692e+02	8.8471418619e-01	8.8933405838e-01
5.8035822636e+02	8.8438600302e-01	8.8890791901e-01
5.8077793580e+02	8.8403385878e-01	8.8847151398e-01
5.8119764524e+02	8.8364845514e-01	8.8802369951e-01
5.8161735468e+02	8.8319832087e-01	8.8756326904e-01
5.8203706413e+02	8.8268619776e-01	8.8708895225e-01
5.8245677357e+02	8.8217610121e-01	8.8659807615e-01
5.8287648301e+02	8.8143259287e-01	8.8608924880e-01
5.8329619245e+02	8.8069170713e-01	8.8556177041e-01
5.8371590189e+02	8.7999105453e-01	8.8501404676e-01
5.8413561133e+02	8.7925612926e-01	8.8444441119e-01
5.8455532077e+02	8.7858843803e-01	8.8385112333e-01
5.8497503021e+02	8.7780761719e-01	8.8323236788e-01
5.8539473965e+02	8.7679642439e-01	8.8258625321e-01
5.8581444910e+02	8.7635099888e-01	8.8191081003e-01
5.8623415854e+02	8.7509590387e-01	8.8120129573e-01
5.8665386798e+02	8.7462794781e-01	8.8045508060e-01
5.8707357742e+02	8.7337434292e-01	8.7967215081e-01
5.8749328686e+02	8.7309086323e-01	8.7885011720e-01
5.8791299630e+02	8.7215471268e-01	8.7798649858e-01
5.8833270574e+02	8.7129259109e-01	8.7707871967e-01
5.8875241518e+02	8.7045645714e-01	8.7612410894e-01
5.8917212463e+02	8.6947762966e-01	8.7511989632e-01
5.8959183407e+02	8.6848157644e-01	8.7406065147e-01
5.9001154351e+02	8.6738950014e-01	8.7293802506e-01
5.9043125295e+02	8.6624681950e-01	8.7175528300e-01
5.9085096239e+02	8.6503082514e-01	8.7050908962e-01
5.9127067183e+02	8.6375719309e-01	8.6919598664e-01
5.9169038127e+02	8.6240398884e-01	8.6781238971e-01
5.9211009071e+02	8.6102443933e-01	8.6635458500e-01
5.9252980016e+02	8.5960936546e-01	8.6481872561e-01
5.9294950960e+02	8.5799562931e-01	8.6319029331e-01
5.9336921904e+02	8.5638290644e-01	8.6146780071e-01
5.9378892848e+02	8.5463678837e-01	8.5965231375e-01
5.9420863792e+02	8.5280466080e-01	8.5773917280e-01
5.9462834736e+02	8.5089826584e-01	8.5572354569e-01
5.9504805680e+02	8.4889763594e-01	8.5360042288e-01
5.9546776624e+02	8.4683346748e-01	8.5136461264e-01
5.9588747568e+02	8.4467297792e-01	8.4899782044e-01
5.9630718513e+02	8.4243154526e-01	8.4649187936e-01
5.9672689457e+02	8.4011608362e-01	8.4385266603e-01
5.9714660401e+02	8.3770185709e-01	8.4107383028e-01
5.9756631345e+02	8.3520114422e-01	8.3814878362e-01
5.9798602289e+02	8.3255344629e-01	8.3507069388e-01
5.9840573233e+02	8.2976871729e-01	8.3183248051e-01
5.9882544177e+02	8.2677304745e-01	8.2839639620e-01
5.9924515121e+02	8.2357060909e-01	8.2477120551e-01
5.9966486066e+02	8.2009857893e-01	8.2095716818e-01
6.0008457010e+02	8.1637412310e-01	8.1694557988e-01
6.0050427954e+02	8.1240099669e-01	8.1272742597e-01
6.0092398898e+02	8.0824011564e-01	8.0829338053e-01
6.0134369842e+02	8.0391681194e-01	8.0361288310e-01
6.0176340786e+02	7.9903727770e-01	7.9865574723e-01
6.0218311730e+02	7.9428660870e-01	7.9344459127e-01
6.0260282674e+02	7.8867131472e-01	7.8796809074e-01
6.0302253619e+02	7.8377068043e-01	7.8221458957e-01
6.0344224563e+02	7.7783548832e-01	7.7617211256e-01
6.0386195507e+02	7.7281457186e-01	7.6980768343e-01
6.0428166451e+02	7.6638066769e-01	7.6306295170e-01
6.0470137395e+02	7.6000285149e-01	7.5598053962e-01
6.0512108339e+02	7.5307184458e-01	7.4854665586e-01
6.0554079283e+02	7.4567276239e-01	7.4074735422e-01
6.0596050227e+02	7.3799306154e-01	7.3256857789e-01
6.0638021171e+02	7.2974717617e-01	7.2395238600e-01
6.0679992116e+02	7.2085863352e-01	7.1485243268e-01
6.0721963060e+02	7.1159106493e-01	7.0531846959e-01
6.0763934004e+02	7.0184838772e-01	6.9533692318e-01
6.0805904948e+02	6.9158637524e-01	6.8489480942e-01
6.0847875892e+02	6.8082559109e-01	6.7397982451e-01
6.0889846836e+02	6.6934925318e-01	6.6247397375e-01
6.0931817780e+02	6.5731197596e-01	6.5043056910e-01
6.0973788724e+02	6.4467185736e-01	6.3787811709e-01
6.1015759669e+02	6.3139569759e-01	6.2481289258e-01
6.1057730613e+02	6.1747092009e-01	6.1123367121e-01
6.1099701557e+02	6.0271996260e-01	5.9709749084e-01
6.1141672501e+02	5.8731573820e-01	5.8235428826e-01
6.1183643445e+02	5.7149010897e-01	5.6712847961e-01
6.1225614389e+02	5.5517607927e-01	5.5144337466e-01
6.1267585333e+02	5.3843563795e-01	5.3532796094e-01
6.1309556277e+02	5.2139866352e-01	5.1881513155e-01
6.1351527222e+02	5.0383889675e-01	5.0187376019e-01
6.1393498166e+02	4.8610889912e-01	4.8469263913e-01
6.1435469110e+02	4.6827754378e-01	4.6734856923e-01
6.1477440054e+02	4.5044136047e-01	4.4992667805e-01
6.1519410998e+02	4.3270564079e-01	4.3252003221e-01
6.1561381942e+02	4.1535165906e-01	4.1533520769e-01
6.1603352886e+02	3.9847645164e-01	3.9852179662e-01
6.1645323830e+02	3.8215252757e-01	3.8221422912e-01
6.1687294774e+02	3.6652565002e-01	3.6655708504e-01
6.1729265719e+02	3.5173222423e-01	3.5169871282e-01
6.1771236663e+02	3.3839249611e-01	3.3818869022e-01
6.1813207607e+02	3.2649615407e-01	3.2598184749e-01
6.1855178551e+02	3.1627130508e-01	3.1519080996e-01
6.1897149495e+02	3.0764004588e-01	3.0594993592e-01
6.1939120439e+02	3.0082830787e-01	2.9842229657e-01
6.1981091383e+02	2.9649341106e-01	2.9335589148e-01
6.2023062327e+02	2.9478970170e-01	2.9023712278e-01
6.2065033272e+02	2.9327085614e-01	2.8909600318e-01
6.2107004216e+02	2.9404604435e-01	2.8994487572e-01
6.2148975160e+02	2.9741030931e-01	2.9300786258e-01
6.2190946104e+02	3.0305063725e-01	2.9845568978e-01
6.2232917048e+02	3.1028693914e-01	3.0568652011e-01
6.2274887992e+02	3.1909459829e-01	3.1458898956e-01
6.2316858936e+02	3.2959270477e-01	3.2504306170e-01
6.2358829880e+02	3.4164404869e-01	3.3722107601e-01
6.2400800825e+02	3.5480645299e-01	3.5064969406e-01
6.2442771769e+02	3.6888444424e-01	3.6501283858e-01
6.2484742713e+02	3.8379970193e-01	3.8015968259e-01
6.2526713657e+02	3.9934229851e-01	3.9596817441e-01
6.2568684601e+02	4.1548562050e-01	4.1229710496e-01
6.2610655545e+02	4.3177831173e-01	4.2882120926e-01
6.2652626489e+02	4.4817316532e-01	4.4543042363e-01
6.2694597433e+02	4.6453374624e-01	4.6202115996e-01
6.2736568377e+02	4.8067700863e-01	4.7840890561e-01
6.2778539322e+02	4.9653539062e-01	4.9448485716e-01
6.2820510266e+02	5.1197844744e-01	5.1021244446e-01
6.2862481210e+02	5.2699929476e-01	5.2554231408e-01
6.2904452154e+02	5.4146760702e-01	5.4034350237e-01
6.2946423098e+02	5.5522626638e-01	5.5450565863e-01
6.2988394042e+02	5.6837737560e-01	5.6813348011e-01
6.3030364986e+02	5.8092516661e-01	5.8121406995e-01
6.3072335930e+02	5.9285199642e-01	5.9370359943e-01
6.3114306875e+02	6.0398995876e-01	6.0540259190e-01
6.3156277819e+02	6.1458259821e-01	6.1653372140e-01
6.3198248763e+02	6.2464481592e-01	6.2710164381e-01
6.3240219707e+02	6.3420855999e-01	6.3711149532e-01
6.3282190651e+02	6.4308094978e-01	6.4633524598e-01
6.3324161595e+02	6.5148115158e-01	6.5501365721e-01
6.3366132539e+02	6.5948599577e-01	6.6317240573e-01
6.3408103483e+02	6.6701769829e-01	6.7082251309e-01
6.3450074428e+02	6.7407429218e-01	6.7778818175e-01
6.3492045372e+02	6.8067330122e-01	6.8424815530e-01
6.3534016316e+02	6.8688166142e-01	6.9025731977e-01
6.3575987260e+02	6.9271993637e-01	6.9583002982e-01
6.3617958204e+02	6.9811385870e-01	7.0083268927e-01
6.3659929148e+02	7.0311337709e-01	7.0541609416e-01
6.3701900092e+02	7.0796859264e-01	7.0964521068e-01
6.3743871036e+02	7.1233117580e-01	7.1354014137e-01
6.3785841980e+02	7.1733170748e-01	7.1701915140e-01
6.3827812925e+02	7.2110974789e-01	7.2022619578e-01
6.3869783869e+02	7.2512584925e-01	7.2321813668e-01
6.3911754813e+02	7.2854769230e-01	7.2602059890e-01
6.3953725757e+02	7.3076528311e-01	7.2861902484e-01
6.3995696701e+02	7.3384457827e-01	7.3112285618e-01
6.4037667645e+02	7.3674482107e-01	7.3356116074e-01
6.4079638589e+02	7.3963934183e-01	7.3595395421e-01
6.4121609533e+02	7.4178510904e-01	7.3832691507e-01
6.4163580478e+02	7.4421799183e-01	7.4070613515e-01
6.4205551422e+02	7.4650746584e-01	7.4309455824e-01
6.4247522366e+02	7.4862456322e-01	7.4549714257e-01
6.4289493310e+02	7.5064873695e-01	7.4791165373e-01
6.4331464254e+02	7.5258398056e-01	7.5032379051e-01
6.4373435198e+02	7.5450718403e-01	7.5272715250e-01
6.4415406142e+02	7.5628179312e-01	7.5510594313e-01
6.4457377086e+02	7.5788891315e-01	7.5743707445e-01
6.4499348031e+02	7.5955986977e-01	7.5972103609e-01
6.4541318975e+02	7.6100814342e-01	7.6195222570e-01
6.4583289919e+02	7.6251477003e-01	7.6409284772e-01
6.4625260863e+02	7.6384663582e-01	7.6615053345e-01
6.4667231807e+02	7.6516872644e-01	7.6813353702e-01
6.4709202751e+02	7.6644337177e-01	7.7003597503e-01
6.4751173695e+02	7.6773053408e-01	7.7181406988e-01
6.4793144639e+02	7.6891034842e-01	7.7351230773e-01
6.4835115583e+02	7.7001702785e-01	7.7513140869e-01
6.4877086528e+02	7.7112531662e-01	7.7664981768e-01
6.4919057472e+02	7.7221417427e-01	7.7806742439e-01
6.4961028416e+02	7.7320480347e-01	7.7941229269e-01
6.5002999360e+02	7.7422589064e-01	7.8068597817e-01
6.5044970304e+02	7.7519798279e-01	7.8185354015e-01
6.5086941248e+02	7.7611559629e-01	7.8295359945e-01
6.5128912192e+02	7.7710008621e-01	7.8399262146e-01
6.5170883136e+02	7.7794665098e-01	7.8495935645e-01
6.5212854081e+02	7.7880495787e-01	7.8584918491e-01
6.5254825025e+02	7.7966803312e-01	7.8668826096e-01
6.5296795969e+02	7.8042012453e-01	7.8747812266e-01
6.5338766913e+02	7.8124737740e-01	7.8819550892e-01
6.5380737857e+02	7.8203558922e-01	7.8886748768e-01
6.5422708801e+02	7.8282845020e-01	7.8949929665e-01
6.5464679745e+02	7.8355997801e-01	7.9008207289e-01
6.5506650689e+02	7.8420710564e-01	7.9061611210e-01
6.5548621634e+02	7.8479933739e-01	7.9111771539e-01
6.5590592578e+02	7.8545278311e-01	7.9158781751e-01
6.5632563522e+02	7.8604644537e-01	7.9200895183e-01
6.5674534466e+02	7.8658837080e-01	7.9240410755e-01
6.5716505410e+02	7.8712654114e-01	7.9277405090e-01
6.5758476354e+02	7.8769201040e-01	7.9310984569e-01
6.5800447298e+02	7.8825122118e-01	7.9341852487e-01
6.5842418242e+02	7.8877639771e-01	7.9370711119e-01
6.5884389186e+02	7.8940463066e-01	7.9397260664e-01
6.5926360131e+02	7.8987824917e-01	7.9421145429e-01
6.5968331075e+02	7.9022914171e-01	7.9443439907e-01
6.6010302019e+02	7.9057991505e-01	7.9464190042e-01
6.6052272963e+02	7.9096084833e-01	7.9482508969e-01
6.6094243907e+02	7.9127973318e-01	7.9499541569e-01
6.6136214851e+02	7.9163032770e-01	7.9515358595e-01
6.6178185795e+02	7.9202198982e-01	7.9529455136e-01
6.6220156739e+02	7.9234170914e-01	7.9542301141e-01
6.6262127684e+02	7.9264980555e-01	7.9554198696e-01
6.6304098628e+02	7.9285055399e-01	7.9564897243e-01
6.6346069572e+02	7.9312521219e-01	7.9574441374e-01
6.6388040516e+02	7.9334509373e-01	7.9583253152e-01
6.6430011460e+02	7.9352474213e-01	7.9591243312e-01
6.6471982404e+02	7.9371070862e-01	7.9598210473e-01
6.6513953348e+02	7.9392647743e-01	7.9604619145e-01
6.6555924292e+02	7.9409724474e-01	7.9610475039e-01
6.6597895237e+02	7.9426902533e-01	7.9615455994e-01
6.6639866181e+02	7.9448324442e-01	7.9620017353e-01
6.6681837125e+02	7.9463148117e-01	7.9624168720e-01
6.6723808069e+02	7.9480475187e-01	7.9627686769e-01
6.6765779013e+02	7.9496210814e-01	7.9630849840e-01
6.6807749957e+02	7.9507279396e-01	7.9633709392e-01
6.6849720901e+02	7.9521530867e-01	7.9636124741e-01
6.6891691845e+02	7.9530400038e-01	7.9638248571e-01
6.6933662789e+02	7.9539710283e-01	7.9640152195e-01
6.6975633734e+02	7.9555296898e-01	7.9641748462e-01
6.7017604678e+02	7.9567408562e-01	7.9643116172e-01
6.7059575622e+02	7.9575067759e-01	7.9644327751e-01
6.7101546566e+02	7.9585182667e-01	7.9645329719e-01
6.7143517510e+02	7.9590135813e-01	7.9646160323e-01
6.7185488454e+02	7.9595494270e-01	7.9646882908e-01
6.7227459398e+02	7.9597526789e-01	7.9647464529e-01
6.7269430342e+02	7.9600501060e-01	7.9647922924e-01
6.7311401287e+02	7.9604506493e-01	7.9648308199e-01
6.7353372231e+02	7.9605650902e-01	7.9648599507e-01
6.7395343175e+02	7.9611802101e-01	7.9648804967e-01
6.7437314119e+02	7.9617297649e-01	7.9648961309e-01
6.7479285063e+02	7.9625368118e-01	7.9649054430e-01
6.7521256007e+02	7.9630213976e-01	7.9649087859e-01
6.7563226951e+02	7.9640477896e-01	7.9649087237e-01
6.7605197895e+02	7.9660874605e-01	7.9649041645e-01
6.7647168840e+02	7.9661965370e-01	7.9648951811e-01
6.7689139784e+02	7.9659444094e-01	7.9648835727e-01
6.7731110728e+02	7.9664105177e-01	7.9648682870e-01
6.7773081672e+02	7.9666531086e-01	7.9648491786e-01
6.7815052616e+02	7.9671913385e-01	7.9648276401e-01
6.7857023560e+02	7.9676008224e-01	7.9648023804e-01
6.7898994504e+02	7.9681491852e-01	7.9647731387e-01
6.7940965448e+02	7.9685378075e-01	7.9647411980e-01
6.7982936392e+02	7.9688119888e-01	7.9647046891e-01
6.8024907337e+02	7.9691761732e-01	7.9646635021e-01
6.8066878281e+02	7.9696083069e-01	7.9646189867e-01
6.8108849225e+02	7.9697775841e-01	7.9645682529e-01
6.8150820169e+02	7.9698073864e-01	7.9645118587e-01
6.8192791113e+02	7.9698836803e-01	7.9644512342e-01
6.8234762057e+02	7.9702293873e-01	7.9643818940e-01
6.8276733001e+02	7.9702222347e-01	7.9643058899e-01
6.8318703945e+02	7.9703444242e-01	7.9642245563e-01
6.8360674890e+02	7.9703891277e-01	7.9641310884e-01
6.8402645834e+02	7.9705345631e-01	7.9640302019e-01
6.8444616778e+02	7.9703176022e-01	7.9639223104e-01
6.8486587722e+02	7.9703193903e-01	7.9637987375e-01
6.8528558666e+02	7.9703813791e-01	7.9636670625e-01
6.8570529610e+02	7.9701679945e-01	7.9635251474e-01
6.8612500554e+02	7.9698693752e-01	7.9633658509e-01
6.8654471498e+02	7.9695051908e-01	7.9631970545e-01
6.8696442443e+02	7.9691576958e-01	7.9630137558e-01
6.8738413387e+02	7.9685664177e-01	7.9628121509e-01
6.8780384331e+02	7.9679572582e-01	7.9625996536e-01
6.8822355275e+02	7.9674196243e-01	7.9623672266e-01
6.8864326219e+02	7.9667484760e-01	7.9621166075e-01
6.8906297163e+02	7.9661190510e-01	7.9618537388e-01
6.8948268107e+02	7.9654943943e-01	7.9615642289e-01
6.8990239051e+02	7.9646974802e-01	7.9612579089e-01
6.9032209995e+02	7.9637372494e-01	7.9609368528e-01
6.9074180940e+02	7.9627114534e-01	7.9605834431e-01
6.9116151884e+02	7.9616630077e-01	7.9602148757e-01
6.9158122828e+02	7.9604625702e-01	7.9598247540e-01
6.9200093772e+02	7.9591757059e-01	7.9594039403e-01
6.9242064716e+02	7.9580229521e-01	7.9589668207e-01
6.9284035660e+02	7.9572081566e-01	7.9584998162e-01
6.9326006604e+02	7.9561632872e-01	7.9580055111e-01
6.9367977548e+02	7.9551732540e-01	7.9574938616e-01
6.9409948493e+02	7.9538261890e-01	7.9569424400e-01
6.9451919437e+02	7.9526227713e-01	7.9563689480e-01
6.9493890381e+02	7.9514110088e-01	7.9557726115e-01
6.9535861325e+02	7.9501563311e-01	7.9551342077e-01
6.9577832269e+02	7.9487794638e-01	7.9544762841e-01
6.9619803213e+02	7.9473775625e-01	7.9537849983e-01
6.9661774157e+02	7.9460316896e-01	7.9530580957e-01
6.9703745101e+02	7.9447174072e-01	7.9523109923e-01
6.9745716046e+02	7.9432713985e-01	7.9515183871e-01
6.9787686990e+02	7.9417985678e-01	7.9506986484e-01
6.9829657934e+02	7.9404544830e-01	7.9498531843e-01
6.9871628878e+02	7.9392498732e-01	7.9489584679e-01
6.9913599822e+02	7.9376202822e-01	7.9480421159e-01
6.9955570766e+02	7.9363512993e-01	7.9470869536e-01
6.9997541710e+02	7.9344648123e-01	7.9460927273e-01
7.0039512654e+02	7.9327547550e-01	7.9450765591e-01
7.0081483598e+02	7.9309427738e-01	7.9440069923e-01
7.0123454543e+02	7.9290145636e-01	7.9429105313e-01
7.0165425487e+02	7.9272139072e-01	7.9417822347e-01
7.0207396431e+02	7.9251205921e-01	7.9406040109e-01
7.0249367375e+02	7.9231995344e-01	7.9394031800e-01
7.0291338319e+02	7.9212272167e-01	7.9381548662e-01
7.0333309263e+02	7.9191958904e-01	7.9368706905e-01
7.0375280207e+02	7.9170048237e-01	7.9355612947e-01
7.0417251151e+02	7.9152810574e-01	7.9341928807e-01
7.0459222096e+02	7.9133898020e-01	7.9328016920e-01
7.0501193040e+02	7.9114907980e-01	7.9313685104e-01
7.0543163984e+02	7.9095321894e-01	7.9298923476e-01
7.0585134928e+02	7.9076319933e-01	7.9283936432e-01
7.0627105872e+02	7.9055577517e-01	7.9268352255e-01
7.0669076816e+02	7.9036885500e-01	7.9252512956e-01
7.0711047760e+02	7.9017204046e-01	7.9236299851e-01
7.0753018704e+02	7.8997600079e-01	7.9219608616e-01
7.0794989649e+02	7.8976720572e-01	7.9202696636e-01
7.0836960593e+02	7.8954088688e-01	7.9185225568e-01
7.0878931537e+02	7.8931879997e-01	7.9167467199e-01
7.0920902481e+02	7.8909242153e-01	7.9149369239e-01
7.0962873425e+02	7.8887188435e-01	7.9130770323e-01
7.1004844369e+02	7.8864115477e-01	7.9111959047e-01
7.1046815313e+02	7.8844910860e-01	7.9092616777e-01
7.1088786257e+02	7.8824549913e-01	7.9072978053e-01
7.1130757201e+02	7.8803455830e-01	7.9053020447e-01
7.1172728146e+02	7.8780281544e-01	7.9032565296e-01
7.1214699090e+02	7.8753185272e-01	7.9011909228e-01
7.1256670034e+02	7.8729844093e-01	7.8990739668e-01
7.1298640978e+02	7.8705936670e-01	7.8969287158e-01
7.1340611922e+02	7.8682404757e-01	7.8947522955e-01
7.1382582866e+02	7.8659230471e-01	7.8925289754e-01
7.1424553810e+02	7.8634810448e-01	7.8902869431e-01
7.1466524754e+02	7.8612500429e-01	7.8879943374e-01
7.1508495699e+02	7.8588467836e-01	7.8856768434e-01
7.1550466643e+02	7.8565955162e-01	7.8833276995e-01
7.1592437587e+02	7.8540390730e-01	7.8809367390e-01
7.1634408531e+02	7.8516817093e-01	7.8785286097e-01
7.1676379475e+02	7.8492122889e-01	7.8760699332e-01
7.1718350419e+02	7.8467816114e-01	7.8735914656e-01
7.1760321363e+02	7.8442680836e-01	7.8710799595e-01
7.1802292307e+02	7.8416615725e-01	7.8685335094e-01
7.1844263252e+02	7.8390806913e-01	7.8659705690e-01
7.1886234196e+02	7.8363955021e-01	7.8633586230e-01
7.1928205140e+02	7.8338581324e-01	7.8607322153e-01
7.1970176084e+02	7.8311717510e-01	7.8580708836e-01
7.2012147028e+02	7.8285765648e-01	7.8553827022e-01
7.2054117972e+02	7.8259080648e-01	7.8526745497e-01
7.2096088916e+02	7.8233039379e-01	7.8499273533e-01
7.2138059860e+02	7.8207147121e-01	7.8471674236e-01
7.2180030804e+02	7.8180104494e-01	7.8443706906e-01
7.2222001749e+02	7.8153783083e-01	7.8415557600e-01
7.2263972693e+02	7.8126150370e-01	7.8387173798e-01
7.2305943637e+02	7.8099381924e-01	7.8358504137e-01
7.2347914581e+02	7.8071010113e-01	7.8329722163e-01
7.2389885525e+02	7.8044295311e-01	7.8300562494e-01
7.2431856469e+02	7.8016245365e-01	7.8271303997e-01
7.2473827413e+02	7.7989524603e-01	7.8241782371e-01
7.2515798357e+02	7.7961444855e-01	7.8212076699e-01
7.2557769302e+02	7.7932214737e-01	7.8182214379e-01
7.2599740246e+02	7.7904003859e-01	7.8152093035e-01
7.2641711190e+02	7.7876836061e-01	7.8121888527e-01
7.2683682134e+02	7.7848416567e-01	7.8091404720e-01
7.2725653078e+02	7.7819353342e-01	7.8060828071e-01
7.2767624022e+02	7.7791762352e-01	7.8030063994e-01
7.2809594966e+02	7.7762502432e-01	7.7999147239e-01
7.2851565910e+02	7.7734166384e-01	7.7968123484e-01
7.2893536855e+02	7.7705514431e-01	7.7936898752e-01
7.2935507799e+02	7.7677893639e-01	7.7905616261e-01
7.2977478743e+02	7.7648967505e-01	7.7874135485e-01
7.3019449687e+02	7.7620953321e-01	7.7842588279e-01
7.3061420631e+02	7.7592015266e-01	7.7810910332e-01
7.3103391575e+02	7.7561950684e-01	7.7779130254e-01
7.3145362519e+02	7.7533584833e-01	7.7747276068e-01
7.3187333463e+02	7.7503955364e-01	7.7715294741e-01
7.3229304407e+02	7.7475470304e-01	7.7683277966e-01
7.3271275352e+02	7.7446794510e-01	7.7651133967e-01
7.3313246296e+02	7.7417677641e-01	7.7618957450e-01
7.3355217240e+02	7.7388411760e-01	7.7586699702e-01
7.3397188184e+02	7.7361130714e-01	7.7554394051e-01
7.3439159128e+02	7.7329999208e-01	7.7522043138e-01
7.3481130072e+02	7.7302855253e-01	7.7489638457e-01
7.3523101016e+02	7.7271622419e-01	7.7457214774e-01
7.3565071960e+02	7.7243709564e-01	7.7424740588e-01
7.3607042905e+02	7.7215629816e-01	7.7392258489e-01
7.3649013849e+02	7.7186137438e-01	7.7359749477e-01
7.3690984793e+02	7.7156323195e-01	7.7327235323e-01
7.3732955737e+02	7.7128666639e-01	7.7294713170e-01
7.3774926681e+02	7.7098935843e-01	7.7262194680e-01
7.3816897625e+02	7.7068358660e-01	7.7229678616e-01
7.3858868569e+02	7.7041053772e-01	7.7197182697e-01
7.3900839513e+02	7.7010828257e-01	7.7164692037e-01
7.3942810458e+02	7.6980978251e-01	7.7132244256e-01
7.3984781402e+02	7.6953959465e-01	7.7099809358e-01
7.4026752346e+02	7.6925832033e-01	7.7067422891e-01
7.4068723290e+02	7.6895844936e-01	7.7035068380e-01
7.4110694234e+02	7.6868438721e-01	7.7002760695e-01
7.4152665178e+02	7.6839643717e-01	7.6970510198e-01
7.4194636122e+02	7.6810270548e-01	7.6938298237e-01
7.4236607066e+02	7.6781153679e-01	7.6906174338e-01
7.4278578010e+02	7.6753926277e-01	7.6874074482e-01
7.4320548955e+02	7.6725214720e-01	7.6842098676e-01
7.4362519899e+02	7.6696741581e-01	7.6810148260e-01
7.4404490843e+02	7.6669067144e-01	7.6778319368e-01
7.4446461787e+02	7.6639264822e-01	7.6746542083e-01
7.4488432731e+02	7.6610797644e-01	7.6714870778e-01
7.4530403675e+02	7.6583111286e-01	7.6683285295e-01
7.4572374619e+02	7.6556289196e-01	7.6651785417e-01
7.4614345563e+02	7.6528364420e-01	7.6620409201e-01
7.4656316508e+02	7.6499390602e-01	7.6589093885e-01
7.4698287452e+02	7.6471978426e-01	7.6557943160e-01
7.4740258396e+02	7.6443159580e-01	7.6526824812e-01
7.4782229340e+02	7.6417773962e-01	7.6495914543e-01
7.4824200284e+02	7.6388609409e-01	7.6465038928e-01
7.4866171228e+02	7.6363664865e-01	7.6434348676e-01
7.4908142172e+02	7.6336008310e-01	7.6403729504e-01
7.4950113116e+02	7.6308023930e-01	7.6373268801e-01
7.4992084061e+02	7.6282262802e-01	7.6342917946e-01
7.5034055005e+02	7.6254612207e-01	7.6312696037e-01
7.5076025949e+02	7.6228797436e-01	7.6282624064e-01
7.5117996893e+02	7.6202350855e-01	7.6252649350e-01
7.5159967837e+02	7.6176279783e-01	7.6222865494e-01
7.5201938781e+02	7.6148056984e-01	7.6193145517e-01
7.5243909725e+02	7.6123118401e-01	7.6163657680e-01
7.5285880669e+02	7.6095736027e-01	7.6134205250e-01
7.5327851613e+02	7.6072305441e-01	7.6105013851e-01
7.5369822558e+02	7.6046133041e-01	7.6075864360e-01
7.5411793502e+02	7.6019483805e-01	7.6046945000e-01
7.5453764446e+02	7.5995016098e-01	7.6018103252e-01
7.5495735390e+02	7.5970262289e-01	7.5989459877e-01
7.5537706334e+02	7.5942796469e-01	7.5960929348e-01
7.5579677278e+02	7.5919669867e-01	7.5932564972e-01
7.5621648222e+02	7.5894874334e-01	7.5904347819e-01
7.5663619166e+02	7.5870066881e-01	7.5876264515e-01
7.5705590111e+02	7.5844472647e-01	7.5848361583e-01
7.5747561055e+02	7.5820142031e-01	7.5820560474e-01
7.5789531999e+02	7.5795143843e-01	7.5792971311e-01
7.5831502943e+02	7.5769913197e-01	7.5765452562e-01
7.5873473887e+02	7.5745785236e-01	7.5738175425e-01
7.5915444831e+02	7.5720787048e-01	7.5710938240e-01
7.5957415775e+02	7.5698590279e-01	7.5683970116e-01
7.5999386719e+02	7.5673228502e-01	7.5657029672e-01
7.6041357664e+02	7.5651377439e-01	7.5630349357e-01
7.6083328608e+02	7.5625997782e-01	7.5603711869e-01
7.6125299552e+02	7.5602620840e-01	7.5577304921e-01
7.6167270496e+02	7.5581049919e-01	7.5550964658e-01
7.6209241440e+02	7.5557649136e-01	7.5524826404e-01
7.6251212384e+02	7.5532728434e-01	7.5498776452e-01
7.6293183328e+02	7.5510799885e-01	7.5472901254e-01
7.6335154272e+02	7.5486516953e-01	7.5447133544e-01
7.6377125216e+02	7.5463712215e-01	7.5421514800e-01
7.6419096161e+02	7.5442141294e-01	7.5396020139e-01
7.6461067105e+02	7.5419121981e-01	7.5370650288e-01
7.6503038049e+02	7.5394636393e-01	7.5345418389e-01
7.6545008993e+02	7.5372952223e-01	7.5320288920e-01
7.6586979937e+02	7.5350612402e-01	7.5295308439e-01
7.6628950881e+02	7.5329762697e-01	7.5270409900e-01
7.6670921825e+02	7.5304538012e-01	7.5245668466e-01
7.6712892769e+02	7.5284504890e-01	7.5220990473e-01
7.6754863714e+02	7.5261163712e-01	7.5196474734e-01
7.6796834658e+02	7.5237566233e-01	7.5172005985e-01
7.6838805602e+02	7.5215095282e-01	7.5147701644e-01
7.6880776546e+02	7.5191450119e-01	7.5123429932e-01
7.6922747490e+02	7.5169086456e-01	7.5099321789e-01
7.6964718434e+02	7.5146549940e-01	7.5075234018e-01
7.7006689378e+02	7.5123792887e-01	7.5051306017e-01
7.7048660322e+02	7.5100386143e-01	7.5027388221e-01
7.7090631267e+02	7.5077021122e-01	7.5003623489e-01
7.7132602211e+02	7.5053143501e-01	7.4979864882e-01
7.7174573155e+02	7.5029236078e-01	7.4956241754e-01
7.7216544099e+02	7.5006890297e-01	7.4932626883e-01
7.7258515043e+02	7.4983751774e-01	7.4909126811e-01
7.7300485987e+02	7.4960803986e-01	7.4885637439e-01
7.7342456931e+02	7.4936634302e-01	7.4862243187e-01
7.7384427875e+02	7.4914151430e-01	7.4838860434e-01
7.7426398819e+02	7.4889779091e-01	7.4815554012e-01
7.7468369764e+02	7.4867790937e-01	7.4792258406e-01
7.7510340708e+02	7.4843895435e-01	7.4769021096e-01
7.7552311652e+02	7.4818462133e-01	7.4745792626e-01
7.7594282596e+02	7.4795556068e-01	7.4722605017e-01
7.7636253540e+02	7.4770802259e-01	7.4699423185e-01
7.7678224484e+02	7.4747884274e-01	7.4676265201e-01
7.7720195428e+02	7.4722766876e-01	7.4653109071e-01
7.7762166372e+02	7.4699950218e-01	7.4629960007e-01
7.7804137317e+02	7.4673813581e-01	7.4606808265e-01
7.7846108261e+02	7.4650877714e-01	7.4583646824e-01
7.7888079205e+02	7.4627214670e-01	7.4560477829e-01
7.7930050149e+02	7.4605166912e-01	7.4537282156e-01
7.7972021093e+02	7.4580276012e-01	7.4514073995e-01
7.8013992037e+02	7.4556702375e-01	7.4490821721e-01
7.8055962981e+02	7.4533486366e-01	7.4467552261e-01
7.8097933925e+02	7.4509102106e-01	7.4444220540e-01
7.8139904870e+02	7.4482828379e-01	7.4420867487e-01
7.8181875814e+02	7.4459439516e-01	7.4397433040e-01
7.8223846758e+02	7.4435180426e-01	7.4373973992e-01
7.8265817702e+02	7.4408650398e-01	7.4350413151e-01
7.8307788646e+02	7.4383383989e-01	7.4326825647e-01
7.8349759590e+02	7.4357593060e-01	7.4303114401e-01
7.8391730534e+02	7.4333876371e-01	7.4279375980e-01
7.8433701478e+02	7.4308371544e-01	7.4255490020e-01
7.8475672422e+02	7.4284160137e-01	7.4231578273e-01
7.8517643367e+02	7.4258232117e-01	7.4207493042e-01
7.8559614311e+02	7.4231261015e-01	7.4183385660e-01
7.8601585255e+02	7.4207621813e-01	7.4159076403e-01
7.8643556199e+02	7.4179899693e-01	7.4134751229e-01
7.8685527143e+02	7.4153614044e-01	7.4110193041e-01
7.8727498087e+02	7.4128013849e-01	7.4085628124e-01
7.8769469031e+02	7.4103224277e-01	7.4060796002e-01
7.8811439975e+02	7.4075126648e-01	7.4035963881e-01
7.8853410920e+02	7.4050968885e-01	7.4010838533e-01
7.8895381864e+02	7.4023181200e-01	7.3985707432e-01
7.8937352808e+02	7.3994964361e-01	7.3960274190e-01
7.8979323752e+02	7.3969340324e-01	7.3934819070e-01
7.9021294696e+02	7.3943853378e-01	7.3909056928e-01
7.9063265640e+02	7.3915606737e-01	7.3883252812e-01
7.9105236584e+02	7.3886865377e-01	7.3857141204e-01
7.9147207528e+02	7.3861598969e-01	7.3830963231e-01
7.9189178473e+02	7.3834317923e-01	7.3804482066e-01
7.9231149417e+02	7.3806464672e-01	7.3777905549e-01
7.9273120361e+02	7.3777580261e-01	7.3751035257e-01
7.9315091305e+02	7.3751348257e-01	7.3724035732e-01
7.9357062249e+02	7.3723053932e-01	7.3696757294e-01
7.9399033193e+02	7.3698300123e-01	7.3669310579e-01
7.9441004137e+02	7.3671042919e-01	7.3641605564e-01
7.9482975081e+02	7.3639667034e-01	7.3613687813e-01
7.9524946025e+02	7.3612803221e-01	7.3585538409e-01
7.9566916970e+02	7.3587924242e-01	7.3557126165e-01
7.9608887914e+02	7.3561388254e-01	7.3528515206e-01
7.9650858858e+02	7.3532462120e-01	7.3499585458e-01
7.9692829802e+02	7.3505252600e-01	7.3470496450e-01
7.9734800746e+02	7.3477709293e-01	7.3441026686e-01
7.9776771690e+02	7.3446923494e-01	7.3411443829e-01
7.9818742634e+02	7.3422962427e-01	7.3381412086e-01
7.9860713578e+02	7.3392111063e-01	7.3351320295e-01
7.9902684523e+02	7.3364382982e-01	7.3320705214e-01
7.9944655467e+02	7.3337721825e-01	7.3290090134e-01
