wavelength_nm	ideal_target_transmittance	tandem_response_transmittance
3.7973711347e+02	9.8860055208e-01	9.5239579678e-01
3.8015682291e+02	9.8855024576e-01	9.5743656158e-01
3.8057653235e+02	9.8849958181e-01	9.6199464798e-01
3.8099624179e+02	9.8844856024e-01	9.6649694443e-01
3.8141595123e+02	9.8839724064e-01	9.7025978565e-01
3.8183566067e+02	9.8834556341e-01	9.7333228588e-01
3.8225537011e+02	9.8829346895e-01	9.7575312853e-01
3.8267507956e+02	9.8824107647e-01	9.7762256861e-01
3.8309478900e+02	9.8818832636e-01	9.7890490294e-01
3.8351449844e+02	9.8813515902e-01	9.7963893414e-01
3.8393420788e+02	9.8808163404e-01	9.7999817133e-01
3.8435391732e+02	9.8802781105e-01	9.8014140129e-01
3.8477362676e+02	9.8797351122e-01	9.7998124361e-01
3.8519333620e+02	9.8791891336e-01	9.7933095694e-01
3.8561304564e+02	9.8786389828e-01	9.7852051258e-01
3.8603275508e+02	9.8780852556e-01	9.7723501921e-01
3.8645246453e+02	9.8775273561e-01	9.7552490234e-01
3.8687217397e+02	9.8769652843e-01	9.7338008881e-01
3.8729188341e+02	9.8763996363e-01	9.7084641457e-01
3.8771159285e+02	9.8758298159e-01	9.6803468466e-01
3.8813130229e+02	9.8752564192e-01	9.6460783482e-01
3.8855101173e+02	9.8746782541e-01	9.6096855402e-01
3.8897072117e+02	9.8740965128e-01	9.5684725046e-01
3.8939043061e+02	9.8735105991e-01	9.5255857706e-01
3.8981014006e+02	9.8729199171e-01	9.4794821739e-01
3.9022984950e+02	9.8723256588e-01	9.4309550524e-01
3.9064955894e+02	9.8717266321e-01	9.3795090914e-01
3.9106926838e+02	9.8711234331e-01	9.3254172802e-01
3.9148897782e+02	9.8705160618e-01	9.2692816257e-01
3.9190868726e+02	9.8699039221e-01	9.2079406977e-01
3.9232839670e+02	9.8692876101e-01	9.1482013464e-01
3.9274810614e+02	9.8686665297e-01	9.0885519981e-01
3.9316781559e+02	9.8680412769e-01	9.0241217613e-01
3.9358752503e+02	9.8674112558e-01	8.9600104094e-01
3.9400723447e+02	9.8667764664e-01	8.8938498497e-01
3.9442694391e+02	9.8661369085e-01	8.8232278824e-01
3.9484665335e+02	9.8654931784e-01	8.7579762936e-01
3.9526636279e+02	9.8648440838e-01	8.6888438463e-01
3.9568607223e+02	9.8641902208e-01	8.6200040579e-01
3.9610578167e+02	9.8635321856e-01	8.5552036762e-01
3.9652549111e+02	9.8628687859e-01	8.4841597080e-01
3.9694520056e+02	9.8622000217e-01	8.4130936861e-01
3.9736491000e+02	9.8615264893e-01	8.3456188440e-01
3.9778461944e+02	9.8608481884e-01	8.2768303156e-01
3.9820432888e+02	9.8601645231e-01	8.2100075483e-01
3.9862403832e+02	9.8594754934e-01	8.1391638517e-01
3.9904374776e+02	9.8587816954e-01	8.0760324001e-01
3.9946345720e+02	9.8580819368e-01	8.0158686638e-01
3.9988316664e+02	9.8573774099e-01	7.9447662830e-01
4.0030287609e+02	9.8566675186e-01	7.8757435083e-01
4.0072258553e+02	9.8559516668e-01	7.8105360270e-01
4.0114229497e+02	9.8552310467e-01	7.7473038435e-01
4.0156200441e+02	9.8545044661e-01	7.6814085245e-01
4.0198171385e+02	9.8537719250e-01	7.6186215878e-01
4.0240142329e+02	9.8530340195e-01	7.5560617447e-01
4.0282113273e+02	9.8522901535e-01	7.5106638670e-01
4.0324084217e+02	9.8515409231e-01	7.4456828833e-01
4.0366055162e+02	9.8507857323e-01	7.3882555962e-01
4.0408026106e+02	9.8500245810e-01	7.3342162371e-01
4.0449997050e+02	9.8492568731e-01	7.2873103619e-01
4.0491967994e+02	9.8484838009e-01	7.2321677208e-01
4.0533938938e+02	9.8477041721e-01	7.1749740839e-01
4.0575909882e+02	9.8469185829e-01	7.1284908056e-01
4.0617880826e+02	9.8461270332e-01	7.0781707764e-01
4.0659851770e+02	9.8453283310e-01	7.0353311300e-01
4.0701822714e+02	9.8445242643e-01	6.9921410084e-01
4.0743793659e+02	9.8437130451e-01	6.9547271729e-01
4.0785764603e+02	9.8428952694e-01	6.9120061398e-01
4.0827735547e+02	9.8420709372e-01	6.8750703335e-01
4.0869706491e+02	9.8412400484e-01	6.8317955732e-01
4.0911677435e+02	9.8404026031e-01	6.8010795116e-01
4.0953648379e+02	9.8395580053e-01	6.7590355873e-01
4.0995619323e+02	9.8387068510e-01	6.7256844044e-01
4.1037590267e+02	9.8378485441e-01	6.6904503107e-01
4.1079561212e+02	9.8369830847e-01	6.6555696726e-01
4.1121532156e+02	9.8361104727e-01	6.6297525167e-01
4.1163503100e+02	9.8352307081e-01	6.5922534466e-01
4.1205474044e+02	9.8343437910e-01	6.5556323528e-01
4.1247444988e+02	9.8334491253e-01	6.5253764391e-01
4.1289415932e+02	9.8325473070e-01	6.4873212576e-01
4.1331386876e+02	9.8316377401e-01	6.4675676823e-01
4.1373357820e+02	9.8307210207e-01	6.4327770472e-01
4.1415328765e+02	9.8297959566e-01	6.4108496904e-01
4.1457299709e+02	9.8288631439e-01	6.3844007254e-01
4.1499270653e+02	9.8279225826e-01	6.3691192865e-01
4.1541241597e+02	9.8269742727e-01	6.3361924887e-01
4.1583212541e+02	9.8260176182e-01	6.3195526600e-01
4.1625183485e+02	9.8250526190e-01	6.3079696894e-01
4.1667154429e+02	9.8240798712e-01	6.2984377146e-01
4.1709125373e+02	9.8230981827e-01	6.2715768814e-01
4.1751096317e+02	9.8221087456e-01	6.2657618523e-01
4.1793067262e+02	9.8211097717e-01	6.2512969971e-01
4.1835038206e+02	9.8201030493e-01	6.2416630983e-01
4.1877009150e+02	9.8190867901e-01	6.2312227488e-01
4.1918980094e+02	9.8180621862e-01	6.2313395739e-01
4.1960951038e+02	9.8170286417e-01	6.2193048000e-01
4.2002921982e+02	9.8159855604e-01	6.2243020535e-01
4.2044892926e+02	9.8149335384e-01	6.2090772390e-01
4.2086863870e+02	9.8138719797e-01	6.2134414911e-01
4.2128834815e+02	9.8128014803e-01	6.2086337805e-01
4.2170805759e+02	9.8117208481e-01	6.2088894844e-01
4.2212776703e+02	9.8106306791e-01	6.2125146389e-01
4.2254747647e+02	9.8095309734e-01	6.2106072903e-01
4.2296718591e+02	9.8084211349e-01	6.2146317959e-01
4.2338689535e+02	9.8073017597e-01	6.2040674686e-01
4.2380660479e+02	9.8061716557e-01	6.2119853497e-01
4.2422631423e+02	9.8050320148e-01	6.2162464857e-01
4.2464602368e+02	9.8038810492e-01	6.2213802338e-01
4.2506573312e+02	9.8027205467e-01	6.2152302265e-01
4.2548544256e+02	9.8015487194e-01	6.2239050865e-01
4.2590515200e+02	9.8003661633e-01	6.2419831753e-01
4.2632486144e+02	9.7991728783e-01	6.2468552589e-01
4.2674457088e+02	9.7979682684e-01	6.2572520971e-01
4.2716428032e+02	9.7967529297e-01	6.2720298767e-01
4.2758398976e+02	9.7955256701e-01	6.2798702717e-01
4.2800369920e+02	9.7942876816e-01	6.2947076559e-01
4.2842340865e+02	9.7930371761e-01	6.3136875629e-01
4.2884311809e+02	9.7917753458e-01	6.3370788097e-01
4.2926282753e+02	9.7905015945e-01	6.3542330265e-01
4.2968253697e+02	9.7892159224e-01	6.3761693239e-01
4.3010224641e+02	9.7879177332e-01	6.3896536827e-01
4.3052195585e+02	9.7866076231e-01	6.4048820734e-01
4.3094166529e+02	9.7852844000e-01	6.4232826233e-01
4.3136137473e+02	9.7839486599e-01	6.4472121000e-01
4.3178108418e+02	9.7825998068e-01	6.4660841227e-01
4.3220079362e+02	9.7812384367e-01	6.4897811413e-01
4.3262050306e+02	9.7798633575e-01	6.5159463882e-01
4.3304021250e+02	9.7784751654e-01	6.5389174223e-01
4.3345992194e+02	9.7770726681e-01	6.5618813038e-01
4.3387963138e+02	9.7756570578e-01	6.5872108936e-01
4.3429934082e+02	9.7742277384e-01	6.6137707233e-01
4.3471905026e+02	9.7727835178e-01	6.6441714764e-01
4.3513875971e+02	9.7713255882e-01	6.6708153486e-01
4.3555846915e+02	9.7698527575e-01	6.6991496086e-01
4.3597817859e+02	9.7683650255e-01	6.7221641541e-01
4.3639788803e+02	9.7668629885e-01	6.7594850063e-01
4.3681759747e+02	9.7653454542e-01	6.7864781618e-01
4.3723730691e+02	9.7638124228e-01	6.8168437481e-01
4.3765701635e+02	9.7622644901e-01	6.8441206217e-01
4.3807672579e+02	9.7606998682e-01	6.8684971333e-01
4.3849643523e+02	9.7591197491e-01	6.8960827589e-01
4.3891614468e+02	9.7575235367e-01	6.9282823801e-01
4.3933585412e+02	9.7559106350e-01	6.9543552399e-01
4.3975556356e+02	9.7542810440e-01	6.9834941626e-01
4.4017527300e+02	9.7526347637e-01	7.0064377785e-01
4.4059498244e+02	9.7509711981e-01	7.0360094309e-01
4.4101469188e+02	9.7492903471e-01	7.0690143108e-01
4.4143440132e+02	9.7475916147e-01	7.0945501328e-01
4.4185411076e+02	9.7458755970e-01	7.1258509159e-01
4.4227382021e+02	9.7441411018e-01	7.1595686674e-01
4.4269352965e+02	9.7423881292e-01	7.1858727932e-01
4.4311323909e+02	9.7406160831e-01	7.2224849463e-01
4.4353294853e+02	9.7388255596e-01	7.2514587641e-01
4.4395265797e+02	9.7370159626e-01	7.2779697180e-01
4.4437236741e+02	9.7351866961e-01	7.3163515329e-01
4.4479207685e+02	9.7333371639e-01	7.3400443792e-01
4.4521178629e+02	9.7314679623e-01	7.3777091503e-01
4.4563149574e+02	9.7295784950e-01	7.4069815874e-01
4.4605120518e+02	9.7276681662e-01	7.4374103546e-01
4.4647091462e+02	9.7257369757e-01	7.4663203955e-01
4.4689062406e+02	9.7237843275e-01	7.4972367287e-01
4.4731033350e+02	9.7218102217e-01	7.5253927708e-01
4.4773004294e+02	9.7198140621e-01	7.5662440062e-01
4.4814975238e+02	9.7177952528e-01	7.6017314196e-01
4.4856946182e+02	9.7157543898e-01	7.6445215940e-01
4.4898917126e+02	9.7136902809e-01	7.6764428616e-01
4.4940888071e+02	9.7116029263e-01	7.7133172750e-01
4.4982859015e+02	9.7094917297e-01	7.7382308245e-01
4.5024829959e+02	9.7073560953e-01	7.7638137341e-01
4.5066800903e+02	9.7051966190e-01	7.7878195047e-01
4.5108771847e+02	9.7030121088e-01	7.8153759241e-01
4.5150742791e+02	9.7008025646e-01	7.8436839581e-01
4.5192713735e+02	9.6985673904e-01	7.8692144156e-01
4.5234684679e+02	9.6963059902e-01	7.8931754827e-01
4.5276655624e+02	9.6940183640e-01	7.9230374098e-01
4.5318626568e+02	9.6917039156e-01	7.9476088285e-01
4.5360597512e+02	9.6893620491e-01	7.9721248150e-01
4.5402568456e+02	9.6869927645e-01	8.0131775141e-01
4.5444539400e+02	9.6845948696e-01	8.0438423157e-01
4.5486510344e+02	9.6821683645e-01	8.0715751648e-01
4.5528481288e+02	9.6797132492e-01	8.1005775928e-01
4.5570452232e+02	9.6772283316e-01	8.1293123960e-01
4.5612423177e+02	9.6747136116e-01	8.1555002928e-01
4.5654394121e+02	9.6721678972e-01	8.1804460287e-01
4.5696365065e+02	9.6695911884e-01	8.2007735968e-01
4.5738336009e+02	9.6669834852e-01	8.2301801443e-01
4.5780306953e+02	9.6643429995e-01	8.2415950298e-01
4.5822277897e+02	9.6616703272e-01	8.2607853413e-01
4.5864248841e+02	9.6589642763e-01	8.2859009504e-01
4.5906219785e+02	9.6562242508e-01	8.2939362526e-01
4.5948190729e+02	9.6534502506e-01	8.3127427101e-01
4.5990161674e+02	9.6506416798e-01	8.3248305321e-01
4.6032132618e+02	9.6477967501e-01	8.3330446482e-01
4.6074103562e+02	9.6449166536e-01	8.3491122723e-01
4.6116074506e+02	9.6419990063e-01	8.3645683527e-01
4.6158045450e+02	9.6390444040e-01	8.3709669113e-01
4.6200016394e+02	9.6360516548e-01	8.3855026960e-01
4.6241987338e+02	9.6330201626e-01	8.3932119608e-01
4.6283958282e+02	9.6299493313e-01	8.4023374319e-01
4.6325929227e+02	9.6268385649e-01	8.4107267857e-01
4.6367900171e+02	9.6236872673e-01	8.4205663204e-01
4.6409871115e+02	9.6204936504e-01	8.4217661619e-01
4.6451842059e+02	9.6172583103e-01	8.4317827225e-01
4.6493813003e+02	9.6139800549e-01	8.4383606911e-01
4.6535783947e+02	9.6106576920e-01	8.4439963102e-01
4.6577754891e+02	9.6072906256e-01	8.4561932087e-01
4.6619725835e+02	9.6038788557e-01	8.4571105242e-01
4.6661696780e+02	9.6004199982e-01	8.4659367800e-01
4.6703667724e+02	9.5969146490e-01	8.4790366888e-01
4.6745638668e+02	9.5933610201e-01	8.4822976589e-01
4.6787609612e+02	9.5897585154e-01	8.4830927849e-01
4.6829580556e+02	9.5861059427e-01	8.4918504953e-01
4.6871551500e+02	9.5824033022e-01	8.4974175692e-01
4.6913522444e+02	9.5786482096e-01	8.5099041462e-01
4.6955493388e+02	9.5748412609e-01	8.5184806585e-01
4.6997464332e+02	9.5709800720e-01	8.5214185715e-01
4.7039435277e+02	9.5670640469e-01	8.5274493694e-01
4.7081406221e+02	9.5630925894e-01	8.5258233547e-01
4.7123377165e+02	9.5590645075e-01	8.5324841738e-01
4.7165348109e+02	9.5549780130e-01	8.5372143984e-01
4.7207319053e+02	9.5508331060e-01	8.5378670692e-01
4.7249289997e+02	9.5466274023e-01	8.5335475206e-01
4.7291260941e+02	9.5423603058e-01	8.5313856602e-01
4.7333231885e+02	9.5380306244e-01	8.5299396515e-01
4.7375202830e+02	9.5336371660e-01	8.5346347094e-01
4.7417173774e+02	9.5291781425e-01	8.5347032547e-01
4.7459144718e+02	9.5246529579e-01	8.5292112827e-01
4.7501115662e+02	9.5200598240e-01	8.5294723511e-01
4.7543086606e+02	9.5153975487e-01	8.5280478001e-01
4.7585057550e+02	9.5106643438e-01	8.5265606642e-01
4.7627028494e+02	9.5058596134e-01	8.5266387463e-01
4.7668999438e+02	9.5009809732e-01	8.5215407610e-01
4.7710970383e+02	9.4960266352e-01	8.5143625736e-01
4.7752941327e+02	9.4909965992e-01	8.5106384754e-01
4.7794912271e+02	9.4858878851e-01	8.5130387545e-01
4.7836883215e+02	9.4806987047e-01	8.5043239594e-01
4.7878854159e+02	9.4754284620e-01	8.5040581226e-01
4.7920825103e+02	9.4700747728e-01	8.5048675537e-01
4.7962796047e+02	9.4646358490e-01	8.5020577908e-01
4.8004766991e+02	9.4591099024e-01	8.4973424673e-01
4.8046737935e+02	9.4534945488e-01	8.4965473413e-01
4.8088708880e+02	9.4477891922e-01	8.4936738014e-01
4.8130679824e+02	9.4419902563e-01	8.4938234091e-01
4.8172650768e+02	9.4360965490e-01	8.4900331497e-01
4.8214621712e+02	9.4301062822e-01	8.4903478622e-01
4.8256592656e+02	9.4240164757e-01	8.4871196747e-01
4.8298563600e+02	9.4178253412e-01	8.4857338667e-01
4.8340534544e+02	9.4115310907e-01	8.4831708670e-01
4.8382505488e+02	9.4051301479e-01	8.4858149290e-01
4.8424476433e+02	9.3986213207e-01	8.4775173664e-01
4.8466447377e+02	9.3920010328e-01	8.4713834524e-01
4.8508418321e+02	9.3852674961e-01	8.4710955620e-01
4.8550389265e+02	9.3784177303e-01	8.4627234936e-01
4.8592360209e+02	9.3714493513e-01	8.4571522474e-01
4.8634331153e+02	9.3643599749e-01	8.4534853697e-01
4.8676302097e+02	9.3571454287e-01	8.4491598606e-01
4.8718273041e+02	9.3498033285e-01	8.4465742111e-01
4.8760243986e+02	9.3423312902e-01	8.4479957819e-01
4.8802214930e+02	9.3347257376e-01	8.4456336498e-01
4.8844185874e+02	9.3269830942e-01	8.4438902140e-01
4.8886156818e+02	9.3191003799e-01	8.4376883507e-01
4.8928127762e+02	9.3110746145e-01	8.4320092201e-01
4.8970098706e+02	9.3029016256e-01	8.4286803007e-01
4.9012069650e+02	9.2945778370e-01	8.4275299311e-01
4.9054040594e+02	9.2860996723e-01	8.4210562706e-01
4.9096011538e+02	9.2774635553e-01	8.4240871668e-01
4.9137982483e+02	9.2686647177e-01	8.4177851677e-01
4.9179953427e+02	9.2597001791e-01	8.4129363298e-01
4.9221924371e+02	9.2505645752e-01	8.4139704704e-01
4.9263895315e+02	9.2412549257e-01	8.4170663357e-01
4.9305866259e+02	9.2317652702e-01	8.4128224850e-01
4.9347837203e+02	9.2220914364e-01	8.4146696329e-01
4.9389808147e+02	9.2122292519e-01	8.4132927656e-01
4.9431779091e+02	9.2021733522e-01	8.4205913544e-01
4.9473750036e+02	9.1919183731e-01	8.4215784073e-01
4.9515720980e+02	9.1814595461e-01	8.4279870987e-01
4.9557691924e+02	9.1707909107e-01	8.4305220842e-01
4.9599662868e+02	9.1599076986e-01	8.4291565418e-01
4.9641633812e+02	9.1488033533e-01	8.4314709902e-01
4.9683604756e+02	9.1374719143e-01	8.4331816435e-01
4.9725575700e+02	9.1259074211e-01	8.4377920628e-01
4.9767546644e+02	9.1141033173e-01	8.4205901623e-01
4.9809517589e+02	9.1020530462e-01	8.3901864290e-01
4.9851488533e+02	9.0897494555e-01	8.3875089884e-01
4.9893459477e+02	9.0771865845e-01	8.3931368589e-01
4.9935430421e+02	9.0643560886e-01	8.4026169777e-01
4.9977401365e+02	9.0512502193e-01	8.4123861790e-01
5.0019372309e+02	9.0378618240e-01	8.4080904722e-01
5.0061343253e+02	9.0241825581e-01	8.4022378922e-01
5.0103314197e+02	9.0102040768e-01	8.4042054415e-01
5.0145285141e+02	8.9959180355e-01	8.4068733454e-01
5.0187256086e+02	8.9813143015e-01	8.4026849270e-01
5.0229227030e+02	8.9663845301e-01	8.3957517147e-01
5.0271197974e+02	8.9511191845e-01	8.3885276318e-01
5.0313168918e+02	8.9355075359e-01	8.3893573284e-01
5.0355139862e+02	8.9195400476e-01	8.3797639608e-01
5.0397110806e+02	8.9032053947e-01	8.3779537678e-01
5.0439081750e+02	8.8864922523e-01	8.3769541979e-01
5.0481052694e+02	8.8693898916e-01	8.3699488640e-01
5.0523023639e+02	8.8518857956e-01	8.3630657196e-01
5.0564994583e+02	8.8339680433e-01	8.3560919762e-01
5.0606965527e+02	8.8156229258e-01	8.3461958170e-01
5.0648936471e+02	8.7968379259e-01	8.3469128609e-01
5.0690907415e+02	8.7775987387e-01	8.3432543278e-01
5.0732878359e+02	8.7578910589e-01	8.3309799433e-01
5.0774849303e+02	8.7377005816e-01	8.3309495449e-01
5.0816820247e+02	8.7170112133e-01	8.3202522993e-01
5.0858791192e+02	8.6958062649e-01	8.3105546236e-01
5.0900762136e+02	8.6740702391e-01	8.3019745350e-01
5.0942733080e+02	8.6517858505e-01	8.2879459858e-01
5.0984704024e+02	8.6289340258e-01	8.2763916254e-01
5.1026674968e+02	8.6054968834e-01	8.2566207647e-01
5.1068645912e+02	8.5814547539e-01	8.2508981228e-01
5.1110616856e+02	8.5567873716e-01	8.2323336601e-01
5.1152587800e+02	8.5314738750e-01	8.2202041149e-01
5.1194558744e+02	8.5054922104e-01	8.2038050890e-01
5.1236529689e+02	8.4788203239e-01	8.1838494539e-01
5.1278500633e+02	8.4514343739e-01	8.1693053246e-01
5.1320471577e+02	8.4233093262e-01	8.1529080868e-01
5.1362442521e+02	8.3944201469e-01	8.1355017424e-01
5.1404413465e+02	8.3647406101e-01	8.1146287918e-01
5.1446384409e+02	8.3342427015e-01	8.1000751257e-01
5.1488355353e+02	8.3028984070e-01	8.0825245380e-01
5.1530326297e+02	8.2706767321e-01	8.0614733696e-01
5.1572297242e+02	8.2375478745e-01	8.0368775129e-01
5.1614268186e+02	8.2034790516e-01	8.0197829008e-01
5.1656239130e+02	8.1684374809e-01	7.9905414581e-01
5.1698210074e+02	8.1323868036e-01	7.9756402969e-01
5.1740181018e+02	8.0952924490e-01	7.9518270493e-01
5.1782151962e+02	8.0571150780e-01	7.9217374325e-01
5.1824122906e+02	8.0178171396e-01	7.8953605890e-01
5.1866093850e+02	7.9773563147e-01	7.8805387020e-01
5.1908064795e+02	7.9356914759e-01	7.8531563282e-01
5.1950035739e+02	7.8927779198e-01	7.8171676397e-01
5.1992006683e+02	7.8485697508e-01	7.7919244766e-01
5.2033977627e+02	7.8030204773e-01	7.7587985992e-01
5.2075948571e+02	7.7560794353e-01	7.7296733856e-01
5.2117919515e+02	7.7076959610e-01	7.6786154509e-01
5.2159890459e+02	7.6578164101e-01	7.6354432106e-01
5.2201861403e+02	7.6063865423e-01	7.5919818878e-01
5.2243832347e+02	7.5533479452e-01	7.5417500734e-01
5.2285803292e+02	7.4986428022e-01	7.4880576134e-01
5.2327774236e+02	7.4422079325e-01	7.4320405722e-01
5.2369745180e+02	7.3839813471e-01	7.3752832413e-01
5.2411716124e+02	7.3238962889e-01	7.3152333498e-01
5.2453687068e+02	7.2618854046e-01	7.2532260418e-01
5.2495658012e+02	7.1978789568e-01	7.1770340204e-01
5.2537628956e+02	7.1318042278e-01	7.1020370722e-01
5.2579599900e+02	7.0635867119e-01	7.0279878378e-01
5.2621570845e+02	6.9931507111e-01	6.9486558437e-01
5.2663541789e+02	6.9204175472e-01	6.8565064669e-01
5.2705512733e+02	6.8453067541e-01	6.7765790224e-01
5.2747483677e+02	6.7677366734e-01	6.6806298494e-01
5.2789454621e+02	6.6876232624e-01	6.5813088417e-01
5.2831425565e+02	6.6048812866e-01	6.4860987663e-01
5.2873396509e+02	6.5194255114e-01	6.3830149174e-01
5.2915367453e+02	6.4311683178e-01	6.2767523527e-01
5.2957338398e+02	6.3400214911e-01	6.1765927076e-01
5.2999309342e+02	6.2458986044e-01	6.0551589727e-01
5.3041280286e+02	6.1487114429e-01	5.9412717819e-01
5.3083251230e+02	6.0483747721e-01	5.8218383789e-01
5.3125222174e+02	5.9448027611e-01	5.6988710165e-01
5.3167193118e+02	5.8379143476e-01	5.5736750364e-01
5.3209164062e+02	5.7276302576e-01	5.4360371828e-01
5.3251135006e+02	5.6138753891e-01	5.2947098017e-01
5.3293105950e+02	5.4965817928e-01	5.1566332579e-01
5.3335076895e+02	5.3756868839e-01	5.0025153160e-01
5.3377047839e+02	5.2511358261e-01	4.8604488373e-01
5.3419018783e+02	5.1228851080e-01	4.6980684996e-01
5.3460989727e+02	4.9909019470e-01	4.5484647155e-01
5.3502960671e+02	4.8551669717e-01	4.3883001804e-01
5.3544931615e+02	4.7156769037e-01	4.2371219397e-01
5.3586902559e+02	4.5724472404e-01	4.0666213632e-01
5.3628873503e+02	4.4255134463e-01	3.9141052961e-01
5.3670844448e+02	4.2749351263e-01	3.7567311525e-01
5.3712815392e+02	4.1207978129e-01	3.5972511768e-01
5.3754786336e+02	3.9632177353e-01	3.4392490983e-01
5.3796757280e+02	3.8023433089e-01	3.2791838050e-01
5.3838728224e+02	3.6383602023e-01	3.1303876638e-01
5.3880699168e+02	3.4714934230e-01	2.9851803184e-01
5.3922670112e+02	3.3020120859e-01	2.8339740634e-01
5.3964641056e+02	3.1302314997e-01	2.6903566718e-01
5.4006612001e+02	2.9565176368e-01	2.5462615490e-01
5.4048582945e+02	2.7812889218e-01	2.4216893315e-01
5.4090553889e+02	2.6050201058e-01	2.2818757594e-01
5.4132524833e+02	2.4282433093e-01	2.1544504166e-01
5.4174495777e+02	2.2515489161e-01	2.0214970410e-01
5.4216466721e+02	2.0755873621e-01	1.9034257531e-01
5.4258437665e+02	1.9010668993e-01	1.7914812267e-01
5.4300408609e+02	1.7287531495e-01	1.6783288121e-01
5.4342379553e+02	1.5594646335e-01	1.5707311034e-01
5.4384350498e+02	1.3940685987e-01	1.4653998613e-01
5.4426321442e+02	1.2334740162e-01	1.3701939583e-01
5.4468292386e+02	1.0786240548e-01	1.2744198740e-01
5.4510263330e+02	9.3048557639e-02	1.1919505894e-01
5.4552234274e+02	7.9003736377e-02	1.1112679541e-01
5.4594205218e+02	6.5825760365e-02	1.0338934511e-01
5.4636176162e+02	5.3610842675e-02	9.6439369023e-02
5.4678147106e+02	4.2452108115e-02	8.9921072125e-02
5.4720118051e+02	3.2437920570e-02	8.3493553102e-02
5.4762088995e+02	2.3650245741e-02	7.7730961144e-02
5.4804059939e+02	1.6163043678e-02	7.2723835707e-02
5.4846030883e+02	1.0040729307e-02	6.8012192845e-02
5.4888001827e+02	5.3367856890e-03	6.3981577754e-02
5.4929972771e+02	2.0925712306e-03	6.0333169997e-02
5.4971943715e+02	3.3636967419e-04	5.7162906975e-02
5.5013914659e+02	8.2723665400e-05	5.4163064808e-02
5.5055885604e+02	1.3320788275e-03	5.2084356546e-02
5.5097856548e+02	4.0707569569e-03	5.0151802599e-02
5.5139827492e+02	8.2712564617e-03	4.9083516002e-02
5.5181798436e+02	1.3892870396e-02	4.8409819603e-02
5.5223769380e+02	2.0882595330e-02	4.8079974949e-02
5.5265740324e+02	2.9176287353e-02	4.7743491828e-02
5.5307711268e+02	3.8700032979e-02	4.8978287727e-02
5.5349682212e+02	4.9371659756e-02	5.0245460123e-02
5.5391653156e+02	6.1102364212e-02	5.2129026502e-02
5.5433624101e+02	7.3798350990e-02	5.4359901696e-02
5.5475595045e+02	8.7362498045e-02	5.7344075292e-02
5.5517565989e+02	1.0169592500e-01	6.1055347323e-02
5.5559536933e+02	1.1669947207e-01	6.5104655921e-02
5.5601507877e+02	1.3227510452e-01	7.0572666824e-02
5.5643478821e+02	1.4832703769e-01	7.5897783041e-02
5.5685449765e+02	1.6476285458e-01	8.2955665886e-02
5.5727420709e+02	1.8149426579e-01	9.0131327510e-02
5.5769391654e+02	1.9843789935e-01	9.8437532783e-02
5.5811362598e+02	2.1551570296e-01	1.0746748000e-01
5.5853333542e+02	2.3265539110e-01	1.1748763919e-01
5.5895304486e+02	2.4979057908e-01	1.2811708450e-01
5.5937275430e+02	2.6686093211e-01	1.4027632773e-01
5.5979246374e+02	2.8381207585e-01	1.5277716517e-01
5.6021217318e+02	3.0059549212e-01	1.6632296145e-01
5.6063188262e+02	3.1716838479e-01	1.8073852360e-01
5.6105159207e+02	3.3349329233e-01	1.9598920643e-01
5.6147130151e+02	3.4953793883e-01	2.1092253923e-01
5.6189101095e+02	3.6527484655e-01	2.2750379145e-01
5.6231072039e+02	3.8068085909e-01	2.4302189052e-01
5.6273042983e+02	3.9573708177e-01	2.5984159112e-01
5.6315013927e+02	4.1042819619e-01	2.7625945210e-01
5.6356984871e+02	4.2474231124e-01	2.9228344560e-01
5.6398955815e+02	4.3867063522e-01	3.0804145336e-01
5.6440926759e+02	4.5220696926e-01	3.2304188609e-01
5.6482897704e+02	4.6534761786e-01	3.3938848972e-01
5.6524868648e+02	4.7809091210e-01	3.5376101732e-01
5.6566839592e+02	4.9043712020e-01	3.6786338687e-01
5.6608810536e+02	5.0238800049e-01	3.8172745705e-01
5.6650781480e+02	5.1394683123e-01	3.9394930005e-01
5.6692752424e+02	5.2511793375e-01	4.0636503696e-01
5.6734723368e+02	5.3590661287e-01	4.1839689016e-01
5.6776694312e+02	5.4631900787e-01	4.2892375588e-01
5.6818665257e+02	5.5636203289e-01	4.4043856859e-01
5.6860636201e+02	5.6604301929e-01	4.4978797436e-01
5.6902607145e+02	5.7536965609e-01	4.5954793692e-01
5.6944578089e+02	5.8435010910e-01	4.6858403087e-01
5.6986549033e+02	5.9299266338e-01	4.7706282139e-01
5.7028519977e+02	6.0130572319e-01	4.8587498069e-01
5.7070490921e+02	6.0929781199e-01	4.9336650968e-01
5.7112461865e+02	6.1697745323e-01	5.0117111206e-01
5.7154432810e+02	6.2435317039e-01	5.0899851322e-01
5.7196403754e+02	6.3143330812e-01	5.1555687189e-01
5.7238374698e+02	6.3822621107e-01	5.2284306288e-01
5.7280345642e+02	6.4474004507e-01	5.2916866541e-01
5.7322316586e+02	6.5098267794e-01	5.3410786390e-01
5.7364287530e+02	6.5696191788e-01	5.4153949022e-01
5.7406258474e+02	6.6268533468e-01	5.4700618982e-01
5.7448229418e+02	6.6816031933e-01	5.5222898722e-01
5.7490200362e+02	6.7339384556e-01	5.5721825361e-01
5.7532171307e+02	6.7839282751e-01	5.6225484610e-01
5.7574142251e+02	6.8316382170e-01	5.6707239151e-01
5.7616113195e+02	6.8771320581e-01	5.7187354565e-01
5.7658084139e+02	6.9204711914e-01	5.7712042332e-01
5.7700055083e+02	6.9617128372e-01	5.8140498400e-01
5.7742026027e+02	7.0009130239e-01	5.8636623621e-01
5.7783996971e+02	7.0381253958e-01	5.9009546041e-01
5.7825967915e+02	7.0734000206e-01	5.9395617247e-01
5.7867938860e+02	7.1067845821e-01	5.9707409143e-01
5.7909909804e+02	7.1383261681e-01	6.0190105438e-01
5.7951880748e+02	7.1680665016e-01	6.0490608215e-01
5.7993851692e+02	7.1960467100e-01	6.0933226347e-01
5.8035822636e+02	7.2223049402e-01	6.1271631718e-01
5.8077793580e+02	7.2468781471e-01	6.1697071791e-01
5.8119764524e+02	7.2697985172e-01	6.2055575848e-01
5.8161735468e+02	7.2910982370e-01	6.2335872650e-01
5.8203706413e+02	7.3108071089e-01	6.2776595354e-01
5.8245677357e+02	7.3289507627e-01	6.3096016645e-01
5.8287648301e+02	7.3455554247e-01	6.3403534889e-01
5.8329619245e+02	7.3606425524e-01	6.3670957088e-01
5.8371590189e+02	7.3742336035e-01	6.3973867893e-01
5.8413561133e+02	7.3863470554e-01	6.4308547974e-01
5.8455532077e+02	7.3969995975e-01	6.4567840099e-01
5.8497503021e+02	7.4062049389e-01	6.4872485399e-01
5.8539473965e+02	7.4139767885e-01	6.5131938457e-01
5.8581444910e+02	7.4203252792e-01	6.5248864889e-01
5.8623415854e+02	7.4252587557e-01	6.5571624041e-01
5.8665386798e+02	7.4287843704e-01	6.5739524364e-01
5.8707357742e+02	7.4309068918e-01	6.5907287598e-01
5.8749328686e+02	7.4316287041e-01	6.6144162416e-01
5.8791299630e+02	7.4309515953e-01	6.6287738085e-01
5.8833270574e+02	7.4288737774e-01	6.6256678104e-01
5.8875241518e+02	7.4253934622e-01	6.6554605961e-01
5.8917212463e+02	7.4205046892e-01	6.6560268402e-01
5.8959183407e+02	7.4142020941e-01	6.6589349508e-01
5.9001154351e+02	7.4064761400e-01	6.6615986824e-01
5.9043125295e+02	7.3973160982e-01	6.6629630327e-01
5.9085096239e+02	7.3867106438e-01	6.6654163599e-01
5.9127067183e+02	7.3746442795e-01	6.6631019115e-01
5.9169038127e+02	7.3611003160e-01	6.6550856829e-01
5.9211009071e+02	7.3460614681e-01	6.6564935446e-01
5.9252980016e+02	7.3295056820e-01	6.6388827562e-01
5.9294950960e+02	7.3114115000e-01	6.6311252117e-01
5.9336921904e+02	7.2917532921e-01	6.6218400002e-01
5.9378892848e+02	7.2705048323e-01	6.6145008802e-01
5.9420863792e+02	7.2476363182e-01	6.6049158573e-01
5.9462834736e+02	7.2231173515e-01	6.5985673666e-01
5.9504805680e+02	7.1969133615e-01	6.5851217508e-01
5.9546776624e+02	7.1689885855e-01	6.5680897236e-01
5.9588747568e+02	7.1393048763e-01	6.5616977215e-01
5.9630718513e+02	7.1078222990e-01	6.5457165241e-01
5.9672689457e+02	7.0744967461e-01	6.5260332823e-01
5.9714660401e+02	7.0392835140e-01	6.5031808615e-01
5.9756631345e+02	7.0021337271e-01	6.4888846874e-01
5.9798602289e+02	6.9629979134e-01	6.4643734694e-01
5.9840573233e+02	6.9218224287e-01	6.4373868704e-01
5.9882544177e+02	6.8785518408e-01	6.4079630375e-01
5.9924515121e+02	6.8331277370e-01	6.3794481754e-01
5.9966486066e+02	6.7854893208e-01	6.3571953773e-01
6.0008457010e+02	6.7355734110e-01	6.3389438391e-01
6.0050427954e+02	6.6833138466e-01	6.3073325157e-01
6.0092398898e+02	6.6286432743e-01	6.2829190493e-01
6.0134369842e+02	6.5714895725e-01	6.2612843513e-01
6.0176340786e+02	6.5117800236e-01	6.2400966883e-01
6.0218311730e+02	6.4494389296e-01	6.2174683809e-01
6.0260282674e+02	6.3843888044e-01	6.2017446756e-01
6.0302253619e+02	6.3165503740e-01	6.1768645048e-01
6.0344224563e+02	6.2458419800e-01	6.1497080326e-01
6.0386195507e+02	6.1721807718e-01	6.1252987385e-01
6.0428166451e+02	6.0954827070e-01	6.1006319523e-01
6.0470137395e+02	6.0156631470e-01	6.0683482885e-01
6.0512108339e+02	5.9326362610e-01	6.0482567549e-01
6.0554079283e+02	5.8463180065e-01	6.0072201490e-01
6.0596050227e+02	5.7566225529e-01	5.9813183546e-01
6.0638021171e+02	5.6634682417e-01	5.9426087141e-01
6.0679992116e+02	5.5667728186e-01	5.9021002054e-01
6.0721963060e+02	5.4664599895e-01	5.8611011505e-01
6.0763934004e+02	5.3624546528e-01	5.8180326223e-01
6.0805904948e+02	5.2546894550e-01	5.7712787390e-01
6.0847875892e+02	5.1431018114e-01	5.7241398096e-01
6.0889846836e+02	5.0276380777e-01	5.6683522463e-01
6.0931817780e+02	4.9082553387e-01	5.6240475178e-01
6.0973788724e+02	4.7849199176e-01	5.5630725622e-01
6.1015759669e+02	4.6576142311e-01	5.5138432980e-01
6.1057730613e+02	4.5263347030e-01	5.4504418373e-01
6.1099701557e+02	4.3910974264e-01	5.3857159615e-01
6.1141672501e+02	4.2519390583e-01	5.3285479546e-01
6.1183643445e+02	4.1089197993e-01	5.2596950531e-01
6.1225614389e+02	3.9621275663e-01	5.1957583427e-01
6.1267585333e+02	3.8116800785e-01	5.1224112511e-01
6.1309556277e+02	3.6577290297e-01	5.0455731153e-01
6.1351527222e+02	3.5004627705e-01	4.9749779701e-01
6.1393498166e+02	3.3401104808e-01	4.8913428187e-01
6.1435469110e+02	3.1769463420e-01	4.8102253675e-01
6.1477440054e+02	3.0112913251e-01	4.7280678153e-01
6.1519410998e+02	2.8435179591e-01	4.6446892619e-01
6.1561381942e+02	2.6740530133e-01	4.5557340980e-01
6.1603352886e+02	2.5033795834e-01	4.4637757540e-01
6.1645323830e+02	2.3320394754e-01	4.3705052137e-01
6.1687294774e+02	2.1606341004e-01	4.2675951123e-01
6.1729265719e+02	1.9898253679e-01	4.1768381000e-01
6.1771236663e+02	1.8203343451e-01	4.0800702572e-01
6.1813207607e+02	1.6529396176e-01	3.9774358273e-01
6.1855178551e+02	1.4884735644e-01	3.8660591841e-01
6.1897149495e+02	1.3278172910e-01	3.7620869279e-01
6.1939120439e+02	1.1718939245e-01	3.6611697078e-01
6.1981091383e+02	1.0216602683e-01	3.5450434685e-01
6.2023062327e+02	8.7809637189e-02	3.4260982275e-01
6.2065033272e+02	7.4219346046e-02	3.3150786161e-01
6.2107004216e+02	6.1494067311e-02	3.2113501430e-01
6.2148975160e+02	4.9731008708e-02	3.0874010921e-01
6.2190946104e+02	3.9024095982e-02	2.9765528440e-01
6.2232917048e+02	2.9462318867e-02	2.8553387523e-01
6.2274887992e+02	2.1128086373e-02	2.7483272552e-01
6.2316858936e+02	1.4095599763e-02	2.6350507140e-01
6.2358829880e+02	8.4293372929e-03	2.5315573812e-01
6.2400800825e+02	4.1826781817e-03	2.4345725775e-01
6.2442771769e+02	1.3967391569e-03	2.3208232224e-01
6.2484742713e+02	9.9454788142e-05	2.2159771621e-01
6.2526713657e+02	3.0495200190e-04	2.1174809337e-01
6.2568684601e+02	2.0132381469e-03	2.0269753039e-01
6.2610655545e+02	5.2102184854e-03	1.9303831458e-01
6.2652626489e+02	9.8680388182e-03	1.8432946503e-01
6.2694597433e+02	1.5945747495e-02	1.7539210618e-01
6.2736568377e+02	2.3390229791e-02	1.6623575985e-01
6.2778539322e+02	3.2137401402e-02	1.5788736939e-01
6.2820510266e+02	4.2113583535e-02	1.4965417981e-01
6.2862481210e+02	5.3237043321e-02	1.4135022461e-01
6.2904452154e+02	6.5419591963e-02	1.3347561657e-01
6.2946423098e+02	7.8568242490e-02	1.2640435994e-01
6.2988394042e+02	9.2586837709e-02	1.1923629045e-01
6.3030364986e+02	1.0737761110e-01	1.1206537485e-01
6.3072335930e+02	1.2284263968e-01	1.0556595027e-01
6.3114306875e+02	1.3888520002e-01	9.9258922040e-02
6.3156277819e+02	1.5541087091e-01	9.3231119215e-02
6.3198248763e+02	1.7232863605e-01	8.6973115802e-02
6.3240219707e+02	1.8955163658e-01	8.1882536411e-02
6.3282190651e+02	2.0699782670e-01	7.6459869742e-02
6.3324161595e+02	2.2459051013e-01	7.2115570307e-02
6.3366132539e+02	2.4225863814e-01	6.7863896489e-02
6.3408103483e+02	2.5993701816e-01	6.3678085804e-02
6.3450074428e+02	2.7756637335e-01	5.9943895787e-02
6.3492045372e+02	2.9509329796e-01	5.6554533541e-02
6.3534016316e+02	3.1247022748e-01	5.2950419486e-02
6.3575987260e+02	3.2965508103e-01	4.9738373607e-02
6.3617958204e+02	3.4661108255e-01	4.6872407198e-02
6.3659929148e+02	3.6330655217e-01	4.4379238039e-02
6.3701900092e+02	3.7971445918e-01	4.1994445026e-02
6.3743871036e+02	3.9581215382e-01	4.0071517229e-02
6.3785841980e+02	4.1158095002e-01	3.8127869368e-02
6.3827812925e+02	4.2700588703e-01	3.6201566458e-02
6.3869783869e+02	4.4207525253e-01	3.4729853272e-02
6.3911754813e+02	4.5678040385e-01	3.3614605665e-02
6.3953725757e+02	4.7111529112e-01	3.2385390252e-02
6.3995696701e+02	4.8507627845e-01	3.1520802528e-02
6.4037667645e+02	4.9866178632e-01	3.1141558662e-02
6.4079638589e+02	5.1187211275e-01	3.1190453097e-02
6.4121609533e+02	5.2470904589e-01	3.1345862895e-02
6.4163580478e+02	5.3717595339e-01	3.1648050994e-02
6.4205551422e+02	5.4927706718e-01	3.2467946410e-02
6.4247522366e+02	5.6101787090e-01	3.3634509891e-02
6.4289493310e+02	5.7240450382e-01	3.5255152732e-02
6.4331464254e+02	5.8344393969e-01	3.6916762590e-02
6.4373435198e+02	5.9414350986e-01	3.8822546601e-02
6.4415406142e+02	6.0451120138e-01	4.1629437357e-02
6.4457377086e+02	6.1455512047e-01	4.4337272644e-02
6.4499348031e+02	6.2428373098e-01	4.8095114529e-02
6.4541318975e+02	6.3370573521e-01	5.2055515349e-02
6.4583289919e+02	6.4282977581e-01	5.7030852884e-02
6.4625260863e+02	6.5166461468e-01	6.1819847673e-02
6.4667231807e+02	6.6021901369e-01	6.7636214197e-02
6.4709202751e+02	6.6850173473e-01	7.3805190623e-02
6.4751173695e+02	6.7652136087e-01	8.0417804420e-02
6.4793144639e+02	6.8428635597e-01	8.7554678321e-02
6.4835115583e+02	6.9180518389e-01	9.5691256225e-02
6.4877086528e+02	6.9908601046e-01	1.0498866439e-01
6.4919057472e+02	7.0613682270e-01	1.1397129297e-01
6.4961028416e+02	7.1296554804e-01	1.2398912013e-01
6.5002999360e+02	7.1957975626e-01	1.3391193748e-01
6.5044970304e+02	7.2598695755e-01	1.4516590536e-01
6.5086941248e+02	7.3219430447e-01	1.5693020821e-01
6.5128912192e+02	7.3820883036e-01	1.6897414625e-01
6.5170883136e+02	7.4403733015e-01	1.8213610351e-01
6.5212854081e+02	7.4968641996e-01	1.9479432702e-01
6.5254825025e+02	7.5516241789e-01	2.0817191899e-01
6.5296795969e+02	7.6047146320e-01	2.2166591883e-01
6.5338766913e+02	7.6561957598e-01	2.3621572554e-01
6.5380737857e+02	7.7061235905e-01	2.4957886338e-01
6.5422708801e+02	7.7545541525e-01	2.6426512003e-01
6.5464679745e+02	7.8015404940e-01	2.7856105566e-01
6.5506650689e+02	7.8471338749e-01	2.9281416535e-01
6.5548621634e+02	7.8913837671e-01	3.0663239956e-01
6.5590592578e+02	7.9343384504e-01	3.2091161609e-01
6.5632563522e+02	7.9760426283e-01	3.3407109976e-01
6.5674534466e+02	8.0165410042e-01	3.4817633033e-01
6.5716505410e+02	8.0558758974e-01	3.6124700308e-01
6.5758476354e+02	8.0940878391e-01	3.7358048558e-01
6.5800447298e+02	8.1312167645e-01	3.8694390655e-01
6.5842418242e+02	8.1672996283e-01	3.9874556661e-01
6.5884389186e+02	8.2023733854e-01	4.1054132581e-01
6.5926360131e+02	8.2364732027e-01	4.2143905163e-01
6.5968331075e+02	8.2696312666e-01	4.3272849917e-01
6.6010302019e+02	8.3018809557e-01	4.4272845984e-01
6.6052272963e+02	8.3332532644e-01	4.5279565454e-01
6.6094243907e+02	8.3637779951e-01	4.6321302652e-01
6.6136214851e+02	8.3934831619e-01	4.7307214141e-01
6.6178185795e+02	8.4223973751e-01	4.8290553689e-01
6.6220156739e+02	8.4505462646e-01	4.9222126603e-01
6.6262127684e+02	8.4779554605e-01	5.0114804506e-01
6.6304098628e+02	8.5046499968e-01	5.0969499350e-01
6.6346069572e+02	8.5306531191e-01	5.1767021418e-01
6.6388040516e+02	8.5559874773e-01	5.2658110857e-01
6.6430011460e+02	8.5806751251e-01	5.3401893377e-01
6.6471982404e+02	8.6047375202e-01	5.4209232330e-01
6.6513953348e+02	8.6281937361e-01	5.5008757114e-01
6.6555924292e+02	8.6510634422e-01	5.5778896809e-01
6.6597895237e+02	8.6733663082e-01	5.6480771303e-01
6.6639866181e+02	8.6951196194e-01	5.7200098038e-01
6.6681837125e+02	8.7163406610e-01	5.7929295301e-01
6.6723808069e+02	8.7370467186e-01	5.8579063416e-01
6.6765779013e+02	8.7572526932e-01	5.9205758572e-01
6.6807749957e+02	8.7769758701e-01	5.9900647402e-01
6.6849720901e+02	8.7962293625e-01	6.0461753607e-01
6.6891691845e+02	8.8150292635e-01	6.1067008972e-01
6.6933662789e+02	8.8333874941e-01	6.1592376232e-01
6.6975633734e+02	8.8513189554e-01	6.2244719267e-01
6.7017604678e+02	8.8688361645e-01	6.2808358669e-01
6.7059575622e+02	8.8859516382e-01	6.3355642557e-01
6.7101546566e+02	8.9026767015e-01	6.3867831230e-01
6.7143517510e+02	8.9190232754e-01	6.4305305481e-01
6.7185488454e+02	8.9350026846e-01	6.4819419384e-01
6.7227459398e+02	8.9506250620e-01	6.5281134844e-01
6.7269430342e+02	8.9659017324e-01	6.5797305107e-01
6.7311401287e+02	8.9808422327e-01	6.6170191765e-01
6.7353372231e+02	8.9954555035e-01	6.6540920734e-01
6.7395343175e+02	9.0097522736e-01	6.6965591908e-01
6.7437314119e+02	9.0237402916e-01	6.7413288355e-01
6.7479285063e+02	9.0374290943e-01	6.7782098055e-01
6.7521256007e+02	9.0508264303e-01	6.8171399832e-01
6.7563226951e+02	9.0639406443e-01	6.8662744761e-01
6.7605197895e+02	9.0767800808e-01	6.9023656845e-01
6.7647168840e+02	9.0893518925e-01	6.9413739443e-01
6.7689139784e+02	9.1016632318e-01	6.9749152660e-01
6.7731110728e+02	9.1137212515e-01	7.0139849186e-01
6.7773081672e+02	9.1255331039e-01	7.0447307825e-01
6.7815052616e+02	9.1371053457e-01	7.0897811651e-01
6.7857023560e+02	9.1484439373e-01	7.1200811863e-01
6.7898994504e+02	9.1595560312e-01	7.1518003941e-01
6.7940965448e+02	9.1704463959e-01	7.1777921915e-01
6.7982936392e+02	9.1811215878e-01	7.2128486633e-01
6.8024907337e+02	9.1915869713e-01	7.2426646948e-01
6.8066878281e+02	9.2018485069e-01	7.2693854570e-01
6.8108849225e+02	9.2119109631e-01	7.3019832373e-01
6.8150820169e+02	9.2217791080e-01	7.3293864727e-01
6.8192791113e+02	9.2314589024e-01	7.3541253805e-01
6.8234762057e+02	9.2409539223e-01	7.3846191168e-01
6.8276733001e+02	9.2502695322e-01	7.4094480276e-01
6.8318703945e+02	9.2594105005e-01	7.4409180880e-01
6.8360674890e+02	9.2683809996e-01	7.4685335159e-01
6.8402645834e+02	9.2771846056e-01	7.4887979031e-01
6.8444616778e+02	9.2858260870e-01	7.5188928843e-01
6.8486587722e+02	9.2943090200e-01	7.5406754017e-01
6.8528558666e+02	9.3026375771e-01	7.5684970617e-01
6.8570529610e+02	9.3108153343e-01	7.5927090645e-01
6.8612500554e+02	9.3188458681e-01	7.6150268316e-01
6.8654471498e+02	9.3267333508e-01	7.6392871141e-01
6.8696442443e+02	9.3344801664e-01	7.6620298624e-01
6.8738413387e+02	9.3420898914e-01	7.6893913746e-01
6.8780384331e+02	9.3495666981e-01	7.7064585686e-01
6.8822355275e+02	9.3569123745e-01	7.7292335033e-01
6.8864326219e+02	9.3641310930e-01	7.7550673485e-01
6.8906297163e+02	9.3712246418e-01	7.7758169174e-01
6.8948268107e+02	9.3781971931e-01	7.7932000160e-01
6.8990239051e+02	9.3850505352e-01	7.8169786930e-01
6.9032209995e+02	9.3917876482e-01	7.8377842903e-01
6.9074180940e+02	9.3984109163e-01	7.8598165512e-01
6.9116151884e+02	9.4049239159e-01	7.8774303198e-01
6.9158122828e+02	9.4113278389e-01	7.9042118788e-01
6.9200093772e+02	9.4176256657e-01	7.9179769754e-01
6.9242064716e+02	9.4238203764e-01	7.9409492016e-01
6.9284035660e+02	9.4299131632e-01	7.9580247402e-01
6.9326006604e+02	9.4359064102e-01	7.9765248299e-01
6.9367977548e+02	9.4418030977e-01	7.9972761869e-01
6.9409948493e+02	9.4476050138e-01	8.0156141520e-01
6.9451919437e+02	9.4533133507e-01	8.0374777317e-01
6.9493890381e+02	9.4589316845e-01	8.0531948805e-01
6.9535861325e+02	9.4644600153e-01	8.0725955963e-01
6.9577832269e+02	9.4699019194e-01	8.0924010277e-01
6.9619803213e+02	9.4752585888e-01	8.1110686064e-01
6.9661774157e+02	9.4805318117e-01	8.1339550018e-01
6.9703745101e+02	9.4857227802e-01	8.1461644173e-01
6.9745716046e+02	9.4908344746e-01	8.1653946638e-01
6.9787686990e+02	9.4958674908e-01	8.1851583719e-01
6.9829657934e+02	9.5008236170e-01	8.2007551193e-01
6.9871628878e+02	9.5057046413e-01	8.2202070951e-01
6.9913599822e+02	9.5105117559e-01	8.2357078791e-01
6.9955570766e+02	9.5152473450e-01	8.2490962744e-01
6.9997541710e+02	9.5199120045e-01	8.2707148790e-01
7.0039512654e+02	9.5245069265e-01	8.2853901386e-01
7.0081483598e+02	9.5290344954e-01	8.3000022173e-01
7.0123454543e+02	9.5334953070e-01	8.3178389072e-01
7.0165425487e+02	9.5378911495e-01	8.3360350132e-01
7.0207396431e+02	9.5422226191e-01	8.3506369591e-01
7.0249367375e+02	9.5464915037e-01	8.3659696579e-01
7.0291338319e+02	9.5506989956e-01	8.3797490597e-01
7.0333309263e+02	9.5548462868e-01	8.3942651749e-01
7.0375280207e+02	9.5589345694e-01	8.4096944332e-01
7.0417251151e+02	9.5629650354e-01	8.4205657244e-01
7.0459222096e+02	9.5669382811e-01	8.4395194054e-01
7.0501193040e+02	9.5708554983e-01	8.4580892324e-01
7.0543163984e+02	9.5747184753e-01	8.4672468901e-01
7.0585134928e+02	9.5785272121e-01	8.4820342064e-01
7.0627105872e+02	9.5822834969e-01	8.4938234091e-01
7.0669076816e+02	9.5859885216e-01	8.5085290670e-01
7.0711047760e+02	9.5896422863e-01	8.5211080313e-01
7.0753018704e+02	9.5932465792e-01	8.5367870331e-01
7.0794989649e+02	9.5968014002e-01	8.5493659973e-01
7.0836960593e+02	9.6003085375e-01	8.5612404346e-01
7.0878931537e+02	9.6037685871e-01	8.5766202211e-01
7.0920902481e+02	9.6071821451e-01	8.5887658596e-01
7.0962873425e+02	9.6105504036e-01	8.6024457216e-01
7.1004844369e+02	9.6138745546e-01	8.6128193140e-01
7.1046815313e+02	9.6171540022e-01	8.6237484217e-01
7.1088786257e+02	9.6203911304e-01	8.6390024424e-01
7.1130757201e+02	9.6235853434e-01	8.6492335796e-01
7.1172728146e+02	9.6267384291e-01	8.6606681347e-01
7.1214699090e+02	9.6298503876e-01	8.6741298437e-01
7.1256670034e+02	9.6329224110e-01	8.6884266138e-01
7.1298640978e+02	9.6359550953e-01	8.6976999044e-01
7.1340611922e+02	9.6389490366e-01	8.7088495493e-01
7.1382582866e+02	9.6419048309e-01	8.7228119373e-01
7.1424553810e+02	9.6448236704e-01	8.7316507101e-01
7.1466524754e+02	9.6477055550e-01	8.7453347445e-01
7.1508495699e+02	9.6505510807e-01	8.7590986490e-01
7.1550466643e+02	9.6533608437e-01	8.7673497200e-01
7.1592437587e+02	9.6561360359e-01	8.7793302536e-01
7.1634408531e+02	9.6588772535e-01	8.7910389900e-01
7.1676379475e+02	9.6615839005e-01	8.8038820028e-01
7.1718350419e+02	9.6642577648e-01	8.8129472733e-01
7.1760321363e+02	9.6668994427e-01	8.8259571791e-01
7.1802292307e+02	9.6695083380e-01	8.8337790966e-01
7.1844263252e+02	9.6720856428e-01	8.8432109356e-01
7.1886234196e+02	9.6746325493e-01	8.8545525074e-01
7.1928205140e+02	9.6771484613e-01	8.8676434755e-01
7.1970176084e+02	9.6796339750e-01	8.8727712631e-01
7.2012147028e+02	9.6820902824e-01	8.8845187426e-01
7.2054117972e+02	9.6845179796e-01	8.8928741217e-01
7.2096088916e+02	9.6869164705e-01	8.9054518938e-01
7.2138059860e+02	9.6892869473e-01	8.9106452465e-01
7.2180030804e+02	9.6916294098e-01	8.9219629765e-01
7.2222001749e+02	9.6939450502e-01	8.9322447777e-01
7.2263972693e+02	9.6962332726e-01	8.9395904541e-01
7.2305943637e+02	9.6984952688e-01	8.9488697052e-01
7.2347914581e+02	9.7007316351e-01	8.9628255367e-01
7.2389885525e+02	9.7029417753e-01	8.9661937952e-01
7.2431856469e+02	9.7051274776e-01	8.9752089977e-01
7.2473827413e+02	9.7072875500e-01	8.9837366343e-01
7.2515798357e+02	9.7094237804e-01	8.9931666851e-01
7.2557769302e+02	9.7115355730e-01	9.0004116297e-01
7.2599740246e+02	9.7136235237e-01	9.0083277225e-01
7.2641711190e+02	9.7156888247e-01	9.0131914616e-01
7.2683682134e+02	9.7177302837e-01	9.0211850405e-01
7.2725653078e+02	9.7197496891e-01	9.0318512917e-01
7.2767624022e+02	9.7217464447e-01	9.0368986130e-01
7.2809594966e+02	9.7237211466e-01	9.0459269285e-01
7.2851565910e+02	9.7256749868e-01	9.0540510416e-01
7.2893536855e+02	9.7276067734e-01	9.0605080128e-01
7.2935507799e+02	9.7295176983e-01	9.0685170889e-01
7.2977478743e+02	9.7314077616e-01	9.0753799677e-01
7.3019449687e+02	9.7332775593e-01	9.0809327364e-01
7.3061420631e+02	9.7351276875e-01	9.0908133984e-01
7.3103391575e+02	9.7369575500e-01	9.0965539217e-01
7.3145362519e+02	9.7387677431e-01	9.1035169363e-01
7.3187333463e+02	9.7405594587e-01	9.1118484735e-01
7.3229304407e+02	9.7423315048e-01	9.1164577007e-01
7.3271275352e+02	9.7440850735e-01	9.1262263060e-01
7.3313246296e+02	9.7458201647e-01	9.1313260794e-01
7.3355217240e+02	9.7475373745e-01	9.1369527578e-01
7.3397188184e+02	9.7492361069e-01	9.1455394030e-01
7.3439159128e+02	9.7509181499e-01	9.1492348909e-01
7.3481130072e+02	9.7525817156e-01	9.1560858488e-01
7.3523101016e+02	9.7542285919e-01	9.1610062122e-01
7.3565071960e+02	9.7558587790e-01	9.1699260473e-01
7.3607042905e+02	9.7574722767e-01	9.1761833429e-01
7.3649013849e+02	9.7590690851e-01	9.1857832670e-01
7.3690984793e+02	9.7606498003e-01	9.1870689392e-01
7.3732955737e+02	9.7622144222e-01	9.1956233978e-01
7.3774926681e+02	9.7637635469e-01	9.1997712851e-01
7.3816897625e+02	9.7652965784e-01	9.2060077190e-01
7.3858868569e+02	9.7668147087e-01	9.2125648260e-01
7.3900839513e+02	9.7683173418e-01	9.2177939415e-01
7.3942810458e+02	9.7698056698e-01	9.2239207029e-01
7.3984781402e+02	9.7712785006e-01	9.2330724001e-01
7.4026752346e+02	9.7727370262e-01	9.2351907492e-01
7.4068723290e+02	9.7741812468e-01	9.2431867123e-01
7.4110694234e+02	9.7756117582e-01	9.2488181591e-01
7.4152665178e+02	9.7770279646e-01	9.2537766695e-01
7.4194636122e+02	9.7784304619e-01	9.2598712444e-01
7.4236607066e+02	9.7798192501e-01	9.2646491528e-01
7.4278578010e+02	9.7811943293e-01	9.2701113224e-01
7.4320548955e+02	9.7825562954e-01	9.2763656378e-01
7.4362519899e+02	9.7839057446e-01	9.2826682329e-01
7.4404490843e+02	9.7852420807e-01	9.2874616385e-01
7.4446461787e+02	9.7865653038e-01	9.2922765017e-01
7.4488432731e+02	9.7878760099e-01	9.2976719141e-01
7.4530403675e+02	9.7891747952e-01	9.3008524179e-01
7.4572374619e+02	9.7904610634e-01	9.3065607548e-01
7.4614345563e+02	9.7917348146e-01	9.3110138178e-01
7.4656316508e+02	9.7929972410e-01	9.3158996105e-01
7.4698287452e+02	9.7942477465e-01	9.3204301596e-01
7.4740258396e+02	9.7954863310e-01	9.3245118856e-01
7.4782229340e+02	9.7967135906e-01	9.3278205395e-01
7.4824200284e+02	9.7979295254e-01	9.3323242664e-01
7.4866171228e+02	9.7991347313e-01	9.3377566338e-01
7.4908142172e+02	9.8003280163e-01	9.3419754505e-01
7.4950113116e+02	9.8015111685e-01	9.3461263180e-01
7.4992084061e+02	9.8026829958e-01	9.3490052223e-01
7.5034055005e+02	9.8038440943e-01	9.3537992239e-01
7.5076025949e+02	9.8049950600e-01	9.3572163582e-01
7.5117996893e+02	9.8061352968e-01	9.3638271093e-01
7.5159967837e+02	9.8072659969e-01	9.3675047159e-01
7.5201938781e+02	9.8083859682e-01	9.3681222200e-01
7.5243909725e+02	9.8094958067e-01	9.3743908405e-01
7.5285880669e+02	9.8105961084e-01	9.3771040440e-01
7.5327851613e+02	9.8116862774e-01	9.3801814318e-01
7.5369822558e+02	9.8127669096e-01	9.3839430809e-01
7.5411793502e+02	9.8138380051e-01	9.3888503313e-01
7.5453764446e+02	9.8148995638e-01	9.3914210796e-01
7.5495735390e+02	9.8159521818e-01	9.3979579210e-01
7.5537706334e+02	9.8169952631e-01	9.3995112181e-01
7.5579677278e+02	9.8180294037e-01	9.4030064344e-01
7.5621648222e+02	9.8190546036e-01	9.4052493572e-01
7.5663619166e+02	9.8200702667e-01	9.4102388620e-01
7.5705590111e+02	9.8210781813e-01	9.4121986628e-01
7.5747561055e+02	9.8220765591e-01	9.4162464142e-01
7.5789531999e+02	9.8230665922e-01	9.4184941053e-01
7.5831502943e+02	9.8240482807e-01	9.4236320257e-01
7.5873473887e+02	9.8250216246e-01	9.4269001484e-01
7.5915444831e+02	9.8259872198e-01	9.4285762310e-01
7.5957415775e+02	9.8269438744e-01	9.4322466850e-01
7.5999386719e+02	9.8278927803e-01	9.4358813763e-01
7.6041357664e+02	9.8288333416e-01	9.4385534525e-01
7.6083328608e+02	9.8297661543e-01	9.4445621967e-01
7.6125299552e+02	9.8306912184e-01	9.4433242083e-01
7.6167270496e+02	9.8316085339e-01	9.4481158257e-01
7.6209241440e+02	9.8325181007e-01	9.4501870871e-01
7.6251212384e+02	9.8334205151e-01	9.4542366266e-01
7.6293183328e+02	9.8343151808e-01	9.4593733549e-01
7.6335154272e+02	9.8352026939e-01	9.4627010822e-01
7.6377125216e+02	9.8360824585e-01	9.4639813900e-01
7.6419096161e+02	9.8369550705e-01	9.4659250975e-01
7.6461067105e+02	9.8378211260e-01	9.4679397345e-01
7.6503038049e+02	9.8386794329e-01	9.4707214832e-01
7.6545008993e+02	9.8395311832e-01	9.4732016325e-01
7.6586979937e+02	9.8403757811e-01	9.4758480787e-01
7.6628950881e+02	9.8412138224e-01	9.4795936346e-01
7.6670921825e+02	9.8420447111e-01	9.4813370705e-01
7.6712892769e+02	9.8428690434e-01	9.4846600294e-01
7.6754863714e+02	9.8436868191e-01	9.4824612141e-01
7.6796834658e+02	9.8444980383e-01	9.4881737232e-01
7.6838805602e+02	9.8453027010e-01	9.4898027182e-01
7.6880776546e+02	9.8461014032e-01	9.4907218218e-01
7.6922747490e+02	9.8468935490e-01	9.4928956032e-01
7.6964718434e+02	9.8476791382e-01	9.4963127375e-01
7.7006689378e+02	9.8484587669e-01	9.4965034723e-01
7.7048660322e+02	9.8492324352e-01	9.4993197918e-01
7.7090631267e+02	9.8500001431e-01	9.5007073879e-01
7.7132602211e+02	9.8507612944e-01	9.5019686222e-01
7.7174573155e+02	9.8515170813e-01	9.5040678978e-01
7.7216544099e+02	9.8522663116e-01	9.5051449537e-01
7.7258515043e+02	9.8530101776e-01	9.5069485903e-01
7.7300485987e+02	9.8537486792e-01	9.5074397326e-01
7.7342456931e+02	9.8544812202e-01	9.5109850168e-01
7.7384427875e+02	9.8552078009e-01	9.5138466358e-01
7.7426398819e+02	9.8559290171e-01	9.5130646229e-01
7.7468369764e+02	9.8566448689e-01	9.5175039768e-01
7.7510340708e+02	9.8573547602e-01	9.5181888342e-01
7.7552311652e+02	9.8580598831e-01	9.5189529657e-01
7.7594282596e+02	9.8587590456e-01	9.5192903280e-01
7.7636253540e+02	9.8594534397e-01	9.5217734575e-01
7.7678224484e+02	9.8601424694e-01	9.5243269205e-01
7.7720195428e+02	9.8608261347e-01	9.5241957903e-01
7.7762166372e+02	9.8615050316e-01	9.5259976387e-01
7.7804137317e+02	9.8621785641e-01	9.5269334316e-01
7.7846108261e+02	9.8628473282e-01	9.5284259319e-01
7.7888079205e+02	9.8635107279e-01	9.5307439566e-01
7.7930050149e+02	9.8641693592e-01	9.5313060284e-01
7.7972021093e+02	9.8648232222e-01	9.5334321260e-01
7.8013992037e+02	9.8654723167e-01	9.5327734947e-01
7.8055962981e+02	9.8661166430e-01	9.5345306396e-01
7.8097933925e+02	9.8667562008e-01	9.5358204842e-01
7.8139904870e+02	9.8673909903e-01	9.5355737209e-01
7.8181875814e+02	9.8680210114e-01	9.5388978720e-01
7.8223846758e+02	9.8686468601e-01	9.5377600193e-01
7.8265817702e+02	9.8692679405e-01	9.5395880938e-01
7.8307788646e+02	9.8698842525e-01	9.5395272970e-01
7.8349759590e+02	9.8704963923e-01	9.5414865017e-01
7.8391730534e+02	9.8711037636e-01	9.5404881239e-01
7.8433701478e+02	9.8717075586e-01	9.5425480604e-01
7.8475672422e+02	9.8723065853e-01	9.5432841778e-01
7.8517643367e+02	9.8729008436e-01	9.5435208082e-01
7.8559614311e+02	9.8734915257e-01	9.5440423489e-01
7.8601585255e+02	9.8740780354e-01	9.5454418659e-01
7.8643556199e+02	9.8746597767e-01	9.5460623503e-01
7.8685527143e+02	9.8752379417e-01	9.5458763838e-01
7.8727498087e+02	9.8758119345e-01	9.5459735394e-01
7.8769469031e+02	9.8763817549e-01	9.5475411415e-01
7.8811439975e+02	9.8769474030e-01	9.5462262630e-01
7.8853410920e+02	9.8775094748e-01	9.5458495617e-01
7.8895381864e+02	9.8780673742e-01	9.5468389988e-01
7.8937352808e+02	9.8786211014e-01	9.5467215776e-01
7.8979323752e+02	9.8791718483e-01	9.5475202799e-01
7.9021294696e+02	9.8797178268e-01	9.5452237129e-01
7.9063265640e+02	9.8802608252e-01	9.5465970039e-01
7.9105236584e+02	9.8807996511e-01	9.5447689295e-01
7.9147207528e+02	9.8813349009e-01	9.5463579893e-01
7.9189178473e+02	9.8818659782e-01	9.5447754860e-01
7.9231149417e+02	9.8823940754e-01	9.5448428392e-01
7.9273120361e+02	9.8829180002e-01	9.5450955629e-01
7.9315091305e+02	9.8834389448e-01	9.5436686277e-01
7.9357062249e+02	9.8839557171e-01	9.5431357622e-01
7.9399033193e+02	9.8844695091e-01	9.5424234867e-01
7.9441004137e+02	9.8849797249e-01	9.5425331593e-01
7.9482975081e+02	9.8854863644e-01	9.5410025120e-01
7.9524946025e+02	9.8859894276e-01	9.5410931110e-01
7.9566916970e+02	9.8864895105e-01	9.5387166739e-01
7.9608887914e+02	9.8869860172e-01	9.5385485888e-01
7.9650858858e+02	9.8874789476e-01	9.5360761881e-01
7.9692829802e+02	9.8879688978e-01	9.5346122980e-01
7.9734800746e+02	9.8884558678e-01	9.5333993435e-01
7.9776771690e+02	9.8889392614e-01	9.5323562622e-01
7.9818742634e+02	9.8894196749e-01	9.5324552059e-01
7.9860713578e+02	9.8898965120e-01	9.5291554928e-01
7.9902684523e+02	9.8903703690e-01	9.5278382301e-01
7.9944655467e+02	9.8908412457e-01	9.5255845785e-01
