# lambda  Re(R_ZmaxTE(0,0),ZmaxTE(0,0))    Im(R_ZmaxTE(0,0),ZmaxTE(0,0)), 
3.797371134666668127e+02	2.110844192438810218e-01	0.000000000000000000e+00
3.801568229078667969e+02	2.074986630446947478e-01	0.000000000000000000e+00
3.805765323490668379e+02	2.038901903441869001e-01	0.000000000000000000e+00
3.809962417902668221e+02	2.002633264789793754e-01	0.000000000000000000e+00
3.814159512314668063e+02	1.966223620435129937e-01	0.000000000000000000e+00
3.818356606726667906e+02	1.929715436274010709e-01	0.000000000000000000e+00
3.822553701138668316e+02	1.893150649093895133e-01	0.000000000000000000e+00
3.826750795550668158e+02	1.856570581245780005e-01	0.000000000000000000e+00
3.830947889962668000e+02	1.820015859185071250e-01	0.000000000000000000e+00
3.835144984374667843e+02	1.783526335988596945e-01	0.000000000000000000e+00
3.839342078786668253e+02	1.747141017928831030e-01	0.000000000000000000e+00
3.843539173198668095e+02	1.710897995162191376e-01	0.000000000000000000e+00
3.847736267610667937e+02	1.674834376566745608e-01	0.000000000000000000e+00
3.851933362022668348e+02	1.638986228745458462e-01	0.000000000000000000e+00
3.856130456434668190e+02	1.603390194532023083e-01	0.000000000000000000e+00
3.860327550846668032e+02	1.568079934788183527e-01	0.000000000000000000e+00
3.864524645258667874e+02	1.533086780014559503e-01	0.000000000000000000e+00
3.868721739670668285e+02	1.498441975060312847e-01	0.000000000000000000e+00
3.872918834082668127e+02	1.464175484189887133e-01	0.000000000000000000e+00
3.877115928494667969e+02	1.430315955284598983e-01	0.000000000000000000e+00
3.881313022906667811e+02	1.396890687954195631e-01	0.000000000000000000e+00
3.885510117318668222e+02	1.363925605504821559e-01	0.000000000000000000e+00
3.889707211730668064e+02	1.331445230709190630e-01	0.000000000000000000e+00
3.893904306142667906e+02	1.299472665324966636e-01	0.000000000000000000e+00
3.898101400554668317e+02	1.268029573308368796e-01	0.000000000000000000e+00
3.902298494966668159e+02	1.237136167671134823e-01	0.000000000000000000e+00
3.906495589378668001e+02	1.206811200930319461e-01	0.000000000000000000e+00
3.910692683790667843e+02	1.177071959101680249e-01	0.000000000000000000e+00
3.914889778202668253e+02	1.147934259188097827e-01	0.000000000000000000e+00
3.919086872614668096e+02	1.119412450114656149e-01	0.000000000000000000e+00
3.923283967026667938e+02	1.091519417061527081e-01	0.000000000000000000e+00
3.927481061438668348e+02	1.064266589144158837e-01	0.000000000000000000e+00
3.931678155850668190e+02	1.037663950387878731e-01	0.000000000000000000e+00
3.935875250262668033e+02	1.011720053940068503e-01	0.000000000000000000e+00
3.940072344674667875e+02	9.864444126015339820e-02	0.000000000000000000e+00
3.944269439086668285e+02	9.618463321769891994e-02	0.000000000000000000e+00
3.948466533498668127e+02	9.379251475544361782e-02	0.000000000000000000e+00
3.952663627910667969e+02	9.146838567511984819e-02	0.000000000000000000e+00
3.956860722322667812e+02	8.921241356704674719e-02	0.000000000000000000e+00
3.961057816734668222e+02	8.702463705724311493e-02	0.000000000000000000e+00
3.965254911146668064e+02	8.490496932492422322e-02	0.000000000000000000e+00
3.969452005558667906e+02	8.285320187788892954e-02	0.000000000000000000e+00
3.973649099970668317e+02	8.086900857211033744e-02	0.000000000000000000e+00
3.977846194382668159e+02	7.895194986063877596e-02	0.000000000000000000e+00
3.982043288794668001e+02	7.710147725573189559e-02	0.000000000000000000e+00
3.986240383206667843e+02	7.531693798699264086e-02	0.000000000000000000e+00
3.990437477618668254e+02	7.359757983720453811e-02	0.000000000000000000e+00
3.994634572030668096e+02	7.194255613657109250e-02	0.000000000000000000e+00
3.998831666442667938e+02	7.035159710157676272e-02	0.000000000000000000e+00
4.003028760854667780e+02	6.882411184753305100e-02	0.000000000000000000e+00
4.007225855266668191e+02	6.735791558991323369e-02	0.000000000000000000e+00
4.011422949678668033e+02	6.595182464156039426e-02	0.000000000000000000e+00
4.015620044090667875e+02	6.460458748037517518e-02	0.000000000000000000e+00
4.019817138502668286e+02	6.331489033952872325e-02	0.000000000000000000e+00
4.024014232914668128e+02	6.208136280390040562e-02	0.000000000000000000e+00
4.028211327326667970e+02	6.090258338996175358e-02	0.000000000000000000e+00
4.032408421738667812e+02	5.977708508680935895e-02	0.000000000000000000e+00
4.036605516150668223e+02	5.870498573618330995e-02	0.000000000000000000e+00
4.040802610562668065e+02	5.768340132889613475e-02	0.000000000000000000e+00
4.044999704974667907e+02	5.671040643486143645e-02	0.000000000000000000e+00
4.049196799386668317e+02	5.578439536729831727e-02	0.000000000000000000e+00
4.053393893798668159e+02	5.490374399746833500e-02	0.000000000000000000e+00
4.057590988210668002e+02	5.406681470843550941e-02	0.000000000000000000e+00
4.061788082622667844e+02	5.327199191194335187e-02	0.000000000000000000e+00
4.065985177034668254e+02	5.251942763503377604e-02	0.000000000000000000e+00
4.070182271446668096e+02	5.180552129858062571e-02	0.000000000000000000e+00
4.074379365858667938e+02	5.112861972784495806e-02	0.000000000000000000e+00
4.078576460270667781e+02	5.048707916820121405e-02	0.000000000000000000e+00
4.082773554682668191e+02	4.987926905697266655e-02	0.000000000000000000e+00
4.086970649094668033e+02	4.930385533009815080e-02	0.000000000000000000e+00
4.091167743506667875e+02	4.876029360712732380e-02	0.000000000000000000e+00
4.095364837918668286e+02	4.824553342157144459e-02	0.000000000000000000e+00
4.099561932330668128e+02	4.775802694410132693e-02	0.000000000000000000e+00
4.103759026742667970e+02	4.729625592260419675e-02	0.000000000000000000e+00
4.107956121154667812e+02	4.685873401020558549e-02	0.000000000000000000e+00
4.112153215566668223e+02	4.644528335268328922e-02	0.000000000000000000e+00
4.116350309978668065e+02	4.605312531972260981e-02	0.000000000000000000e+00
4.120547404390667907e+02	4.568080434130164513e-02	0.000000000000000000e+00
4.124744498802667749e+02	4.532698229161010589e-02	0.000000000000000000e+00
4.128941593214668160e+02	4.499056503221081360e-02	0.000000000000000000e+00
4.133138687626668002e+02	4.467090156741307383e-02	0.000000000000000000e+00
4.137335782038667844e+02	4.436580700009058048e-02	0.000000000000000000e+00
4.141532876450668255e+02	4.407411745338244563e-02	0.000000000000000000e+00
4.145729970862668097e+02	4.379471380027743360e-02	0.000000000000000000e+00
4.149927065274667939e+02	4.352711469931192650e-02	0.000000000000000000e+00
4.154124159686667781e+02	4.326973437906952991e-02	0.000000000000000000e+00
4.158321254098668192e+02	4.302139910796070471e-02	0.000000000000000000e+00
4.162518348510668034e+02	4.278117724869058558e-02	0.000000000000000000e+00
4.166715442922667876e+02	4.254851161905281315e-02	0.000000000000000000e+00
4.170912537334668286e+02	4.232230056821416342e-02	0.000000000000000000e+00
4.175109631746668128e+02	4.210153773059142207e-02	0.000000000000000000e+00
4.179306726158667971e+02	4.188547792073808729e-02	0.000000000000000000e+00
4.183503820570667813e+02	4.167362710149823124e-02	0.000000000000000000e+00
4.187700914982668223e+02	4.146508426908650929e-02	0.000000000000000000e+00
4.191898009394668065e+02	4.125914569696283868e-02	0.000000000000000000e+00
4.196095103806667908e+02	4.105524578679801279e-02	0.000000000000000000e+00
4.200292198218668318e+02	4.085293281159655537e-02	0.000000000000000000e+00
4.204489292630668160e+02	4.065153439701497257e-02	0.000000000000000000e+00
4.208686387042668002e+02	4.045060935661085044e-02	0.000000000000000000e+00
4.212883481454667844e+02	4.024973401250923899e-02	0.000000000000000000e+00
4.217080575866667687e+02	4.004847369038208593e-02	0.000000000000000000e+00
4.221277670278668097e+02	3.984650071193449050e-02	0.000000000000000000e+00
4.225474764690667939e+02	3.964351448869635197e-02	0.000000000000000000e+00
4.229671859102667781e+02	3.943909898049502427e-02	0.000000000000000000e+00
4.233868953514668192e+02	3.923313338133292694e-02	0.000000000000000000e+00
4.238066047926668034e+02	3.902542889898239636e-02	0.000000000000000000e+00
4.242263142338667876e+02	3.881563845396401868e-02	0.000000000000000000e+00
4.246460236750667718e+02	3.860373204317106566e-02	0.000000000000000000e+00
4.250657331162668129e+02	3.838965874569787856e-02	0.000000000000000000e+00
4.254854425574667971e+02	3.817317520762445598e-02	0.000000000000000000e+00
4.259051519986667813e+02	3.795428694254932012e-02	0.000000000000000000e+00
4.263248614398668224e+02	3.773307824218875145e-02	0.000000000000000000e+00
4.267445708810668066e+02	3.750939534404573727e-02	0.000000000000000000e+00
4.271642803222667908e+02	3.728329982382744961e-02	0.000000000000000000e+00
4.275839897634667750e+02	3.705497278701592317e-02	0.000000000000000000e+00
4.280036992046668161e+02	3.682433070819617071e-02	0.000000000000000000e+00
4.284234086458668003e+02	3.659152700604064584e-02	0.000000000000000000e+00
4.288431180870667845e+02	3.635679199361910308e-02	0.000000000000000000e+00
4.292628275282668255e+02	3.612010279590351786e-02	0.000000000000000000e+00
4.296825369694668098e+02	3.588172541542394844e-02	0.000000000000000000e+00
4.301022464106667940e+02	3.564189829904961665e-02	0.000000000000000000e+00
4.305219558518667782e+02	3.540067242320833057e-02	0.000000000000000000e+00
4.309416652930668192e+02	3.515840554883144231e-02	0.000000000000000000e+00
4.313613747342668034e+02	3.491531417015183991e-02	0.000000000000000000e+00
4.317810841754667877e+02	3.467159808811495075e-02	0.000000000000000000e+00
4.322007936166667719e+02	3.442759380371041011e-02	0.000000000000000000e+00
4.326205030578668129e+02	3.418355395712971423e-02	0.000000000000000000e+00
4.330402124990667971e+02	3.393980462929251096e-02	0.000000000000000000e+00
4.334599219402667813e+02	3.369660540908864937e-02	0.000000000000000000e+00
4.338796313814667656e+02	3.345437083941497913e-02	0.000000000000000000e+00
4.342993408226668066e+02	3.321336280564829435e-02	0.000000000000000000e+00
4.347190502638667908e+02	3.297389824276207582e-02	0.000000000000000000e+00
4.351387597050667750e+02	3.273650138672649923e-02	0.000000000000000000e+00
4.355584691462668161e+02	3.250127977684918318e-02	0.000000000000000000e+00
4.359781785874668003e+02	3.226887008244951754e-02	0.000000000000000000e+00
4.363978880286667845e+02	3.203948604870699574e-02	0.000000000000000000e+00
4.368175974698667687e+02	3.181345013965953400e-02	0.000000000000000000e+00
4.372373069110668098e+02	3.159148510177916397e-02	0.000000000000000000e+00
4.376570163522667940e+02	3.137347625500820636e-02	0.000000000000000000e+00
4.380767257934667782e+02	3.116041313688450512e-02	0.000000000000000000e+00
4.384964352346668193e+02	3.095222130776399336e-02	0.000000000000000000e+00
4.389161446758668035e+02	3.074948315477172428e-02	0.000000000000000000e+00
4.393358541170667877e+02	3.055277554677577820e-02	0.000000000000000000e+00
4.397555635582667719e+02	3.036196390831552919e-02	0.000000000000000000e+00
4.401752729994668130e+02	3.017842381875096222e-02	0.000000000000000000e+00
4.405949824406667972e+02	3.000146051223568852e-02	0.000000000000000000e+00
4.410146918818667814e+02	2.983247522846627087e-02	0.000000000000000000e+00
4.414344013230668224e+02	2.967113975945269086e-02	0.000000000000000000e+00
4.418541107642668067e+02	2.951824328206097484e-02	0.000000000000000000e+00
4.422738202054667909e+02	2.937420830135106797e-02	0.000000000000000000e+00
4.426935296466667751e+02	2.923902656201304850e-02	0.000000000000000000e+00
4.431132390878668161e+02	2.911394446894809140e-02	0.000000000000000000e+00
4.435329485290668003e+02	2.899809001220832183e-02	0.000000000000000000e+00
4.439526579702667846e+02	2.889358348755787995e-02	0.000000000000000000e+00
4.443723674114668256e+02	2.879889779338829642e-02	0.000000000000000000e+00
4.447920768526668098e+02	2.871629996188434022e-02	0.000000000000000000e+00
4.452117862938667940e+02	2.864446103526165771e-02	0.000000000000000000e+00
4.456314957350667783e+02	2.858519124334119033e-02	0.000000000000000000e+00
4.460512051762667625e+02	2.853770680472551141e-02	0.000000000000000000e+00
4.464709146174668035e+02	2.850326181062562761e-02	0.000000000000000000e+00
4.468906240586667877e+02	2.848158144738396555e-02	0.000000000000000000e+00
4.473103334998667719e+02	2.847340880336061281e-02	0.000000000000000000e+00
4.477300429410668130e+02	2.847891729710254685e-02	0.000000000000000000e+00
4.481497523822667972e+02	2.849840885358663825e-02	0.000000000000000000e+00
4.485694618234667814e+02	2.853242030420300585e-02	0.000000000000000000e+00
4.489891712646667656e+02	2.858090636064141224e-02	0.000000000000000000e+00
4.494088807058668067e+02	2.864465917300436718e-02	0.000000000000000000e+00
4.498285901470667909e+02	2.872340335125391289e-02	0.000000000000000000e+00
4.502482995882667751e+02	2.881805614465046336e-02	0.000000000000000000e+00
4.506680090294668162e+02	2.892825105840901578e-02	0.000000000000000000e+00
4.510877184706668004e+02	2.905487955048572865e-02	0.000000000000000000e+00
4.515074279118667846e+02	2.919764333978058096e-02	0.000000000000000000e+00
4.519271373530667688e+02	2.935723824625021197e-02	0.000000000000000000e+00
4.523468467942668099e+02	2.953361203952536984e-02	0.000000000000000000e+00
4.527665562354667941e+02	2.972707801839525113e-02	0.000000000000000000e+00
4.531862656766667783e+02	2.993802437638021924e-02	0.000000000000000000e+00
4.536059751178668193e+02	3.016618003135264348e-02	0.000000000000000000e+00
4.540256845590668036e+02	3.041258241685967575e-02	0.000000000000000000e+00
4.544453940002667878e+02	3.067616135923367099e-02	0.000000000000000000e+00
4.548651034414667720e+02	3.095882466557475440e-02	0.000000000000000000e+00
4.552848128826667562e+02	3.125847761789882218e-02	0.000000000000000000e+00
4.557045223238667973e+02	3.157812977604711191e-02	0.000000000000000000e+00
4.561242317650667815e+02	3.191451171502605877e-02	0.000000000000000000e+00
4.565439412062668225e+02	3.227172235567157821e-02	0.000000000000000000e+00
4.569636506474668067e+02	3.264602858621398762e-02	0.000000000000000000e+00
4.573833600886667909e+02	3.304068080849796585e-02	0.000000000000000000e+00
4.578030695298667752e+02	3.345346487547495862e-02	0.000000000000000000e+00
4.582227789710667594e+02	3.388594713001390202e-02	0.000000000000000000e+00
4.586424884122668004e+02	3.433769934011012687e-02	0.000000000000000000e+00
4.590621978534667846e+02	3.480833853979274639e-02	0.000000000000000000e+00
4.594819072946667688e+02	3.529949228608279116e-02	0.000000000000000000e+00
4.599016167358668099e+02	3.580856081126122109e-02	0.000000000000000000e+00
4.603213261770667941e+02	3.633949985248171449e-02	0.000000000000000000e+00
4.607410356182667783e+02	3.688838148387090649e-02	0.000000000000000000e+00
4.611607450594667625e+02	3.745828976090286727e-02	0.000000000000000000e+00
4.615804545006668036e+02	3.804745574578190931e-02	0.000000000000000000e+00
4.620001639418667878e+02	3.865635832984815751e-02	0.000000000000000000e+00
4.624198733830667720e+02	3.928610739407197711e-02	0.000000000000000000e+00
4.628395828242668131e+02	3.993416410896666324e-02	0.000000000000000000e+00
4.632592922654667973e+02	4.060476129157003511e-02	0.000000000000000000e+00
4.636790017066667815e+02	4.129381993284351321e-02	0.000000000000000000e+00
4.640987111478667657e+02	4.200381842353446277e-02	0.000000000000000000e+00
4.645184205890668068e+02	4.273415289918332249e-02	0.000000000000000000e+00
4.649381300302667910e+02	4.348367575838613108e-02	0.000000000000000000e+00
4.653578394714667752e+02	4.425556881477119703e-02	0.000000000000000000e+00
4.657775489126668162e+02	4.504626020876297682e-02	0.000000000000000000e+00
4.661972583538668005e+02	4.585850095081749067e-02	0.000000000000000000e+00
4.666169677950667847e+02	4.669121754256780332e-02	0.000000000000000000e+00
4.670366772362667689e+02	4.754342993021350855e-02	0.000000000000000000e+00
4.674563866774667531e+02	4.841852612714473564e-02	0.000000000000000000e+00
4.678760961186667942e+02	4.931285602573003829e-02	0.000000000000000000e+00
4.682958055598667784e+02	5.022878178191581000e-02	0.000000000000000000e+00
4.687155150010668194e+02	5.116611482865970895e-02	0.000000000000000000e+00
4.691352244422668036e+02	5.212300915168587706e-02	0.000000000000000000e+00
4.695549338834667878e+02	5.310350665426620542e-02	0.000000000000000000e+00
4.699746433246667721e+02	5.410416717482872256e-02	0.000000000000000000e+00
4.703943527658667563e+02	5.512590761075038953e-02	0.000000000000000000e+00
4.708140622070667973e+02	5.617094150041614803e-02	0.000000000000000000e+00
4.712337716482667815e+02	5.723625944284793654e-02	0.000000000000000000e+00
4.716534810894667658e+02	5.832442544948453211e-02	0.000000000000000000e+00
4.720731905306668068e+02	5.943517681240235995e-02	0.000000000000000000e+00
4.724928999718667910e+02	6.056675490983487453e-02	0.000000000000000000e+00
4.729126094130667752e+02	6.172286784042061575e-02	0.000000000000000000e+00
4.733323188542667594e+02	6.290113677531360137e-02	0.000000000000000000e+00
4.737520282954668005e+02	6.410086599560529952e-02	0.000000000000000000e+00
4.741717377366667847e+02	6.532672329268539302e-02	0.000000000000000000e+00
4.745914471778667689e+02	6.657459217963072884e-02	0.000000000000000000e+00
4.750111566190668100e+02	6.784519960476276257e-02	0.000000000000000000e+00
4.754308660602667942e+02	6.914227708065795452e-02	0.000000000000000000e+00
4.758505755014667784e+02	7.046206729579919392e-02	0.000000000000000000e+00
4.762702849426667626e+02	7.180575119906859594e-02	0.000000000000000000e+00
4.766899943838667468e+02	7.317641635367960751e-02	0.000000000000000000e+00
4.771097038250667879e+02	7.457058262091458001e-02	0.000000000000000000e+00
4.775294132662667721e+02	7.598953003006142515e-02	0.000000000000000000e+00
4.779491227074668132e+02	7.743621804593914248e-02	0.000000000000000000e+00
4.783688321486667974e+02	7.890714680071310438e-02	0.000000000000000000e+00
4.787885415898667816e+02	8.040334881225852381e-02	0.000000000000000000e+00
4.792082510310667658e+02	8.192820771638037458e-02	0.000000000000000000e+00
4.796279604722667500e+02	8.347786934310230667e-02	0.000000000000000000e+00
4.800476699134667911e+02	8.505272225856218282e-02	0.000000000000000000e+00
4.804673793546667753e+02	8.665712527379985930e-02	0.000000000000000000e+00
4.808870887958667595e+02	8.828650642531402082e-02	0.000000000000000000e+00
4.813067982370668005e+02	8.994080173403300182e-02	0.000000000000000000e+00
4.817265076782667848e+02	9.162396113264360820e-02	0.000000000000000000e+00
4.821462171194667690e+02	9.333217066313563570e-02	0.000000000000000000e+00
4.825659265606667532e+02	9.506445040283850734e-02	0.000000000000000000e+00
4.829856360018667942e+02	9.682293066898556289e-02	0.000000000000000000e+00
4.834053454430667784e+02	9.860583018980199899e-02	0.000000000000000000e+00
4.838250548842667627e+02	1.004105422772521988e-01	0.000000000000000000e+00
4.842447643254668037e+02	1.022369386696735105e-01	0.000000000000000000e+00
4.846644737666667879e+02	1.040850992222107779e-01	0.000000000000000000e+00
4.850841832078667721e+02	1.059505618569417662e-01	0.000000000000000000e+00
4.855038926490667563e+02	1.078313541348486088e-01	0.000000000000000000e+00
4.859236020902667974e+02	1.097267085649404617e-01	0.000000000000000000e+00
4.863433115314667816e+02	1.116317910495817911e-01	0.000000000000000000e+00
4.867630209726667658e+02	1.135428861196362549e-01	0.000000000000000000e+00
4.871827304138668069e+02	1.154560103737553439e-01	0.000000000000000000e+00
4.876024398550667911e+02	1.173655724896444930e-01	0.000000000000000000e+00
4.880221492962667753e+02	1.192661511500023863e-01	0.000000000000000000e+00
4.884418587374667595e+02	1.211517564597618807e-01	0.000000000000000000e+00
4.888615681786667437e+02	1.230120781667423391e-01	0.000000000000000000e+00
4.892812776198667848e+02	1.248392559089575582e-01	0.000000000000000000e+00
4.897009870610667690e+02	1.266257307166487600e-01	0.000000000000000000e+00
4.901206965022668101e+02	1.283616492733328507e-01	0.000000000000000000e+00
4.905404059434667943e+02	1.300241749124582402e-01	0.000000000000000000e+00
4.909601153846667785e+02	1.316088822972263372e-01	0.000000000000000000e+00
4.913798248258667627e+02	1.331029084843814714e-01	0.000000000000000000e+00
4.917995342670667469e+02	1.344898075218957378e-01	0.000000000000000000e+00
4.922192437082667880e+02	1.357342583140509762e-01	0.000000000000000000e+00
4.926389531494667722e+02	1.368361215679995135e-01	0.000000000000000000e+00
4.930586625906667564e+02	1.377775448370817113e-01	0.000000000000000000e+00
4.934783720318667974e+02	1.385364558917522304e-01	0.000000000000000000e+00
4.938980814730667817e+02	1.390648954366837942e-01	0.000000000000000000e+00
4.943177909142667659e+02	1.393709347772831009e-01	0.000000000000000000e+00
4.947375003554667501e+02	1.394357511007268680e-01	0.000000000000000000e+00
4.951572097966667911e+02	1.392412390522110577e-01	0.000000000000000000e+00
4.955769192378667753e+02	1.387243415134130076e-01	0.000000000000000000e+00
4.959966286790667596e+02	1.379117307752491250e-01	0.000000000000000000e+00
4.964163381202668006e+02	1.367920796068481937e-01	0.000000000000000000e+00
4.968360475614667848e+02	1.353561870577142112e-01	0.000000000000000000e+00
4.972557570026667690e+02	1.335623900369956041e-01	0.000000000000000000e+00
4.976754664438667533e+02	1.314298916237683912e-01	0.000000000000000000e+00
4.980951758850667943e+02	1.289769923661513717e-01	0.000000000000000000e+00
4.985148853262667785e+02	1.262109591961852184e-01	0.000000000000000000e+00
4.989345947674667627e+02	1.231318721647367276e-01	0.000000000000000000e+00
4.993543042086668038e+02	1.197353608151252718e-01	0.000000000000000000e+00
4.997740136498667880e+02	1.160730537438865728e-01	0.000000000000000000e+00
5.001937230910667722e+02	1.121628284250921065e-01	0.000000000000000000e+00
5.006134325322667564e+02	1.080208738137976160e-01	0.000000000000000000e+00
5.010331419734667406e+02	1.036387518528942286e-01	0.000000000000000000e+00
5.014528514146667817e+02	9.902105103722411150e-02	0.000000000000000000e+00
5.018725608558667659e+02	9.415323260683702844e-02	0.000000000000000000e+00
5.022922702970668070e+02	8.896678349915891626e-02	0.000000000000000000e+00
5.027119797382667912e+02	8.331993635888118588e-02	0.000000000000000000e+00
5.031316891794667754e+02	7.681430005996543742e-02	0.000000000000000000e+00
5.035513986206667596e+02	6.893315279708499277e-02	0.000000000000000000e+00
5.039711080618667438e+02	5.932085303046456815e-02	0.000000000000000000e+00
5.043908175030667849e+02	4.955521244127835540e-02	0.000000000000000000e+00
5.048105269442667691e+02	4.493834359142074436e-02	0.000000000000000000e+00
5.052302363854667533e+02	4.738059243024175804e-02	0.000000000000000000e+00
5.056499458266667943e+02	5.033666302651349650e-02	0.000000000000000000e+00
5.060696552678667786e+02	5.128044336700031403e-02	0.000000000000000000e+00
5.064893647090667628e+02	5.068032157834007068e-02	0.000000000000000000e+00
5.069090741502667470e+02	4.922960624375026517e-02	0.000000000000000000e+00
5.073287835914667880e+02	4.736176029976087165e-02	0.000000000000000000e+00
5.077484930326667723e+02	4.532445367974331091e-02	0.000000000000000000e+00
5.081682024738668133e+02	4.326085563183296873e-02	0.000000000000000000e+00
5.085879119150667975e+02	4.123183708361422700e-02	0.000000000000000000e+00
5.090076213562667817e+02	3.927137739657281940e-02	0.000000000000000000e+00
5.094273307974667659e+02	3.739789813446996875e-02	0.000000000000000000e+00
5.098470402386667502e+02	3.562680078249210597e-02	0.000000000000000000e+00
5.102667496798667344e+02	3.396149192224259816e-02	0.000000000000000000e+00
5.106864591210667754e+02	3.239502995828172360e-02	0.000000000000000000e+00
5.111061685622667596e+02	3.092475766144965957e-02	0.000000000000000000e+00
5.115258780034668007e+02	2.954684400818001141e-02	0.000000000000000000e+00
5.119455874446667849e+02	2.825675858820901609e-02	0.000000000000000000e+00
5.123652968858667691e+02	2.705293587401602987e-02	0.000000000000000000e+00
5.127850063270667533e+02	2.593210142391569328e-02	0.000000000000000000e+00
5.132047157682667375e+02	2.488295212477067975e-02	0.000000000000000000e+00
5.136244252094668354e+02	2.390059318090105231e-02	0.000000000000000000e+00
5.140441346506668197e+02	2.298032701472721082e-02	0.000000000000000000e+00
5.144638440918668039e+02	2.211769715458634933e-02	0.000000000000000000e+00
5.148835535330667881e+02	2.130851719268437097e-02	0.000000000000000000e+00
5.153032629742667723e+02	2.055264210018038773e-02	0.000000000000000000e+00
5.157229724154667565e+02	1.984348599564091098e-02	0.000000000000000000e+00
5.161426818566667407e+02	1.917636476160859346e-02	0.000000000000000000e+00
5.165623912978667249e+02	1.854836988946668291e-02	0.000000000000000000e+00
5.169821007390667091e+02	1.795688924537544931e-02	0.000000000000000000e+00
5.174018101802668070e+02	1.739960155260759228e-02	0.000000000000000000e+00
5.178215196214667912e+02	1.687446980951893064e-02	0.000000000000000000e+00
5.182412290626667755e+02	1.638117103371534988e-02	0.000000000000000000e+00
5.186609385038667597e+02	1.591814266678187248e-02	0.000000000000000000e+00
5.190806479450667439e+02	1.548259494667718165e-02	0.000000000000000000e+00
5.195003573862667281e+02	1.507362140379771287e-02	0.000000000000000000e+00
5.199200668274668260e+02	1.469056219259790540e-02	0.000000000000000000e+00
5.203397762686668102e+02	1.433299869178865371e-02	0.000000000000000000e+00
5.207594857098667944e+02	1.400074889363370038e-02	0.000000000000000000e+00
5.211791951510667786e+02	1.369386365454713927e-02	0.000000000000000000e+00
5.215989045922667628e+02	1.341362999661103832e-02	0.000000000000000000e+00
5.220186140334667471e+02	1.316108551906411753e-02	0.000000000000000000e+00
5.224383234746667313e+02	1.293557596054895065e-02	0.000000000000000000e+00
5.228580329158667155e+02	1.273811621218801614e-02	0.000000000000000000e+00
5.232777423570666997e+02	1.256994949850292163e-02	0.000000000000000000e+00
5.236974517982667976e+02	1.243254999340095979e-02	0.000000000000000000e+00
5.241171612394667818e+02	1.232762652401148476e-02	0.000000000000000000e+00
5.245368706806667660e+02	1.225712737788338565e-02	0.000000000000000000e+00
5.249565801218667502e+02	1.222324622687311936e-02	0.000000000000000000e+00
5.253762895630667344e+02	1.222904598131432929e-02	0.000000000000000000e+00
5.257959990042668323e+02	1.227973783842397325e-02	0.000000000000000000e+00
5.262157084454668166e+02	1.237562867497543975e-02	0.000000000000000000e+00
5.266354178866668008e+02	1.252002817252416585e-02	0.000000000000000000e+00
5.270551273278667850e+02	1.271653980238453448e-02	0.000000000000000000e+00
5.274748367690667692e+02	1.296907364478866974e-02	0.000000000000000000e+00
5.278945462102667534e+02	1.328186018009414743e-02	0.000000000000000000e+00
5.283142556514667376e+02	1.365946495439458210e-02	0.000000000000000000e+00
5.287339650926667218e+02	1.410680398188312278e-02	0.000000000000000000e+00
5.291536745338667060e+02	1.462915969502369407e-02	0.000000000000000000e+00
5.295733839750668039e+02	1.523219718814011747e-02	0.000000000000000000e+00
5.299930934162667882e+02	1.592283075308321971e-02	0.000000000000000000e+00
5.304128028574667724e+02	1.671279908532284988e-02	0.000000000000000000e+00
5.308325122986667566e+02	1.760373302400124185e-02	0.000000000000000000e+00
5.312522217398667408e+02	1.860304145399220566e-02	0.000000000000000000e+00
5.316719311810667250e+02	1.971858436279333091e-02	0.000000000000000000e+00
5.320916406222668229e+02	2.095867762517291191e-02	0.000000000000000000e+00
5.325113500634668071e+02	2.233209195835453992e-02	0.000000000000000000e+00
5.329310595046667913e+02	2.384804412283311748e-02	0.000000000000000000e+00
5.333507689458667755e+02	2.551617800653259091e-02	0.000000000000000000e+00
5.337704783870667598e+02	2.734653271841294003e-02	0.000000000000000000e+00
5.341901878282667440e+02	2.934949422848695186e-02	0.000000000000000000e+00
5.346098972694667282e+02	3.153572642615643656e-02	0.000000000000000000e+00
5.350296067106667124e+02	3.391607673717546984e-02	0.000000000000000000e+00
5.354493161518666966e+02	3.650145066290209211e-02	0.000000000000000000e+00
5.358690255930667945e+02	3.930264882249516478e-02	0.000000000000000000e+00
5.362887350342667787e+02	4.233691132547590802e-02	0.000000000000000000e+00
5.367084444754667629e+02	4.561300491560133646e-02	0.000000000000000000e+00
5.371281539166667471e+02	4.913474236253836253e-02	0.000000000000000000e+00
5.375478633578667313e+02	5.290959770837525000e-02	0.000000000000000000e+00
5.379675727990668292e+02	5.694321858747842385e-02	0.000000000000000000e+00
5.383872822402668135e+02	6.123887205131951089e-02	0.000000000000000000e+00
5.388069916814667977e+02	6.579681121053805593e-02	0.000000000000000000e+00
5.392267011226667819e+02	7.061356840541094249e-02	0.000000000000000000e+00
5.396464105638667661e+02	7.568118866630091368e-02	0.000000000000000000e+00
5.400661200050667503e+02	8.098642777617091892e-02	0.000000000000000000e+00
5.404858294462667345e+02	8.650995225163328473e-02	0.000000000000000000e+00
5.409055388874667187e+02	9.222559352180814685e-02	0.000000000000000000e+00
5.413252483286667029e+02	9.809972436394523432e-02	0.000000000000000000e+00
5.417449577698668008e+02	1.040908402895685259e-01	0.000000000000000000e+00
5.421646672110667851e+02	1.101494392065708317e-01	0.000000000000000000e+00
5.425843766522667693e+02	1.162182956766271008e-01	0.000000000000000000e+00
5.430040860934667535e+02	1.222332174559843804e-01	0.000000000000000000e+00
5.434237955346667377e+02	1.281243482071947049e-01	0.000000000000000000e+00
5.438435049758667219e+02	1.338180393389051259e-01	0.000000000000000000e+00
5.442632144170668198e+02	1.392392567854985330e-01	0.000000000000000000e+00
5.446829238582668040e+02	1.443144200319848858e-01	0.000000000000000000e+00
5.451026332994667882e+02	1.489744999350487431e-01	0.000000000000000000e+00
5.455223427406667724e+02	1.531581413579177209e-01	0.000000000000000000e+00
5.459420521818667567e+02	1.568145398414935443e-01	0.000000000000000000e+00
5.463617616230667409e+02	1.599057996610173116e-01	0.000000000000000000e+00
5.467814710642667251e+02	1.624085389960180648e-01	0.000000000000000000e+00
5.472011805054667093e+02	1.643145836460524201e-01	0.000000000000000000e+00
5.476208899466666935e+02	1.656306923985983170e-01	0.000000000000000000e+00
5.480405993878667914e+02	1.663773674333879626e-01	0.000000000000000000e+00
5.484603088290667756e+02	1.665869030402126749e-01	0.000000000000000000e+00
5.488800182702667598e+02	1.663008997151697588e-01	0.000000000000000000e+00
5.492997277114667440e+02	1.655675096744830266e-01	0.000000000000000000e+00
5.497194371526667283e+02	1.644386837338134288e-01	0.000000000000000000e+00
5.501391465938668262e+02	1.629676654758336896e-01	0.000000000000000000e+00
5.505588560350668104e+02	1.612069382236221982e-01	0.000000000000000000e+00
5.509785654762667946e+02	1.592067856875550302e-01	0.000000000000000000e+00
5.513982749174667788e+02	1.570145870494306373e-01	0.000000000000000000e+00
5.518179843586667630e+02	1.546749333564444162e-01	0.000000000000000000e+00
5.522376937998667472e+02	1.522306150612282027e-01	0.000000000000000000e+00
5.526574032410667314e+02	1.497244660342178790e-01	0.000000000000000000e+00
5.530771126822667156e+02	1.472019163930357311e-01	0.000000000000000000e+00
5.534968221234666998e+02	1.447138555208746791e-01	0.000000000000000000e+00
5.539165315646667977e+02	1.423190126533936117e-01	0.000000000000000000e+00
5.543362410058667820e+02	1.400845979704248567e-01	0.000000000000000000e+00
5.547559504470667662e+02	1.380836788835945461e-01	0.000000000000000000e+00
5.551756598882667504e+02	1.363881690048986961e-01	0.000000000000000000e+00
5.555953693294667346e+02	1.350577996139379899e-01	0.000000000000000000e+00
5.560150787706667188e+02	1.341277866317901468e-01	0.000000000000000000e+00
5.564347882118668167e+02	1.335997688600428224e-01	0.000000000000000000e+00
5.568544976530668009e+02	1.334402121087207016e-01	0.000000000000000000e+00
5.572742070942667851e+02	1.335874074856275573e-01	0.000000000000000000e+00
5.576939165354667693e+02	1.339642837112951790e-01	0.000000000000000000e+00
5.581136259766667536e+02	1.344921577525458045e-01	0.000000000000000000e+00
5.585333354178667378e+02	1.351012860290561057e-01	0.000000000000000000e+00
5.589530448590667220e+02	1.357364734715731658e-01	0.000000000000000000e+00
5.593727543002667062e+02	1.363582237930023866e-01	0.000000000000000000e+00
5.597924637414666904e+02	1.369410042664337968e-01	0.000000000000000000e+00
5.602121731826667883e+02	1.374702376045594254e-01	0.000000000000000000e+00
5.606318826238667725e+02	1.379391551814149464e-01	0.000000000000000000e+00
5.610515920650667567e+02	1.383461025906248254e-01	0.000000000000000000e+00
5.614713015062667409e+02	1.386924910593388405e-01	0.000000000000000000e+00
5.618910109474667252e+02	1.389813672011413759e-01	0.000000000000000000e+00
5.623107203886668231e+02	1.392164831922860779e-01	0.000000000000000000e+00
5.627304298298668073e+02	1.394017336074757085e-01	0.000000000000000000e+00
5.631501392710667915e+02	1.395408426750830988e-01	0.000000000000000000e+00
5.635698487122667757e+02	1.396372129729526457e-01	0.000000000000000000e+00
5.639895581534667599e+02	1.396938725397139092e-01	0.000000000000000000e+00
5.644092675946667441e+02	1.397134781617512256e-01	0.000000000000000000e+00
5.648289770358667283e+02	1.396983477796290007e-01	0.000000000000000000e+00
5.652486864770667125e+02	1.396505054180079974e-01	0.000000000000000000e+00
5.656683959182666968e+02	1.395717289495308211e-01	0.000000000000000000e+00
5.660881053594667947e+02	1.394635954067404149e-01	0.000000000000000000e+00
5.665078148006667789e+02	1.393268276236981074e-01	0.000000000000000000e+00
5.669275242418667631e+02	1.391625745341444620e-01	0.000000000000000000e+00
5.673472336830667473e+02	1.389729591063384728e-01	0.000000000000000000e+00
5.677669431242667315e+02	1.387590944353764011e-01	0.000000000000000000e+00
5.681866525654667157e+02	1.385220393155778551e-01	0.000000000000000000e+00
5.686063620066668136e+02	1.382628108215054885e-01	0.000000000000000000e+00
5.690260714478667978e+02	1.379823936161697073e-01	0.000000000000000000e+00
5.694457808890667820e+02	1.376817466192440664e-01	0.000000000000000000e+00
5.698654903302667663e+02	1.373618075825218665e-01	0.000000000000000000e+00
5.702851997714667505e+02	1.370234960352598175e-01	0.000000000000000000e+00
5.707049092126667347e+02	1.366677149840882788e-01	0.000000000000000000e+00
5.711246186538667189e+02	1.362953516826446443e-01	0.000000000000000000e+00
5.715443280950667031e+02	1.359072777257868681e-01	0.000000000000000000e+00
5.719640375362666873e+02	1.355043486720450829e-01	0.000000000000000000e+00
5.723837469774667852e+02	1.350874033549926134e-01	0.000000000000000000e+00
5.728034564186667694e+02	1.346572630085134670e-01	0.000000000000000000e+00
5.732231658598667536e+02	1.342138408977581465e-01	0.000000000000000000e+00
5.736428753010667378e+02	1.337587927683703548e-01	0.000000000000000000e+00
5.740625847422667221e+02	1.332930216659699019e-01	0.000000000000000000e+00
5.744822941834668200e+02	1.328172668113713761e-01	0.000000000000000000e+00
5.749020036246668042e+02	1.323322446078866454e-01	0.000000000000000000e+00
5.753217130658667884e+02	1.318386480386118942e-01	0.000000000000000000e+00
5.757414225070667726e+02	1.313371461940870955e-01	0.000000000000000000e+00
5.761611319482667568e+02	1.308283839293507833e-01	0.000000000000000000e+00
5.765808413894667410e+02	1.303129816462319790e-01	0.000000000000000000e+00
5.770005508306667252e+02	1.297915351944411433e-01	0.000000000000000000e+00
5.774202602718667094e+02	1.292646158834836745e-01	0.000000000000000000e+00
5.778399697130666937e+02	1.287327705964955993e-01	0.000000000000000000e+00
5.782596791542667916e+02	1.281961705567614129e-01	0.000000000000000000e+00
5.786793885954667758e+02	1.276556914725143488e-01	0.000000000000000000e+00
5.790990980366667600e+02	1.271118880101712589e-01	0.000000000000000000e+00
5.795188074778667442e+02	1.265652061239238291e-01	0.000000000000000000e+00
5.799385169190667284e+02	1.260160690305980602e-01	0.000000000000000000e+00
5.803582263602667126e+02	1.254648777896769651e-01	0.000000000000000000e+00
5.807779358014668105e+02	1.249120119164520010e-01	0.000000000000000000e+00
5.811976452426667947e+02	1.243578300213029758e-01	0.000000000000000000e+00
5.816173546838667789e+02	1.238026704687877066e-01	0.000000000000000000e+00
5.820370641250667632e+02	1.232468520508839538e-01	0.000000000000000000e+00
5.824567735662667474e+02	1.226906735944856414e-01	0.000000000000000000e+00
5.828764830074667316e+02	1.221344807187549897e-01	0.000000000000000000e+00
5.832961924486667158e+02	1.215785490904296162e-01	0.000000000000000000e+00
5.837159018898667000e+02	1.210231198167101008e-01	0.000000000000000000e+00
5.841356113310666842e+02	1.204684180428069601e-01	0.000000000000000000e+00
5.845553207722667821e+02	1.199146536381361650e-01	0.000000000000000000e+00
5.849750302134667663e+02	1.193620218684990630e-01	0.000000000000000000e+00
5.853947396546667505e+02	1.188107040527825314e-01	0.000000000000000000e+00
5.858144490958667348e+02	1.182608682030045349e-01	0.000000000000000000e+00
5.862341585370667190e+02	1.177128129528200728e-01	0.000000000000000000e+00
5.866538679782668169e+02	1.171667097216858994e-01	0.000000000000000000e+00
5.870735774194668011e+02	1.166225652950208524e-01	0.000000000000000000e+00
5.874932868606667853e+02	1.160804952246278776e-01	0.000000000000000000e+00
5.879129963018667695e+02	1.155406049361167031e-01	0.000000000000000000e+00
5.883327057430667537e+02	1.150029902546596261e-01	0.000000000000000000e+00
5.887524151842667379e+02	1.144677379099738879e-01	0.000000000000000000e+00
5.891721246254667221e+02	1.139349260208881026e-01	0.000000000000000000e+00
5.895918340666667063e+02	1.134047421855991777e-01	0.000000000000000000e+00
5.900115435078666906e+02	1.128774709977681118e-01	0.000000000000000000e+00
5.904312529490666748e+02	1.123528534383941985e-01	0.000000000000000000e+00
5.908509623902667727e+02	1.118309334393441934e-01	0.000000000000000000e+00
5.912706718314667569e+02	1.113117487008695033e-01	0.000000000000000000e+00
5.916903812726667411e+02	1.107953310560106930e-01	0.000000000000000000e+00
5.921100907138667253e+02	1.102817068177568971e-01	0.000000000000000000e+00
5.925298001550667095e+02	1.097708971096311575e-01	0.000000000000000000e+00
5.929495095962668074e+02	1.092632592094308491e-01	0.000000000000000000e+00
5.933692190374667916e+02	1.087586661172308816e-01	0.000000000000000000e+00
5.937889284786667758e+02	1.082569314572223301e-01	0.000000000000000000e+00
5.942086379198667601e+02	1.077580554890362335e-01	0.000000000000000000e+00
5.946283473610667443e+02	1.072620349217653785e-01	0.000000000000000000e+00
5.950480568022667285e+02	1.067688631495802565e-01	0.000000000000000000e+00
5.954677662434667127e+02	1.062785304751549809e-01	0.000000000000000000e+00
5.958874756846666969e+02	1.057913117485325682e-01	0.000000000000000000e+00
5.963071851258666811e+02	1.053071895340313702e-01	0.000000000000000000e+00
5.967268945670667790e+02	1.048258584449272002e-01	0.000000000000000000e+00
5.971466040082667632e+02	1.043472961194661791e-01	0.000000000000000000e+00
5.975663134494667474e+02	1.038714782375335377e-01	0.000000000000000000e+00
5.979860228906667317e+02	1.033983786738736782e-01	0.000000000000000000e+00
5.984057323318667159e+02	1.029279696428865437e-01	0.000000000000000000e+00
5.988254417730668138e+02	1.024606652729960626e-01	0.000000000000000000e+00
5.992451512142667980e+02	1.019961180652221300e-01	0.000000000000000000e+00
5.996648606554667822e+02	1.015341584560384702e-01	0.000000000000000000e+00
6.000845700966667664e+02	1.010747517093859571e-01	0.000000000000000000e+00
6.005042795378667506e+02	1.006178621889770031e-01	0.000000000000000000e+00
6.009239889790667348e+02	1.001634534536041260e-01	0.000000000000000000e+00
6.013436984202667190e+02	9.971169654052505771e-02	0.000000000000000000e+00
6.017634078614667033e+02	9.926269233268768255e-02	0.000000000000000000e+00
6.021831173026666875e+02	9.881603968788622849e-02	0.000000000000000000e+00
6.026028267438666717e+02	9.837169866758600778e-02	0.000000000000000000e+00
6.030225361850667696e+02	9.792962905341875968e-02	0.000000000000000000e+00
6.034422456262667538e+02	9.748979040671219842e-02	0.000000000000000000e+00
6.038619550674667380e+02	9.705228018782850741e-02	0.000000000000000000e+00
6.042816645086667222e+02	9.661730734129983511e-02	0.000000000000000000e+00
6.047013739498667064e+02	9.618442374117323890e-02	0.000000000000000000e+00
6.051210833910668043e+02	9.575358789713218910e-02	0.000000000000000000e+00
6.055407928322667885e+02	9.532475845068910658e-02	0.000000000000000000e+00
6.059605022734667727e+02	9.489789420914900020e-02	0.000000000000000000e+00
6.063802117146667570e+02	9.447315080020787792e-02	0.000000000000000000e+00
6.067999211558667412e+02	9.405057856597465182e-02	0.000000000000000000e+00
6.072196305970667254e+02	9.362982725225497960e-02	0.000000000000000000e+00
6.076393400382667096e+02	9.321085631130092419e-02	0.000000000000000000e+00
6.080590494794666938e+02	9.279362558695541940e-02	0.000000000000000000e+00
6.084787589206666780e+02	9.237809533045261701e-02	0.000000000000000000e+00
6.088984683618667759e+02	9.196456598562643969e-02	0.000000000000000000e+00
6.093181778030667601e+02	9.155275288918821031e-02	0.000000000000000000e+00
6.097378872442667443e+02	9.114250046042045306e-02	0.000000000000000000e+00
6.101575966854667286e+02	9.073377073733471243e-02	0.000000000000000000e+00
6.105773061266667128e+02	9.032652629899447227e-02	0.000000000000000000e+00
6.109970155678666970e+02	8.992085359334643646e-02	0.000000000000000000e+00
6.114167250090667949e+02	8.951687053357683388e-02	0.000000000000000000e+00
6.118364344502667791e+02	8.911424042569757176e-02	0.000000000000000000e+00
6.122561438914667633e+02	8.871292829415711179e-02	0.000000000000000000e+00
6.126758533326667475e+02	8.831289977909557998e-02	0.000000000000000000e+00
6.130955627738667317e+02	8.791412751486617216e-02	0.000000000000000000e+00
6.135152722150667159e+02	8.751693046886034610e-02	0.000000000000000000e+00
6.139349816562667002e+02	8.712089465925237919e-02	0.000000000000000000e+00
6.143546910974666844e+02	8.672598860315780533e-02	0.000000000000000000e+00
6.147744005386666686e+02	8.633218146248823610e-02	0.000000000000000000e+00
6.151941099798667665e+02	8.593944303248787775e-02	0.000000000000000000e+00
6.156138194210667507e+02	8.554803484676357095e-02	0.000000000000000000e+00
6.160335288622667349e+02	8.515765090217528033e-02	0.000000000000000000e+00
6.164532383034667191e+02	8.476822746688161825e-02	0.000000000000000000e+00
6.168729477446667033e+02	8.437973747065162511e-02	0.000000000000000000e+00
6.172926571858668012e+02	8.399215446613327030e-02	0.000000000000000000e+00
6.177123666270667854e+02	8.360571512047543230e-02	0.000000000000000000e+00
6.181320760682667697e+02	8.322013805180988877e-02	0.000000000000000000e+00
6.185517855094667539e+02	8.283537269785085089e-02	0.000000000000000000e+00
6.189714949506667381e+02	8.245139583265934102e-02	0.000000000000000000e+00
6.193912043918667223e+02	8.206819973185897066e-02	0.000000000000000000e+00
6.198109138330667065e+02	8.168598532085330488e-02	0.000000000000000000e+00
6.202306232742666907e+02	8.130447493687044391e-02	0.000000000000000000e+00
6.206503327154666749e+02	8.092364858806325167e-02	0.000000000000000000e+00
6.210700421566667728e+02	8.054348683500134332e-02	0.000000000000000000e+00
6.214897515978667570e+02	8.016404478708988313e-02	0.000000000000000000e+00
6.219094610390667413e+02	7.978537558903744942e-02	0.000000000000000000e+00
6.223291704802667255e+02	7.940730017597621981e-02	0.000000000000000000e+00
6.227488799214667097e+02	7.902980224747645221e-02	0.000000000000000000e+00
6.231685893626666939e+02	7.865286598724496869e-02	0.000000000000000000e+00
6.235882988038667918e+02	7.827661680973205249e-02	0.000000000000000000e+00
6.240080082450667760e+02	7.790094939564240484e-02	0.000000000000000000e+00
6.244277176862667602e+02	7.752578637497231639e-02	0.000000000000000000e+00
6.248474271274667444e+02	7.715111490380895110e-02	0.000000000000000000e+00
6.252671365686667286e+02	7.677695394612368829e-02	0.000000000000000000e+00
6.256868460098667128e+02	7.640340804595679991e-02	0.000000000000000000e+00
6.261065554510666971e+02	7.603030715689536312e-02	0.000000000000000000e+00
6.265262648922666813e+02	7.565764124850667127e-02	0.000000000000000000e+00
6.269459743334666655e+02	7.528540063317888664e-02	0.000000000000000000e+00
6.273656837746667634e+02	7.491369988380414124e-02	0.000000000000000000e+00
6.277853932158667476e+02	7.454244343791353866e-02	0.000000000000000000e+00
6.282051026570667318e+02	7.417157844716097681e-02	0.000000000000000000e+00
6.286248120982667160e+02	7.380109777866530885e-02	0.000000000000000000e+00
6.290445215394667002e+02	7.343105719367912232e-02	0.000000000000000000e+00
6.294642309806667981e+02	7.306148094764650103e-02	0.000000000000000000e+00
6.298839404218667823e+02	7.269226503495729297e-02	0.000000000000000000e+00
6.303036498630667666e+02	7.232340465700294596e-02	0.000000000000000000e+00
6.307233593042667508e+02	7.195491523449541738e-02	0.000000000000000000e+00
6.311430687454667350e+02	7.158690623262954633e-02	0.000000000000000000e+00
6.315627781866667192e+02	7.121923809474564604e-02	0.000000000000000000e+00
6.319824876278667034e+02	7.085190811740266215e-02	0.000000000000000000e+00
6.324021970690666876e+02	7.048491371436892139e-02	0.000000000000000000e+00
6.328219065102666718e+02	7.011839878083435396e-02	0.000000000000000000e+00
6.332416159514667697e+02	6.975222495717693649e-02	0.000000000000000000e+00
6.336613253926667539e+02	6.938638247718748042e-02	0.000000000000000000e+00
6.340810348338667382e+02	6.902087052972437353e-02	0.000000000000000000e+00
6.345007442750667224e+02	6.865582156747047915e-02	0.000000000000000000e+00
6.349204537162667066e+02	6.829113338867751071e-02	0.000000000000000000e+00
6.353401631574666908e+02	6.792677937096257279e-02	0.000000000000000000e+00
6.357598725986667887e+02	6.756276022092867761e-02	0.000000000000000000e+00
6.361795820398667729e+02	6.719921024415233257e-02	0.000000000000000000e+00
6.365992914810667571e+02	6.683604048756715266e-02	0.000000000000000000e+00
6.370190009222667413e+02	6.647321637207531664e-02	0.000000000000000000e+00
6.374387103634667255e+02	6.611073986339331687e-02	0.000000000000000000e+00
6.378584198046667098e+02	6.574876118994592289e-02	0.000000000000000000e+00
6.382781292458666940e+02	6.538718050550020033e-02	0.000000000000000000e+00
6.386978386870666782e+02	6.502596460221006514e-02	0.000000000000000000e+00
6.391175481282666624e+02	6.466511644966949079e-02	0.000000000000000000e+00
6.395372575694666466e+02	6.430481864067377762e-02	0.000000000000000000e+00
6.399569670106667445e+02	6.394493180931519472e-02	0.000000000000000000e+00
6.403766764518667287e+02	6.358543554283586918e-02	0.000000000000000000e+00
6.407963858930667129e+02	6.322633652765481671e-02	0.000000000000000000e+00
6.412160953342668108e+02	6.286786111084390061e-02	0.000000000000000000e+00
6.416358047754667950e+02	6.250980319611033897e-02	0.000000000000000000e+00
6.420555142166667792e+02	6.215216725961094507e-02	0.000000000000000000e+00
6.424752236578667635e+02	6.179500808041753224e-02	0.000000000000000000e+00
6.428949330990667477e+02	6.143848731957994580e-02	0.000000000000000000e+00
6.433146425402667319e+02	6.108241977083238988e-02	0.000000000000000000e+00
6.437343519814667161e+02	6.072681024675900818e-02	0.000000000000000000e+00
6.441540614226667003e+02	6.037178786459164448e-02	0.000000000000000000e+00
6.445737708638666845e+02	6.001740182710973287e-02	0.000000000000000000e+00
6.449934803050666687e+02	5.966350859020433384e-02	0.000000000000000000e+00
6.454131897462666529e+02	5.931011309229161643e-02	0.000000000000000000e+00
6.458328991874667508e+02	5.895745221944576758e-02	0.000000000000000000e+00
6.462526086286667351e+02	5.860540058122196139e-02	0.000000000000000000e+00
6.466723180698667193e+02	5.825388426888655075e-02	0.000000000000000000e+00
6.470920275110667035e+02	5.790293494127240342e-02	0.000000000000000000e+00
6.475117369522668014e+02	5.755285829210332604e-02	0.000000000000000000e+00
6.479314463934667856e+02	5.720335656318103340e-02	0.000000000000000000e+00
6.483511558346667698e+02	5.685443473309013257e-02	0.000000000000000000e+00
6.487708652758667540e+02	5.650627501160407351e-02	0.000000000000000000e+00
6.491905747170667382e+02	5.615892981861927286e-02	0.000000000000000000e+00
6.496102841582667224e+02	5.581220570999273489e-02	0.000000000000000000e+00
6.500299935994667067e+02	5.546610729353208813e-02	0.000000000000000000e+00
6.504497030406666909e+02	5.512102117255022332e-02	0.000000000000000000e+00
6.508694124818666751e+02	5.477664330360925565e-02	0.000000000000000000e+00
6.512891219230666593e+02	5.443293327450793306e-02	0.000000000000000000e+00
6.517088313642666435e+02	5.409006229214106953e-02	0.000000000000000000e+00
6.521285408054667414e+02	5.374818320873699790e-02	0.000000000000000000e+00
6.525482502466667256e+02	5.340701474825371164e-02	0.000000000000000000e+00
6.529679596878667098e+02	5.306656076715537268e-02	0.000000000000000000e+00
6.533876691290668077e+02	5.272727192892678189e-02	0.000000000000000000e+00
6.538073785702667919e+02	5.238880088575663396e-02	0.000000000000000000e+00
6.542270880114667762e+02	5.205108705725237928e-02	0.000000000000000000e+00
6.546467974526667604e+02	5.171436418695648379e-02	0.000000000000000000e+00
6.550665068938667446e+02	5.137874811738930847e-02	0.000000000000000000e+00
6.554862163350667288e+02	5.104393188701925044e-02	0.000000000000000000e+00
6.559059257762667130e+02	5.070992042761093138e-02	0.000000000000000000e+00
6.563256352174666972e+02	5.037731768053228809e-02	0.000000000000000000e+00
6.567453446586666814e+02	5.004555699214761899e-02	0.000000000000000000e+00
6.571650540998666656e+02	4.971464061136695450e-02	0.000000000000000000e+00
6.575847635410666499e+02	4.938497327431703304e-02	0.000000000000000000e+00
6.580044729822667477e+02	4.905642572516884237e-02	0.000000000000000000e+00
6.584241824234667320e+02	4.872876347671580011e-02	0.000000000000000000e+00
6.588438918646667162e+02	4.840217883074749566e-02	0.000000000000000000e+00
6.592636013058667004e+02	4.807700087900230318e-02	0.000000000000000000e+00
6.596833107470667983e+02	4.775274824259173601e-02	0.000000000000000000e+00
6.601030201882667825e+02	4.742942170756835746e-02	0.000000000000000000e+00
6.605227296294667667e+02	4.710774263701596187e-02	0.000000000000000000e+00
6.609424390706667509e+02	4.678705299659709216e-02	0.000000000000000000e+00
6.613621485118667351e+02	4.646732764784707731e-02	0.000000000000000000e+00
6.617818579530667193e+02	4.614910665545755852e-02	0.000000000000000000e+00
6.622015673942667036e+02	4.583213064070600085e-02	0.000000000000000000e+00
6.626212768354666878e+02	4.551615568429428355e-02	0.000000000000000000e+00
6.630409862766666720e+02	4.520154228276018760e-02	0.000000000000000000e+00
6.634606957178666562e+02	4.488842716804047894e-02	0.000000000000000000e+00
6.638804051590666404e+02	4.457634828956041212e-02	0.000000000000000000e+00
6.643001146002667383e+02	4.426549091879171394e-02	0.000000000000000000e+00
6.647198240414667225e+02	4.395638007993520752e-02	0.000000000000000000e+00
6.651395334826667067e+02	4.364833892347832339e-02	0.000000000000000000e+00
6.655592429238668046e+02	4.334138451586617979e-02	0.000000000000000000e+00
6.659789523650667888e+02	4.303641694458303080e-02	0.000000000000000000e+00
6.663986618062667731e+02	4.273255064881577997e-02	0.000000000000000000e+00
6.668183712474667573e+02	4.242978285486313089e-02	0.000000000000000000e+00
6.672380806886667415e+02	4.212895409723380752e-02	0.000000000000000000e+00
6.676577901298667257e+02	4.182939488775584691e-02	0.000000000000000000e+00
6.680774995710667099e+02	4.153096314257730820e-02	0.000000000000000000e+00
6.684972090122666941e+02	4.123439548080130163e-02	0.000000000000000000e+00
6.689169184534666783e+02	4.093927031750525802e-02	0.000000000000000000e+00
6.693366278946666625e+02	4.064529955472205580e-02	0.000000000000000000e+00
6.697563373358666468e+02	4.035313162460943404e-02	0.000000000000000000e+00
6.701760467770667447e+02	4.006256190238229736e-02	0.000000000000000000e+00
6.705957562182667289e+02	3.977317143511965164e-02	0.000000000000000000e+00
6.710154656594667131e+02	3.948553875802095214e-02	0.000000000000000000e+00
6.714351751006666973e+02	3.919964005877086405e-02	0.000000000000000000e+00
6.718548845418667952e+02	3.891494334921550419e-02	0.000000000000000000e+00
6.722745939830667794e+02	3.863197805478799790e-02	0.000000000000000000e+00
6.726943034242667636e+02	3.835085994848878160e-02	0.000000000000000000e+00
6.731140128654667478e+02	3.807096442528682539e-02	0.000000000000000000e+00
6.735337223066667320e+02	3.779279500318039053e-02	0.000000000000000000e+00
6.739534317478667163e+02	3.751656089536695854e-02	0.000000000000000000e+00
6.743731411890667005e+02	3.724156781623291085e-02	0.000000000000000000e+00
6.747928506302666847e+02	3.696831889624314221e-02	0.000000000000000000e+00
6.752125600714666689e+02	3.669706591918790034e-02	0.000000000000000000e+00
6.756322695126666531e+02	3.642707027592075736e-02	0.000000000000000000e+00
6.760519789538666373e+02	3.615886243597866284e-02	0.000000000000000000e+00
6.764716883950667352e+02	3.589268138062402802e-02	0.000000000000000000e+00
6.768913978362667194e+02	3.562777184357994453e-02	0.000000000000000000e+00
6.773111072774667036e+02	3.536472144476353330e-02	0.000000000000000000e+00
6.777308167186668015e+02	3.510369673036718013e-02	0.000000000000000000e+00
6.781505261598667857e+02	3.484395562934729934e-02	0.000000000000000000e+00
6.785702356010667700e+02	3.458617467696311482e-02	0.000000000000000000e+00
6.789899450422667542e+02	3.433038435535231553e-02	0.000000000000000000e+00
6.794096544834667384e+02	3.407588769381438010e-02	0.000000000000000000e+00
6.798293639246667226e+02	3.382348372345346521e-02	0.000000000000000000e+00
6.802490733658667068e+02	3.357299951475038041e-02	0.000000000000000000e+00
6.806687828070666910e+02	3.332381701423480641e-02	0.000000000000000000e+00
6.810884922482666752e+02	3.307689300159181306e-02	0.000000000000000000e+00
6.815082016894666594e+02	3.283178035829160957e-02	0.000000000000000000e+00
6.819279111306666437e+02	3.258797552998683039e-02	0.000000000000000000e+00
6.823476205718667416e+02	3.234662982313743496e-02	0.000000000000000000e+00
6.827673300130667258e+02	3.210694801945705029e-02	0.000000000000000000e+00
6.831870394542667100e+02	3.186857825987536585e-02	0.000000000000000000e+00
6.836067488954666942e+02	3.163290453262494056e-02	0.000000000000000000e+00
6.840264583366667921e+02	3.139870677612787569e-02	0.000000000000000000e+00
6.844461677778667763e+02	3.116590269774799013e-02	0.000000000000000000e+00
6.848658772190667605e+02	3.093591070881807764e-02	0.000000000000000000e+00
6.852855866602667447e+02	3.070724427142207738e-02	0.000000000000000000e+00
6.857052961014667289e+02	3.048024386497464461e-02	0.000000000000000000e+00
6.861250055426667132e+02	3.025582542204504830e-02	0.000000000000000000e+00
6.865447149838666974e+02	3.003273178764734666e-02	0.000000000000000000e+00
6.869644244250666816e+02	2.981161696228936189e-02	0.000000000000000000e+00
6.873841338662666658e+02	2.959280954044260156e-02	0.000000000000000000e+00
6.878038433074666500e+02	2.937532456654858709e-02	0.000000000000000000e+00
6.882235527486666342e+02	2.916017253862282152e-02	0.000000000000000000e+00
6.886432621898667321e+02	2.894700807845151241e-02	0.000000000000000000e+00
6.890629716310667163e+02	2.873516216935707510e-02	0.000000000000000000e+00
6.894826810722667005e+02	2.852604549222241548e-02	0.000000000000000000e+00
6.899023905134667984e+02	2.831855058122794214e-02	0.000000000000000000e+00
6.903220999546667827e+02	2.811247734116491606e-02	0.000000000000000000e+00
6.907418093958667669e+02	2.790935547718949999e-02	0.000000000000000000e+00
6.911615188370667511e+02	2.770755153902106777e-02	0.000000000000000000e+00
6.915812282782667353e+02	2.750761383320069614e-02	0.000000000000000000e+00
6.920009377194667195e+02	2.731020733642078660e-02	0.000000000000000000e+00
6.924206471606667037e+02	2.711411082596905039e-02	0.000000000000000000e+00
6.928403566018666879e+02	2.692036976149911678e-02	0.000000000000000000e+00
6.932600660430666721e+02	2.672869155564088633e-02	0.000000000000000000e+00
6.936797754842666563e+02	2.653831415819246989e-02	0.000000000000000000e+00
6.940994849254666406e+02	2.635082637522756510e-02	0.000000000000000000e+00
6.945191943666667385e+02	2.616488473364328785e-02	0.000000000000000000e+00
6.949389038078667227e+02	2.598054345625839395e-02	0.000000000000000000e+00
6.953586132490667069e+02	2.579905131460576151e-02	0.000000000000000000e+00
6.957783226902666911e+02	2.561885006431509695e-02	0.000000000000000000e+00
6.961980321314667890e+02	2.544083882203491270e-02	0.000000000000000000e+00
6.966177415726667732e+02	2.526509910061649350e-02	0.000000000000000000e+00
6.970374510138667574e+02	2.509063782645234303e-02	0.000000000000000000e+00
6.974571604550667416e+02	2.491900244036003575e-02	0.000000000000000000e+00
6.978768698962667258e+02	2.474901163009007518e-02	0.000000000000000000e+00
6.982965793374667101e+02	2.458058004721932685e-02	0.000000000000000000e+00
6.987162887786666943e+02	2.441506799581821124e-02	0.000000000000000000e+00
6.991359982198666785e+02	2.425081867287573814e-02	0.000000000000000000e+00
6.995557076610666627e+02	2.408882388252682472e-02	0.000000000000000000e+00
6.999754171022666469e+02	2.392905734177188173e-02	0.000000000000000000e+00
7.003951265434666311e+02	2.377053836824324570e-02	0.000000000000000000e+00
7.008148359846667290e+02	2.361501593682725081e-02	0.000000000000000000e+00
7.012345454258667132e+02	2.346098099686397959e-02	0.000000000000000000e+00
7.016542548670666974e+02	2.330870684979648166e-02	0.000000000000000000e+00
7.020739643082667953e+02	2.315915928039100069e-02	0.000000000000000000e+00
7.024936737494667796e+02	2.301083863677951327e-02	0.000000000000000000e+00
7.029133831906667638e+02	2.286508285779219329e-02	0.000000000000000000e+00
7.033330926318667480e+02	2.272124643413644951e-02	0.000000000000000000e+00
7.037528020730667322e+02	2.257875979363725347e-02	0.000000000000000000e+00
7.041725115142667164e+02	2.243940809410042980e-02	0.000000000000000000e+00
7.045922209554667006e+02	2.230125985137996689e-02	0.000000000000000000e+00
7.050119303966666848e+02	2.216532908113879458e-02	0.000000000000000000e+00
7.054316398378666690e+02	2.203165831630190044e-02	0.000000000000000000e+00
7.058513492790666533e+02	2.189917239055993656e-02	0.000000000000000000e+00
7.062710587202666375e+02	2.176981793474542723e-02	0.000000000000000000e+00
7.066907681614667354e+02	2.164179997042517747e-02	0.000000000000000000e+00
7.071104776026667196e+02	2.151574023203250627e-02	0.000000000000000000e+00
7.075301870438667038e+02	2.139218655297428495e-02	0.000000000000000000e+00
7.079498964850666880e+02	2.126979064811383019e-02	0.000000000000000000e+00
7.083696059262667859e+02	2.115033130737987294e-02	0.000000000000000000e+00
7.087893153674667701e+02	2.103238655465421852e-02	0.000000000000000000e+00
7.092090248086667543e+02	2.091623204988785414e-02	0.000000000000000000e+00
7.096287342498667385e+02	2.080273240267794740e-02	0.000000000000000000e+00
7.100484436910667227e+02	2.069036141860794084e-02	0.000000000000000000e+00
7.104681531322667070e+02	2.058082379592938993e-02	0.000000000000000000e+00
7.108878625734666912e+02	2.047288144894494899e-02	0.000000000000000000e+00
7.113075720146666754e+02	2.036665506521076821e-02	0.000000000000000000e+00
7.117272814558666596e+02	2.026313310398889303e-02	0.000000000000000000e+00
7.121469908970666438e+02	2.016070892342361476e-02	0.000000000000000000e+00
7.125667003382666280e+02	2.006110864116210021e-02	0.000000000000000000e+00
7.129864097794667259e+02	1.996308531293947142e-02	0.000000000000000000e+00
7.134061192206667101e+02	1.986679912245007187e-02	0.000000000000000000e+00
7.138258286618666943e+02	1.977316635022361921e-02	0.000000000000000000e+00
7.142455381030666786e+02	1.968059896527318137e-02	0.000000000000000000e+00
7.146652475442667765e+02	1.959094115837509489e-02	0.000000000000000000e+00
7.150849569854667607e+02	1.950274199019377472e-02	0.000000000000000000e+00
7.155046664266667449e+02	1.941639774010257835e-02	0.000000000000000000e+00
7.159243758678667291e+02	1.933255460098349393e-02	0.000000000000000000e+00
7.163440853090667133e+02	1.924974319137793752e-02	0.000000000000000000e+00
7.167637947502666975e+02	1.917002299148877834e-02	0.000000000000000000e+00
7.171835041914666817e+02	1.909154271425511640e-02	0.000000000000000000e+00
7.176032136326666659e+02	1.901513230790603109e-02	0.000000000000000000e+00
7.180229230738666502e+02	1.894096923190243323e-02	0.000000000000000000e+00
7.184426325150666344e+02	1.886786667449629265e-02	0.000000000000000000e+00
7.188623419562667323e+02	1.879800620756330240e-02	0.000000000000000000e+00
7.192820513974667165e+02	1.872913015683352542e-02	0.000000000000000000e+00
7.197017608386667007e+02	1.866263612752600345e-02	0.000000000000000000e+00
7.201214702798666849e+02	1.859803452994521558e-02	0.000000000000000000e+00
7.205411797210667828e+02	1.853484052621073852e-02	0.000000000000000000e+00
7.209608891622667670e+02	1.847449724101063451e-02	0.000000000000000000e+00
7.213805986034667512e+02	1.841510232797384516e-02	0.000000000000000000e+00
7.218003080446667354e+02	1.835849830765850718e-02	0.000000000000000000e+00
7.222200174858667197e+02	1.830333154562167886e-02	0.000000000000000000e+00
7.226397269270667039e+02	1.825001686412324950e-02	0.000000000000000000e+00
7.230594363682666881e+02	1.819906070004560436e-02	0.000000000000000000e+00
7.234791458094666723e+02	1.814903118570751137e-02	0.000000000000000000e+00
7.238988552506666565e+02	1.810226752702013067e-02	0.000000000000000000e+00
7.243185646918666407e+02	1.805640181555398169e-02	0.000000000000000000e+00
7.247382741330666249e+02	1.801292894616736417e-02	0.000000000000000000e+00
7.251579835742667228e+02	1.797122304932230463e-02	0.000000000000000000e+00
7.255776930154667070e+02	1.793102108510960524e-02	0.000000000000000000e+00
7.259974024566666913e+02	1.789345567942268039e-02	0.000000000000000000e+00
7.264171118978666755e+02	1.785675096918352273e-02	0.000000000000000000e+00
7.268368213390667734e+02	1.782307459326387331e-02	0.000000000000000000e+00
7.272565307802667576e+02	1.779047618239643080e-02	0.000000000000000000e+00
7.276762402214667418e+02	1.776005395242192392e-02	0.000000000000000000e+00
7.280959496626667260e+02	1.773154141419465077e-02	0.000000000000000000e+00
7.285156591038667102e+02	1.770436721658143198e-02	0.000000000000000000e+00
7.289353685450666944e+02	1.767991969981125983e-02	0.000000000000000000e+00
7.293550779862666786e+02	1.765628089585597957e-02	0.000000000000000000e+00
7.297747874274666628e+02	1.763558341432781840e-02	0.000000000000000000e+00
7.301944968686666471e+02	1.761597358291068505e-02	0.000000000000000000e+00
7.306142063098666313e+02	1.759850429656227913e-02	0.000000000000000000e+00
7.310339157510667292e+02	1.758290165468798932e-02	0.000000000000000000e+00
7.314536251922667134e+02	1.756865347298006141e-02	0.000000000000000000e+00
7.318733346334666976e+02	1.755703587780852934e-02	0.000000000000000000e+00
7.322930440746666818e+02	1.754617459996119996e-02	0.000000000000000000e+00
7.327127535158667797e+02	1.753834644803488677e-02	0.000000000000000000e+00
7.331324629570667639e+02	1.753143267883018608e-02	0.000000000000000000e+00
7.335521723982667481e+02	1.752680301420251469e-02	0.000000000000000000e+00
7.339718818394667323e+02	1.752381384558538216e-02	0.000000000000000000e+00
7.343915912806667166e+02	1.752237470218226748e-02	0.000000000000000000e+00
7.348113007218667008e+02	1.752328692961169915e-02	0.000000000000000000e+00
7.352310101630666850e+02	1.752503013887985600e-02	0.000000000000000000e+00
7.356507196042666692e+02	1.752982027864219763e-02	0.000000000000000000e+00
7.360704290454666534e+02	1.753529915003563741e-02	0.000000000000000000e+00
7.364901384866666376e+02	1.754338178273566473e-02	0.000000000000000000e+00
7.369098479278666218e+02	1.755269956587074756e-02	0.000000000000000000e+00
7.373295573690667197e+02	1.756393889827569457e-02	0.000000000000000000e+00
7.377492668102667039e+02	1.757707155038083086e-02	0.000000000000000000e+00
7.381689762514666882e+02	1.759145867198057267e-02	0.000000000000000000e+00
7.385886856926666724e+02	1.760838193274127939e-02	0.000000000000000000e+00
7.390083951338667703e+02	1.762594187026771467e-02	0.000000000000000000e+00
7.394281045750667545e+02	1.764659717336758762e-02	0.000000000000000000e+00
7.398478140162667387e+02	1.766790800727435773e-02	0.000000000000000000e+00
7.402675234574667229e+02	1.769168338781001992e-02	0.000000000000000000e+00
7.406872328986667071e+02	1.771672045274886101e-02	0.000000000000000000e+00
7.411069423398666913e+02	1.774360637060158966e-02	0.000000000000000000e+00
7.415266517810666755e+02	1.777234484332747277e-02	0.000000000000000000e+00
7.419463612222666598e+02	1.780233161903886641e-02	0.000000000000000000e+00
7.423660706634666440e+02	1.783474653476344041e-02	0.000000000000000000e+00
7.427857801046666282e+02	1.786782435687220630e-02	0.000000000000000000e+00
7.432054895458666124e+02	1.790389062545667126e-02	0.000000000000000000e+00
7.436251989870667103e+02	1.794051199039528588e-02	0.000000000000000000e+00
7.440449084282666945e+02	1.797974197984718303e-02	0.000000000000000000e+00
7.444646178694666787e+02	1.801997436820621662e-02	0.000000000000000000e+00
7.448843273106667766e+02	1.806226525164255844e-02	0.000000000000000000e+00
7.453040367518667608e+02	1.810608339476525372e-02	0.000000000000000000e+00
7.457237461930667450e+02	1.815142490684809248e-02	0.000000000000000000e+00
7.461434556342667292e+02	1.819880346599664703e-02	0.000000000000000000e+00
7.465631650754667135e+02	1.824718524656562119e-02	0.000000000000000000e+00
7.469828745166666977e+02	1.829809882798536305e-02	0.000000000000000000e+00
7.474025839578666819e+02	1.834951042952539732e-02	0.000000000000000000e+00
7.478222933990666661e+02	1.840393359921994529e-02	0.000000000000000000e+00
7.482420028402666503e+02	1.845883220375835881e-02	0.000000000000000000e+00
7.486617122814666345e+02	1.851627179250393829e-02	0.000000000000000000e+00
7.490814217226666187e+02	1.857463971909919381e-02	0.000000000000000000e+00
7.495011311638667166e+02	1.863507733649594211e-02	0.000000000000000000e+00
7.499208406050667008e+02	1.869688917357099564e-02	0.000000000000000000e+00
7.503405500462666851e+02	1.876031409683498810e-02	0.000000000000000000e+00
7.507602594874666693e+02	1.882554444099727303e-02	0.000000000000000000e+00
7.511799689286667672e+02	1.889194589680939437e-02	0.000000000000000000e+00
7.515996783698667514e+02	1.896056936586149738e-02	0.000000000000000000e+00
7.520193878110667356e+02	1.902993653752297135e-02	0.000000000000000000e+00
7.524390972522667198e+02	1.910192778303255318e-02	0.000000000000000000e+00
7.528588066934667040e+02	1.917431752205715073e-02	0.000000000000000000e+00
7.532785161346666882e+02	1.924958353691416310e-02	0.000000000000000000e+00
7.536982255758666724e+02	1.932530140981190275e-02	0.000000000000000000e+00
7.541179350170666567e+02	1.940350049997029494e-02	0.000000000000000000e+00
7.545376444582666409e+02	1.948252134621767870e-02	0.000000000000000000e+00
7.549573538994666251e+02	1.956364259057877600e-02	0.000000000000000000e+00
7.553770633406666093e+02	1.964594132229743884e-02	0.000000000000000000e+00
7.557967727818667072e+02	1.972997379016473013e-02	0.000000000000000000e+00
7.562164822230666914e+02	1.981552540226749412e-02	0.000000000000000000e+00
7.566361916642666756e+02	1.990245815956650371e-02	0.000000000000000000e+00
7.570559011054667735e+02	1.999123773931543724e-02	0.000000000000000000e+00
7.574756105466667577e+02	2.008105985458403728e-02	0.000000000000000000e+00
7.578953199878667419e+02	2.017304259053290597e-02	0.000000000000000000e+00
7.583150294290667262e+02	2.026574314066125967e-02	0.000000000000000000e+00
7.587347388702667104e+02	2.036090433095834665e-02	0.000000000000000000e+00
7.591544483114666946e+02	2.045647240665483466e-02	0.000000000000000000e+00
7.595741577526666788e+02	2.055478746668071982e-02	0.000000000000000000e+00
7.599938671938666630e+02	2.065338616720671996e-02	0.000000000000000000e+00
7.604135766350666472e+02	2.075465664695793494e-02	0.000000000000000000e+00
7.608332860762666314e+02	2.085637126489839344e-02	0.000000000000000000e+00
7.612529955174666156e+02	2.096047667530384281e-02	0.000000000000000000e+00
7.616727049586667135e+02	2.106528298411231015e-02	0.000000000000000000e+00
7.620924143998666977e+02	2.117221251949708005e-02	0.000000000000000000e+00
7.625121238410666820e+02	2.128008642958512803e-02	0.000000000000000000e+00
7.629318332822666662e+02	2.138982932047051727e-02	0.000000000000000000e+00
7.633515427234667641e+02	2.150074688362353659e-02	0.000000000000000000e+00
7.637712521646667483e+02	2.161329240003542068e-02	0.000000000000000000e+00
7.641909616058667325e+02	2.172722981306982395e-02	0.000000000000000000e+00
7.646106710470667167e+02	2.184256726740027924e-02	0.000000000000000000e+00
7.650303804882667009e+02	2.195950087505238804e-02	0.000000000000000000e+00
7.654500899294666851e+02	2.207761962444525217e-02	0.000000000000000000e+00
7.658697993706666693e+02	2.219752592147802850e-02	0.000000000000000000e+00
7.662895088118666536e+02	2.231841536971275464e-02	0.000000000000000000e+00
7.667092182530666378e+02	2.244127100223230337e-02	0.000000000000000000e+00
7.671289276942666220e+02	2.256492060107907760e-02	0.000000000000000000e+00
7.675486371354666062e+02	2.269070236705403310e-02	0.000000000000000000e+00
7.679683465766667041e+02	2.281710161707356868e-02	0.000000000000000000e+00
7.683880560178666883e+02	2.294578646605268529e-02	0.000000000000000000e+00
7.688077654590666725e+02	2.307492491681296595e-02	0.000000000000000000e+00
7.692274749002667704e+02	2.320648994883895908e-02	0.000000000000000000e+00
7.696471843414667546e+02	2.333835719852254964e-02	0.000000000000000000e+00
7.700668937826667388e+02	2.347277966224309981e-02	0.000000000000000000e+00
7.704866032238667231e+02	2.360736535661776131e-02	0.000000000000000000e+00
7.709063126650667073e+02	2.374462264659685587e-02	0.000000000000000000e+00
7.713260221062666915e+02	2.388199442831450553e-02	0.000000000000000000e+00
7.717457315474666757e+02	2.402198613055782014e-02	0.000000000000000000e+00
7.721654409886666599e+02	2.416215817512333205e-02	0.000000000000000000e+00
7.725851504298666441e+02	2.430483752445929471e-02	0.000000000000000000e+00
7.730048598710666283e+02	2.444778760360487302e-02	0.000000000000000000e+00
7.734245693122666125e+02	2.459314441217017033e-02	0.000000000000000000e+00
7.738442787534667104e+02	2.473885042957483030e-02	0.000000000000000000e+00
7.742639881946666947e+02	2.488687454145371153e-02	0.000000000000000000e+00
7.746836976358666789e+02	2.503531452700315935e-02	0.000000000000000000e+00
7.751034070770666631e+02	2.518599581281692062e-02	0.000000000000000000e+00
7.755231165182667610e+02	2.533714791617095591e-02	0.000000000000000000e+00
7.759428259594667452e+02	2.549047626684638676e-02	0.000000000000000000e+00
7.763625354006667294e+02	2.564431875033710423e-02	0.000000000000000000e+00
7.767822448418667136e+02	2.580028407002870824e-02	0.000000000000000000e+00
7.772019542830666978e+02	2.595679530091769480e-02	0.000000000000000000e+00
7.776216637242666820e+02	2.611538749905934625e-02	0.000000000000000000e+00
7.780413731654666663e+02	2.627454594118313475e-02	0.000000000000000000e+00
7.784610826066666505e+02	2.643575492364461793e-02	0.000000000000000000e+00
7.788807920478666347e+02	2.659753912848234619e-02	0.000000000000000000e+00
7.793005014890666189e+02	2.676135478780865273e-02	0.000000000000000000e+00
7.797202109302666031e+02	2.692574338500913420e-02	0.000000000000000000e+00
7.801399203714667010e+02	2.709215558971871107e-02	0.000000000000000000e+00
7.805596298126666852e+02	2.725912727712620151e-02	0.000000000000000000e+00
7.809793392538666694e+02	2.742812586004657327e-02	0.000000000000000000e+00
7.813990486950667673e+02	2.759765939326885853e-02	0.000000000000000000e+00
7.818187581362667515e+02	2.776923413888890066e-02	0.000000000000000000e+00
7.822384675774667357e+02	2.794130832045388022e-02	0.000000000000000000e+00
7.826581770186667200e+02	2.811544895127250990e-02	0.000000000000000000e+00
7.830778864598667042e+02	2.829004261942409670e-02	0.000000000000000000e+00
7.834975959010666884e+02	2.846673878127558774e-02	0.000000000000000000e+00
7.839173053422666726e+02	2.864383079846000157e-02	0.000000000000000000e+00
7.843370147834666568e+02	2.882307204479768112e-02	0.000000000000000000e+00
7.847567242246666410e+02	2.900264128589721477e-02	0.000000000000000000e+00
7.851764336658666252e+02	2.918441706101941938e-02	0.000000000000000000e+00
7.855961431070666094e+02	2.936644240139306417e-02	0.000000000000000000e+00
7.860158525482667073e+02	2.955074202259373034e-02	0.000000000000000000e+00
7.864355619894666916e+02	2.973520232598571983e-02	0.000000000000000000e+00
7.868552714306666758e+02	2.992201496461657090e-02	0.000000000000000000e+00
7.872749808718666600e+02	3.010888907099938325e-02	0.000000000000000000e+00
7.876946903130667579e+02	3.029820373242851639e-02	0.000000000000000000e+00
7.881143997542667421e+02	3.048751839385760096e-02	0.000000000000000000e+00
7.885341091954667263e+02	3.067927594830237303e-02	0.000000000000000000e+00
7.889538186366667105e+02	3.087108145075840443e-02	0.000000000000000000e+00
7.893735280778666947e+02	3.106519897707886446e-02	0.000000000000000000e+00
7.897932375190666789e+02	3.125948392936989811e-02	0.000000000000000000e+00
7.902129469602666632e+02	3.145593989081323788e-02	0.000000000000000000e+00
7.906326564014666474e+02	3.165269266891157507e-02	0.000000000000000000e+00
7.910523658426666316e+02	3.185146543250137741e-02	0.000000000000000000e+00
7.914720752838666158e+02	3.205067415498522032e-02	0.000000000000000000e+00
7.918917847250666000e+02	3.225174197895896294e-02	0.000000000000000000e+00
7.923114941662666979e+02	3.245339448130925286e-02	0.000000000000000000e+00
7.927312036074666821e+02	3.265673550293150124e-02	0.000000000000000000e+00
7.931509130486666663e+02	3.286081931067581091e-02	0.000000000000000000e+00
7.935706224898667642e+02	3.306641153451371495e-02	0.000000000000000000e+00
7.939903319310667484e+02	3.327291383521924217e-02	0.000000000000000000e+00
7.944100413722667327e+02	3.348073512196565044e-02	0.000000000000000000e+00
7.948297508134667169e+02	3.368964273607866905e-02	0.000000000000000000e+00
7.952494602546667011e+02	3.389967079201296196e-02	0.000000000000000000e+00
7.956691696958666853e+02	3.411097014255004556e-02	0.000000000000000000e+00
7.960888791370666695e+02	3.432318250972555412e-02	0.000000000000000000e+00
7.965085885782666537e+02	3.453685959082045814e-02	0.000000000000000000e+00
7.969282980194666379e+02	3.475123363807009619e-02	0.000000000000000000e+00
7.973480074606666221e+02	3.496727398238228673e-02	0.000000000000000000e+00
7.977677169018666063e+02	3.518378689723476727e-02	0.000000000000000000e+00
7.981874263430667042e+02	3.540217554223286378e-02	0.000000000000000000e+00
7.986071357842666885e+02	3.562080432383368106e-02	0.000000000000000000e+00
7.990268452254666727e+02	3.584152577696327752e-02	0.000000000000000000e+00
7.994465546666666569e+02	3.606224723009287397e-02	0.000000000000000000e+00
