candidate_index	condition_order_code	valid	candidate_spectrum_valid	candidate_spectrum_maximum_absolute_error_nm	candidate_spectrum_summed_absolute_error_nm	peak1_wavelength_nm	peak2_wavelength_nm	peak1_signed_error_nm	peak2_signed_error_nm	maximum_absolute_error_nm	summed_absolute_error_nm	mean_absolute_error_nm	peak1_transmittance	peak2_transmittance	worst_valley_transmittance	peak1_fwhm_nm	peak2_fwhm_nm	widest_fwhm_nm	peak1_prominence	peak2_prominence	minimum_prominence	valley_transmittance_imbalance	peak1_fwhm_to_ideal_ratio	peak2_fwhm_to_ideal_ratio	shape_gate_passed	shape_minimax_score	inside_position_window	selected
0.0000000000e+00	0.0000000000e+00	1.0000000000e+00	1.0000000000e+00	3.5102484021e+00	4.9085233196e+00	5.5097856548e+02	6.2148975160e+02	9.7856547627e-01	-3.5102484021e+00	3.5102484021e+00	4.4888138784e+00	2.2444069392e+00	2.3624712229e-01	2.2185422480e-01	2.3624712229e-01	1.8537384696e+01	3.0222014880e+01	3.0222014880e+01	5.6440550089e-01	7.5459407270e-01	5.6440550089e-01	1.4392897487e-02	5.9704044387e-01	1.2657703526e+00	1.0000000000e+00	1.1812356114e+00	1.0000000000e+00	0.0000000000e+00
1.0000000000e+00	0.0000000000e+00	1.0000000000e+00	1.0000000000e+00	4.3496672845e+00	4.9085233196e+00	5.5055885604e+02	6.2065033272e+02	5.5885603507e-01	-4.3496672845e+00	4.3496672845e+00	4.9085233196e+00	2.4542616598e+00	4.2580723763e-01	4.4844666123e-01	4.4844666123e-01	2.1507249546e+01	1.7880603696e+01	2.1507249546e+01	5.5899482965e-01	4.0488269925e-01	4.0488269925e-01	2.2639423609e-02	6.9269198574e-01	7.4888249953e-01	0.0000000000e+00	2.2422333062e+00	0.0000000000e+00	0.0000000000e+00
2.0000000000e+00	0.0000000000e+00	1.0000000000e+00	1.0000000000e+00	2.6708295197e+00	4.0691044372e+00	5.5139827492e+02	6.2190946104e+02	1.3982749175e+00	-3.0905389609e+00	3.0905389609e+00	4.4888138784e+00	2.2444069392e+00	1.5080711246e-01	1.0070531815e-01	1.5080711246e-01	2.0317182016e+01	3.1847970045e+01	3.1847970045e+01	5.9230664372e-01	8.7598837167e-01	5.9230664372e-01	5.0101794302e-02	6.5436303814e-01	1.3338692484e+00	1.0000000000e+00	9.8753417675e-01	1.0000000000e+00	0.0000000000e+00
3.0000000000e+00	0.0000000000e+00	1.0000000000e+00	1.0000000000e+00	3.5102484021e+00	4.0691044372e+00	5.5097856548e+02	6.2065033272e+02	9.7856547627e-01	-4.3496672845e+00	4.3496672845e+00	5.3282327608e+00	2.6641163804e+00	3.2854965329e-01	3.6132812500e-01	3.6132812500e-01	2.2064901040e+01	2.0224595484e+01	2.2064901040e+01	6.4973863959e-01	4.7198969126e-01	4.7198969126e-01	3.2778471708e-02	7.1065247483e-01	8.4705448855e-01	0.0000000000e+00	1.8066406250e+00	0.0000000000e+00	0.0000000000e+00
4.0000000000e+00	0.0000000000e+00	1.0000000000e+00	1.0000000000e+00	1.4117011961e+00	2.8099761136e+00	5.5265740324e+02	6.2316858936e+02	2.6574032411e+00	-1.8314106373e+00	2.6574032411e+00	4.4888138784e+00	2.2444069392e+00	3.7592783570e-02	2.4807319045e-02	3.7592783570e-02	2.7613111556e+01	5.5176507361e+01	5.5176507361e+01	5.3220157325e-01	9.4261778891e-01	5.3220157325e-01	1.2785464525e-02	8.8934575456e-01	2.3109242535e+00	0.0000000000e+00	3.7454978673e+00	1.0000000000e+00	0.0000000000e+00
5.0000000000e+00	0.0000000000e+00	1.0000000000e+00	1.0000000000e+00	2.6708295197e+00	4.0691044372e+00	5.5139827492e+02	6.2190946104e+02	1.3982749175e+00	-3.0905389609e+00	3.0905389609e+00	4.4888138784e+00	2.2444069392e+00	1.3980351388e-01	9.4329707325e-02	1.3980351388e-01	2.0526118307e+01	3.2495707003e+01	3.2495707003e+01	5.9737075865e-01	8.8288790733e-01	5.9737075865e-01	4.5473806560e-02	6.6109232699e-01	1.3609980233e+00	1.0000000000e+00	1.0314229236e+00	1.0000000000e+00	0.0000000000e+00
6.0000000000e+00	0.0000000000e+00	1.0000000000e+00	1.0000000000e+00	2.6708295197e+00	4.0691044372e+00	5.5517565989e+02	6.2736568377e+02	5.1756598883e+00	2.3656837747e+00	5.1756598883e+00	7.5413436629e+00	3.7706718315e+00	8.5454294458e-03	5.0069857389e-03	8.5454294458e-03	3.6125341152e+01	1.3436715413e+02	1.3436715413e+02	3.5768788960e-01	9.4959835522e-01	3.5768788960e-01	3.5384437069e-03	1.1635022993e+00	5.6276181696e+00	0.0000000000e+00	1.3221766199e+01	0.0000000000e+00	0.0000000000e+00
7.0000000000e+00	0.0000000000e+00	1.0000000000e+00	1.0000000000e+00	2.6708295197e+00	4.9085233196e+00	5.5265740324e+02	6.2232917048e+02	2.6574032411e+00	-2.6708295197e+00	2.6708295197e+00	5.3282327608e+00	2.6641163804e+00	5.5024873465e-02	3.1014226377e-02	5.5024873465e-02	2.4941055382e+01	4.5606374745e+01	4.5606374745e+01	5.6514685228e-01	9.4594971091e-01	5.6514685228e-01	2.4010647088e-02	8.0328584749e-01	1.9101041830e+00	0.0000000000e+00	2.6002976658e+00	1.0000000000e+00	0.0000000000e+00
8.0000000000e+00	0.0000000000e+00	1.0000000000e+00	1.0000000000e+00	3.5102484021e+00	4.0691044372e+00	5.5097856548e+02	6.2065033272e+02	9.7856547627e-01	-4.3496672845e+00	4.3496672845e+00	5.3282327608e+00	2.6641163804e+00	3.1484770775e-01	3.5151800513e-01	3.5151800513e-01	2.2274170424e+01	2.0586278699e+01	2.2274170424e+01	6.6318535805e-01	4.7767177224e-01	4.7767177224e-01	3.6670297384e-02	7.1739249171e-01	8.6220264766e-01	0.0000000000e+00	1.7575900257e+00	0.0000000000e+00	0.0000000000e+00
9.0000000000e+00	0.0000000000e+00	1.0000000000e+00	1.0000000000e+00	2.2376937999e+00	4.0691044372e+00	5.5181798436e+02	6.2232917048e+02	1.8179843587e+00	-2.6708295197e+00	2.6708295197e+00	4.4888138784e+00	2.2444069392e+00	8.0675564706e-02	4.9793951213e-02	8.0675564706e-02	2.3146810944e+01	3.9797954616e+01	3.9797954616e+01	5.9707234055e-01	9.2818469554e-01	5.9707234055e-01	3.0881613493e-02	7.4549794953e-01	1.6668336392e+00	0.0000000000e+00	1.9052389692e+00	1.0000000000e+00	0.0000000000e+00
1.0000000000e+01	0.0000000000e+00	1.0000000000e+00	1.0000000000e+00	1.4117011961e+00	2.8099761136e+00	5.5265740324e+02	6.2316858936e+02	2.6574032411e+00	-1.8314106373e+00	2.6574032411e+00	4.4888138784e+00	2.2444069392e+00	4.7217234969e-02	3.4532867372e-02	4.7217234969e-02	2.7454106245e+01	5.4265032842e+01	5.4265032842e+01	5.4261691868e-01	9.3044535071e-01	5.4261691868e-01	1.2684367597e-02	8.8422461137e-01	2.2727495181e+00	0.0000000000e+00	3.6364271945e+00	1.0000000000e+00	0.0000000000e+00
1.1000000000e+01	0.0000000000e+00	1.0000000000e+00	1.0000000000e+00	1.8314106373e+00	3.2296855548e+00	5.5391653156e+02	6.2526713657e+02	3.9165315647e+00	2.6713656867e-01	3.9165315647e+00	4.1836681333e+00	2.0918340667e+00	1.6843160614e-02	6.6677872092e-03	1.6843160614e-02	3.4128831033e+01	1.2789075010e+02	1.2789075010e+02	4.1566471197e-01	9.5203233324e-01	4.1566471197e-01	1.0175373405e-02	1.0991999553e+00	5.3563708604e+00	0.0000000000e+00	1.2446773887e+01	1.0000000000e+00	0.0000000000e+00
1.2000000000e+01	0.0000000000e+00	1.0000000000e+00	1.0000000000e+00	4.3496672845e+00	6.1676516432e+00	5.5055885604e+02	6.2065033272e+02	5.5885603507e-01	-4.3496672845e+00	4.3496672845e+00	4.9085233196e+00	2.4542616598e+00	4.8740133643e-01	4.8052281141e-01	4.8740133643e-01	1.5851441522e+01	2.2141723271e+01	2.2141723271e+01	3.7524458766e-01	5.0606584549e-01	3.7524458766e-01	6.8785250187e-03	5.1053327303e-01	9.2734839100e-01	0.0000000000e+00	2.4370066822e+00	0.0000000000e+00	0.0000000000e+00
1.3000000000e+01	0.0000000000e+00	1.0000000000e+00	1.0000000000e+00	4.3496672845e+00	4.9085233196e+00	5.5055885604e+02	6.2065033272e+02	5.5885603507e-01	-4.3496672845e+00	4.3496672845e+00	4.9085233196e+00	2.4542616598e+00	4.1354948282e-01	4.3297037482e-01	4.3297037482e-01	2.1366528379e+01	1.7870633290e+01	2.1366528379e+01	5.7076770067e-01	4.1854533553e-01	4.1854533553e-01	1.9420892000e-02	6.8815972676e-01	7.4846491508e-01	0.0000000000e+00	2.1648518741e+00	0.0000000000e+00	0.0000000000e+00
1.4000000000e+01	0.0000000000e+00	1.0000000000e+00	1.0000000000e+00	1.8314106373e+00	3.2296855548e+00	5.5265740324e+02	6.2316858936e+02	2.6574032411e+00	-1.8314106373e+00	2.6574032411e+00	4.4888138784e+00	2.2444069392e+00	2.9163915664e-02	1.5325944871e-02	2.9163915664e-02	2.8279489896e+01	5.7855835338e+01	5.7855835338e+01	5.0978932902e-01	9.5324691013e-01	5.0978932902e-01	1.3837970793e-02	9.1080804962e-01	2.4231409251e+00	0.0000000000e+00	4.0661169289e+00	1.0000000000e+00	0.0000000000e+00
1.5000000000e+01	0.0000000000e+00	1.0000000000e+00	1.0000000000e+00	3.0771126823e+00	4.4888138784e+00	5.5265740324e+02	6.2442771769e+02	2.6574032411e+00	-5.7228231373e-01	2.6574032411e+00	3.2296855548e+00	1.6148427774e+00	2.2050222382e-02	7.9285623506e-03	2.2050222382e-02	3.3009731040e+01	1.2538576949e+02	1.2538576949e+02	4.5037607290e-01	9.5199434739e-01	4.5037607290e-01	1.4121660031e-02	1.0631566855e+00	5.2514562740e+00	0.0000000000e+00	1.2147017926e+01	1.0000000000e+00	0.0000000000e+00
1.6000000000e+01	0.0000000000e+00	1.0000000000e+00	1.0000000000e+00	2.6708295197e+00	4.0691044372e+00	5.5517565989e+02	6.2736568377e+02	5.1756598883e+00	2.3656837747e+00	5.1756598883e+00	7.5413436629e+00	3.7706718315e+00	9.4139408320e-03	5.1933578216e-03	9.4139408320e-03	3.6194199781e+01	1.3505670588e+02	1.3505670588e+02	3.5988117941e-01	9.4878875697e-01	3.5988117941e-01	4.2205830105e-03	1.1657200547e+00	5.6564982478e+00	0.0000000000e+00	1.3304280708e+01	0.0000000000e+00	0.0000000000e+00
1.7000000000e+01	0.0000000000e+00	1.0000000000e+00	1.0000000000e+00	1.8314106373e+00	3.2296855548e+00	5.5265740324e+02	6.2232917048e+02	2.6574032411e+00	-2.6708295197e+00	2.6708295197e+00	5.3282327608e+00	2.6641163804e+00	5.5240981281e-02	3.1454440206e-02	5.5240981281e-02	2.5383324849e+01	4.7113193459e+01	4.7113193459e+01	5.6133479625e-01	9.4231570140e-01	5.6133479625e-01	2.3786541075e-02	8.1753018472e-01	1.9732133590e+00	0.0000000000e+00	2.7806095971e+00	1.0000000000e+00	0.0000000000e+00
1.8000000000e+01	0.0000000000e+00	1.0000000000e+00	1.0000000000e+00	2.6708295197e+00	4.9085233196e+00	5.5181798436e+02	6.2232917048e+02	1.8179843587e+00	-2.6708295197e+00	2.6708295197e+00	4.4888138784e+00	2.2444069392e+00	9.9813513458e-02	6.2693968415e-02	9.9813513458e-02	2.2027878703e+01	3.6641401259e+01	3.6641401259e+01	6.0015500337e-01	9.1510502994e-01	6.0015500337e-01	3.7119545043e-02	7.0946008265e-01	1.5346296260e+00	0.0000000000e+00	1.5275132170e+00	1.0000000000e+00	0.0000000000e+00
1.9000000000e+01	0.0000000000e+00	1.0000000000e+00	1.0000000000e+00	4.3496672845e+00	4.9085233196e+00	5.5055885604e+02	6.2065033272e+02	5.5885603507e-01	-4.3496672845e+00	4.3496672845e+00	4.9085233196e+00	2.4542616598e+00	4.3851566315e-01	4.7286158800e-01	4.7286158800e-01	2.1614338092e+01	1.8216890894e+01	2.1614338092e+01	5.4642444849e-01	3.8280284405e-01	3.8280284405e-01	3.4345924854e-02	6.9614102638e-01	7.6296701269e-01	0.0000000000e+00	2.3643079400e+00	0.0000000000e+00	0.0000000000e+00
2.0000000000e+01	0.0000000000e+00	1.0000000000e+00	1.0000000000e+00	1.8314106373e+00	3.2296855548e+00	5.5265740324e+02	6.2526713657e+02	2.6574032411e+00	2.6713656867e-01	2.6574032411e+00	2.9245398097e+00	1.4622699049e+00	2.0096244290e-02	6.2769893557e-03	2.0096244290e-02	3.4928989058e+01	1.2937988060e+02	1.2937988060e+02	4.1581883840e-01	9.5195368491e-01	4.1581883840e-01	1.3819254935e-02	1.1249709424e+00	5.4187392118e+00	0.0000000000e+00	1.2624969177e+01	1.0000000000e+00	0.0000000000e+00
2.1000000000e+01	0.0000000000e+00	1.0000000000e+00	1.0000000000e+00	2.6708295197e+00	4.0691044372e+00	5.5139827492e+02	6.2190946104e+02	1.3982749175e+00	-3.0905389609e+00	3.0905389609e+00	4.4888138784e+00	2.2444069392e+00	1.6198159754e-01	1.2775202096e-01	1.6198159754e-01	2.0307895166e+01	3.3272776260e+01	3.3272776260e+01	5.9497408569e-01	8.4748552740e-01	5.9497408569e-01	3.4229576588e-02	6.5406393311e-01	1.3935435445e+00	1.0000000000e+00	1.1244101272e+00	1.0000000000e+00	0.0000000000e+00
2.2000000000e+01	0.0000000000e+00	1.0000000000e+00	1.0000000000e+00	4.3496672845e+00	4.9085233196e+00	5.5055885604e+02	6.2065033272e+02	5.5885603507e-01	-4.3496672845e+00	4.3496672845e+00	4.9085233196e+00	2.4542616598e+00	3.8177242875e-01	3.7150287628e-01	3.8177242875e-01	1.6559467306e+01	2.3384510410e+01	2.3384510410e+01	4.6279290318e-01	6.1026793718e-01	4.6279290318e-01	1.0269552469e-02	5.3333692281e-01	9.7939929235e-01	0.0000000000e+00	1.9088621438e+00	0.0000000000e+00	0.0000000000e+00
2.3000000000e+01	0.0000000000e+00	1.0000000000e+00	1.0000000000e+00	1.8314106373e+00	3.2296855548e+00	5.5181798436e+02	6.2316858936e+02	1.8179843587e+00	-1.8314106373e+00	1.8314106373e+00	3.6493949960e+00	1.8246974980e+00	8.0104976892e-02	7.1863256395e-02	8.0104976892e-02	2.5102847862e+01	4.7187557049e+01	4.7187557049e+01	5.8902755380e-01	8.9821688086e-01	5.8902755380e-01	8.2417204976e-03	8.0849675808e-01	1.9763278842e+00	0.0000000000e+00	2.7895082406e+00	1.0000000000e+00	0.0000000000e+00
2.4000000000e+01	0.0000000000e+00	1.0000000000e+00	1.0000000000e+00	4.3496672845e+00	4.9085233196e+00	5.5055885604e+02	6.2065033272e+02	5.5885603507e-01	-4.3496672845e+00	4.3496672845e+00	4.9085233196e+00	2.4542616598e+00	4.6517398953e-01	4.7099184990e-01	4.7099184990e-01	2.1751927740e+01	1.7159812364e+01	2.1751927740e+01	5.2106449008e-01	3.8823395967e-01	3.8823395967e-01	5.8178603649e-03	7.0057242734e-01	7.1869403256e-01	0.0000000000e+00	2.3549592495e+00	0.0000000000e+00	0.0000000000e+00
2.5000000000e+01	0.0000000000e+00	1.0000000000e+00	1.0000000000e+00	1.4117011961e+00	2.8099761136e+00	5.5265740324e+02	6.2316858936e+02	2.6574032411e+00	-1.8314106373e+00	2.6574032411e+00	4.4888138784e+00	2.2444069392e+00	3.1484298408e-02	1.8551034853e-02	3.1484298408e-02	2.9064597276e+01	6.0059098049e+01	6.0059098049e+01	5.0828707963e-01	9.4529725797e-01	5.0828707963e-01	1.2933263555e-02	9.3609429501e-01	2.5154188434e+00	0.0000000000e+00	4.3297681239e+00	1.0000000000e+00	0.0000000000e+00
2.6000000000e+01	0.0000000000e+00	1.0000000000e+00	1.0000000000e+00	2.6708295197e+00	4.0691044372e+00	5.5517565989e+02	6.2736568377e+02	5.1756598883e+00	2.3656837747e+00	5.1756598883e+00	7.5413436629e+00	3.7706718315e+00	8.4424493834e-03	5.5595575832e-03	8.4424493834e-03	3.6305723723e+01	1.3695085746e+02	1.3695085746e+02	3.6177055258e-01	9.4772762666e-01	3.6177055258e-01	2.8828918003e-03	1.1693119478e+00	5.7358298520e+00	0.0000000000e+00	1.3530942434e+01	0.0000000000e+00	0.0000000000e+00
2.7000000000e+01	0.0000000000e+00	1.0000000000e+00	1.0000000000e+00	1.8314106373e+00	3.2296855548e+00	5.5139827492e+02	6.2316858936e+02	1.3982749175e+00	-1.8314106373e+00	1.8314106373e+00	3.2296855548e+00	1.6148427774e+00	8.9067459106e-02	8.9872695506e-02	8.9872695506e-02	3.2091450447e+01	3.2761549328e+01	3.2761549328e+01	8.8354086876e-01	6.0187407583e-01	6.0187407583e-01	8.0523639917e-04	1.0335812809e+00	1.3721321364e+00	1.0000000000e+00	1.0632346755e+00	1.0000000000e+00	1.0000000000e+00
2.8000000000e+01	0.0000000000e+00	1.0000000000e+00	1.0000000000e+00	2.6708295197e+00	4.0691044372e+00	5.5181798436e+02	6.2232917048e+02	1.8179843587e+00	-2.6708295197e+00	2.6708295197e+00	4.4888138784e+00	2.2444069392e+00	1.0365987569e-01	8.0847598612e-02	1.0365987569e-01	2.2097610146e+01	3.8282989372e+01	3.8282989372e+01	6.0610722750e-01	8.9550241083e-01	6.0610722750e-01	2.2812277079e-02	7.1170594916e-01	1.6033832671e+00	0.0000000000e+00	1.7239521916e+00	1.0000000000e+00	0.0000000000e+00
2.9000000000e+01	0.0000000000e+00	1.0000000000e+00	1.0000000000e+00	4.3496672845e+00	4.9085233196e+00	5.5055885604e+02	6.2065033272e+02	5.5885603507e-01	-4.3496672845e+00	4.3496672845e+00	4.9085233196e+00	2.4542616598e+00	4.6175494790e-01	4.6507582068e-01	4.6507582068e-01	2.1690244631e+01	1.7163359535e+01	2.1690244631e+01	5.2448675036e-01	3.9371284842e-01	3.9371284842e-01	3.3208727837e-03	6.9858577649e-01	7.1884259659e-01	0.0000000000e+00	2.3253791034e+00	0.0000000000e+00	0.0000000000e+00
3.0000000000e+01	0.0000000000e+00	1.0000000000e+00	1.0000000000e+00	2.6708295197e+00	4.0691044372e+00	5.5181798436e+02	6.2232917048e+02	1.8179843587e+00	-2.6708295197e+00	2.6708295197e+00	4.4888138784e+00	2.2444069392e+00	1.1469220370e-01	1.1116965860e-01	1.1469220370e-01	2.1898515432e+01	3.9977878763e+01	3.9977878763e+01	6.1029828340e-01	8.6344013363e-01	6.1029828340e-01	3.5225450993e-03	7.0529363164e-01	1.6743692933e+00	0.0000000000e+00	1.9267694095e+00	1.0000000000e+00	0.0000000000e+00
3.1000000000e+01	0.0000000000e+00	1.0000000000e+00	1.0000000000e+00	2.6708295197e+00	4.0691044372e+00	5.5181798436e+02	6.2232917048e+02	1.8179843587e+00	-2.6708295197e+00	2.6708295197e+00	4.4888138784e+00	2.2444069392e+00	1.1461420357e-01	7.9820372164e-02	1.1461420357e-01	2.1510342658e+01	3.5924410534e+01	3.5924410534e+01	6.0272954404e-01	8.9696677774e-01	6.0272954404e-01	3.4793831408e-02	6.9279160675e-01	1.5046003375e+00	0.0000000000e+00	1.4417152500e+00	1.0000000000e+00	0.0000000000e+00
3.2000000000e+01	0.0000000000e+00	1.0000000000e+00	1.0000000000e+00	2.6708295197e+00	4.0691044372e+00	5.5181798436e+02	6.2232917048e+02	1.8179843587e+00	-2.6708295197e+00	2.6708295197e+00	4.4888138784e+00	2.2444069392e+00	1.2940616906e-01	1.1526560038e-01	1.2940616906e-01	2.1134015268e+01	3.6771232297e+01	3.6771232297e+01	6.0760824382e-01	8.6027438194e-01	6.0760824382e-01	1.4140568674e-02	6.8067109052e-01	1.5400672607e+00	0.0000000000e+00	1.5430493163e+00	1.0000000000e+00	0.0000000000e+00
3.3000000000e+01	0.0000000000e+00	1.0000000000e+00	1.0000000000e+00	1.8314106373e+00	3.2296855548e+00	5.5223769380e+02	6.2232917048e+02	2.2376937999e+00	-2.6708295197e+00	2.6708295197e+00	4.9085233196e+00	2.4542616598e+00	6.0829415917e-02	3.2387200743e-02	6.0829415917e-02	2.4724615978e+01	4.4602854884e+01	4.4602854884e+01	5.7020412385e-01	9.4383155927e-01	5.7020412385e-01	2.8442215174e-02	7.9631490311e-01	1.8680743682e+00	0.0000000000e+00	2.4802124806e+00	1.0000000000e+00	0.0000000000e+00
3.4000000000e+01	0.0000000000e+00	1.0000000000e+00	1.0000000000e+00	1.8314106373e+00	3.2296855548e+00	5.5181798436e+02	6.2316858936e+02	1.8179843587e+00	-1.8314106373e+00	1.8314106373e+00	3.6493949960e+00	1.8246974980e+00	6.3714653254e-02	4.4651050121e-02	6.3714653254e-02	2.6747096793e+01	5.0815734399e+01	5.0815734399e+01	5.5589154363e-01	9.2071698233e-01	5.5589154363e-01	1.9063603133e-02	8.6145369496e-01	2.1282846396e+00	0.0000000000e+00	3.2236703989e+00	1.0000000000e+00	0.0000000000e+00
3.5000000000e+01	0.0000000000e+00	1.0000000000e+00	1.0000000000e+00	3.0771126823e+00	4.9085233196e+00	5.5433624101e+02	6.2358829880e+02	4.3362410059e+00	-1.4117011961e+00	4.3362410059e+00	5.7479422020e+00	2.8739711010e+00	1.6591303051e-02	1.0223577730e-02	1.6591303051e-02	3.0324529052e+01	1.2063566456e+02	1.2063566456e+02	4.6823094040e-01	9.5538525749e-01	4.6823094040e-01	6.3677253202e-03	9.7667338636e-01	5.0525105052e+00	0.0000000000e+00	1.1578601443e+01	0.0000000000e+00	0.0000000000e+00
3.6000000000e+01	0.0000000000e+00	1.0000000000e+00	1.0000000000e+00	3.5102484021e+00	4.9085233196e+00	5.5097856548e+02	6.2107004216e+02	9.7856547627e-01	-3.9299578433e+00	3.9299578433e+00	4.9085233196e+00	2.4542616598e+00	2.4496105313e-01	2.3404760659e-01	2.4496105313e-01	1.8330486138e+01	2.9492293418e+01	2.9492293418e+01	5.5863156915e-01	7.4283020198e-01	5.5863156915e-01	1.0913446546e-02	5.9037678504e-01	1.2352078704e+00	1.0000000000e+00	1.2248052657e+00	1.0000000000e+00	0.0000000000e+00
3.7000000000e+01	0.0000000000e+00	1.0000000000e+00	1.0000000000e+00	1.4117011961e+00	2.8099761136e+00	5.5349682212e+02	6.2526713657e+02	3.4968221235e+00	2.6713656867e-01	3.4968221235e+00	3.7639586921e+00	1.8819793461e+00	1.8007736653e-02	6.3353753649e-03	1.8007736653e-02	3.4627536902e+01	1.2882186156e+02	1.2882186156e+02	4.1355128959e-01	9.5196295017e-01	4.1355128959e-01	1.1672361288e-02	1.1152619607e+00	5.3953680381e+00	0.0000000000e+00	1.2558194395e+01	1.0000000000e+00	0.0000000000e+00
3.8000000000e+01	0.0000000000e+00	1.0000000000e+00	1.0000000000e+00	2.6708295197e+00	4.0691044372e+00	5.5139827492e+02	6.2232917048e+02	1.3982749175e+00	-2.6708295197e+00	2.6708295197e+00	4.0691044372e+00	2.0345522186e+00	1.3292267919e-01	1.2240069360e-01	1.3292267919e-01	2.1123111794e+01	3.7230999697e+01	3.7230999697e+01	6.0760477185e-01	8.5266495496e-01	6.0760477185e-01	1.0521985590e-02	6.8031991829e-01	1.5593234204e+00	0.0000000000e+00	1.5980669154e+00	1.0000000000e+00	0.0000000000e+00
3.9000000000e+01	0.0000000000e+00	1.0000000000e+00	1.0000000000e+00	2.6708295197e+00	4.0691044372e+00	5.5517565989e+02	6.2736568377e+02	5.1756598883e+00	2.3656837747e+00	5.1756598883e+00	7.5413436629e+00	3.7706718315e+00	8.1062614918e-03	4.9032042734e-03	8.1062614918e-03	3.5669111084e+01	1.3260393246e+02	1.3260393246e+02	3.6179548502e-01	9.5290415781e-01	3.6179548502e-01	3.2030572183e-03	1.1488083278e+00	5.5537702237e+00	0.0000000000e+00	1.3010772068e+01	0.0000000000e+00	0.0000000000e+00
4.0000000000e+01	0.0000000000e+00	1.0000000000e+00	1.0000000000e+00	3.5102484021e+00	4.9085233196e+00	5.5139827492e+02	6.2107004216e+02	1.3982749175e+00	-3.9299578433e+00	3.9299578433e+00	5.3282327608e+00	2.6641163804e+00	2.2987250984e-01	1.8607325852e-01	2.2987250984e-01	1.8275313229e+01	2.6932811871e+01	2.6932811871e+01	5.6003285944e-01	7.9215286672e-01	5.6003285944e-01	4.3799251318e-02	5.8859981067e-01	1.1280106543e+00	1.0000000000e+00	1.1754291124e+00	1.0000000000e+00	0.0000000000e+00
4.1000000000e+01	0.0000000000e+00	1.0000000000e+00	1.0000000000e+00	1.4117011961e+00	2.8099761136e+00	5.5265740324e+02	6.2484742713e+02	2.6574032411e+00	-1.5257287253e-01	2.6574032411e+00	2.8099761136e+00	1.4049880568e+00	2.1687557921e-02	6.7861387506e-03	2.1687557921e-02	3.4506865650e+01	1.2839725929e+02	1.2839725929e+02	4.2671666481e-01	9.5213791635e-01	4.2671666481e-01	1.4901419170e-02	1.1113754568e+00	5.3775846782e+00	0.0000000000e+00	1.2507384795e+01	1.0000000000e+00	0.0000000000e+00
4.2000000000e+01	0.0000000000e+00	1.0000000000e+00	1.0000000000e+00	1.4117011961e+00	2.8099761136e+00	5.5265740324e+02	6.2442771769e+02	2.6574032411e+00	-5.7228231373e-01	2.6574032411e+00	3.2296855548e+00	1.6148427774e+00	2.5357726961e-02	1.5326613560e-02	2.5357726961e-02	3.0522529403e+01	6.5179467208e+01	6.5179467208e+01	4.8926549777e-01	9.4494969212e-01	4.8926549777e-01	1.0031113401e-02	9.8305045730e-01	2.7298721649e+00	0.0000000000e+00	4.9424918998e+00	1.0000000000e+00	0.0000000000e+00
4.3000000000e+01	0.0000000000e+00	1.0000000000e+00	1.0000000000e+00	1.4117011961e+00	2.8099761136e+00	5.5265740324e+02	6.2316858936e+02	2.6574032411e+00	-1.8314106373e+00	2.6574032411e+00	4.4888138784e+00	2.2444069392e+00	3.4569278359e-02	2.1364754066e-02	3.4569278359e-02	2.8041846254e+01	5.6672483511e+01	5.6672483511e+01	5.2329449356e-01	9.4556098618e-01	5.2329449356e-01	1.3204524294e-02	9.0315417244e-01	2.3735793170e+00	0.0000000000e+00	3.9245123342e+00	1.0000000000e+00	0.0000000000e+00
4.4000000000e+01	0.0000000000e+00	1.0000000000e+00	1.0000000000e+00	3.5102484021e+00	4.9085233196e+00	5.5139827492e+02	6.2148975160e+02	1.3982749175e+00	-3.5102484021e+00	3.5102484021e+00	4.9085233196e+00	2.4542616598e+00	2.1597409248e-01	1.6802941263e-01	2.1597409248e-01	1.8633685839e+01	2.7921487526e+01	2.7921487526e+01	5.7016432285e-01	8.0964060128e-01	5.7016432285e-01	4.7944679856e-02	6.0014205061e-01	1.1694187582e+00	1.0000000000e+00	1.1424512840e+00	1.0000000000e+00	0.0000000000e+00
4.5000000000e+01	0.0000000000e+00	1.0000000000e+00	1.0000000000e+00	2.6708295197e+00	4.0691044372e+00	5.5139827492e+02	6.2190946104e+02	1.3982749175e+00	-3.0905389609e+00	3.0905389609e+00	4.4888138784e+00	2.2444069392e+00	1.5604107082e-01	1.0728954524e-01	1.5604107082e-01	2.0112935764e+01	3.1342317722e+01	3.1342317722e+01	5.9183271229e-01	8.6969418079e-01	5.9183271229e-01	4.8751525581e-02	6.4778480312e-01	1.3126913183e+00	1.0000000000e+00	1.0063291339e+00	1.0000000000e+00	0.0000000000e+00
4.6000000000e+01	0.0000000000e+00	1.0000000000e+00	1.0000000000e+00	1.4117011961e+00	2.8099761136e+00	5.5265740324e+02	6.2358829880e+02	2.6574032411e+00	-1.4117011961e+00	2.6574032411e+00	4.0691044372e+00	2.0345522186e+00	3.2719604671e-02	2.1138804033e-02	3.2719604671e-02	2.9698797050e+01	6.1533635206e+01	6.1533635206e+01	5.0772864372e-01	9.4013558142e-01	5.0772864372e-01	1.1580800638e-02	9.5652020304e-01	2.5771759904e+00	0.0000000000e+00	4.5062171155e+00	1.0000000000e+00	0.0000000000e+00
4.7000000000e+01	0.0000000000e+00	1.0000000000e+00	1.0000000000e+00	3.5102484021e+00	4.4888138784e+00	5.5097856548e+02	6.2065033272e+02	9.7856547627e-01	-4.3496672845e+00	4.3496672845e+00	5.3282327608e+00	2.6641163804e+00	3.1374174356e-01	3.6716902256e-01	3.6716902256e-01	2.2263125564e+01	2.1927787291e+01	2.2263125564e+01	6.6375350952e-01	4.6368879080e-01	4.6368879080e-01	5.3427278996e-02	7.1703676580e-01	9.1838823986e-01	0.0000000000e+00	1.8358451128e+00	0.0000000000e+00	0.0000000000e+00
4.8000000000e+01	0.0000000000e+00	1.0000000000e+00	1.0000000000e+00	3.5102484021e+00	4.9085233196e+00	5.5139827492e+02	6.2148975160e+02	1.3982749175e+00	-3.5102484021e+00	3.5102484021e+00	4.9085233196e+00	2.4542616598e+00	1.4871583879e-01	1.0259927809e-01	1.4871583879e-01	2.0231452172e+01	3.1812860337e+01	3.1812860337e+01	5.9327913821e-01	8.7472252548e-01	5.9327913821e-01	4.6116560698e-02	6.5160190518e-01	1.3323987697e+00	1.0000000000e+00	9.9542312806e-01	1.0000000000e+00	0.0000000000e+00
4.9000000000e+01	0.0000000000e+00	1.0000000000e+00	1.0000000000e+00	3.5102484021e+00	3.6493949960e+00	5.5055885604e+02	6.2065033272e+02	5.5885603507e-01	-4.3496672845e+00	4.3496672845e+00	4.9085233196e+00	2.4542616598e+00	4.9107006192e-01	5.3711670637e-01	5.3711670637e-01	2.2307153530e+01	1.7824064410e+01	2.2307153530e+01	4.9454048276e-01	3.2601660490e-01	3.2601660490e-01	4.6046644449e-02	7.1845479088e-01	7.4651449885e-01	0.0000000000e+00	2.6855835319e+00	0.0000000000e+00	0.0000000000e+00
5.0000000000e+01	1.0000000000e+00	1.0000000000e+00	1.0000000000e+00	2.5754848786e+01	5.1217978105e+01	4.0659851770e+02	5.2201861403e+02	-1.4340148230e+02	-1.0298138597e+02	1.4340148230e+02	2.4638286826e+02	1.2319143413e+02	6.6238892078e-01	1.0189991444e-02	6.6238892078e-01	3.9926950872e+01	5.1128873202e+01	5.1128873202e+01	2.7724552155e-01	9.4001736119e-01	2.7724552155e-01	6.5219892934e-01	1.2859421575e+00	2.1413996425e+00	0.0000000000e+00	6.5219892934e+00	0.0000000000e+00	0.0000000000e+00
5.1000000000e+01	1.0000000000e+00	1.0000000000e+00	1.0000000000e+00	3.7087003698e+01	6.2550133017e+01	4.0575909882e+02	5.2159890459e+02	-1.4424090118e+02	-1.0340109541e+02	1.4424090118e+02	2.4764199659e+02	1.2382099829e+02	6.7290669680e-01	2.3004352115e-03	6.7290669680e-01	3.9141579972e+01	4.1891504706e+01	4.1891504706e+01	2.7379840612e-01	9.4559819112e-01	2.7379840612e-01	6.7060626158e-01	1.2606474248e+00	1.7545165302e+00	0.0000000000e+00	6.7060626158e+00	0.0000000000e+00	0.0000000000e+00
5.2000000000e+01	1.0000000000e+00	1.0000000000e+00	1.0000000000e+00	2.7561676525e+01	5.3316525311e+01	4.0617880826e+02	5.2201861403e+02	-1.4382119174e+02	-1.0298138597e+02	1.4382119174e+02	2.4680257770e+02	1.2340128885e+02	6.6576164961e-01	4.1953655891e-03	6.6576164961e-01	3.8431990429e+01	5.3601540383e+01	5.3601540383e+01	2.6651108265e-01	9.4283666881e-01	2.6651108265e-01	6.6156628402e-01	1.2377934105e+00	2.2449608651e+00	0.0000000000e+00	6.6156628402e+00	0.0000000000e+00	0.0000000000e+00
5.3000000000e+01	1.0000000000e+00	1.0000000000e+00	1.0000000000e+00	3.7087003698e+01	6.4648680223e+01	4.0575909882e+02	5.2159890459e+02	-1.4424090118e+02	-1.0340109541e+02	1.4424090118e+02	2.4764199659e+02	1.2382099829e+02	6.7222499847e-01	2.4608545937e-03	6.7222499847e-01	3.9339555444e+01	4.4451482699e+01	4.4451482699e+01	2.7250295877e-01	9.4378803438e-01	2.7250295877e-01	6.6976414388e-01	1.2670236945e+00	1.8617345386e+00	0.0000000000e+00	6.6976414388e+00	0.0000000000e+00	0.0000000000e+00
5.4000000000e+01	1.0000000000e+00	1.0000000000e+00	1.0000000000e+00	2.5754848786e+01	5.1217978105e+01	4.0701822714e+02	5.2285803292e+02	-1.4298177286e+02	-1.0214196708e+02	1.4298177286e+02	2.4512373994e+02	1.2256186997e+02	6.6222751141e-01	5.6429095566e-03	6.6222751141e-01	3.9143922195e+01	5.7981431056e+01	5.7981431056e+01	2.6519149542e-01	9.4434825704e-01	2.6519149542e-01	6.5658460185e-01	1.2607228617e+00	2.4284011745e+00	0.0000000000e+00	6.5658460185e+00	0.0000000000e+00	0.0000000000e+00
5.5000000000e+01	1.0000000000e+00	1.0000000000e+00	1.0000000000e+00	2.7561676525e+01	5.3316525311e+01	4.0617880826e+02	5.2201861403e+02	-1.4382119174e+02	-1.0298138597e+02	1.4382119174e+02	2.4680257770e+02	1.2340128885e+02	6.6637581587e-01	3.8032205775e-03	6.6637581587e-01	3.8394987645e+01	5.3535614973e+01	5.3535614973e+01	2.6529753208e-01	9.4310066383e-01	2.6529753208e-01	6.6257259529e-01	1.2366016481e+00	2.2421997511e+00	0.0000000000e+00	6.6257259529e+00	0.0000000000e+00	0.0000000000e+00
5.6000000000e+01	1.0000000000e+00	1.0000000000e+00	1.0000000000e+00	2.5754848786e+01	5.1217978105e+01	4.0701822714e+02	5.2327774236e+02	-1.4298177286e+02	-1.0172225764e+02	1.4298177286e+02	2.4470403050e+02	1.2235201525e+02	6.6513037682e-01	4.4104061089e-03	6.6513037682e-01	3.8666680486e+01	5.8860978613e+01	5.8860978613e+01	2.6080971956e-01	9.4325200701e-01	2.6080971956e-01	6.6071997071e-01	1.2453521604e+00	2.4652387324e+00	0.0000000000e+00	6.6071997071e+00	0.0000000000e+00	0.0000000000e+00
5.7000000000e+01	1.0000000000e+00	1.0000000000e+00	1.0000000000e+00	1.0046312932e+02	1.4607231182e+02	4.0617880826e+02	5.2201861403e+02	-1.4382119174e+02	-1.0298138597e+02	1.4382119174e+02	2.4680257770e+02	1.2340128885e+02	6.6583102942e-01	3.6398097873e-03	6.6583102942e-01	3.8251231880e+01	5.5439774150e+01	5.5439774150e+01	2.6169240475e-01	9.4377965480e-01	2.6169240475e-01	6.6219121963e-01	1.2319716527e+00	2.3219504971e+00	0.0000000000e+00	6.6219121963e+00	0.0000000000e+00	0.0000000000e+00
5.8000000000e+01	1.0000000000e+00	1.0000000000e+00	1.0000000000e+00	1.0256167653e+02	1.9224035035e+02	4.0575909882e+02	5.2159890459e+02	-1.4424090118e+02	-1.0340109541e+02	1.4424090118e+02	2.4764199659e+02	1.2382099829e+02	6.7532789707e-01	1.7886441201e-03	6.7532789707e-01	3.8461235056e+01	4.1391110214e+01	4.1391110214e+01	2.6896327734e-01	9.4461384602e-01	2.6896327734e-01	6.7353925295e-01	1.2387353031e+00	1.7335588106e+00	0.0000000000e+00	6.7353925295e+00	0.0000000000e+00	0.0000000000e+00
5.9000000000e+01	1.0000000000e+00	1.0000000000e+00	1.0000000000e+00	2.7561676525e+01	5.3316525311e+01	4.0617880826e+02	5.2201861403e+02	-1.4382119174e+02	-1.0298138597e+02	1.4382119174e+02	2.4680257770e+02	1.2340128885e+02	6.6596525908e-01	3.3752901945e-03	6.6596525908e-01	3.8257872712e+01	5.4427665775e+01	5.4427665775e+01	2.6314246655e-01	9.4396627112e-01	2.6314246655e-01	6.6258996888e-01	1.2321855364e+00	2.2795609748e+00	0.0000000000e+00	6.6258996888e+00	0.0000000000e+00	0.0000000000e+00
6.0000000000e+01	1.0000000000e+00	1.0000000000e+00	1.0000000000e+00	2.5754848786e+01	5.1217978105e+01	4.0701822714e+02	5.2285803292e+02	-1.4298177286e+02	-1.0214196708e+02	1.4298177286e+02	2.4512373994e+02	1.2256186997e+02	6.6083240509e-01	6.1968066730e-03	6.6083240509e-01	3.9163383789e+01	5.7697498526e+01	5.7697498526e+01	2.6800507307e-01	9.4376348471e-01	2.6800507307e-01	6.5463559842e-01	1.2613496685e+00	2.4165094003e+00	0.0000000000e+00	6.5463559842e+00	0.0000000000e+00	0.0000000000e+00
6.1000000000e+01	1.0000000000e+00	1.0000000000e+00	1.0000000000e+00	1.0046312932e+02	1.4607231182e+02	4.0743793659e+02	5.2327774236e+02	-1.4256206341e+02	-1.0172225764e+02	1.4256206341e+02	2.4428432106e+02	1.2214216053e+02	6.6452503204e-01	4.6148197725e-03	6.6452503204e-01	3.9111279696e+01	5.8888708418e+01	5.8888708418e+01	2.6048672199e-01	9.4471127819e-01	2.6048672199e-01	6.5991021227e-01	1.2596715326e+00	2.4664001230e+00	0.0000000000e+00	6.5991021227e+00	0.0000000000e+00	0.0000000000e+00
6.2000000000e+01	1.0000000000e+00	1.0000000000e+00	1.0000000000e+00	3.7087003698e+01	6.2550133017e+01	4.0575909882e+02	5.2159890459e+02	-1.4424090118e+02	-1.0340109541e+02	1.4424090118e+02	2.4764199659e+02	1.2382099829e+02	6.7202907801e-01	2.8260089457e-03	6.7202907801e-01	3.9255076023e+01	3.8232491802e+01	3.9255076023e+01	2.7551794052e-01	9.4778939709e-01	2.7551794052e-01	6.6920306906e-01	1.2643028344e+00	1.6012683079e+00	0.0000000000e+00	6.6920306906e+00	0.0000000000e+00	0.0000000000e+00
6.3000000000e+01	1.0000000000e+00	1.0000000000e+00	1.0000000000e+00	3.7087003698e+01	6.2550133017e+01	4.0575909882e+02	5.2159890459e+02	-1.4424090118e+02	-1.0340109541e+02	1.4424090118e+02	2.4764199659e+02	1.2382099829e+02	6.7261379957e-01	2.4351950269e-03	6.7261379957e-01	3.9189611698e+01	4.0034577883e+01	4.0034577883e+01	2.7455437183e-01	9.4706453127e-01	2.7455437183e-01	6.7017860455e-01	1.2621944005e+00	1.6767439883e+00	0.0000000000e+00	6.7017860455e+00	0.0000000000e+00	0.0000000000e+00
6.4000000000e+01	1.0000000000e+00	1.0000000000e+00	1.0000000000e+00	1.0046312932e+02	1.4607231182e+02	4.0743793659e+02	5.2285803292e+02	-1.4256206341e+02	-1.0214196708e+02	1.4256206341e+02	2.4470403050e+02	1.2235201525e+02	6.6434937716e-01	4.8145730980e-03	6.6434937716e-01	3.9114791829e+01	5.8492704031e+01	5.8492704031e+01	2.6092654467e-01	9.4514536066e-01	2.6092654467e-01	6.5953480406e-01	1.2597846492e+00	2.4498145110e+00	0.0000000000e+00	6.5953480406e+00	0.0000000000e+00	0.0000000000e+00
6.5000000000e+01	1.0000000000e+00	1.0000000000e+00	1.0000000000e+00	1.0046312932e+02	1.4607231182e+02	4.0701822714e+02	5.2285803292e+02	-1.4298177286e+02	-1.0214196708e+02	1.4298177286e+02	2.4512373994e+02	1.2256186997e+02	6.6013336182e-01	6.3160457648e-03	6.6013336182e-01	3.9367741594e+01	5.9012177355e+01	5.9012177355e+01	2.6702260971e-01	9.4399001217e-01	2.6702260971e-01	6.5381731605e-01	1.2679314963e+00	2.4715712977e+00	0.0000000000e+00	6.5381731605e+00	0.0000000000e+00	0.0000000000e+00
6.6000000000e+01	1.0000000000e+00	1.0000000000e+00	1.0000000000e+00	2.5754848786e+01	5.1217978105e+01	4.0701822714e+02	5.2285803292e+02	-1.4298177286e+02	-1.0214196708e+02	1.4298177286e+02	2.4512373994e+02	1.2256186997e+02	6.6031408310e-01	6.3315611333e-03	6.6031408310e-01	3.9099176730e+01	5.7761069220e+01	5.7761069220e+01	2.6967370510e-01	9.4290417619e-01	2.6967370510e-01	6.5398252197e-01	1.2592817278e+00	2.4191718932e+00	0.0000000000e+00	6.5398252197e+00	0.0000000000e+00	0.0000000000e+00
6.7000000000e+01	1.0000000000e+00	1.0000000000e+00	1.0000000000e+00	2.5754848786e+01	5.1217978105e+01	4.0659851770e+02	5.2285803292e+02	-1.4340148230e+02	-1.0214196708e+02	1.4340148230e+02	2.4554344938e+02	1.2277172469e+02	6.6500991583e-01	4.6669095755e-03	6.6500991583e-01	3.8582825095e+01	5.7466188077e+01	5.7466188077e+01	2.6159447432e-01	9.4428171217e-01	2.6159447432e-01	6.6034300625e-01	1.2426513987e+00	2.4068215648e+00	0.0000000000e+00	6.6034300625e+00	0.0000000000e+00	0.0000000000e+00
6.8000000000e+01	1.0000000000e+00	1.0000000000e+00	1.0000000000e+00	5.7233056876e+01	8.4794733401e+01	4.0617880826e+02	5.2201861403e+02	-1.4382119174e+02	-1.0298138597e+02	1.4382119174e+02	2.4680257770e+02	1.2340128885e+02	6.6689586639e-01	3.5283202305e-03	6.6689586639e-01	3.8456644122e+01	5.3228420619e+01	5.3228420619e+01	2.6452374458e-01	9.4346896466e-01	2.6452374458e-01	6.6336754616e-01	1.2385874412e+00	2.2293337159e+00	0.0000000000e+00	6.6336754616e+00	0.0000000000e+00	0.0000000000e+00
6.9000000000e+01	1.0000000000e+00	1.0000000000e+00	1.0000000000e+00	3.7087003698e+01	6.2550133017e+01	4.0575909882e+02	5.2159890459e+02	-1.4424090118e+02	-1.0340109541e+02	1.4424090118e+02	2.4764199659e+02	1.2382099829e+02	6.7285937071e-01	2.3788388353e-03	6.7285937071e-01	3.9135347504e+01	3.9325630681e+01	3.9325630681e+01	2.7421629429e-01	9.4757048530e-01	2.7421629429e-01	6.7048053187e-01	1.2604466934e+00	1.6470515818e+00	0.0000000000e+00	6.7048053187e+00	0.0000000000e+00	0.0000000000e+00
7.0000000000e+01	1.0000000000e+00	1.0000000000e+00	1.0000000000e+00	2.5754848786e+01	5.1217978105e+01	4.0743793659e+02	5.2327774236e+02	-1.4256206341e+02	-1.0172225764e+02	1.4256206341e+02	2.4428432106e+02	1.2214216053e+02	6.6520589590e-01	4.3541654013e-03	6.6520589590e-01	3.8913391663e+01	5.9095049724e+01	5.9095049724e+01	2.5985443592e-01	9.4403304020e-01	2.5985443592e-01	6.6085173050e-01	1.2532980791e+00	2.4750421910e+00	0.0000000000e+00	6.6085173050e+00	0.0000000000e+00	0.0000000000e+00
7.1000000000e+01	1.0000000000e+00	1.0000000000e+00	1.0000000000e+00	2.5754848786e+01	5.1217978105e+01	4.0659851770e+02	5.2285803292e+02	-1.4340148230e+02	-1.0214196708e+02	1.4340148230e+02	2.4554344938e+02	1.2277172469e+02	6.6388309002e-01	7.4255210347e-03	6.6388309002e-01	3.8916619617e+01	5.3930625267e+01	5.3930625267e+01	2.7083384991e-01	9.4112124620e-01	2.7083384991e-01	6.5645756898e-01	1.2534020430e+00	2.2587437281e+00	0.0000000000e+00	6.5645756898e+00	0.0000000000e+00	0.0000000000e+00
7.2000000000e+01	1.0000000000e+00	1.0000000000e+00	1.0000000000e+00	3.7087003698e+01	6.2550133017e+01	4.0491967994e+02	5.2201861403e+02	-1.4508032006e+02	-1.0298138597e+02	1.4508032006e+02	2.4806170603e+02	1.2403085301e+02	6.6349840164e-01	1.1034594849e-02	6.6349840164e-01	4.0743914725e+01	4.4531349492e+01	4.4531349492e+01	2.8232842684e-01	9.3988384120e-01	2.8232842684e-01	6.5246380679e-01	1.3122544162e+00	1.8650795511e+00	0.0000000000e+00	6.5246380679e+00	0.0000000000e+00	0.0000000000e+00
7.3000000000e+01	1.0000000000e+00	1.0000000000e+00	1.0000000000e+00	2.5754848786e+01	5.1217978105e+01	4.0701822714e+02	5.2285803292e+02	-1.4298177286e+02	-1.0214196708e+02	1.4298177286e+02	2.4512373994e+02	1.2256186997e+02	6.6444754601e-01	5.2321390249e-03	6.6444754601e-01	3.8750699492e+01	5.7226098945e+01	5.7226098945e+01	2.6324385405e-01	9.4420345267e-01	2.6324385405e-01	6.5921540698e-01	1.2480581918e+00	2.3967660570e+00	0.0000000000e+00	6.5921540698e+00	0.0000000000e+00	0.0000000000e+00
7.4000000000e+01	1.0000000000e+00	1.0000000000e+00	1.0000000000e+00	5.5973928552e+01	8.1437057871e+01	4.0575909882e+02	5.2117919515e+02	-1.4424090118e+02	-1.0382080485e+02	1.4424090118e+02	2.4806170603e+02	1.2403085301e+02	6.7366373539e-01	3.6036851816e-03	6.7366373539e-01	3.9039268165e+01	3.7368910481e+01	3.9039268165e+01	2.7381926775e-01	9.4719297858e-01	2.7381926775e-01	6.7006005021e-01	1.2573522304e+00	1.5650994543e+00	0.0000000000e+00	6.7006005021e+00	0.0000000000e+00	0.0000000000e+00
7.5000000000e+01	1.0000000000e+00	1.0000000000e+00	1.0000000000e+00	1.0046312932e+02	1.4607231182e+02	4.0743793659e+02	5.2327774236e+02	-1.4256206341e+02	-1.0172225764e+02	1.4256206341e+02	2.4428432106e+02	1.2214216053e+02	6.6372954845e-01	4.8623224720e-03	6.6372954845e-01	3.9144634918e+01	5.8786631113e+01	5.8786631113e+01	2.6163744926e-01	9.4458107743e-01	2.6163744926e-01	6.5886722598e-01	1.2607458166e+00	2.4621248810e+00	0.0000000000e+00	6.5886722598e+00	0.0000000000e+00	0.0000000000e+00
7.6000000000e+01	1.0000000000e+00	1.0000000000e+00	1.0000000000e+00	2.7561676525e+01	5.3316525311e+01	5.2243832347e+02	5.5139827492e+02	-2.7561676525e+01	-7.3601725083e+01	7.3601725083e+01	1.0116340161e+02	5.0581700804e+01	1.9455760717e-02	2.8913224116e-02	2.8913224116e-02	6.7888987144e+01	1.6552407213e+01	6.7888987144e+01	9.4146385789e-01	1.0378137790e-01	1.0378137790e-01	9.4574633986e-03	2.1865258602e+00	6.9325445037e-01	0.0000000000e+00	4.8178200187e+00	0.0000000000e+00	0.0000000000e+00
7.7000000000e+01	1.0000000000e+00	1.0000000000e+00	1.0000000000e+00	2.5754848786e+01	5.1217978105e+01	4.0659851770e+02	5.2285803292e+02	-1.4340148230e+02	-1.0214196708e+02	1.4340148230e+02	2.4554344938e+02	1.2277172469e+02	6.6373717785e-01	5.8905184269e-03	6.6373717785e-01	3.8422679357e+01	5.6517828143e+01	5.6517828143e+01	2.6554429531e-01	9.4285097718e-01	2.6554429531e-01	6.5784665942e-01	1.2374935253e+00	2.3671019798e+00	0.0000000000e+00	6.5784665942e+00	0.0000000000e+00	0.0000000000e+00
7.8000000000e+01	1.0000000000e+00	1.0000000000e+00	1.0000000000e+00	2.7561676525e+01	5.3316525311e+01	4.0617880826e+02	5.2201861403e+02	-1.4382119174e+02	-1.0298138597e+02	1.4382119174e+02	2.4680257770e+02	1.2340128885e+02	6.6515856981e-01	4.3923570774e-03	6.6515856981e-01	3.8247034488e+01	5.4908795926e+01	5.4908795926e+01	2.6407790184e-01	9.4265261153e-01	2.6407790184e-01	6.6076621274e-01	1.2318364657e+00	2.2997118576e+00	0.0000000000e+00	6.6076621274e+00	0.0000000000e+00	0.0000000000e+00
7.9000000000e+01	1.0000000000e+00	1.0000000000e+00	1.0000000000e+00	5.5973928552e+01	8.1437057871e+01	4.0575909882e+02	5.2159890459e+02	-1.4424090118e+02	-1.0340109541e+02	1.4424090118e+02	2.4764199659e+02	1.2382099829e+02	6.7322045565e-01	2.7176516596e-03	6.7322045565e-01	3.9057345325e+01	3.8583478623e+01	3.9057345325e+01	2.7365237474e-01	9.4672425813e-01	2.7365237474e-01	6.7050280399e-01	1.2579344482e+00	1.6159684765e+00	0.0000000000e+00	6.7050280399e+00	0.0000000000e+00	0.0000000000e+00
8.0000000000e+01	1.0000000000e+00	1.0000000000e+00	1.0000000000e+00	2.5754848786e+01	5.1217978105e+01	4.0659851770e+02	5.2285803292e+02	-1.4340148230e+02	-1.0214196708e+02	1.4340148230e+02	2.4554344938e+02	1.2277172469e+02	6.6453909874e-01	5.9765586630e-03	6.6453909874e-01	3.8403095943e+01	5.5087091716e+01	5.5087091716e+01	2.6599532366e-01	9.4142717030e-01	2.6599532366e-01	6.5856254008e-01	1.2368627950e+00	2.3071793122e+00	0.0000000000e+00	6.5856254008e+00	0.0000000000e+00	0.0000000000e+00
8.1000000000e+01	1.0000000000e+00	1.0000000000e+00	1.0000000000e+00	2.7561676525e+01	5.3316525311e+01	4.0617880826e+02	5.2201861403e+02	-1.4382119174e+02	-1.0298138597e+02	1.4382119174e+02	2.4680257770e+02	1.2340128885e+02	6.6518193483e-01	4.3258527294e-03	6.6518193483e-01	3.8223581985e+01	5.4856521409e+01	5.4856521409e+01	2.6422762871e-01	9.4265742507e-01	2.6422762871e-01	6.6085608210e-01	1.2310811222e+00	2.2975224756e+00	0.0000000000e+00	6.6085608210e+00	0.0000000000e+00	0.0000000000e+00
8.2000000000e+01	1.0000000000e+00	1.0000000000e+00	1.0000000000e+00	2.7561676525e+01	5.3316525311e+01	4.0659851770e+02	5.2285803292e+02	-1.4340148230e+02	-1.0214196708e+02	1.4340148230e+02	2.4554344938e+02	1.2277172469e+02	6.6549128294e-01	4.6823532321e-03	6.6549128294e-01	3.8257913075e+01	5.5251142863e+01	5.5251142863e+01	2.6316511631e-01	9.4173700502e-01	2.6316511631e-01	6.6080892971e-01	1.2321868364e+00	2.3140501671e+00	0.0000000000e+00	6.6080892971e+00	0.0000000000e+00	0.0000000000e+00
8.3000000000e+01	1.0000000000e+00	1.0000000000e+00	1.0000000000e+00	2.5754848786e+01	5.1217978105e+01	4.0659851770e+02	5.2285803292e+02	-1.4340148230e+02	-1.0214196708e+02	1.4340148230e+02	2.4554344938e+02	1.2277172469e+02	6.6635686159e-01	4.1321250610e-03	6.6635686159e-01	3.8442230165e+01	5.6899105378e+01	5.6899105378e+01	2.6031219959e-01	9.4322803291e-01	2.6031219959e-01	6.6222473653e-01	1.2381232055e+00	2.3830707834e+00	0.0000000000e+00	6.6222473653e+00	0.0000000000e+00	0.0000000000e+00
8.4000000000e+01	1.0000000000e+00	1.0000000000e+00	1.0000000000e+00	2.5754848786e+01	5.1217978105e+01	4.0701822714e+02	5.2285803292e+02	-1.4298177286e+02	-1.0214196708e+02	1.4298177286e+02	2.4512373994e+02	1.2256186997e+02	6.6333937645e-01	5.3793732077e-03	6.6333937645e-01	3.9011440927e+01	5.7805127674e+01	5.7805127674e+01	2.6371121407e-01	9.4436610304e-01	2.6371121407e-01	6.5796000324e-01	1.2564559882e+00	2.4210171667e+00	0.0000000000e+00	6.5796000324e+00	0.0000000000e+00	0.0000000000e+00
8.5000000000e+01	1.0000000000e+00	1.0000000000e+00	1.0000000000e+00	1.0046312932e+02	1.4607231182e+02	4.0659851770e+02	5.2285803292e+02	-1.4340148230e+02	-1.0214196708e+02	1.4340148230e+02	2.4554344938e+02	1.2277172469e+02	6.6535317898e-01	4.3522040360e-03	6.6535317898e-01	3.8909434822e+01	5.8761477114e+01	5.8761477114e+01	2.5983029604e-01	9.4429839449e-01	2.5983029604e-01	6.6100097494e-01	1.2531706396e+00	2.4610713713e+00	0.0000000000e+00	6.6100097494e+00	0.0000000000e+00	0.0000000000e+00
8.6000000000e+01	1.0000000000e+00	1.0000000000e+00	1.0000000000e+00	2.7561676525e+01	5.3316525311e+01	4.0659851770e+02	5.2201861403e+02	-1.4340148230e+02	-1.0298138597e+02	1.4340148230e+02	2.4638286826e+02	1.2319143413e+02	6.6261661053e-01	9.5060663298e-03	6.6261661053e-01	3.9823107747e+01	5.1037727502e+01	5.1037727502e+01	2.7633410692e-01	9.3989417981e-01	2.7633410692e-01	6.5311054420e-01	1.2825976434e+00	2.1375822424e+00	0.0000000000e+00	6.5311054420e+00	0.0000000000e+00	0.0000000000e+00
8.7000000000e+01	1.0000000000e+00	1.0000000000e+00	1.0000000000e+00	1.0046312932e+02	1.4607231182e+02	4.0743793659e+02	5.2327774236e+02	-1.4256206341e+02	-1.0172225764e+02	1.4256206341e+02	2.4428432106e+02	1.2214216053e+02	6.6544610262e-01	4.2380960658e-03	6.6544610262e-01	3.8952393225e+01	5.9275875926e+01	5.9275875926e+01	2.5922590494e-01	9.4421139639e-01	2.5922590494e-01	6.6120800655e-01	1.2545542169e+00	2.4826156253e+00	0.0000000000e+00	6.6120800655e+00	0.0000000000e+00	0.0000000000e+00
8.8000000000e+01	1.0000000000e+00	1.0000000000e+00	1.0000000000e+00	2.5754848786e+01	5.1217978105e+01	4.0659851770e+02	5.2285803292e+02	-1.4340148230e+02	-1.0214196708e+02	1.4340148230e+02	2.4554344938e+02	1.2277172469e+02	6.6415631771e-01	6.4256335609e-03	6.6415631771e-01	3.8468301800e+01	5.5142821123e+01	5.5142821123e+01	2.6779502630e-01	9.4139681803e-01	2.6779502630e-01	6.5773068415e-01	1.2389629043e+00	2.3095133932e+00	0.0000000000e+00	6.5773068415e+00	0.0000000000e+00	0.0000000000e+00
8.9000000000e+01	1.0000000000e+00	1.0000000000e+00	1.0000000000e+00	2.5754848786e+01	5.1217978105e+01	4.0701822714e+02	5.2327774236e+02	-1.4298177286e+02	-1.0172225764e+02	1.4298177286e+02	2.4470403050e+02	1.2235201525e+02	6.6303503513e-01	5.1227300428e-03	6.6303503513e-01	3.9028627690e+01	5.8536115601e+01	5.8536115601e+01	2.6350736618e-01	9.4381265948e-01	2.6350736618e-01	6.5791230509e-01	1.2570095287e+00	2.4516326915e+00	0.0000000000e+00	6.5791230509e+00	0.0000000000e+00	0.0000000000e+00
9.0000000000e+01	1.0000000000e+00	1.0000000000e+00	1.0000000000e+00	1.0256167653e+02	1.9224035035e+02	4.0575909882e+02	5.2159890459e+02	-1.4424090118e+02	-1.0340109541e+02	1.4424090118e+02	2.4764199659e+02	1.2382099829e+02	6.7658579350e-01	1.5201494098e-03	6.7658579350e-01	3.8147053120e+01	4.2933386118e+01	4.2933386118e+01	2.6623123884e-01	9.4284612685e-01	2.6623123884e-01	6.7506564409e-01	1.2286163286e+00	1.7981530186e+00	0.0000000000e+00	6.7506564409e+00	0.0000000000e+00	0.0000000000e+00
9.1000000000e+01	1.0000000000e+00	1.0000000000e+00	1.0000000000e+00	2.5754848786e+01	5.1217978105e+01	4.0701822714e+02	5.2285803292e+02	-1.4298177286e+02	-1.0214196708e+02	1.4298177286e+02	2.4512373994e+02	1.2256186997e+02	6.5809500217e-01	7.8758308664e-03	6.5809500217e-01	3.9863813725e+01	6.0073457483e+01	6.0073457483e+01	2.7081006765e-01	9.4342693593e-01	2.7081006765e-01	6.5021917131e-01	1.2839086759e+00	2.5160202509e+00	0.0000000000e+00	6.5021917131e+00	0.0000000000e+00	0.0000000000e+00
9.2000000000e+01	1.0000000000e+00	1.0000000000e+00	1.0000000000e+00	1.0046312932e+02	1.4607231182e+02	4.0743793659e+02	5.2285803292e+02	-1.4256206341e+02	-1.0214196708e+02	1.4256206341e+02	2.4470403050e+02	1.2235201525e+02	6.6362357140e-01	4.9548693933e-03	6.6362357140e-01	3.9148387646e+01	5.8601392820e+01	5.8601392820e+01	2.6201939583e-01	9.4473672425e-01	2.6201939583e-01	6.5866870200e-01	1.2608666821e+00	2.4543666578e+00	0.0000000000e+00	6.5866870200e+00	0.0000000000e+00	0.0000000000e+00
9.3000000000e+01	1.0000000000e+00	1.0000000000e+00	1.0000000000e+00	2.5754848786e+01	5.1217978105e+01	4.0701822714e+02	5.2285803292e+02	-1.4298177286e+02	-1.0214196708e+02	1.4298177286e+02	2.4512373994e+02	1.2256186997e+02	6.6258603334e-01	5.4497374222e-03	6.6258603334e-01	3.9147249520e+01	5.8131722114e+01	5.8131722114e+01	2.6447653770e-01	9.4446674455e-01	2.6447653770e-01	6.5713629592e-01	1.2608300261e+00	2.4346957239e+00	0.0000000000e+00	6.5713629592e+00	0.0000000000e+00	0.0000000000e+00
9.4000000000e+01	1.0000000000e+00	1.0000000000e+00	1.0000000000e+00	5.7233056876e+01	8.4794733401e+01	4.0617880826e+02	5.2201861403e+02	-1.4382119174e+02	-1.0298138597e+02	1.4382119174e+02	2.4680257770e+02	1.2340128885e+02	6.6910666227e-01	2.8374216054e-03	6.6910666227e-01	3.8931553032e+01	5.0569097447e+01	5.0569097447e+01	2.6659756899e-01	9.4197755842e-01	2.6659756899e-01	6.6626924067e-01	1.2538830090e+00	2.1179548934e+00	0.0000000000e+00	6.6626924067e+00	0.0000000000e+00	0.0000000000e+00
9.5000000000e+01	1.0000000000e+00	1.0000000000e+00	1.0000000000e+00	2.7561676525e+01	5.3316525311e+01	4.0617880826e+02	5.2201861403e+02	-1.4382119174e+02	-1.0298138597e+02	1.4382119174e+02	2.4680257770e+02	1.2340128885e+02	6.6627001762e-01	3.8956885692e-03	6.6627001762e-01	3.8446427542e+01	5.3411455002e+01	5.3411455002e+01	2.6594388485e-01	9.4292075583e-01	2.6594388485e-01	6.6237432905e-01	1.2382583920e+00	2.2369996341e+00	0.0000000000e+00	6.6237432905e+00	0.0000000000e+00	0.0000000000e+00
9.6000000000e+01	1.0000000000e+00	1.0000000000e+00	1.0000000000e+00	2.5754848786e+01	5.1217978105e+01	4.0701822714e+02	5.2285803292e+02	-1.4298177286e+02	-1.0214196708e+02	1.4298177286e+02	2.4512373994e+02	1.2256186997e+02	6.6053414345e-01	6.1499341391e-03	6.6053414345e-01	3.9197036892e+01	5.7942451865e+01	5.7942451865e+01	2.6765006781e-01	9.4414891163e-01	2.6765006781e-01	6.5438420931e-01	1.2624335465e+00	2.4267686327e+00	0.0000000000e+00	6.5438420931e+00	0.0000000000e+00	0.0000000000e+00
9.7000000000e+01	1.0000000000e+00	1.0000000000e+00	1.0000000000e+00	3.7087003698e+01	6.2550133017e+01	4.0617880826e+02	5.2201861403e+02	-1.4382119174e+02	-1.0298138597e+02	1.4382119174e+02	2.4680257770e+02	1.2340128885e+02	6.6699510813e-01	6.0651898384e-03	6.6699510813e-01	4.0043392937e+01	4.7429520271e+01	4.7429520271e+01	2.7492600679e-01	9.4221508503e-01	2.7492600679e-01	6.6092991829e-01	1.2896924504e+00	1.9864618833e+00	0.0000000000e+00	6.6092991829e+00	0.0000000000e+00	0.0000000000e+00
9.8000000000e+01	1.0000000000e+00	1.0000000000e+00	1.0000000000e+00	5.7233056876e+01	8.4794733401e+01	4.0617880826e+02	5.2201861403e+02	-1.4382119174e+02	-1.0298138597e+02	1.4382119174e+02	2.4680257770e+02	1.2340128885e+02	6.6681605577e-01	3.7950756960e-03	6.6681605577e-01	3.8738582911e+01	5.2454038394e+01	5.2454038394e+01	2.6629567146e-01	9.4311602088e-01	2.6629567146e-01	6.6302098008e-01	1.2476679486e+00	2.1969007340e+00	0.0000000000e+00	6.6302098008e+00	0.0000000000e+00	0.0000000000e+00
9.9000000000e+01	1.0000000000e+00	1.0000000000e+00	1.0000000000e+00	3.7087003698e+01	6.2550133017e+01	4.0575909882e+02	5.2117919515e+02	-1.4424090118e+02	-1.0382080485e+02	1.4424090118e+02	2.4806170603e+02	1.2403085301e+02	6.7095977068e-01	4.5297644101e-03	6.7095977068e-01	3.9400209162e+01	3.5786736178e+01	3.9400209162e+01	2.7798688412e-01	9.4885004545e-01	2.7798688412e-01	6.6643000627e-01	1.2689771914e+00	1.4988342058e+00	0.0000000000e+00	6.6643000627e+00	0.0000000000e+00	0.0000000000e+00
