wavelength_nm	ideal_target_transmittance	cvae_target_transmittance	tandem_response_transmittance
3.7973711347e+02	7.3522126675e-01	6.4494764805e-01	8.2352834940e-01
3.8015682291e+02	7.2873175144e-01	6.4477556944e-01	8.2577711344e-01
3.8057653235e+02	7.2202777863e-01	6.4471310377e-01	8.2675123215e-01
3.8099624179e+02	7.1510154009e-01	6.4517319202e-01	8.2816928625e-01
3.8141595123e+02	7.0794510841e-01	6.4462900162e-01	8.2873457670e-01
3.8183566067e+02	7.0055019855e-01	6.4390790462e-01	8.2855308056e-01
3.8225537011e+02	6.9290846586e-01	6.4403110743e-01	8.2886344194e-01
3.8267507956e+02	6.8501126766e-01	6.4290130138e-01	8.2687330246e-01
3.8309478900e+02	6.7684996128e-01	6.4234286547e-01	8.2500773668e-01
3.8351449844e+02	6.6841554642e-01	6.4177972078e-01	8.2198220491e-01
3.8393420788e+02	6.5969902277e-01	6.4099419117e-01	8.1736499071e-01
3.8435391732e+02	6.5069139004e-01	6.4017164707e-01	8.1404012442e-01
3.8477362676e+02	6.4138346910e-01	6.3885074854e-01	8.0854767561e-01
3.8519333620e+02	6.3176614046e-01	6.3811028004e-01	8.0235368013e-01
3.8561304564e+02	6.2183028460e-01	6.3763737679e-01	7.9643845558e-01
3.8603275508e+02	6.1156702042e-01	6.3614523411e-01	7.8786844015e-01
3.8645246453e+02	6.0096752644e-01	6.3505065441e-01	7.7938371897e-01
3.8687217397e+02	5.9002333879e-01	6.3364481926e-01	7.6795530319e-01
3.8729188341e+02	5.7872641087e-01	6.3229477406e-01	7.5661557913e-01
3.8771159285e+02	5.6706899405e-01	6.3116401434e-01	7.4479407072e-01
3.8813130229e+02	5.5504411459e-01	6.2889933586e-01	7.3168987036e-01
3.8855101173e+02	5.4264551401e-01	6.2691563368e-01	7.1816748381e-01
3.8897072117e+02	5.2986776829e-01	6.2346732616e-01	7.0172572136e-01
3.8939043061e+02	5.1670652628e-01	6.2006539106e-01	6.8571937084e-01
3.8981014006e+02	5.0315886736e-01	6.1658924818e-01	6.6709744930e-01
3.9022984950e+02	4.8922309279e-01	6.1248409748e-01	6.4889347553e-01
3.9064955894e+02	4.7489944100e-01	6.0764569044e-01	6.2968564034e-01
3.9106926838e+02	4.6019002795e-01	6.0050427914e-01	6.0838526487e-01
3.9148897782e+02	4.4509926438e-01	5.9446537495e-01	5.8615326881e-01
3.9190868726e+02	4.2963403463e-01	5.8598691225e-01	5.6455475092e-01
3.9232839670e+02	4.1380414367e-01	5.7777774334e-01	5.4011476040e-01
3.9274810614e+02	3.9762267470e-01	5.6747829914e-01	5.1723605394e-01
3.9316781559e+02	3.8110607862e-01	5.5585676432e-01	4.9340650439e-01
3.9358752503e+02	3.6427491903e-01	5.4349559546e-01	4.6915984154e-01
3.9400723447e+02	3.4715387225e-01	5.2988153696e-01	4.4444680214e-01
3.9442694391e+02	3.2977235317e-01	5.1449316740e-01	4.1952675581e-01
3.9484665335e+02	3.1216469407e-01	4.9882403016e-01	3.9760565758e-01
3.9526636279e+02	2.9437056184e-01	4.8126181960e-01	3.7332585454e-01
3.9568607223e+02	2.7643522620e-01	4.6216157079e-01	3.4933888912e-01
3.9610578167e+02	2.5840979815e-01	4.4174227118e-01	3.2651376724e-01
3.9652549111e+02	2.4035143852e-01	4.2009887099e-01	3.0379557610e-01
3.9694520056e+02	2.2232338786e-01	3.9633628726e-01	2.8118005395e-01
3.9736491000e+02	2.0439502597e-01	3.7256255746e-01	2.5854259729e-01
3.9778461944e+02	1.8664176762e-01	3.4778133035e-01	2.3677030206e-01
3.9820432888e+02	1.6914477944e-01	3.2137265801e-01	2.1583609283e-01
3.9862403832e+02	1.5199056268e-01	2.9443186522e-01	1.9527082145e-01
3.9904374776e+02	1.3527044654e-01	2.6759570837e-01	1.7700544000e-01
3.9946345720e+02	1.1907982081e-01	2.4199075997e-01	1.5959876776e-01
3.9988316664e+02	1.0351718217e-01	2.1600860357e-01	1.4293168485e-01
4.0030287609e+02	8.8683076203e-02	1.9267125428e-01	1.2685495615e-01
4.0072258553e+02	7.4678830802e-02	1.6949000955e-01	1.1234693974e-01
4.0114229497e+02	6.1605103314e-02	1.4842808247e-01	9.8735049367e-02
4.0156200441e+02	4.9560356885e-02	1.2910206616e-01	8.7210558355e-02
4.0198171385e+02	3.8639206439e-02	1.1120448261e-01	7.6478898525e-02
4.0240142329e+02	2.8930731118e-02	9.7207956016e-02	6.7427285016e-02
4.0282113273e+02	2.0516779274e-02	8.4092400968e-02	5.8977615088e-02
4.0324084217e+02	1.3470329344e-02	7.4053354561e-02	5.2685350180e-02
4.0366055162e+02	7.8539662063e-03	6.5600745380e-02	4.7332488000e-02
4.0408026106e+02	3.7185263354e-03	5.8484900743e-02	4.3665010482e-02
4.0449997050e+02	1.1019587982e-03	5.4169386625e-02	4.0964171290e-02
4.0491967994e+02	2.8462754926e-05	5.3917232901e-02	3.9528116584e-02
4.0533938938e+02	5.0792586990e-04	5.4673559964e-02	4.1010409594e-02
4.0575909882e+02	2.5356924161e-03	5.6036710739e-02	4.1317548603e-02
4.0617880826e+02	6.0926708393e-03	5.8759108186e-02	4.4113375247e-02
4.0659851770e+02	1.1145775206e-02	6.3374608755e-02	4.8033293337e-02
4.0701822714e+02	1.7648683861e-02	6.9918051362e-02	5.3600452840e-02
4.0743793659e+02	2.5542877614e-02	7.8915789723e-02	6.1511985958e-02
4.0785764603e+02	3.4758921713e-02	8.9624308050e-02	7.0933260024e-02
4.0827735547e+02	4.5217938721e-02	1.0108426958e-01	8.2632489502e-02
4.0869706491e+02	5.6833211333e-02	1.1533804238e-01	9.6286155283e-02
4.0911677435e+02	6.9511860609e-02	1.3296805322e-01	1.1246640235e-01
4.0953648379e+02	8.3156540990e-02	1.5145958960e-01	1.3074621558e-01
4.0995619323e+02	9.7667127848e-02	1.7170912027e-01	1.4970245957e-01
4.1037590267e+02	1.1294227839e-01	1.9246684015e-01	1.7105205357e-01
4.1079561212e+02	1.2888093293e-01	2.1362723410e-01	1.9253501296e-01
4.1121532156e+02	1.4538361132e-01	2.3531444371e-01	2.1522623301e-01
4.1163503100e+02	1.6235359013e-01	2.5661173463e-01	2.3676733673e-01
4.1205474044e+02	1.7969793081e-01	2.7874955535e-01	2.5807762146e-01
4.1247444988e+02	1.9732822478e-01	3.0013874173e-01	2.8003409505e-01
4.1289415932e+02	2.1516123414e-01	3.2078781724e-01	3.0011212826e-01
4.1331386876e+02	2.3311936855e-01	3.4292981029e-01	3.2078108191e-01
4.1373357820e+02	2.5113099813e-01	3.6337363720e-01	3.3809462190e-01
4.1415328765e+02	2.6913061738e-01	3.8213849068e-01	3.5661029816e-01
4.1457299709e+02	2.8705880046e-01	4.0319141746e-01	3.7264636159e-01
4.1499270653e+02	3.0486226082e-01	4.1730588675e-01	3.8854250312e-01
4.1541241597e+02	3.2249361277e-01	4.3577563763e-01	4.0557709336e-01
4.1583212541e+02	3.3991122246e-01	4.5424538851e-01	4.2088633776e-01
4.1625183485e+02	3.5707879066e-01	4.7116750479e-01	4.3660017848e-01
4.1667154429e+02	3.7396523356e-01	4.8860973120e-01	4.5097321272e-01
4.1709125373e+02	3.9054414630e-01	5.0494623184e-01	4.6234253049e-01
4.1751096317e+02	4.0679356456e-01	5.1970207691e-01	4.7743600607e-01
4.1793067262e+02	4.2269563675e-01	5.3494602442e-01	4.8971498013e-01
4.1835038206e+02	4.3823605776e-01	5.5218416452e-01	5.0099861622e-01
4.1877009150e+02	4.5340400934e-01	5.6693446636e-01	5.1291090250e-01
4.1918980094e+02	4.6819153428e-01	5.8046096563e-01	5.2456730604e-01
4.1960951038e+02	4.8259338737e-01	5.9478729963e-01	5.3571963310e-01
4.2002921982e+02	4.9660673738e-01	6.0444790125e-01	5.4759490490e-01
4.2044892926e+02	5.1023077965e-01	6.1925590038e-01	5.5583536625e-01
4.2086863870e+02	5.2346640825e-01	6.3445001841e-01	5.7037013769e-01
4.2128834815e+02	5.3631633520e-01	6.4763152599e-01	5.7683497667e-01
4.2170805759e+02	5.4878443480e-01	6.5778237581e-01	5.8680355549e-01
4.2212776703e+02	5.6087571383e-01	6.7301261425e-01	5.9627282619e-01
4.2254747647e+02	5.7259625196e-01	6.8349647522e-01	6.0568398237e-01
4.2296718591e+02	5.8395278454e-01	6.9565850496e-01	6.1376190186e-01
4.2338689535e+02	5.9495288134e-01	7.0959585905e-01	6.2208181620e-01
4.2380660479e+02	6.0560441017e-01	7.1896588802e-01	6.3025289774e-01
4.2422631423e+02	6.1591583490e-01	7.3067855835e-01	6.3773578405e-01
4.2464602368e+02	6.2589591742e-01	7.4298053980e-01	6.4458596706e-01
4.2506573312e+02	6.3555341959e-01	7.5432711840e-01	6.5245807171e-01
4.2548544256e+02	6.4489758015e-01	7.6542681456e-01	6.5882104635e-01
4.2590515200e+02	6.5393745899e-01	7.7553278208e-01	6.6562527418e-01
4.2632486144e+02	6.6268217564e-01	7.8428989649e-01	6.7169773579e-01
4.2674457088e+02	6.7114090919e-01	7.9374039173e-01	6.7904442549e-01
4.2716428032e+02	6.7932271957e-01	8.0399823189e-01	6.8526685238e-01
4.2758398976e+02	6.8723654747e-01	8.1331950426e-01	6.9067662954e-01
4.2800369920e+02	6.9489127398e-01	8.2152891159e-01	6.9694465399e-01
4.2842340865e+02	7.0229548216e-01	8.2949388027e-01	7.0333915949e-01
4.2884311809e+02	7.0945769548e-01	8.3790344000e-01	7.1011602879e-01
4.2926282753e+02	7.1638619900e-01	8.4535455704e-01	7.1612036228e-01
4.2968253697e+02	7.2308903933e-01	8.5147643089e-01	7.2217804193e-01
4.3010224641e+02	7.2957420349e-01	8.5731613636e-01	7.2815769911e-01
4.3052195585e+02	7.3584920168e-01	8.6334902048e-01	7.3353850842e-01
4.3094166529e+02	7.4192160368e-01	8.6931824684e-01	7.3842287064e-01
4.3136137473e+02	7.4779850245e-01	8.7466192245e-01	7.4350190163e-01
4.3178108418e+02	7.5348687172e-01	8.7865877151e-01	7.4853473902e-01
4.3220079362e+02	7.5899350643e-01	8.8276064396e-01	7.5343286991e-01
4.3262050306e+02	7.6432490349e-01	8.8677597046e-01	7.5824475288e-01
4.3304021250e+02	7.6948732138e-01	8.9077997208e-01	7.6201951504e-01
4.3345992194e+02	7.7448689938e-01	8.9442014694e-01	7.6601827145e-01
4.3387963138e+02	7.7932941914e-01	8.9717811346e-01	7.6974684000e-01
4.3429934082e+02	7.8402060270e-01	8.9973515272e-01	7.7336543798e-01
4.3471905026e+02	7.8856581450e-01	9.0213823318e-01	7.7695065737e-01
4.3513875971e+02	7.9297035933e-01	9.0434288979e-01	7.7908194065e-01
4.3555846915e+02	7.9723918438e-01	9.0559470654e-01	7.8135788441e-01
4.3597817859e+02	8.0137723684e-01	9.0766078234e-01	7.8329581022e-01
4.3639788803e+02	8.0538910627e-01	9.0876281261e-01	7.8706145287e-01
4.3681759747e+02	8.0927938223e-01	9.0986955166e-01	7.8888005018e-01
4.3723730691e+02	8.1305223703e-01	9.1030877829e-01	7.9096549749e-01
4.3765701635e+02	8.1671196222e-01	9.1112303734e-01	7.9352885485e-01
4.3807672579e+02	8.2026243210e-01	9.1155225039e-01	7.9543989897e-01
4.3849643523e+02	8.2370758057e-01	9.1177290678e-01	7.9793411493e-01
4.3891614468e+02	8.2705104351e-01	9.1159969568e-01	8.0046939850e-01
4.3933585412e+02	8.3029633760e-01	9.1137814522e-01	8.0246502161e-01
4.3975556356e+02	8.3344686031e-01	9.1077661514e-01	8.0507951975e-01
4.4017527300e+02	8.3650594950e-01	9.1033810377e-01	8.0749124289e-01
4.4059498244e+02	8.3947670460e-01	9.0969473124e-01	8.0864155293e-01
4.4101469188e+02	8.4236216545e-01	9.0900909901e-01	8.1072831154e-01
4.4143440132e+02	8.4516519308e-01	9.0815973282e-01	8.1262856722e-01
4.4185411076e+02	8.4788858891e-01	9.0673726797e-01	8.1420791149e-01
4.4227382021e+02	8.5053509474e-01	9.0539669991e-01	8.1702721119e-01
4.4269352965e+02	8.5310721397e-01	9.0374743938e-01	8.1852984428e-01
4.4311323909e+02	8.5560745001e-01	9.0296888351e-01	8.2153093815e-01
4.4353294853e+02	8.5803818703e-01	9.0167278051e-01	8.2337689400e-01
4.4395265797e+02	8.6040174961e-01	9.0026432276e-01	8.2535934448e-01
4.4437236741e+02	8.6270022392e-01	8.9889013767e-01	8.2849532366e-01
4.4479207685e+02	8.6493587494e-01	8.9756399393e-01	8.3001500368e-01
4.4521178629e+02	8.6711061001e-01	8.9644885063e-01	8.3305674791e-01
4.4563149574e+02	8.6922645569e-01	8.9408940077e-01	8.3474498987e-01
4.4605120518e+02	8.7128525972e-01	8.9323866367e-01	8.3701360226e-01
4.4647091462e+02	8.7328886986e-01	8.9131277800e-01	8.3903139830e-01
4.4689062406e+02	8.7523901463e-01	8.9048892260e-01	8.4134346247e-01
4.4731033350e+02	8.7713736296e-01	8.8902604580e-01	8.4513670206e-01
4.4773004294e+02	8.7898546457e-01	8.8642477989e-01	8.4979784489e-01
4.4814975238e+02	8.8078498840e-01	8.8489687443e-01	8.5074275732e-01
4.4856946182e+02	8.8253742456e-01	8.8278186321e-01	8.5182547569e-01
4.4898917126e+02	8.8424408436e-01	8.8122582436e-01	8.5419732332e-01
4.4940888071e+02	8.8590645790e-01	8.7878751755e-01	8.5823458433e-01
4.4982859015e+02	8.8752585649e-01	8.7791621685e-01	8.6047232151e-01
4.5024829959e+02	8.8910359144e-01	8.7596583366e-01	8.6237978935e-01
4.5066800903e+02	8.9064085484e-01	8.7361443043e-01	8.6506491899e-01
4.5108771847e+02	8.9213883877e-01	8.7128132582e-01	8.6779147387e-01
4.5150742791e+02	8.9359873533e-01	8.6925417185e-01	8.6972600222e-01
4.5192713735e+02	8.9502167702e-01	8.6662554741e-01	8.7152713537e-01
4.5234684679e+02	8.9640861750e-01	8.6393249035e-01	8.7375581264e-01
4.5276655624e+02	8.9776068926e-01	8.6146575212e-01	8.7617552280e-01
4.5318626568e+02	8.9907884598e-01	8.5965174437e-01	8.7688791752e-01
4.5360597512e+02	9.0036404133e-01	8.5668069124e-01	8.7881249189e-01
4.5402568456e+02	9.0161716938e-01	8.5515725613e-01	8.8138413429e-01
4.5444539400e+02	9.0283924341e-01	8.5253721476e-01	8.8278824091e-01
4.5486510344e+02	9.0403097868e-01	8.5040485859e-01	8.8515585661e-01
4.5528481288e+02	9.0519326925e-01	8.4799778461e-01	8.8726246357e-01
4.5570452232e+02	9.0632694960e-01	8.4611642361e-01	8.8831180334e-01
4.5612423177e+02	9.0743273497e-01	8.4467375278e-01	8.9006590843e-01
4.5654394121e+02	9.0851134062e-01	8.4219110012e-01	8.9170283079e-01
4.5696365065e+02	9.0956360102e-01	8.4145104885e-01	8.9396667480e-01
4.5738336009e+02	9.1059011221e-01	8.3781296015e-01	8.9597815275e-01
4.5780306953e+02	9.1159158945e-01	8.3650839329e-01	8.9745032787e-01
4.5822277897e+02	9.1256868839e-01	8.3589613438e-01	8.9907151461e-01
4.5864248841e+02	9.1352200508e-01	8.3439409733e-01	9.0044784546e-01
4.5906219785e+02	9.1445213556e-01	8.3269417286e-01	9.0145617723e-01
4.5948190729e+02	9.1535967588e-01	8.3111804724e-01	9.0318393707e-01
4.5990161674e+02	9.1624522209e-01	8.2950234413e-01	9.0507304668e-01
4.6032132618e+02	9.1710931063e-01	8.2785904408e-01	9.0523940325e-01
4.6074103562e+02	9.1795247793e-01	8.2610952854e-01	9.0689587593e-01
4.6116074506e+02	9.1877514124e-01	8.2359206676e-01	9.0831577778e-01
4.6158045450e+02	9.1957789660e-01	8.2251125574e-01	9.0902155638e-01
4.6200016394e+02	9.2036122084e-01	8.2151675224e-01	9.0997260809e-01
4.6241987338e+02	9.2112553120e-01	8.2052743435e-01	9.1131657362e-01
4.6283958282e+02	9.2187124491e-01	8.1967598200e-01	9.1230022907e-01
4.6325929227e+02	9.2259883881e-01	8.1760805845e-01	9.1268736124e-01
4.6367900171e+02	9.2330873013e-01	8.1746566296e-01	9.1369020939e-01
4.6409871115e+02	9.2400133610e-01	8.1565487385e-01	9.1447341442e-01
4.6451842059e+02	9.2467695475e-01	8.1585103273e-01	9.1501152515e-01
4.6493813003e+02	9.2533612251e-01	8.1501019001e-01	9.1522097588e-01
4.6535783947e+02	9.2597901821e-01	8.1445342302e-01	9.1549265385e-01
4.6577754891e+02	9.2660617828e-01	8.1424635649e-01	9.1607475281e-01
4.6619725835e+02	9.2721778154e-01	8.1317257881e-01	9.1597092152e-01
4.6661696780e+02	9.2781424522e-01	8.1257039309e-01	9.1613805294e-01
4.6703667724e+02	9.2839592695e-01	8.1245565414e-01	9.1616678238e-01
4.6745638668e+02	9.2896300554e-01	8.1208002567e-01	9.1698306799e-01
4.6787609612e+02	9.2951589823e-01	8.1203544140e-01	9.1619700193e-01
4.6829580556e+02	9.3005484343e-01	8.1146836281e-01	9.1646647453e-01
4.6871551500e+02	9.3058013916e-01	8.1183719635e-01	9.1635543108e-01
4.6913522444e+02	9.3109202385e-01	8.1097596884e-01	9.1651892662e-01
4.6955493388e+02	9.3159079552e-01	8.1086736917e-01	9.1615527868e-01
4.6997464332e+02	9.3207669258e-01	8.0999171734e-01	9.1639894247e-01
4.7039435277e+02	9.3254995346e-01	8.0976569653e-01	9.1660320759e-01
4.7081406221e+02	9.3301087618e-01	8.1022852659e-01	9.1650629044e-01
4.7123377165e+02	9.3345957994e-01	8.0936521292e-01	9.1707140207e-01
4.7165348109e+02	9.3389630318e-01	8.0892044306e-01	9.1714560986e-01
4.7207319053e+02	9.3432134390e-01	8.0910778046e-01	9.1696482897e-01
4.7249289997e+02	9.3473488092e-01	8.1140667200e-01	9.2110466957e-01
4.7291260941e+02	9.3513709307e-01	8.1446403265e-01	9.2070484161e-01
4.7333231885e+02	9.3552809954e-01	8.1362533569e-01	9.2166459560e-01
4.7375202830e+02	9.3590825796e-01	8.1318479776e-01	9.2246228456e-01
4.7417173774e+02	9.3627762794e-01	8.1343120337e-01	9.2215472460e-01
4.7459144718e+02	9.3663638830e-01	8.1149411201e-01	9.2010849714e-01
4.7501115662e+02	9.3698471785e-01	8.1079357862e-01	9.2084473372e-01
4.7543086606e+02	9.3732285500e-01	8.1138885021e-01	9.2043721676e-01
4.7585057550e+02	9.3765085936e-01	8.0956339836e-01	9.2027825117e-01
4.7627028494e+02	9.3796890974e-01	8.1030952930e-01	9.2011284828e-01
4.7668999438e+02	9.3827712536e-01	8.0949187279e-01	9.2025738955e-01
4.7710970383e+02	9.3857574463e-01	8.1008094549e-01	9.1891521215e-01
4.7752941327e+02	9.3886476755e-01	8.1062543392e-01	9.1909998655e-01
4.7794912271e+02	9.3914443254e-01	8.0961960554e-01	9.1825807095e-01
4.7836883215e+02	9.3941485882e-01	8.0959039927e-01	9.1883558035e-01
4.7878854159e+02	9.3967610598e-01	8.0879276991e-01	9.1827887297e-01
4.7920825103e+02	9.3992829323e-01	8.0844777822e-01	9.1805475950e-01
4.7962796047e+02	9.4017159939e-01	8.0759966373e-01	9.1732752323e-01
4.8004766991e+02	9.4040608406e-01	8.0757284164e-01	9.1715961695e-01
4.8046737935e+02	9.4063186646e-01	8.0779480934e-01	9.1693860292e-01
4.8088708880e+02	9.4084906578e-01	8.0748134851e-01	9.1617679596e-01
4.8130679824e+02	9.4105768204e-01	8.0689561367e-01	9.1621547937e-01
4.8172650768e+02	9.4125795364e-01	8.0738663673e-01	9.1572970152e-01
4.8214621712e+02	9.4144982100e-01	8.0732589960e-01	9.1526043415e-01
4.8256592656e+02	9.4163346291e-01	8.0746454000e-01	9.1485995054e-01
4.8298563600e+02	9.4180893898e-01	8.0700927973e-01	9.1452491283e-01
4.8340534544e+02	9.4197630882e-01	8.0704987049e-01	9.1435867548e-01
4.8382505488e+02	9.4213563204e-01	8.0711042881e-01	9.1330063343e-01
4.8424476433e+02	9.4228696823e-01	8.0670452118e-01	9.1371923685e-01
4.8466447377e+02	9.4243043661e-01	8.0693912506e-01	9.1359728575e-01
4.8508418321e+02	9.4256609678e-01	8.0674785376e-01	9.1335761547e-01
4.8550389265e+02	9.4269394875e-01	8.0814927816e-01	9.1293281317e-01
4.8592360209e+02	9.4281411171e-01	8.0738180876e-01	9.1217374802e-01
4.8634331153e+02	9.4292658567e-01	8.0886644125e-01	9.1243517399e-01
4.8676302097e+02	9.4303137064e-01	8.0994856358e-01	9.1159462929e-01
4.8718273041e+02	9.4312864542e-01	8.0937737226e-01	9.1090720892e-01
4.8760243986e+02	9.4321835041e-01	8.0845040083e-01	9.1125530005e-01
4.8802214930e+02	9.4330054522e-01	8.0660599470e-01	9.1108298302e-01
4.8844185874e+02	9.4337528944e-01	8.1500804424e-01	9.0907287598e-01
4.8886156818e+02	9.4344258308e-01	8.1162345409e-01	9.0912783146e-01
4.8928127762e+02	9.4350248575e-01	8.1113284826e-01	9.0891605616e-01
4.8970098706e+02	9.4355499744e-01	8.1106066704e-01	9.0853637457e-01
4.9012069650e+02	9.4360011816e-01	8.1161487103e-01	9.0815412998e-01
4.9054040594e+02	9.4363790751e-01	8.1226062775e-01	9.0794330835e-01
4.9096011538e+02	9.4366836548e-01	8.1170362234e-01	9.0764123201e-01
4.9137982483e+02	9.4369149208e-01	8.1108164787e-01	9.0696507692e-01
4.9179953427e+02	9.4370734692e-01	8.1217050552e-01	9.0666002035e-01
4.9221924371e+02	9.4371587038e-01	8.1105673313e-01	9.0596479177e-01
4.9263895315e+02	9.4371706247e-01	8.1216651201e-01	9.0636134148e-01
4.9305866259e+02	9.4371104240e-01	8.1186467409e-01	9.0528595448e-01
4.9347837203e+02	9.4369769096e-01	8.1144732237e-01	9.0487748384e-01
4.9389808147e+02	9.4367700815e-01	8.1087195873e-01	9.0469783545e-01
4.9431779091e+02	9.4364899397e-01	8.1145608425e-01	9.0426033735e-01
4.9473750036e+02	9.4361370802e-01	8.1116324663e-01	9.0385228395e-01
4.9515720980e+02	9.4357103109e-01	8.1085091829e-01	9.0340840816e-01
4.9557691924e+02	9.4352102280e-01	8.1053000689e-01	9.0367197990e-01
4.9599662868e+02	9.4346362352e-01	8.0993312597e-01	9.0279114246e-01
4.9641633812e+02	9.4339889288e-01	8.0914419889e-01	9.0191966295e-01
4.9683604756e+02	9.4332665205e-01	8.0951476097e-01	9.0144991875e-01
4.9725575700e+02	9.4324696064e-01	8.0837208033e-01	9.0157032013e-01
4.9767546644e+02	9.4315981865e-01	8.0844420195e-01	9.0157365799e-01
4.9809517589e+02	9.4306510687e-01	8.0857133865e-01	9.0071088076e-01
4.9851488533e+02	9.4296282530e-01	8.0818217993e-01	8.9968883991e-01
4.9893459477e+02	9.4285297394e-01	8.0707925558e-01	8.9969831705e-01
4.9935430421e+02	9.4273543358e-01	8.0643123388e-01	8.9848804474e-01
4.9977401365e+02	9.4261014462e-01	8.0572706461e-01	8.9779049158e-01
5.0019372309e+02	9.4247716665e-01	8.0534762144e-01	8.9604228735e-01
5.0061343253e+02	9.4233632088e-01	8.0502402782e-01	8.9492058754e-01
5.0103314197e+02	9.4218766689e-01	8.0358850956e-01	8.9544534683e-01
5.0145285141e+02	9.4203102589e-01	8.0380868912e-01	8.9483284950e-01
5.0187256086e+02	9.4186639786e-01	8.0349266529e-01	8.9380550385e-01
5.0229227030e+02	9.4169366360e-01	8.0377930403e-01	8.9272999763e-01
5.0271197974e+02	9.4151276350e-01	8.0306339264e-01	8.9176249504e-01
5.0313168918e+02	9.4132369757e-01	8.0105721951e-01	8.9055597782e-01
5.0355139862e+02	9.4112628698e-01	8.0167829990e-01	8.8996100426e-01
5.0397110806e+02	9.4092047215e-01	8.0119943619e-01	8.8863062859e-01
5.0439081750e+02	9.4070619345e-01	8.0072689056e-01	8.8831478357e-01
5.0481052694e+02	9.4048333168e-01	8.0095940828e-01	8.8682103157e-01
5.0523023639e+02	9.4025182724e-01	7.9899811745e-01	8.8492214680e-01
5.0564994583e+02	9.4001150131e-01	7.9822105169e-01	8.8350927830e-01
5.0606965527e+02	9.3976229429e-01	7.9681658745e-01	8.8228583336e-01
5.0648936471e+02	9.3950414658e-01	7.9770898819e-01	8.8154399395e-01
5.0690907415e+02	9.3923681974e-01	7.9630804062e-01	8.8017082214e-01
5.0732878359e+02	9.3896031380e-01	7.9542237520e-01	8.7886017561e-01
5.0774849303e+02	9.3867444992e-01	7.9416054487e-01	8.7823569775e-01
5.0816820247e+02	9.3837910891e-01	7.9368501902e-01	8.7694555521e-01
5.0858791192e+02	9.3807411194e-01	7.9415684938e-01	8.7589752674e-01
5.0900762136e+02	9.3775939941e-01	7.9143619537e-01	8.7565916777e-01
5.0942733080e+02	9.3743479252e-01	7.9039400816e-01	8.7493115664e-01
5.0984704024e+02	9.3710011244e-01	7.9278296232e-01	8.7250292301e-01
5.1026674968e+02	9.3675523996e-01	7.9094725847e-01	8.7257951498e-01
5.1068645912e+02	9.3639999628e-01	7.9013335705e-01	8.7165987492e-01
5.1110616856e+02	9.3603426218e-01	7.8992331028e-01	8.7050485611e-01
5.1152587800e+02	9.3565779924e-01	7.8885459900e-01	8.7078410387e-01
5.1194558744e+02	9.3527042866e-01	7.8815442324e-01	8.7063765526e-01
5.1236529689e+02	9.3487203121e-01	7.8764259815e-01	8.6982202530e-01
5.1278500633e+02	9.3446236849e-01	7.8709536791e-01	8.6942690611e-01
5.1320471577e+02	9.3404120207e-01	7.8617948294e-01	8.6939609051e-01
5.1362442521e+02	9.3360847235e-01	7.8628110886e-01	8.6866199970e-01
5.1404413465e+02	9.3316382170e-01	7.8589487076e-01	8.6811298132e-01
5.1446384409e+02	9.3270707130e-01	7.8546303511e-01	8.6775803566e-01
5.1488355353e+02	9.3223798275e-01	7.8513979912e-01	8.6749875546e-01
5.1530326297e+02	9.3175643682e-01	7.8470200300e-01	8.6666440964e-01
5.1572297242e+02	9.3126201630e-01	7.8471159935e-01	8.6582821608e-01
5.1614268186e+02	9.3075460196e-01	7.8441709280e-01	8.6629194021e-01
5.1656239130e+02	9.3023383617e-01	7.8435534239e-01	8.6480325460e-01
5.1698210074e+02	9.2969954014e-01	7.8426122665e-01	8.6423832178e-01
5.1740181018e+02	9.2915141582e-01	7.8370565176e-01	8.6382234097e-01
5.1782151962e+02	9.2858910561e-01	7.8423321247e-01	8.6277848482e-01
5.1824122906e+02	9.2801243067e-01	7.8386950493e-01	8.6223530769e-01
5.1866093850e+02	9.2742097378e-01	7.8410649300e-01	8.6143201590e-01
5.1908064795e+02	9.2681449652e-01	7.8416019678e-01	8.6081308126e-01
5.1950035739e+02	9.2619270086e-01	7.8309065104e-01	8.6060398817e-01
5.1992006683e+02	9.2555510998e-01	7.8337872028e-01	8.6098945141e-01
5.2033977627e+02	9.2490148544e-01	7.8114455938e-01	8.6052680016e-01
5.2075948571e+02	9.2423146963e-01	7.8122287989e-01	8.6037969589e-01
5.2117919515e+02	9.2354464531e-01	7.8066676855e-01	8.5938102007e-01
5.2159890459e+02	9.2284065485e-01	7.8203594685e-01	8.5931313038e-01
5.2201861403e+02	9.2211908102e-01	7.8212958574e-01	8.5797363520e-01
5.2243832347e+02	9.2137950659e-01	7.8032070398e-01	8.5670632124e-01
5.2285803292e+02	9.2062151432e-01	7.7992939949e-01	8.5493606329e-01
5.2327774236e+02	9.1984474659e-01	7.7947312593e-01	8.5441523790e-01
5.2369745180e+02	9.1904860735e-01	7.7962422371e-01	8.5251146555e-01
5.2411716124e+02	9.1823267937e-01	7.7869451046e-01	8.5010063648e-01
5.2453687068e+02	9.1739648581e-01	7.7816790342e-01	8.4779179096e-01
5.2495658012e+02	9.1653954983e-01	7.7798461914e-01	8.4564739466e-01
5.2537628956e+02	9.1566133499e-01	7.7801346779e-01	8.4306913614e-01
5.2579599900e+02	9.1476124525e-01	7.7659618855e-01	8.4045702219e-01
5.2621570845e+02	9.1383880377e-01	7.7702659369e-01	8.3749419451e-01
5.2663541789e+02	9.1289341450e-01	7.7560675144e-01	8.3467763662e-01
5.2705512733e+02	9.1192442179e-01	7.7423524857e-01	8.3285683393e-01
5.2747483677e+02	9.1093122959e-01	7.7444589138e-01	8.3040225506e-01
5.2789454621e+02	9.0991324186e-01	7.7334851027e-01	8.2846146822e-01
5.2831425565e+02	9.0886980295e-01	7.7372860909e-01	8.2457506657e-01
5.2873396509e+02	9.0780013800e-01	7.7094799280e-01	8.2133364677e-01
5.2915367453e+02	9.0670359135e-01	7.6443636417e-01	8.1479817629e-01
5.2957338398e+02	9.0557944775e-01	7.6302802563e-01	8.1197106838e-01
5.2999309342e+02	9.0442693233e-01	7.6322907209e-01	8.1015485525e-01
5.3041280286e+02	9.0324521065e-01	7.6312571764e-01	8.0736565590e-01
5.3083251230e+02	9.0203350782e-01	7.6083147526e-01	8.0458700657e-01
5.3125222174e+02	9.0079092979e-01	7.5796037912e-01	8.0125629902e-01
5.3167193118e+02	8.9951670170e-01	7.5812405348e-01	7.9699081182e-01
5.3209164062e+02	8.9820975065e-01	7.5632512569e-01	7.9346483946e-01
5.3251135006e+02	8.9686930180e-01	7.5497424603e-01	7.8966945410e-01
5.3293105950e+02	8.9549422264e-01	7.5053972006e-01	7.8539818525e-01
5.3335076895e+02	8.9408355951e-01	7.4792128801e-01	7.8166866302e-01
5.3377047839e+02	8.9263629913e-01	7.4345344305e-01	7.7735120058e-01
5.3419018783e+02	8.9115130901e-01	7.4001359940e-01	7.7117139101e-01
5.3460989727e+02	8.8962745667e-01	7.3669648170e-01	7.6693344116e-01
5.3502960671e+02	8.8806355000e-01	7.3230868578e-01	7.6123893261e-01
5.3544931615e+02	8.8645833731e-01	7.2824317217e-01	7.5778144598e-01
5.3586902559e+02	8.8481062651e-01	7.2567069530e-01	7.5149542093e-01
5.3628873503e+02	8.8311904669e-01	7.2473651171e-01	7.4716871977e-01
5.3670844448e+02	8.8138228655e-01	7.1927762032e-01	7.4275189638e-01
5.3712815392e+02	8.7959885597e-01	7.1521961689e-01	7.3783355951e-01
5.3754786336e+02	8.7776726484e-01	7.1264481544e-01	7.3220890760e-01
5.3796757280e+02	8.7588608265e-01	7.0902931690e-01	7.2758072615e-01
5.3838728224e+02	8.7395364046e-01	7.0436960459e-01	7.2158515453e-01
5.3880699168e+02	8.7196826935e-01	7.0033657551e-01	7.1444028616e-01
5.3922670112e+02	8.6992835999e-01	6.9541043043e-01	7.0812904835e-01
5.3964641056e+02	8.6783194542e-01	6.9070339203e-01	7.0308661461e-01
5.4006612001e+02	8.6567735672e-01	6.8491244316e-01	6.9582456350e-01
5.4048582945e+02	8.6346250772e-01	6.8011909723e-01	6.8834728003e-01
5.4090553889e+02	8.6118549109e-01	6.7455404997e-01	6.8025732040e-01
5.4132524833e+02	8.5884416103e-01	6.6824120283e-01	6.7329990864e-01
5.4174495777e+02	8.5643637180e-01	6.6145437956e-01	6.6608196497e-01
5.4216466721e+02	8.5395985842e-01	6.5493845940e-01	6.5850841999e-01
5.4258437665e+02	8.5141229630e-01	6.4788359404e-01	6.4966917038e-01
5.4300408609e+02	8.4879124165e-01	6.3889116049e-01	6.4162087440e-01
5.4342379553e+02	8.4609407187e-01	6.3595783710e-01	6.3240098953e-01
5.4384350498e+02	8.4331828356e-01	6.2880665064e-01	6.2342256308e-01
5.4426321442e+02	8.4046095610e-01	6.2026441097e-01	6.1462378502e-01
5.4468292386e+02	8.3751934767e-01	6.1376452446e-01	6.0553067923e-01
5.4510263330e+02	8.3449047804e-01	6.0583323240e-01	5.9685426950e-01
5.4552234274e+02	8.3137118816e-01	5.9757435322e-01	5.8741658926e-01
5.4594205218e+02	8.2815825939e-01	5.8809673786e-01	5.7750296593e-01
5.4636176162e+02	8.2484841347e-01	5.7810288668e-01	5.6831669807e-01
5.4678147106e+02	8.2143801451e-01	5.7113182545e-01	5.5944579840e-01
5.4720118051e+02	8.1792354584e-01	5.6329566240e-01	5.4833751917e-01
5.4762088995e+02	8.1430119276e-01	5.5295759439e-01	5.3885543346e-01
5.4804059939e+02	8.1056696177e-01	5.4334193468e-01	5.2781152725e-01
5.4846030883e+02	8.0671685934e-01	5.3553366661e-01	5.1655554771e-01
5.4888001827e+02	8.0274659395e-01	5.2567732334e-01	5.0646287203e-01
5.4929972771e+02	7.9865163565e-01	5.1475197077e-01	4.9559620023e-01
5.4971943715e+02	7.9442751408e-01	5.0603139400e-01	4.8497766256e-01
5.5013914659e+02	7.9006940126e-01	4.9441295862e-01	4.7262963653e-01
5.5055885604e+02	7.8557229042e-01	4.8510828614e-01	4.6029463410e-01
5.5097856548e+02	7.8093105555e-01	4.7190076113e-01	4.4940769672e-01
5.5139827492e+02	7.7614027262e-01	4.6288937330e-01	4.3797051907e-01
5.5181798436e+02	7.7119439840e-01	4.5043867826e-01	4.2488318682e-01
5.5223769380e+02	7.6608765125e-01	4.3686485291e-01	4.1265136003e-01
5.5265740324e+02	7.6081407070e-01	4.2770835757e-01	4.0029084682e-01
5.5307711268e+02	7.5536733866e-01	4.1255903244e-01	3.8639757037e-01
5.5349682212e+02	7.4974107742e-01	4.0325054526e-01	3.7467321754e-01
5.5391653156e+02	7.4392867088e-01	3.9395564795e-01	3.6158061028e-01
5.5433624101e+02	7.3792314529e-01	3.8099950552e-01	3.4743943810e-01
5.5475595045e+02	7.3171740770e-01	3.6736196280e-01	3.3413544297e-01
5.5517565989e+02	7.2530412674e-01	3.5366368294e-01	3.2270959020e-01
5.5559536933e+02	7.1867567301e-01	3.4545338154e-01	3.1061396003e-01
5.5601507877e+02	7.1182429790e-01	3.3409664035e-01	2.9843759537e-01
5.5643478821e+02	7.0474195480e-01	3.2120347023e-01	2.8440979123e-01
5.5685449765e+02	6.9742041826e-01	3.0909103155e-01	2.7320775390e-01
5.5727420709e+02	6.8985134363e-01	2.9672524333e-01	2.6022741199e-01
5.5769391654e+02	6.8202602863e-01	2.8797036409e-01	2.4770136178e-01
5.5811362598e+02	6.7393577099e-01	2.7467349172e-01	2.3587772250e-01
5.5853333542e+02	6.6557157040e-01	2.6275530457e-01	2.2369053960e-01
5.5895304486e+02	6.5692448616e-01	2.5207981467e-01	2.1275977790e-01
5.5937275430e+02	6.4798533916e-01	2.4021053314e-01	2.0021064579e-01
5.5979246374e+02	6.3874506950e-01	2.3012726009e-01	1.8889275193e-01
5.6021217318e+02	6.2919443846e-01	2.2060930729e-01	1.7797750235e-01
5.6063188262e+02	6.1932432652e-01	2.1013884246e-01	1.6586801410e-01
5.6105159207e+02	6.0912585258e-01	1.9999529421e-01	1.5497125685e-01
5.6147130151e+02	5.9859013557e-01	1.8811312318e-01	1.4443765581e-01
5.6189101095e+02	5.8770877123e-01	1.7728143930e-01	1.3400018215e-01
5.6231072039e+02	5.7647353411e-01	1.7065638304e-01	1.2575630844e-01
5.6273042983e+02	5.6487679482e-01	1.6218315065e-01	1.1658628285e-01
5.6315013927e+02	5.5291146040e-01	1.5309017897e-01	1.0671206564e-01
5.6356984871e+02	5.4057133198e-01	1.4820890129e-01	9.8989695311e-02
5.6398955815e+02	5.2785086632e-01	1.3978236914e-01	9.0148285031e-02
5.6440926759e+02	5.1474589109e-01	1.2974055111e-01	8.3963781595e-02
5.6482897704e+02	5.0125330687e-01	1.2131505460e-01	7.7866755426e-02
5.6524868648e+02	4.8737150431e-01	1.1065921932e-01	7.0812627673e-02
5.6566839592e+02	4.7310066223e-01	1.0229700059e-01	6.5403707325e-02
5.6608810536e+02	4.5844298601e-01	9.7444228828e-02	5.9433959424e-02
5.6650781480e+02	4.4340282679e-01	8.7943233550e-02	5.4152119905e-02
5.6692752424e+02	4.2798718810e-01	7.9617574811e-02	4.9985114485e-02
5.6734723368e+02	4.1220587492e-01	7.4087664485e-02	4.3974660337e-02
5.6776694312e+02	3.9607200027e-01	6.6114917397e-02	4.0271718055e-02
5.6818665257e+02	3.7960216403e-01	6.3323490322e-02	3.6208309233e-02
5.6860636201e+02	3.6281690001e-01	5.9286091477e-02	3.3517599106e-02
5.6902607145e+02	3.4574109316e-01	5.7593435049e-02	2.9943609610e-02
5.6944578089e+02	3.2840415835e-01	5.5290572345e-02	2.7641234919e-02
5.6986549033e+02	3.1084063649e-01	5.2617181093e-02	2.5143556297e-02
5.7028519977e+02	2.9309031367e-01	4.9078665674e-02	2.2836431861e-02
5.7070490921e+02	2.7519860864e-01	4.6000178903e-02	2.1233033389e-02
5.7112461865e+02	2.5721678138e-01	4.3885149062e-02	1.9830500707e-02
5.7154432810e+02	2.3920220137e-01	4.2183626443e-02	1.8186725676e-02
5.7196403754e+02	2.2121827304e-01	4.0894247591e-02	1.7304020002e-02
5.7238374698e+02	2.0333459973e-01	3.9852634072e-02	1.6707861796e-02
5.7280345642e+02	1.8562678993e-01	3.7545055151e-02	1.5665097162e-02
5.7322316586e+02	1.6817618906e-01	3.7129350007e-02	1.5191261657e-02
5.7364287530e+02	1.5106953681e-01	3.5905469209e-02	1.5290264040e-02
5.7406258474e+02	1.3439832628e-01	3.4632660449e-02	1.5060951933e-02
5.7448229418e+02	1.1825811118e-01	3.4261155874e-02	1.4951887541e-02
5.7490200362e+02	1.0274753720e-01	3.3668179065e-02	1.4911257662e-02
5.7532171307e+02	8.7967284024e-02	3.2545417547e-02	1.4908156358e-02
5.7574142251e+02	7.4018754065e-02	3.2668869942e-02	1.4911756851e-02
5.7616113195e+02	6.1002656817e-02	3.2566703856e-02	1.5190867707e-02
5.7658084139e+02	4.9017466605e-02	3.1971015036e-02	1.5522939153e-02
5.7700055083e+02	3.8157753646e-02	3.2306142151e-02	1.6001705080e-02
5.7742026027e+02	2.8512509540e-02	3.1981930137e-02	1.6526069492e-02
5.7783996971e+02	2.0163446665e-02	3.2089088112e-02	1.6932532191e-02
5.7825967915e+02	1.3183359057e-02	3.2222744077e-02	1.7846798524e-02
5.7867938860e+02	7.6346094720e-03	3.2647524029e-02	1.8783468753e-02
5.7909909804e+02	3.5677698907e-03	3.3292870969e-02	1.9974643365e-02
5.7951880748e+02	1.0204975260e-03	3.3836964518e-02	2.1082371473e-02
5.7993851692e+02	1.6677851818e-05	3.4568380564e-02	2.2737132385e-02
5.8035822636e+02	5.6587276049e-04	3.5107053816e-02	2.4565916508e-02
5.8077793580e+02	2.6630992070e-03	3.9704427123e-02	2.6813283563e-02
5.8119764524e+02	6.2889466062e-03	4.1991788894e-02	2.9374338686e-02
5.8161735468e+02	1.1410028674e-02	4.5438557863e-02	3.1860355288e-02
5.8203706413e+02	1.7979750410e-02	4.9128513783e-02	3.5620976239e-02
5.8245677357e+02	2.5939352810e-02	5.1642421633e-02	3.8735769689e-02
5.8287648301e+02	3.5219207406e-02	5.5372450501e-02	4.2984161526e-02
5.8329619245e+02	4.5740280300e-02	5.8642040938e-02	4.7346465290e-02
5.8371590189e+02	5.7415749878e-02	6.2941089272e-02	5.2910815924e-02
5.8413561133e+02	7.0152677596e-02	6.5353855491e-02	5.8802768588e-02
5.8455532077e+02	8.3853729069e-02	7.0127792656e-02	6.3838265836e-02
5.8497503021e+02	9.8418787122e-02	7.7622465789e-02	7.0323705673e-02
5.8539473965e+02	1.1374659836e-01	8.3074107766e-02	7.7368110418e-02
5.8581444910e+02	1.2973619998e-01	8.9102953672e-02	8.5016548634e-02
5.8623415854e+02	1.4628826082e-01	9.4639539719e-02	9.3111164868e-02
5.8665386798e+02	1.6330623627e-01	1.0163726658e-01	1.0244391859e-01
5.8707357742e+02	1.8069735169e-01	1.0664547235e-01	1.1096232384e-01
5.8749328686e+02	1.9837339222e-01	1.1470194161e-01	1.2214338034e-01
5.8791299630e+02	2.1625131369e-01	1.2270370126e-01	1.3384456933e-01
5.8833270574e+02	2.3425374925e-01	1.2886939943e-01	1.4589840174e-01
5.8875241518e+02	2.5230926275e-01	1.3971392810e-01	1.5939106047e-01
5.8917212463e+02	2.7035251260e-01	1.4822220802e-01	1.7327789962e-01
5.8959183407e+02	2.8832429647e-01	1.5878650546e-01	1.8901813030e-01
5.9001154351e+02	3.0617147684e-01	1.6979993880e-01	2.0476013422e-01
5.9043125295e+02	3.2384684682e-01	1.7985600233e-01	2.2232112288e-01
5.9085096239e+02	3.4130886197e-01	1.9112086296e-01	2.3957066238e-01
5.9127067183e+02	3.5852146149e-01	2.0131848752e-01	2.5751078129e-01
5.9169038127e+02	3.7545356154e-01	2.1056817472e-01	2.7706131339e-01
5.9211009071e+02	3.9207890630e-01	2.2096832097e-01	2.9546836019e-01
5.9252980016e+02	4.0837565064e-01	2.3111353815e-01	3.1379613280e-01
5.9294950960e+02	4.2432594299e-01	2.4242031574e-01	3.3248215914e-01
5.9336921904e+02	4.3991562724e-01	2.5100114942e-01	3.5296297073e-01
5.9378892848e+02	4.5513382554e-01	2.6133358479e-01	3.7051105499e-01
5.9420863792e+02	4.6997269988e-01	2.7080610394e-01	3.8835242391e-01
5.9462834736e+02	4.8442703485e-01	2.7894794941e-01	4.0553435683e-01
5.9504805680e+02	4.9849393964e-01	2.8586611152e-01	4.2338711023e-01
5.9546776624e+02	5.1217263937e-01	2.9543897510e-01	4.3912944198e-01
5.9588747568e+02	5.2546417713e-01	3.0143803358e-01	4.5539611578e-01
5.9630718513e+02	5.3837102652e-01	3.1149625778e-01	4.6780925989e-01
5.9672689457e+02	5.5089724064e-01	3.2483342290e-01	4.8108974099e-01
5.9714660401e+02	5.6304770708e-01	3.3142626286e-01	4.9490821362e-01
5.9756631345e+02	5.7482850552e-01	3.4705060720e-01	5.0679236650e-01
5.9798602289e+02	5.8624643087e-01	3.5647511482e-01	5.1634210348e-01
5.9840573233e+02	5.9730887413e-01	3.5978540778e-01	5.2695274353e-01
5.9882544177e+02	6.0802388191e-01	3.6441656947e-01	5.3593611717e-01
5.9924515121e+02	6.1839979887e-01	3.7218686938e-01	5.4596132040e-01
5.9966486066e+02	6.2844526768e-01	3.7678012252e-01	5.5179154873e-01
6.0008457010e+02	6.3816922903e-01	3.8290941715e-01	5.6108742952e-01
6.0050427954e+02	6.4758068323e-01	3.9069738984e-01	5.6653147936e-01
6.0092398898e+02	6.5668874979e-01	3.9705604315e-01	5.7328915596e-01
6.0134369842e+02	6.6550254822e-01	4.0261396766e-01	5.7892215252e-01
6.0176340786e+02	6.7403125763e-01	4.0937185287e-01	5.8491194248e-01
6.0218311730e+02	6.8228387833e-01	4.1942334175e-01	5.9004497528e-01
6.0260282674e+02	6.9026929140e-01	4.2251518369e-01	5.9582674503e-01
6.0302253619e+02	6.9799637794e-01	4.2656815052e-01	6.0069316626e-01
6.0344224563e+02	7.0547372103e-01	4.3401935697e-01	6.0303670168e-01
6.0386195507e+02	7.1270984411e-01	4.4034090638e-01	6.0842490196e-01
6.0428166451e+02	7.1971291304e-01	4.4433164597e-01	6.1220091581e-01
6.0470137395e+02	7.2649109364e-01	4.4795215130e-01	6.1575955153e-01
6.0512108339e+02	7.3305225372e-01	4.5307141542e-01	6.2001216412e-01
6.0554079283e+02	7.3940390348e-01	4.5877033472e-01	6.2185508013e-01
6.0596050227e+02	7.4555361271e-01	4.6217298508e-01	6.2574410439e-01
6.0638021171e+02	7.5150841475e-01	4.6838411689e-01	6.2648040056e-01
6.0679992116e+02	7.5727540255e-01	4.6960306168e-01	6.3019096851e-01
6.0721963060e+02	7.6286119223e-01	4.7497361898e-01	6.3260173798e-01
6.0763934004e+02	7.6827239990e-01	4.7912779450e-01	6.3581627607e-01
6.0805904948e+02	7.7351522446e-01	4.8374330997e-01	6.3896912336e-01
6.0847875892e+02	7.7859574556e-01	4.8774936795e-01	6.4197111130e-01
6.0889846836e+02	7.8351980448e-01	4.8984250426e-01	6.4237922430e-01
6.0931817780e+02	7.8829306364e-01	4.9471855164e-01	6.4605706930e-01
6.0973788724e+02	7.9292088747e-01	4.9784389138e-01	6.4896547794e-01
6.1015759669e+02	7.9740864038e-01	5.0048148632e-01	6.5081727505e-01
6.1057730613e+02	8.0176120996e-01	5.0341743231e-01	6.5232568979e-01
6.1099701557e+02	8.0598354340e-01	5.0696355104e-01	6.5484249592e-01
6.1141672501e+02	8.1008023024e-01	5.0877779722e-01	6.5732735395e-01
6.1183643445e+02	8.1405586004e-01	5.0438696146e-01	6.5962880850e-01
6.1225614389e+02	8.1791460514e-01	5.1097750664e-01	6.6111797094e-01
6.1267585333e+02	8.2166069746e-01	5.1509064436e-01	6.6354924440e-01
6.1309556277e+02	8.2529813051e-01	5.1918959618e-01	6.6593450308e-01
6.1351527222e+02	8.2883071899e-01	5.2574741840e-01	6.6799670458e-01
6.1393498166e+02	8.3226215839e-01	5.2380627394e-01	6.6994827986e-01
6.1435469110e+02	8.3559596539e-01	5.2576941252e-01	6.7252707481e-01
6.1477440054e+02	8.3883559704e-01	5.2615070343e-01	6.7467659712e-01
6.1519410998e+02	8.4198421240e-01	5.2641695738e-01	6.7676508427e-01
6.1561381942e+02	8.4504508972e-01	5.2871638536e-01	6.7878055573e-01
6.1603352886e+02	8.4802114964e-01	5.2953767776e-01	6.8091982603e-01
6.1645323830e+02	8.5091537237e-01	5.3744119406e-01	6.8194097281e-01
6.1687294774e+02	8.5373049974e-01	5.4116022587e-01	6.8430203199e-01
6.1729265719e+02	8.5646927357e-01	5.4490679502e-01	6.8813389540e-01
6.1771236663e+02	8.5913419724e-01	5.4413861036e-01	6.8911528587e-01
6.1813207607e+02	8.6172777414e-01	5.4515749216e-01	6.9274544716e-01
6.1855178551e+02	8.6425238848e-01	5.4587256908e-01	6.9293284416e-01
6.1897149495e+02	8.6671042442e-01	5.4759550095e-01	6.9500619173e-01
6.1939120439e+02	8.6910396814e-01	5.4693734646e-01	6.9740855694e-01
6.1981091383e+02	8.7143516541e-01	5.4780906439e-01	6.9922918081e-01
6.2023062327e+02	8.7370610237e-01	5.4795736074e-01	6.9977837801e-01
6.2065033272e+02	8.7591868639e-01	5.4919320345e-01	7.0150572062e-01
6.2107004216e+02	8.7807488441e-01	5.4947674274e-01	7.0466989279e-01
6.2148975160e+02	8.8017642498e-01	5.5014061928e-01	7.0392584801e-01
6.2190946104e+02	8.8222515583e-01	5.4973733425e-01	7.0432817936e-01
6.2232917048e+02	8.8422262669e-01	5.5419099331e-01	7.0611447096e-01
6.2274887992e+02	8.8617062569e-01	5.5805802345e-01	7.0674502850e-01
6.2316858936e+02	8.8807052374e-01	5.5756574869e-01	7.0588159561e-01
6.2358829880e+02	8.8992398977e-01	5.5653029680e-01	7.0642894506e-01
6.2400800825e+02	8.9173239470e-01	5.5692565441e-01	7.0853871107e-01
6.2442771769e+02	8.9349710941e-01	5.5628162622e-01	7.0770996809e-01
6.2484742713e+02	8.9521956444e-01	5.6000095606e-01	7.0761197805e-01
6.2526713657e+02	8.9690101147e-01	5.6031858921e-01	7.0706123114e-01
6.2568684601e+02	8.9854264259e-01	5.5987334251e-01	7.0673286915e-01
6.2610655545e+02	9.0014570951e-01	5.6120562553e-01	7.0703464746e-01
6.2652626489e+02	9.0171140432e-01	5.6299185753e-01	7.0667469501e-01
6.2694597433e+02	9.0324074030e-01	5.6305354834e-01	7.0720160007e-01
6.2736568377e+02	9.0473496914e-01	5.6423860788e-01	7.0537501574e-01
6.2778539322e+02	9.0619492531e-01	5.6508702040e-01	7.0403200388e-01
6.2820510266e+02	9.0762180090e-01	5.6612622738e-01	7.0434606075e-01
6.2862481210e+02	9.0901643038e-01	5.6709563732e-01	7.0442426205e-01
6.2904452154e+02	9.1037982702e-01	5.6817257404e-01	7.0320034027e-01
6.2946423098e+02	9.1171282530e-01	5.6666213274e-01	7.0261240005e-01
6.2988394042e+02	9.1301637888e-01	5.7161343098e-01	7.0183789730e-01
6.3030364986e+02	9.1429126263e-01	5.7259577513e-01	7.0131218433e-01
6.3072335930e+02	9.1553837061e-01	5.7623368502e-01	7.0146244764e-01
6.3114306875e+02	9.1675835848e-01	5.6735247374e-01	7.0127081871e-01
6.3156277819e+02	9.1795206070e-01	5.8092409372e-01	6.9967782497e-01
6.3198248763e+02	9.1912025213e-01	5.8391606808e-01	7.0037955046e-01
6.3240219707e+02	9.2026358843e-01	5.7777422667e-01	6.9821256399e-01
6.3282190651e+02	9.2138272524e-01	5.7553589344e-01	6.9745433331e-01
6.3324161595e+02	9.2247837782e-01	5.8030456305e-01	6.9843465090e-01
6.3366132539e+02	9.2355114222e-01	5.8068031073e-01	6.9804966450e-01
6.3408103483e+02	9.2460173368e-01	5.8319729567e-01	6.9871622324e-01
6.3450074428e+02	9.2563062906e-01	5.8527243137e-01	6.9776242971e-01
6.3492045372e+02	9.2663848400e-01	5.8566099405e-01	6.9626927376e-01
6.3534016316e+02	9.2762577534e-01	5.8767706156e-01	6.9607335329e-01
6.3575987260e+02	9.2859315872e-01	5.8891320229e-01	6.9629269838e-01
6.3617958204e+02	9.2954111099e-01	5.8999639750e-01	6.9683372974e-01
6.3659929148e+02	9.3047010899e-01	5.9154820442e-01	6.9591450691e-01
6.3701900092e+02	9.3138074875e-01	5.9263461828e-01	6.9649004936e-01
6.3743871036e+02	9.3227332830e-01	5.9362822771e-01	6.9865554571e-01
6.3785841980e+02	9.3314850330e-01	5.9241801500e-01	6.9719636440e-01
6.3827812925e+02	9.3400657177e-01	5.9274244308e-01	6.9812875986e-01
6.3869783869e+02	9.3484801054e-01	5.9375900030e-01	6.9981801510e-01
6.3911754813e+02	9.3567329645e-01	5.9495294094e-01	7.0121341944e-01
6.3953725757e+02	9.3648278713e-01	5.9497404099e-01	7.0118308067e-01
6.3995696701e+02	9.3727689981e-01	5.9433573484e-01	7.0297592878e-01
6.4037667645e+02	9.3805599213e-01	5.9596729279e-01	7.0286470652e-01
6.4079638589e+02	9.3882042170e-01	5.9681040049e-01	7.0360934734e-01
6.4121609533e+02	9.3957060575e-01	5.9733438492e-01	7.0322310925e-01
6.4163580478e+02	9.4030684233e-01	5.9791129827e-01	7.0558953285e-01
6.4205551422e+02	9.4102948904e-01	5.9897768497e-01	7.0537143946e-01
6.4247522366e+02	9.4173890352e-01	5.9957534075e-01	7.0548796654e-01
6.4289493310e+02	9.4243538380e-01	6.0046344995e-01	7.0635849237e-01
6.4331464254e+02	9.4311916828e-01	6.0222136974e-01	7.0678061247e-01
6.4373435198e+02	9.4379067421e-01	6.0254591703e-01	7.0538908243e-01
6.4415406142e+02	9.4445014000e-01	6.0426336527e-01	7.0572167635e-01
6.4457377086e+02	9.4509786367e-01	6.0483658314e-01	7.0602583885e-01
6.4499348031e+02	9.4573408365e-01	6.0534906387e-01	7.0473814011e-01
6.4541318975e+02	9.4635909796e-01	6.0661214590e-01	7.0471507311e-01
6.4583289919e+02	9.4697320461e-01	6.0731422901e-01	7.0587760210e-01
6.4625260863e+02	9.4757652283e-01	6.0656321049e-01	7.0415204763e-01
6.4667231807e+02	9.4816946983e-01	6.0885959864e-01	7.0317924023e-01
6.4709202751e+02	9.4875216484e-01	6.0987144709e-01	7.0552402735e-01
6.4751173695e+02	9.4932490587e-01	6.0941570997e-01	7.0360243320e-01
6.4793144639e+02	9.4988787174e-01	6.1011481285e-01	7.0274740458e-01
6.4835115583e+02	9.5044124126e-01	6.1065620184e-01	7.0219331980e-01
6.4877086528e+02	9.5098537207e-01	6.1127251387e-01	7.0343393087e-01
6.4919057472e+02	9.5152032375e-01	6.1163508892e-01	7.0312088728e-01
6.4961028416e+02	9.5204639435e-01	6.1222696304e-01	7.0322799683e-01
6.5002999360e+02	9.5256376266e-01	6.1284482479e-01	7.0253181458e-01
6.5044970304e+02	9.5307254791e-01	6.1365747452e-01	7.0189625025e-01
6.5086941248e+02	9.5357304811e-01	6.1302566528e-01	7.0222109556e-01
6.5128912192e+02	9.5406538248e-01	6.1369317770e-01	7.0242923498e-01
6.5170883136e+02	9.5454967022e-01	6.1386722326e-01	7.0308226347e-01
6.5212854081e+02	9.5502620935e-01	6.1433285475e-01	7.0344567299e-01
6.5254825025e+02	9.5549505949e-01	6.1488771439e-01	7.0330929756e-01
6.5296795969e+02	9.5595645905e-01	6.1535561085e-01	7.0275062323e-01
6.5338766913e+02	9.5641046762e-01	6.1562317610e-01	7.0449894667e-01
6.5380737857e+02	9.5685738325e-01	6.1615490913e-01	7.0487236977e-01
6.5422708801e+02	9.5729720592e-01	6.1645275354e-01	7.0478045940e-01
6.5464679745e+02	9.5773017406e-01	6.1614537239e-01	7.0605909824e-01
6.5506650689e+02	9.5815646648e-01	6.1704367399e-01	7.0675873756e-01
6.5548621634e+02	9.5857608318e-01	6.1678200960e-01	7.0600783825e-01
6.5590592578e+02	9.5898926258e-01	6.1766737700e-01	7.0690262318e-01
6.5632563522e+02	9.5939612389e-01	6.1809414625e-01	7.0876729488e-01
6.5674534466e+02	9.5979678631e-01	6.1840468645e-01	7.0759224892e-01
6.5716505410e+02	9.6019136906e-01	6.1887425184e-01	7.0984971523e-01
6.5758476354e+02	9.6057999134e-01	6.1923444271e-01	7.1042472124e-01
6.5800447298e+02	9.6096283197e-01	6.1989110708e-01	7.1140235662e-01
6.5842418242e+02	9.6133989096e-01	6.2006348372e-01	7.1184408665e-01
6.5884389186e+02	9.6171140671e-01	6.2063515186e-01	7.1289312840e-01
6.5926360131e+02	9.6207737923e-01	6.2063002586e-01	7.1330720186e-01
6.5968331075e+02	9.6243798733e-01	6.2097835541e-01	7.1411019564e-01
6.6010302019e+02	9.6279329062e-01	6.2154662609e-01	7.1422886848e-01
6.6052272963e+02	9.6314346790e-01	6.2184041739e-01	7.1506488323e-01
6.6094243907e+02	9.6348851919e-01	6.2280315161e-01	7.1601790190e-01
6.6136214851e+02	9.6382862329e-01	6.2278389931e-01	7.1591293812e-01
6.6178185795e+02	9.6416383982e-01	6.2348502874e-01	7.1703964472e-01
6.6220156739e+02	9.6449428797e-01	6.2383472919e-01	7.1743559837e-01
6.6262127684e+02	9.6481996775e-01	6.2446242571e-01	7.1720528603e-01
6.6304098628e+02	9.6514111757e-01	6.2475991249e-01	7.1862035990e-01
6.6346069572e+02	9.6545773745e-01	6.2574541569e-01	7.1882092953e-01
6.6388040516e+02	9.6576988697e-01	6.2613427639e-01	7.1836352348e-01
6.6430011460e+02	9.6607768536e-01	6.2701088190e-01	7.1931707859e-01
6.6471982404e+02	9.6638119221e-01	6.2765264511e-01	7.1997284889e-01
6.6513953348e+02	9.6668052673e-01	6.2822341919e-01	7.1965360641e-01
6.6555924292e+02	9.6697574854e-01	6.2887221575e-01	7.2034907341e-01
6.6597895237e+02	9.6726691723e-01	6.2981897593e-01	7.2036969662e-01
6.6639866181e+02	9.6755415201e-01	6.2999963760e-01	7.2076743841e-01
6.6681837125e+02	9.6783745289e-01	6.3144475222e-01	7.2164165974e-01
6.6723808069e+02	9.6811693907e-01	6.3163721561e-01	7.2138166428e-01
6.6765779013e+02	9.6839267015e-01	6.3268339634e-01	7.2120153904e-01
6.6807749957e+02	9.6866476536e-01	6.3357567787e-01	7.2248023748e-01
6.6849720901e+02	9.6893316507e-01	6.3389909267e-01	7.2297573090e-01
6.6891691845e+02	9.6919804811e-01	6.3459849358e-01	7.2177106142e-01
6.6933662789e+02	9.6945941448e-01	6.3547319174e-01	7.2256147861e-01
6.6975633734e+02	9.6971732378e-01	6.3694143295e-01	7.2164088488e-01
6.7017604678e+02	9.6997189522e-01	6.3796210289e-01	7.2153633833e-01
6.7059575622e+02	9.7022312880e-01	6.3862335682e-01	7.2239726782e-01
6.7101546566e+02	9.7047114372e-01	6.3937324286e-01	7.2260385752e-01
6.7143517510e+02	9.7071594000e-01	6.4029961824e-01	7.2158944607e-01
6.7185488454e+02	9.7095757723e-01	6.4094620943e-01	7.2188299894e-01
6.7227459398e+02	9.7119617462e-01	6.4139568806e-01	7.2155565023e-01
6.7269430342e+02	9.7143167257e-01	6.4181262255e-01	7.2149997950e-01
6.7311401287e+02	9.7166419029e-01	6.4319515228e-01	7.2053885460e-01
6.7353372231e+02	9.7189378738e-01	6.4400213957e-01	7.2087931633e-01
6.7395343175e+02	9.7212052345e-01	6.4431542158e-01	7.2092527151e-01
6.7437314119e+02	9.7234439850e-01	6.4469462633e-01	7.2202926874e-01
6.7479285063e+02	9.7256547213e-01	6.4574843645e-01	7.2168326378e-01
6.7521256007e+02	9.7278386354e-01	6.4627546072e-01	7.2153848410e-01
6.7563226951e+02	9.7299951315e-01	6.4699298143e-01	7.2244197130e-01
6.7605197895e+02	9.7321248055e-01	6.4747196436e-01	7.2326529026e-01
6.7647168840e+02	9.7342288494e-01	6.4809530973e-01	7.2316688299e-01
6.7689139784e+02	9.7363066673e-01	6.4858108759e-01	7.2241693735e-01
6.7731110728e+02	9.7383600473e-01	6.4905625582e-01	7.2254240513e-01
6.7773081672e+02	9.7403877974e-01	6.4974123240e-01	7.2247201204e-01
6.7815052616e+02	9.7423917055e-01	6.5009725094e-01	7.2343581915e-01
6.7857023560e+02	9.7443711758e-01	6.5047752857e-01	7.2407853603e-01
6.7898994504e+02	9.7463274002e-01	6.5095800161e-01	7.2387713194e-01
6.7940965448e+02	9.7482603788e-01	6.5172541142e-01	7.2374886274e-01
6.7982936392e+02	9.7501701117e-01	6.5225929022e-01	7.2453820705e-01
6.8024907337e+02	9.7520571947e-01	6.5271055698e-01	7.2481203079e-01
6.8066878281e+02	9.7539228201e-01	6.5310096741e-01	7.2406256199e-01
6.8108849225e+02	9.7557657957e-01	6.5369856358e-01	7.2402918339e-01
6.8150820169e+02	9.7575879097e-01	6.5417939425e-01	7.2517782450e-01
6.8192791113e+02	9.7593885660e-01	6.5510052443e-01	7.2366881371e-01
6.8234762057e+02	9.7611683607e-01	6.5552246571e-01	7.2428011894e-01
6.8276733001e+02	9.7629278898e-01	6.5639215708e-01	7.2340279818e-01
6.8318703945e+02	9.7646671534e-01	6.5709733963e-01	7.2438973188e-01
6.8360674890e+02	9.7663861513e-01	6.5773147345e-01	7.2484844923e-01
6.8402645834e+02	9.7680860758e-01	6.5798062086e-01	7.2390663624e-01
6.8444616778e+02	9.7697669268e-01	6.5891647339e-01	7.2395873070e-01
6.8486587722e+02	9.7714287043e-01	6.5899723768e-01	7.2387796640e-01
6.8528558666e+02	9.7730714083e-01	6.5964335203e-01	7.2436279058e-01
6.8570529610e+02	9.7746956348e-01	6.6024327278e-01	7.2449076176e-01
6.8612500554e+02	9.7763025761e-01	6.6136312485e-01	7.2467219830e-01
6.8654471498e+02	9.7778910398e-01	6.6152447462e-01	7.2395944595e-01
6.8696442443e+02	9.7794616222e-01	6.6249167919e-01	7.2435808182e-01
6.8738413387e+02	9.7810155153e-01	6.6315269470e-01	7.2500211000e-01
6.8780384331e+02	9.7825521231e-01	6.6378462315e-01	7.2394865751e-01
6.8822355275e+02	9.7840720415e-01	6.6417211294e-01	7.2460490465e-01
6.8864326219e+02	9.7855752707e-01	6.6470253468e-01	7.2447425127e-01
6.8906297163e+02	9.7870624065e-01	6.6510832310e-01	7.2464388609e-01
6.8948268107e+02	9.7885328531e-01	6.6565221548e-01	7.2395020723e-01
6.8990239051e+02	9.7899878025e-01	6.6626459360e-01	7.2406631708e-01
6.9032209995e+02	9.7914272547e-01	6.6704040766e-01	7.2430050373e-01
6.9074180940e+02	9.7928512096e-01	6.6817528009e-01	7.2419130802e-01
6.9116151884e+02	9.7942602634e-01	6.6832232475e-01	7.2449576855e-01
6.9158122828e+02	9.7956544161e-01	6.6911321878e-01	7.2360587120e-01
6.9200093772e+02	9.7970336676e-01	6.6982823610e-01	7.2425544262e-01
6.9242064716e+02	9.7983980179e-01	6.7036432028e-01	7.2406530380e-01
6.9284035660e+02	9.7997480631e-01	6.7083805799e-01	7.2412979603e-01
6.9326006604e+02	9.8010843992e-01	6.7153650522e-01	7.2397673130e-01
6.9367977548e+02	9.8024070263e-01	6.7215752602e-01	7.2496181726e-01
6.9409948493e+02	9.8037153482e-01	6.7259210348e-01	7.2414767742e-01
6.9451919437e+02	9.8050105572e-01	6.7300212383e-01	7.2465932369e-01
6.9493890381e+02	9.8062920570e-01	6.7423737049e-01	7.2531700134e-01
6.9535861325e+02	9.8075604439e-01	6.7463237047e-01	7.2381049395e-01
6.9577832269e+02	9.8088163137e-01	6.7490339279e-01	7.2407644987e-01
6.9619803213e+02	9.8100590706e-01	6.7545443773e-01	7.2382318974e-01
6.9661774157e+02	9.8112893105e-01	6.7607420683e-01	7.2338634729e-01
6.9703745101e+02	9.8125070333e-01	6.7678463459e-01	7.2403120995e-01
6.9745716046e+02	9.8137122393e-01	6.7778801918e-01	7.2370374203e-01
6.9787686990e+02	9.8149055243e-01	6.7832887173e-01	7.2403734922e-01
6.9829657934e+02	9.8160868883e-01	6.7855310440e-01	7.2308087349e-01
6.9871628878e+02	9.8172569275e-01	6.7942941189e-01	7.2371047735e-01
6.9913599822e+02	9.8184144497e-01	6.7981827259e-01	7.2411245108e-01
6.9955570766e+02	9.8195612431e-01	6.8035095930e-01	7.2366791964e-01
6.9997541710e+02	9.8206967115e-01	6.8073600531e-01	7.2308784723e-01
7.0039512654e+02	9.8218202591e-01	6.8171834946e-01	7.2334039211e-01
7.0081483598e+02	9.8229336739e-01	6.8237930536e-01	7.2323644161e-01
7.0123454543e+02	9.8240357637e-01	6.8237411976e-01	7.2328507900e-01
7.0165425487e+02	9.8251271248e-01	6.8349570036e-01	7.2349524498e-01
7.0207396431e+02	9.8262077570e-01	6.8402040005e-01	7.2310405970e-01
7.0249367375e+02	9.8272782564e-01	6.8437319994e-01	7.2340226173e-01
7.0291338319e+02	9.8283386230e-01	6.8558794260e-01	7.2213339806e-01
7.0333309263e+02	9.8293882608e-01	6.8581509590e-01	7.2229361534e-01
7.0375280207e+02	9.8304283619e-01	6.8605738878e-01	7.2222858667e-01
7.0417251151e+02	9.8314583302e-01	6.8667227030e-01	7.2256356478e-01
7.0459222096e+02	9.8324787617e-01	6.8772751093e-01	7.2172766924e-01
7.0501193040e+02	9.8334890604e-01	6.8781286478e-01	7.2255146503e-01
7.0543163984e+02	9.8344898224e-01	6.8863999844e-01	7.2209870815e-01
7.0585134928e+02	9.8354816437e-01	6.8940812349e-01	7.2117519379e-01
7.0627105872e+02	9.8364639282e-01	6.8975001574e-01	7.2222357988e-01
7.0669076816e+02	9.8374372721e-01	6.9032526016e-01	7.2189128399e-01
7.0711047760e+02	9.8384010792e-01	6.9117975235e-01	7.2146463394e-01
7.0753018704e+02	9.8393565416e-01	6.9139289856e-01	7.2124928236e-01
7.0794989649e+02	9.8403024673e-01	6.9184386730e-01	7.2081720829e-01
7.0836960593e+02	9.8412400484e-01	6.9260442257e-01	7.2122293711e-01
7.0878931537e+02	9.8421692848e-01	6.9333791733e-01	7.2129017115e-01
7.0920902481e+02	9.8430895805e-01	6.9387221336e-01	7.2108942270e-01
7.0962873425e+02	9.8440015316e-01	6.9452482462e-01	7.2087937593e-01
7.1004844369e+02	9.8449051380e-01	6.9501686096e-01	7.2084242105e-01
7.1046815313e+02	9.8458009958e-01	6.9581627846e-01	7.1979343891e-01
7.1088786257e+02	9.8466885090e-01	6.9628936052e-01	7.2030669451e-01
7.1130757201e+02	9.8475676775e-01	6.9644266367e-01	7.2055131197e-01
7.1172728146e+02	9.8484396935e-01	6.9743484259e-01	7.1959298849e-01
7.1214699090e+02	9.8493033648e-01	6.9790875912e-01	7.1994334459e-01
7.1256670034e+02	9.8501592875e-01	6.9855433702e-01	7.1961343288e-01
7.1298640978e+02	9.8510074615e-01	6.9915658236e-01	7.1996200085e-01
7.1340611922e+02	9.8518484831e-01	6.9968026876e-01	7.1903783083e-01
7.1382582866e+02	9.8526823521e-01	7.0040023327e-01	7.1939194202e-01
7.1424553810e+02	9.8535084724e-01	7.0058655739e-01	7.1954005957e-01
7.1466524754e+02	9.8543274403e-01	7.0129632950e-01	7.1924871206e-01
7.1508495699e+02	9.8551386595e-01	7.0180147886e-01	7.1854966879e-01
7.1550466643e+02	9.8559433222e-01	7.0258122683e-01	7.1885812283e-01
7.1592437587e+02	9.8567414284e-01	7.0301687717e-01	7.1899163723e-01
7.1634408531e+02	9.8575317860e-01	7.0332711935e-01	7.1915990114e-01
7.1676379475e+02	9.8583161831e-01	7.0414042473e-01	7.1837353706e-01
7.1718350419e+02	9.8590928316e-01	7.0465224981e-01	7.1824514866e-01
7.1760321363e+02	9.8598635197e-01	7.0550984144e-01	7.1890968084e-01
7.1802292307e+02	9.8606276512e-01	7.0540422201e-01	7.1816253662e-01
7.1844263252e+02	9.8613846302e-01	7.0621228218e-01	7.1759700775e-01
7.1886234196e+02	9.8621356487e-01	7.0718491077e-01	7.1831035614e-01
7.1928205140e+02	9.8628801107e-01	7.0703393221e-01	7.1856677532e-01
7.1970176084e+02	9.8636186123e-01	7.0750081539e-01	7.1843498945e-01
7.2012147028e+02	9.8643505573e-01	7.0840919018e-01	7.1808290482e-01
7.2054117972e+02	9.8650765419e-01	7.0884585381e-01	7.1768099070e-01
7.2096088916e+02	9.8657959700e-01	7.0949214697e-01	7.1798789501e-01
7.2138059860e+02	9.8665100336e-01	7.0995825529e-01	7.1704828739e-01
7.2180030804e+02	9.8672175407e-01	7.1065276861e-01	7.1692824364e-01
7.2222001749e+02	9.8679196835e-01	7.1113610268e-01	7.1673107147e-01
7.2263972693e+02	9.8686158657e-01	7.1134459972e-01	7.1704554558e-01
7.2305943637e+02	9.8693060875e-01	7.1177989244e-01	7.1672761440e-01
7.2347914581e+02	9.8699909449e-01	7.1243464947e-01	7.1729141474e-01
7.2389885525e+02	9.8706698418e-01	7.1278518438e-01	7.1563106775e-01
7.2431856469e+02	9.8713433743e-01	7.1334952116e-01	7.1664702892e-01
7.2473827413e+02	9.8720115423e-01	7.1400576830e-01	7.1640235186e-01
7.2515798357e+02	9.8726743460e-01	7.1437275410e-01	7.1647197008e-01
7.2557769302e+02	9.8733311892e-01	7.1491712332e-01	7.1640318632e-01
7.2599740246e+02	9.8739832640e-01	7.1558177471e-01	7.1656692028e-01
7.2641711190e+02	9.8746299744e-01	7.1591180563e-01	7.1555918455e-01
7.2683682134e+02	9.8752713203e-01	7.1659249067e-01	7.1635222435e-01
7.2725653078e+02	9.8759073019e-01	7.1728450060e-01	7.1673744917e-01
7.2767624022e+02	9.8765391111e-01	7.1767669916e-01	7.1573287249e-01
7.2809594966e+02	9.8771649599e-01	7.1808195114e-01	7.1579450369e-01
7.2851565910e+02	9.8777860403e-01	7.1822285652e-01	7.1624785662e-01
7.2893536855e+02	9.8784023523e-01	7.1896851063e-01	7.1601462364e-01
7.2935507799e+02	9.8790138960e-01	7.1931928396e-01	7.1502751112e-01
7.2977478743e+02	9.8796206713e-01	7.1963459253e-01	7.1585029364e-01
7.3019449687e+02	9.8802220821e-01	7.2037249804e-01	7.1556848288e-01
7.3061420631e+02	9.8808193207e-01	7.2083216906e-01	7.1574616432e-01
7.3103391575e+02	9.8814117908e-01	7.2130763531e-01	7.1613776684e-01
7.3145362519e+02	9.8820000887e-01	7.2146987915e-01	7.1468919516e-01
7.3187333463e+02	9.8825830221e-01	7.2204607725e-01	7.1517622471e-01
7.3229304407e+02	9.8831617832e-01	7.2249382734e-01	7.1378755569e-01
7.3271275352e+02	9.8837363720e-01	7.2321671247e-01	7.1506065130e-01
7.3313246296e+02	9.8843061924e-01	7.2340303659e-01	7.1514135599e-01
7.3355217240e+02	9.8848712444e-01	7.2370606661e-01	7.1455579996e-01
7.3397188184e+02	9.8854327202e-01	7.2451645136e-01	7.1502172947e-01
7.3439159128e+02	9.8859894276e-01	7.2533285618e-01	7.1415698528e-01
7.3481130072e+02	9.8865419626e-01	7.2540271282e-01	7.1432000399e-01
7.3523101016e+02	9.8870903254e-01	7.2570043802e-01	7.1445816755e-01
7.3565071960e+02	9.8876351118e-01	7.2644579411e-01	7.1419727802e-01
7.3607042905e+02	9.8881751299e-01	7.2684133053e-01	7.1352243423e-01
7.3649013849e+02	9.8887109756e-01	7.2724413872e-01	7.1464723349e-01
7.3690984793e+02	9.8892432451e-01	7.2762745619e-01	7.1343600750e-01
7.3732955737e+02	9.8897713423e-01	7.2814160585e-01	7.1388560534e-01
7.3774926681e+02	9.8902952671e-01	7.2831141949e-01	7.1358084679e-01
7.3816897625e+02	9.8908156157e-01	7.2883313894e-01	7.1369165182e-01
7.3858868569e+02	9.8913317919e-01	7.2924590111e-01	7.1328103542e-01
7.3900839513e+02	9.8918443918e-01	7.3022210598e-01	7.1321243048e-01
7.3942810458e+02	9.8923534155e-01	7.3003321886e-01	7.1417564154e-01
7.3984781402e+02	9.8928582668e-01	7.3046624660e-01	7.1362751722e-01
7.4026752346e+02	9.8933595419e-01	7.3119688034e-01	7.1279960871e-01
7.4068723290e+02	9.8938572407e-01	7.3156428337e-01	7.1265393496e-01
7.4110694234e+02	9.8943513632e-01	7.3200958967e-01	7.1298623085e-01
7.4152665178e+02	9.8948419094e-01	7.3252344131e-01	7.1194612980e-01
7.4194636122e+02	9.8953282833e-01	7.3306065798e-01	7.1161007881e-01
7.4236607066e+02	9.8958116770e-01	7.3333454132e-01	7.1158689260e-01
7.4278578010e+02	9.8962914944e-01	7.3386365175e-01	7.1136933565e-01
7.4320548955e+02	9.8967677355e-01	7.3452556133e-01	7.1189695597e-01
7.4362519899e+02	9.8972409964e-01	7.3479431868e-01	7.1154683828e-01
7.4404490843e+02	9.8977100849e-01	7.3513293266e-01	7.1142029762e-01
7.4446461787e+02	9.8981761932e-01	7.3560458422e-01	7.1164441109e-01
7.4488432731e+02	9.8986393213e-01	7.3564714193e-01	7.1150982380e-01
7.4530403675e+02	9.8990988731e-01	7.3633700609e-01	7.1052443981e-01
7.4572374619e+02	9.8995548487e-01	7.3677527905e-01	7.1125209332e-01
7.4614345563e+02	9.9000078440e-01	7.3725962639e-01	7.1089267731e-01
7.4656316508e+02	9.9004578590e-01	7.3754847050e-01	7.1048307419e-01
7.4698287452e+02	9.9009042978e-01	7.3824185133e-01	7.1013373137e-01
7.4740258396e+02	9.9013477564e-01	7.3842227459e-01	7.1080237627e-01
7.4782229340e+02	9.9017882347e-01	7.3884177208e-01	7.0985203981e-01
7.4824200284e+02	9.9022257328e-01	7.3934745789e-01	7.0942044258e-01
7.4866171228e+02	9.9026596546e-01	7.3967534304e-01	7.1007460356e-01
7.4908142172e+02	9.9030911922e-01	7.4020612240e-01	7.0936244726e-01
7.4950113116e+02	9.9035191536e-01	7.4032664299e-01	7.0895862579e-01
7.4992084061e+02	9.9039447308e-01	7.4065101147e-01	7.0856082439e-01
7.5034055005e+02	9.9043673277e-01	7.4101996422e-01	7.0911979675e-01
7.5076025949e+02	9.9047863483e-01	7.4142742157e-01	7.0842814445e-01
7.5117996893e+02	9.9052029848e-01	7.4216783047e-01	7.0948237181e-01
7.5159967837e+02	9.9056166410e-01	7.4247878790e-01	7.0824998617e-01
7.5201938781e+02	9.9060279131e-01	7.4272781610e-01	7.0827621222e-01
7.5243909725e+02	9.9064356089e-01	7.4315482378e-01	7.0780140162e-01
7.5285880669e+02	9.9068409204e-01	7.4351847172e-01	7.0769453049e-01
7.5327851613e+02	9.9072438478e-01	7.4416124821e-01	7.0755463839e-01
7.5369822558e+02	9.9076431990e-01	7.4433821440e-01	7.0719110966e-01
7.5411793502e+02	9.9080407619e-01	7.4499511719e-01	7.0627850294e-01
7.5453764446e+02	9.9084347486e-01	7.4494391680e-01	7.0615792274e-01
7.5495735390e+02	9.9088269472e-01	7.4552977085e-01	7.0776283741e-01
7.5537706334e+02	9.9092161655e-01	7.4564528465e-01	7.0647555590e-01
7.5579677278e+02	9.9096024036e-01	7.4605381489e-01	7.0554202795e-01
7.5621648222e+02	9.9099868536e-01	7.4645519257e-01	7.0486325026e-01
7.5663619166e+02	9.9103683233e-01	7.4701035023e-01	7.0553261042e-01
7.5705590111e+02	9.9107468128e-01	7.4726545811e-01	7.0595908165e-01
7.5747561055e+02	9.9111235142e-01	7.4765908718e-01	7.0498174429e-01
7.5789531999e+02	9.9114972353e-01	7.4794048071e-01	7.0484668016e-01
7.5831502943e+02	9.9118685722e-01	7.4855005741e-01	7.0491105318e-01
7.5873473887e+02	9.9122375250e-01	7.4888014793e-01	7.0544409752e-01
7.5915444831e+02	9.9126040936e-01	7.4898838997e-01	7.0491462946e-01
7.5957415775e+02	9.9129682779e-01	7.4937772751e-01	7.0456230640e-01
7.5999386719e+02	9.9133300781e-01	7.4999046326e-01	7.0451378822e-01
7.6041357664e+02	9.9136900902e-01	7.5045120716e-01	7.0399469137e-01
7.6083328608e+02	9.9140471220e-01	7.5069499016e-01	7.0424664021e-01
7.6125299552e+02	9.9144017696e-01	7.5090384483e-01	7.0327848196e-01
7.6167270496e+02	9.9147540331e-01	7.5140255690e-01	7.0387858152e-01
7.6209241440e+02	9.9151045084e-01	7.5184279680e-01	7.0459407568e-01
7.6251212384e+02	9.9154525995e-01	7.5187504292e-01	7.0243769884e-01
7.6293183328e+02	9.9157983065e-01	7.5231426954e-01	7.0310729742e-01
7.6335154272e+02	9.9161416292e-01	7.5273126364e-01	7.0306879282e-01
7.6377125216e+02	9.9164831638e-01	7.5284564495e-01	7.0258772373e-01
7.6419096161e+02	9.9168223143e-01	7.5373357534e-01	7.0255196095e-01
7.6461067105e+02	9.9171596766e-01	7.5376123190e-01	7.0162844658e-01
7.6503038049e+02	9.9174940586e-01	7.5424087048e-01	7.0118325949e-01
7.6545008993e+02	9.9178272486e-01	7.5463616848e-01	7.0101386309e-01
7.6586979937e+02	9.9181574583e-01	7.5492507219e-01	7.0226222277e-01
7.6628950881e+02	9.9184864759e-01	7.5504004955e-01	7.0130163431e-01
7.6670921825e+02	9.9188131094e-01	7.5560539961e-01	7.0151859522e-01
7.6712892769e+02	9.9191373587e-01	7.5631755590e-01	7.0140755177e-01
7.6754863714e+02	9.9194598198e-01	7.5628292561e-01	7.0048266649e-01
7.6796834658e+02	9.9197798967e-01	7.5675827265e-01	7.0039957762e-01
7.6838805602e+02	9.9200987816e-01	7.5714337826e-01	7.0027834177e-01
7.6880776546e+02	9.9204152822e-01	7.5727444887e-01	6.9895476103e-01
7.6922747490e+02	9.9207293987e-01	7.5782114267e-01	6.9857937098e-01
7.6964718434e+02	9.9210423231e-01	7.5793075562e-01	6.9912505150e-01
7.7006689378e+02	9.9213528633e-01	7.5844097137e-01	7.0039671659e-01
7.7048660322e+02	9.9216616154e-01	7.5874227285e-01	6.9878023863e-01
7.7090631267e+02	9.9219685793e-01	7.5928497314e-01	6.9865316153e-01
7.7132602211e+02	9.9222731590e-01	7.5930917263e-01	6.9876575470e-01
7.7174573155e+02	9.9225765467e-01	7.5988447666e-01	6.9872868061e-01
7.7216544099e+02	9.9228775501e-01	7.6013731956e-01	6.9789111614e-01
7.7258515043e+02	9.9231767654e-01	7.6050025225e-01	6.9799166918e-01
7.7300485987e+02	9.9234741926e-01	7.6112735271e-01	6.9768691063e-01
7.7342456931e+02	9.9237704277e-01	7.6101583242e-01	6.9755685329e-01
7.7384427875e+02	9.9240642786e-01	7.6127469540e-01	6.9696265459e-01
7.7426398819e+02	9.9243563414e-01	7.6190787554e-01	6.9635951519e-01
7.7468369764e+02	9.9246466160e-01	7.6202976704e-01	6.9656789303e-01
7.7510340708e+02	9.9249356985e-01	7.6247787476e-01	6.9680929184e-01
7.7552311652e+02	9.9252223969e-01	7.6250994205e-01	6.9659298658e-01
7.7594282596e+02	9.9255079031e-01	7.6297742128e-01	6.9639611244e-01
7.7636253540e+02	9.9257916212e-01	7.6327699423e-01	6.9616442919e-01
7.7678224484e+02	9.9260729551e-01	7.6392835379e-01	6.9615280628e-01
7.7720195428e+02	9.9263536930e-01	7.6390165091e-01	6.9632762671e-01
7.7762166372e+02	9.9266320467e-01	7.6415526867e-01	6.9453066587e-01
7.7804137317e+02	9.9269086123e-01	7.6437664032e-01	6.9508582354e-01
7.7846108261e+02	9.9271839857e-01	7.6492303610e-01	6.9415336847e-01
7.7888079205e+02	9.9274575710e-01	7.6527255774e-01	6.9583421946e-01
7.7930050149e+02	9.9277299643e-01	7.6547873020e-01	6.9453787804e-01
7.7972021093e+02	9.9279999733e-01	7.6580965519e-01	6.9505894184e-01
7.8013992037e+02	9.9282687902e-01	7.6616859436e-01	6.9404816628e-01
7.8055962981e+02	9.9285364151e-01	7.6657015085e-01	6.9425779581e-01
7.8097933925e+02	9.9288022518e-01	7.6680338383e-01	6.9402426481e-01
7.8139904870e+02	9.9290663004e-01	7.6706910133e-01	6.9327914715e-01
7.8181875814e+02	9.9293285608e-01	7.6723068953e-01	6.9323199987e-01
7.8223846758e+02	9.9295896292e-01	7.6729667187e-01	6.9305980206e-01
7.8265817702e+02	9.9298495054e-01	7.6742154360e-01	6.9254398346e-01
7.8307788646e+02	9.9301075935e-01	7.6802223921e-01	6.9343048334e-01
7.8349759590e+02	9.9303644896e-01	7.6838332415e-01	6.9260191917e-01
7.8391730534e+02	9.9306195974e-01	7.6850360632e-01	6.9149357080e-01
7.8433701478e+02	9.9308729172e-01	7.6880985498e-01	6.9237667322e-01
7.8475672422e+02	9.9311256409e-01	7.6911556721e-01	6.9234955311e-01
7.8517643367e+02	9.9313759804e-01	7.6931709051e-01	6.9200789928e-01
7.8559614311e+02	9.9316257238e-01	7.6971048117e-01	6.9260984659e-01
7.8601585255e+02	9.9318736792e-01	7.6995253563e-01	6.9181960821e-01
7.8643556199e+02	9.9321198463e-01	7.7007269859e-01	6.9211691618e-01
7.8685527143e+02	9.9323654175e-01	7.7008694410e-01	6.9135254622e-01
7.8727498087e+02	9.9326092005e-01	7.7054893970e-01	6.9111818075e-01
7.8769469031e+02	9.9328511953e-01	7.7103477716e-01	6.9187736511e-01
7.8811439975e+02	9.9330925941e-01	7.7126628160e-01	6.9160252810e-01
7.8853410920e+02	9.9333322048e-01	7.7112841606e-01	6.9020736217e-01
7.8895381864e+02	9.9335706234e-01	7.7182459831e-01	6.9108378887e-01
7.8937352808e+02	9.9338078499e-01	7.7217298746e-01	6.9055855274e-01
7.8979323752e+02	9.9340432882e-01	7.7185362577e-01	6.8966060877e-01
7.9021294696e+02	9.9342775345e-01	7.7220511436e-01	6.9020718336e-01
7.9063265640e+02	9.9345105886e-01	7.7267152071e-01	6.9089889526e-01
7.9105236584e+02	9.9347424507e-01	7.7285254002e-01	6.9049853086e-01
7.9147207528e+02	9.9349731207e-01	7.7337831259e-01	6.9030636549e-01
7.9189178473e+02	9.9352020025e-01	7.7363801003e-01	6.8979531527e-01
7.9231149417e+02	9.9354302883e-01	7.7372097969e-01	6.8992358446e-01
7.9273120361e+02	9.9356567860e-01	7.7389675379e-01	6.9037997723e-01
7.9315091305e+02	9.9358826876e-01	7.7403503656e-01	6.8980532885e-01
7.9357062249e+02	9.9361068010e-01	7.7484351397e-01	6.8956315517e-01
7.9399033193e+02	9.9363297224e-01	7.7463561296e-01	6.9046223164e-01
7.9441004137e+02	9.9365514517e-01	7.7500331402e-01	6.9022917747e-01
7.9482975081e+02	9.9367719889e-01	7.7561295033e-01	6.8971252441e-01
7.9524946025e+02	9.9369913340e-01	7.7548909187e-01	6.9001972675e-01
7.9566916970e+02	9.9372100830e-01	7.7581697702e-01	6.9006776810e-01
7.9608887914e+02	9.9374270439e-01	7.7613204718e-01	6.9053840637e-01
7.9650858858e+02	9.9376428127e-01	7.7634638548e-01	6.9025170803e-01
7.9692829802e+02	9.9378573895e-01	7.7700239420e-01	6.8985724449e-01
7.9734800746e+02	9.9380707741e-01	7.7695721388e-01	6.8953073025e-01
7.9776771690e+02	9.9382835627e-01	7.7735686302e-01	6.8993091583e-01
7.9818742634e+02	9.9384945631e-01	7.7758687735e-01	6.8996024132e-01
7.9860713578e+02	9.9387049675e-01	7.7782833576e-01	6.9058442116e-01
7.9902684523e+02	9.9389135838e-01	7.7820646763e-01	6.9072651863e-01
7.9944655467e+02	9.9391216040e-01	7.7824711800e-01	6.8994849920e-01
