wavelength_nm	ideal_target_transmittance	cvae_target_transmittance	tandem_response_transmittance
3.7973711347e+02	9.6733242273e-01	8.9338344336e-01	9.6689045429e-01
3.8015682291e+02	9.6708071232e-01	8.8760107756e-01	9.6426314116e-01
3.8057653235e+02	9.6682602167e-01	8.8228631020e-01	9.6111720800e-01
3.8099624179e+02	9.6656823158e-01	8.7653177977e-01	9.5772218704e-01
3.8141595123e+02	9.6630734205e-01	8.7075173855e-01	9.5395183563e-01
3.8183566067e+02	9.6604329348e-01	8.6532211304e-01	9.4985735416e-01
3.8225537011e+02	9.6577602625e-01	8.5968017578e-01	9.4544827938e-01
3.8267507956e+02	9.6550554037e-01	8.5410964489e-01	9.4107091427e-01
3.8309478900e+02	9.6523171663e-01	8.4860318899e-01	9.3618351221e-01
3.8351449844e+02	9.6495449543e-01	8.4317272902e-01	9.3116772175e-01
3.8393420788e+02	9.6467387676e-01	8.3804690838e-01	9.2616420984e-01
3.8435391732e+02	9.6438974142e-01	8.3290618658e-01	9.2083925009e-01
3.8477362676e+02	9.6410202980e-01	8.2811200619e-01	9.1515290737e-01
3.8519333620e+02	9.6381074190e-01	8.2337099314e-01	9.0975749493e-01
3.8561304564e+02	9.6351581812e-01	8.1862008572e-01	9.0442800522e-01
3.8603275508e+02	9.6321713924e-01	8.1405818462e-01	8.9875394106e-01
3.8645246453e+02	9.6291464567e-01	8.0986958742e-01	8.9358443022e-01
3.8687217397e+02	9.6260827780e-01	8.0560207367e-01	8.8768523932e-01
3.8729188341e+02	9.6229803562e-01	8.0136263371e-01	8.8219892979e-01
3.8771159285e+02	9.6198374033e-01	7.9718267918e-01	8.7656134367e-01
3.8813130229e+02	9.6166539192e-01	7.9389941692e-01	8.7125056982e-01
3.8855101173e+02	9.6134287119e-01	7.9017376900e-01	8.6585468054e-01
3.8897072117e+02	9.6101617813e-01	7.8677296638e-01	8.6033475399e-01
3.8939043061e+02	9.6068519354e-01	7.8283035755e-01	8.5449784994e-01
3.8981014006e+02	9.6034985781e-01	7.7842777967e-01	8.4945237637e-01
3.9022984950e+02	9.6001005173e-01	7.7622342110e-01	8.4432303905e-01
3.9064955894e+02	9.5966571569e-01	7.7344179153e-01	8.3924633265e-01
3.9106926838e+02	9.5931679010e-01	7.7064239979e-01	8.3425736427e-01
3.9148897782e+02	9.5896315575e-01	7.6819056273e-01	8.2928359509e-01
3.9190868726e+02	9.5860475302e-01	7.6586222649e-01	8.2465642691e-01
3.9232839670e+02	9.5824152231e-01	7.6342618465e-01	8.1950956583e-01
3.9274810614e+02	9.5787328482e-01	7.6114046574e-01	8.1535494328e-01
3.9316781559e+02	9.5750004053e-01	7.5932484865e-01	8.1046199799e-01
3.9358752503e+02	9.5712161064e-01	7.5760740042e-01	8.0608046055e-01
3.9400723447e+02	9.5673799515e-01	7.5535970926e-01	8.0155998468e-01
3.9442694391e+02	9.5634901524e-01	7.5354105234e-01	7.9760909081e-01
3.9484665335e+02	9.5595461130e-01	7.5225764513e-01	7.9319185019e-01
3.9526636279e+02	9.5555460453e-01	7.5114762783e-01	7.8979820013e-01
3.9568607223e+02	9.5514905453e-01	7.5004929304e-01	7.8523480892e-01
3.9610578167e+02	9.5473766327e-01	7.4906063080e-01	7.8213781118e-01
3.9652549111e+02	9.5432043076e-01	7.4893355370e-01	7.7791935205e-01
3.9694520056e+02	9.5389723778e-01	7.4711239338e-01	7.7360391617e-01
3.9736491000e+02	9.5346796513e-01	7.4744039774e-01	7.7045208216e-01
3.9778461944e+02	9.5303243399e-01	7.4673670530e-01	7.6625126600e-01
3.9820432888e+02	9.5259064436e-01	7.4532914162e-01	7.6344257593e-01
3.9862403832e+02	9.5214229822e-01	7.4402660131e-01	7.5942665339e-01
3.9904374776e+02	9.5168739557e-01	7.4523258209e-01	7.5777637959e-01
3.9946345720e+02	9.5122581720e-01	7.4423635006e-01	7.5448101759e-01
3.9988316664e+02	9.5075732470e-01	7.4394226074e-01	7.5168621540e-01
4.0030287609e+02	9.5028185844e-01	7.4550932646e-01	7.4855595827e-01
4.0072258553e+02	9.4979923964e-01	7.4458807707e-01	7.4561375380e-01
4.0114229497e+02	9.4930934906e-01	7.4572283030e-01	7.4388134480e-01
4.0156200441e+02	9.4881200790e-01	7.4526381493e-01	7.4139726162e-01
4.0198171385e+02	9.4830709696e-01	7.4551069736e-01	7.3913788795e-01
4.0240142329e+02	9.4779443741e-01	7.4776482582e-01	7.3615640402e-01
4.0282113273e+02	9.4727385044e-01	7.4649971724e-01	7.3429471254e-01
4.0324084217e+02	9.4674521685e-01	7.4739456177e-01	7.3235166073e-01
4.0366055162e+02	9.4620835781e-01	7.4919795990e-01	7.3039203882e-01
4.0408026106e+02	9.4566309452e-01	7.4803620577e-01	7.2931158543e-01
4.0449997050e+02	9.4510918856e-01	7.5059235096e-01	7.2697055340e-01
4.0491967994e+02	9.4454652071e-01	7.4781703949e-01	7.2547125816e-01
4.0533938938e+02	9.4397491217e-01	7.5450468063e-01	7.2469818592e-01
4.0575909882e+02	9.4339412451e-01	7.5735735893e-01	7.2424715757e-01
4.0617880826e+02	9.4280397892e-01	7.5997054577e-01	7.2339570522e-01
4.0659851770e+02	9.4220429659e-01	7.6326912642e-01	7.2261255980e-01
4.0701822714e+02	9.4159477949e-01	7.6420366764e-01	7.2154849768e-01
4.0743793659e+02	9.4097530842e-01	7.6642954350e-01	7.2105228901e-01
4.0785764603e+02	9.4034564495e-01	7.7013224363e-01	7.2071105242e-01
4.0827735547e+02	9.3970555067e-01	7.7352869511e-01	7.2033447027e-01
4.0869706491e+02	9.3905478716e-01	7.7538573742e-01	7.1874713898e-01
4.0911677435e+02	9.3839305639e-01	7.7833735943e-01	7.1891832352e-01
4.0953648379e+02	9.3772017956e-01	7.8181040287e-01	7.1897703409e-01
4.0995619323e+02	9.3703591824e-01	7.8500902653e-01	7.1847158670e-01
4.1037590267e+02	9.3633997440e-01	7.8794711828e-01	7.1811008453e-01
4.1079561212e+02	9.3563205004e-01	7.9276978970e-01	7.1892058849e-01
4.1121532156e+02	9.3491196632e-01	7.9519379139e-01	7.1847492456e-01
4.1163503100e+02	9.3417930603e-01	7.9964929819e-01	7.1929317713e-01
4.1205474044e+02	9.3343389034e-01	8.0353486538e-01	7.1966898441e-01
4.1247444988e+02	9.3267530203e-01	8.0650061369e-01	7.2017729282e-01
4.1289415932e+02	9.3190336227e-01	8.1174981594e-01	7.2026848793e-01
4.1331386876e+02	9.3111765385e-01	8.1403547525e-01	7.2096300125e-01
4.1373357820e+02	9.3031787872e-01	8.1767427921e-01	7.2125232220e-01
4.1415328765e+02	9.2950367928e-01	8.2236868143e-01	7.2195386887e-01
4.1457299709e+02	9.2867475748e-01	8.2457733154e-01	7.2269833088e-01
4.1499270653e+02	9.2783069611e-01	8.2960253954e-01	7.2321563959e-01
4.1541241597e+02	9.2697119713e-01	8.3182859421e-01	7.2441661358e-01
4.1583212541e+02	9.2609578371e-01	8.3838570118e-01	7.2556728125e-01
4.1625183485e+02	9.2520409822e-01	8.4238600731e-01	7.2666424513e-01
4.1667154429e+02	9.2429572344e-01	8.4548008442e-01	7.2747164965e-01
4.1709125373e+02	9.2337030172e-01	8.4928232431e-01	7.2775250673e-01
4.1751096317e+02	9.2242729664e-01	8.5285311937e-01	7.2891050577e-01
4.1793067262e+02	9.2146635056e-01	8.5849863291e-01	7.3006927967e-01
4.1835038206e+02	9.2048698664e-01	8.6157369614e-01	7.3062026501e-01
4.1877009150e+02	9.1948866844e-01	8.6540663242e-01	7.3264932632e-01
4.1918980094e+02	9.1847097874e-01	8.7036234140e-01	7.3365157843e-01
4.1960951038e+02	9.1743338108e-01	8.7391626835e-01	7.3506879807e-01
4.2002921982e+02	9.1637539864e-01	8.7683862448e-01	7.3605704308e-01
4.2044892926e+02	9.1529637575e-01	8.8057243824e-01	7.3807340860e-01
4.2086863870e+02	9.1419589520e-01	8.8378190994e-01	7.3846375942e-01
4.2128834815e+02	9.1307324171e-01	8.8716834784e-01	7.4064248800e-01
4.2170805759e+02	9.1192793846e-01	8.9014291763e-01	7.4215251207e-01
4.2212776703e+02	9.1075932980e-01	8.9351707697e-01	7.4386382103e-01
4.2254747647e+02	9.0956676006e-01	8.9657396078e-01	7.4479347467e-01
4.2296718591e+02	9.0834963322e-01	8.9893430471e-01	7.4592375755e-01
4.2338689535e+02	9.0710723400e-01	9.0185731649e-01	7.4787789583e-01
4.2380660479e+02	9.0583878756e-01	9.0414154530e-01	7.4996215105e-01
4.2422631423e+02	9.0454369783e-01	9.0635496378e-01	7.5138002634e-01
4.2464602368e+02	9.0322113037e-01	9.0831857920e-01	7.5232923031e-01
4.2506573312e+02	9.0187036991e-01	9.1083371639e-01	7.5537860394e-01
4.2548544256e+02	9.0049058199e-01	9.1236472130e-01	7.5731492043e-01
4.2590515200e+02	8.9908093214e-01	9.1407918930e-01	7.5828015804e-01
4.2632486144e+02	8.9764052629e-01	9.1602879763e-01	7.6017779112e-01
4.2674457088e+02	8.9616858959e-01	9.1756904125e-01	7.6237809658e-01
4.2716428032e+02	8.9466404915e-01	9.1864299774e-01	7.6397502422e-01
4.2758398976e+02	8.9312607050e-01	9.2015570402e-01	7.6541846991e-01
4.2800369920e+02	8.9155364037e-01	9.2108011246e-01	7.6742982864e-01
4.2842340865e+02	8.8994568586e-01	9.2215907574e-01	7.6834958792e-01
4.2884311809e+02	8.8830119371e-01	9.2263746262e-01	7.6967316866e-01
4.2926282753e+02	8.8661909103e-01	9.2298799753e-01	7.7096682787e-01
4.2968253697e+02	8.8489812613e-01	9.2420178652e-01	7.7168673277e-01
4.3010224641e+02	8.8313728571e-01	9.2532807589e-01	7.7273929119e-01
4.3052195585e+02	8.8133519888e-01	9.2481160164e-01	7.7331095934e-01
4.3094166529e+02	8.7949061394e-01	9.2532473803e-01	7.7425837517e-01
4.3136137473e+02	8.7760233879e-01	9.2471277714e-01	7.7500075102e-01
4.3178108418e+02	8.7566888332e-01	9.2485553026e-01	7.7567929029e-01
4.3220079362e+02	8.7368887663e-01	9.2485326529e-01	7.7620422840e-01
4.3262050306e+02	8.7166082859e-01	9.2402607203e-01	7.7796179056e-01
4.3304021250e+02	8.6958324909e-01	9.2294102907e-01	7.7888184786e-01
4.3345992194e+02	8.6745452881e-01	9.2227131128e-01	7.7988344431e-01
4.3387963138e+02	8.6527305841e-01	9.2138260603e-01	7.8134882450e-01
4.3429934082e+02	8.6303704977e-01	9.2055559158e-01	7.8274130821e-01
4.3471905026e+02	8.6074483395e-01	9.1887795925e-01	7.8453910351e-01
4.3513875971e+02	8.5839450359e-01	9.1745483875e-01	7.8585928679e-01
4.3555846915e+02	8.5598415136e-01	9.1626232862e-01	7.8606069088e-01
4.3597817859e+02	8.5351181030e-01	9.1415500641e-01	7.8725862503e-01
4.3639788803e+02	8.5097539425e-01	9.1234338284e-01	7.8833007812e-01
4.3681759747e+02	8.4837281704e-01	9.1029620171e-01	7.8894931078e-01
4.3723730691e+02	8.4570175409e-01	9.0802270174e-01	7.8918945789e-01
4.3765701635e+02	8.4296000004e-01	9.0575557947e-01	7.8972327709e-01
4.3807672579e+02	8.4014505148e-01	9.0345710516e-01	7.8973102570e-01
4.3849643523e+02	8.3725440502e-01	9.0070897341e-01	7.9068660736e-01
4.3891614468e+02	8.3428555727e-01	8.9794659615e-01	7.9064446688e-01
4.3933585412e+02	8.3123564720e-01	8.9503663778e-01	7.9080069065e-01
4.3975556356e+02	8.2810205221e-01	8.9189559221e-01	7.9138809443e-01
4.4017527300e+02	8.2488167286e-01	8.8870072365e-01	7.9187548161e-01
4.4059498244e+02	8.2157152891e-01	8.8536131382e-01	7.9199129343e-01
4.4101469188e+02	8.1816852093e-01	8.8179785013e-01	7.9310423136e-01
4.4143440132e+02	8.1466925144e-01	8.7787348032e-01	7.9312431812e-01
4.4185411076e+02	8.1107038260e-01	8.7397491932e-01	7.9309254885e-01
4.4227382021e+02	8.0736833811e-01	8.7017470598e-01	7.9347175360e-01
4.4269352965e+02	8.0355936289e-01	8.6585426331e-01	7.9409825802e-01
4.4311323909e+02	7.9963964224e-01	8.6104637384e-01	7.9407542944e-01
4.4353294853e+02	7.9560518265e-01	8.5693860054e-01	7.9437559843e-01
4.4395265797e+02	7.9145187140e-01	8.5412806273e-01	7.9498982430e-01
4.4437236741e+02	7.8717535734e-01	8.4938114882e-01	7.9570585489e-01
4.4479207685e+02	7.8277111053e-01	8.4321957827e-01	7.9683703184e-01
4.4521178629e+02	7.7823454142e-01	8.3880591393e-01	7.9687237740e-01
4.4563149574e+02	7.7356076241e-01	8.3088314533e-01	7.9731792212e-01
4.4605120518e+02	7.6874476671e-01	8.2648772001e-01	7.9713344574e-01
4.4647091462e+02	7.6378130913e-01	8.2174843550e-01	7.9715740681e-01
4.4689062406e+02	7.5866502523e-01	8.1385540962e-01	7.9542726278e-01
4.4731033350e+02	7.5339031219e-01	8.0671477318e-01	7.9552668333e-01
4.4773004294e+02	7.4795132875e-01	8.0004531145e-01	7.9402929544e-01
4.4814975238e+02	7.4234211445e-01	7.9280072451e-01	7.9261976480e-01
4.4856946182e+02	7.3655635118e-01	7.8566026688e-01	7.9005229473e-01
4.4898917126e+02	7.3058766127e-01	7.7880716324e-01	7.8822529316e-01
4.4940888071e+02	7.2442942858e-01	7.7085834742e-01	7.8525561094e-01
4.4982859015e+02	7.1807467937e-01	7.6267188787e-01	7.8089374304e-01
4.5024829959e+02	7.1151649952e-01	7.5415569544e-01	7.7609121799e-01
4.5066800903e+02	7.0474743843e-01	7.4547618628e-01	7.7231490612e-01
4.5108771847e+02	6.9776016474e-01	7.3627400398e-01	7.6727288961e-01
4.5150742791e+02	6.9054687023e-01	7.2674232721e-01	7.6199251413e-01
4.5192713735e+02	6.8309974670e-01	7.1725869179e-01	7.5696521997e-01
4.5234684679e+02	6.7541074753e-01	7.0692944527e-01	7.5186628103e-01
4.5276655624e+02	6.6747164726e-01	6.9654136896e-01	7.4610596895e-01
4.5318626568e+02	6.5927410126e-01	6.8572789431e-01	7.4035596848e-01
4.5360597512e+02	6.5080970526e-01	6.7498141527e-01	7.3342514038e-01
4.5402568456e+02	6.4206975698e-01	6.6371941566e-01	7.2648650408e-01
4.5444539400e+02	6.3304579258e-01	6.5256094933e-01	7.1965050697e-01
4.5486510344e+02	6.2372910976e-01	6.4081579447e-01	7.1100741625e-01
4.5528481288e+02	6.1411118507e-01	6.2880474329e-01	7.0387613773e-01
4.5570452232e+02	6.0418337584e-01	6.1672753096e-01	6.9533455372e-01
4.5612423177e+02	5.9393745661e-01	6.0431957245e-01	6.8543475866e-01
4.5654394121e+02	5.8336526155e-01	5.9231626987e-01	6.7511510849e-01
4.5696365065e+02	5.7245886326e-01	5.7842773199e-01	6.6389405727e-01
4.5738336009e+02	5.6121098995e-01	5.6475692987e-01	6.5348470211e-01
4.5780306953e+02	5.4961460829e-01	5.5437946320e-01	6.4025378227e-01
4.5822277897e+02	5.3766351938e-01	5.4062426090e-01	6.2870705128e-01
4.5864248841e+02	5.2535223961e-01	5.2372437716e-01	6.1556226015e-01
4.5906219785e+02	5.1267617941e-01	5.1428312063e-01	6.0198700428e-01
4.5948190729e+02	4.9963182211e-01	4.9973633885e-01	5.8810192347e-01
4.5990161674e+02	4.8621708155e-01	4.8793670535e-01	5.7506972551e-01
4.6032132618e+02	4.7243130207e-01	4.7217920423e-01	5.5949991941e-01
4.6074103562e+02	4.5827552676e-01	4.5812341571e-01	5.4524785280e-01
4.6116074506e+02	4.4375285506e-01	4.4272601604e-01	5.2863675356e-01
4.6158045450e+02	4.2886865139e-01	4.2870771885e-01	5.1166957617e-01
4.6200016394e+02	4.1363078356e-01	4.1329324245e-01	4.9640363455e-01
4.6241987338e+02	3.9804998040e-01	3.9839452505e-01	4.7915971279e-01
4.6283958282e+02	3.8214018941e-01	3.8266408443e-01	4.6186375618e-01
4.6325929227e+02	3.6591890454e-01	3.6787432432e-01	4.4381827116e-01
4.6367900171e+02	3.4940737486e-01	3.5154166818e-01	4.2550694942e-01
4.6409871115e+02	3.3263111115e-01	3.3698728681e-01	4.0717923641e-01
4.6451842059e+02	3.1562021375e-01	3.2067579031e-01	3.8840839267e-01
4.6493813003e+02	2.9840958118e-01	3.0569493771e-01	3.6865887046e-01
4.6535783947e+02	2.8103926778e-01	2.9023700953e-01	3.4975484014e-01
4.6577754891e+02	2.6355481148e-01	2.7449870110e-01	3.2933664322e-01
4.6619725835e+02	2.4600733817e-01	2.5883105397e-01	3.1080001593e-01
4.6661696780e+02	2.2845377028e-01	2.4429483712e-01	2.9131427407e-01
4.6703667724e+02	2.1095687151e-01	2.2960858047e-01	2.7260094881e-01
4.6745638668e+02	1.9358521700e-01	2.1522067487e-01	2.5430575013e-01
4.6787609612e+02	1.7641301453e-01	2.0131705701e-01	2.3561115563e-01
4.6829580556e+02	1.5951980650e-01	1.8829433620e-01	2.1834507585e-01
4.6871551500e+02	1.4299011230e-01	1.7552456260e-01	2.0195312798e-01
4.6913522444e+02	1.2691272795e-01	1.6354739666e-01	1.8511997163e-01
4.6955493388e+02	1.1138000339e-01	1.5273582935e-01	1.7129482329e-01
4.6997464332e+02	9.6486911178e-02	1.4230182767e-01	1.5747702122e-01
4.7039435277e+02	8.2329928875e-02	1.3309457898e-01	1.4506945014e-01
4.7081406221e+02	6.9005765021e-02	1.2469802797e-01	1.3355028629e-01
4.7123377165e+02	5.6609947234e-02	1.1737271398e-01	1.2372577935e-01
4.7165348109e+02	4.5235320926e-02	1.1115069687e-01	1.1481228471e-01
4.7207319053e+02	3.4970439970e-02	1.0526743531e-01	1.0809145868e-01
4.7249289997e+02	2.5897938758e-02	1.0181950778e-01	1.0219626874e-01
4.7291260941e+02	1.8092935905e-02	1.0120537132e-01	9.7594879568e-02
4.7333231885e+02	1.1621472426e-02	9.7995139658e-02	9.4305753708e-02
4.7375202830e+02	6.5391026437e-03	9.9666818976e-02	9.3694418669e-02
4.7417173774e+02	2.8896632139e-03	9.1717571020e-02	9.3361556530e-02
4.7459144718e+02	7.0425850572e-04	1.0100595653e-01	9.5925517380e-02
4.7501115662e+02	5.2522045735e-07	1.0575988144e-01	9.9288195372e-02
4.7543086606e+02	7.8219786519e-04	1.1254812777e-01	1.0487856716e-01
4.7585057550e+02	3.0389945023e-03	1.2139260769e-01	1.1231530458e-01
4.7627028494e+02	6.7468304187e-03	1.3038556278e-01	1.2143949419e-01
4.7668999438e+02	1.1868347414e-02	1.4376783371e-01	1.3221921027e-01
4.7710970383e+02	1.8353741616e-02	1.5824441612e-01	1.4518843591e-01
4.7752941327e+02	2.6141854003e-02	1.7459182441e-01	1.6042840481e-01
4.7794912271e+02	3.5161469132e-02	1.9276022911e-01	1.7693842947e-01
4.7836883215e+02	4.5332785696e-02	2.1274462342e-01	1.9578978419e-01
4.7878854159e+02	5.6569010019e-02	2.3212933540e-01	2.1689222753e-01
4.7920825103e+02	6.8777978420e-02	2.5507584214e-01	2.3944973946e-01
4.7962796047e+02	8.1863798201e-02	2.7773174644e-01	2.6285183430e-01
4.8004766991e+02	9.5728456974e-02	2.9983294010e-01	2.8784590960e-01
4.8046737935e+02	1.1027329415e-01	3.2385507226e-01	3.1259542704e-01
4.8088708880e+02	1.2540042400e-01	3.4656515718e-01	3.3777204156e-01
4.8130679824e+02	1.4101395011e-01	3.7011724710e-01	3.6284625530e-01
4.8172650768e+02	1.5702100098e-01	3.9195981622e-01	3.8627815247e-01
4.8214621712e+02	1.7333267629e-01	4.1391417384e-01	4.0988090634e-01
4.8256592656e+02	1.8986475468e-01	4.3499180675e-01	4.3219342828e-01
4.8298563600e+02	2.0653823018e-01	4.5525011420e-01	4.5372751355e-01
4.8340534544e+02	2.2327968478e-01	4.7414702177e-01	4.7475910187e-01
4.8382505488e+02	2.4002160132e-01	4.9245941639e-01	4.9292793870e-01
4.8424476433e+02	2.5670239329e-01	5.1085197926e-01	5.1334565878e-01
4.8466447377e+02	2.7326640487e-01	5.2738851309e-01	5.2984219790e-01
4.8508418321e+02	2.8966391087e-01	5.4319798946e-01	5.4491102695e-01
4.8550389265e+02	3.0585083365e-01	5.5866086483e-01	5.6166303158e-01
4.8592360209e+02	3.2178848982e-01	5.7289427519e-01	5.7381355762e-01
4.8634331153e+02	3.3744344115e-01	5.8616870642e-01	5.8879536390e-01
4.8676302097e+02	3.5278704762e-01	5.9830123186e-01	6.0116499662e-01
4.8718273041e+02	3.6779507995e-01	6.1014539003e-01	6.1171537638e-01
4.8760243986e+02	3.8244757056e-01	6.2052959204e-01	6.2292391062e-01
4.8802214930e+02	3.9672827721e-01	6.3233500719e-01	6.3345241547e-01
4.8844185874e+02	4.1062432528e-01	6.4423632622e-01	6.4779514074e-01
4.8886156818e+02	4.2412596941e-01	6.5166991949e-01	6.5636312962e-01
4.8928127762e+02	4.3722629547e-01	6.6348683834e-01	6.6384136677e-01
4.8970098706e+02	4.4992071390e-01	6.7132896185e-01	6.7247432470e-01
4.9012069650e+02	4.6220684052e-01	6.8118351698e-01	6.8071222305e-01
4.9054040594e+02	4.7408419847e-01	6.8885064125e-01	6.8738180399e-01
4.9096011538e+02	4.8555383086e-01	6.9585680962e-01	6.9408541918e-01
4.9137982483e+02	4.9661833048e-01	7.0434033871e-01	7.0146584511e-01
4.9179953427e+02	5.0728130341e-01	7.1138471365e-01	7.0739763975e-01
4.9221924371e+02	5.1754754782e-01	7.1842235327e-01	7.1324336529e-01
4.9263895315e+02	5.2742254734e-01	7.2479474545e-01	7.1883064508e-01
4.9305866259e+02	5.3691244125e-01	7.3128706217e-01	7.2467011213e-01
4.9347837203e+02	5.4602396488e-01	7.3628717661e-01	7.2940635681e-01
4.9389808147e+02	5.5476433039e-01	7.4105447531e-01	7.3358750343e-01
4.9431779091e+02	5.6314086914e-01	7.4624031782e-01	7.3857086897e-01
4.9473750036e+02	5.7116132975e-01	7.5039035082e-01	7.4330514669e-01
4.9515720980e+02	5.7883340120e-01	7.5521057844e-01	7.4748367071e-01
4.9557691924e+02	5.8616501093e-01	7.5894230604e-01	7.5152778625e-01
4.9599662868e+02	5.9316396713e-01	7.6252031326e-01	7.5497412682e-01
4.9641633812e+02	5.9983801842e-01	7.6635873318e-01	7.5936418772e-01
4.9683604756e+02	6.0619479418e-01	7.6962530613e-01	7.6378118992e-01
4.9725575700e+02	6.1224192381e-01	7.7243226767e-01	7.6548731327e-01
4.9767546644e+02	6.1798667908e-01	7.7534550428e-01	7.6744514704e-01
4.9809517589e+02	6.2343621254e-01	7.7801704407e-01	7.6911962032e-01
4.9851488533e+02	6.2859743834e-01	7.8037357330e-01	7.7170175314e-01
4.9893459477e+02	6.3347703218e-01	7.8274470568e-01	7.7284336090e-01
4.9935430421e+02	6.3808137178e-01	7.8486353159e-01	7.7607160807e-01
4.9977401365e+02	6.4241659641e-01	7.8702145815e-01	7.7676814795e-01
5.0019372309e+02	6.4648854733e-01	7.8885936737e-01	7.7804118395e-01
5.0061343253e+02	6.5030270815e-01	7.9361420870e-01	7.7849495411e-01
5.0103314197e+02	6.5386438370e-01	7.8957360983e-01	7.7988988161e-01
5.0145285141e+02	6.5717852116e-01	7.9181599617e-01	7.7998209000e-01
5.0187256086e+02	6.6024971008e-01	7.9246032238e-01	7.8046512604e-01
5.0229227030e+02	6.6308224201e-01	7.9289323092e-01	7.8005439043e-01
5.0271197974e+02	6.6568011045e-01	7.9387485981e-01	7.7969253063e-01
5.0313168918e+02	6.6804707050e-01	7.9343849421e-01	7.7984184027e-01
5.0355139862e+02	6.7018640041e-01	7.9455560446e-01	7.7959293127e-01
5.0397110806e+02	6.7210125923e-01	7.9416054487e-01	7.8004473448e-01
5.0439081750e+02	6.7379432917e-01	7.9601150751e-01	7.7908384800e-01
5.0481052694e+02	6.7526805401e-01	7.9499286413e-01	7.7854877710e-01
5.0523023639e+02	6.7652457952e-01	7.9638558626e-01	7.7750247717e-01
5.0564994583e+02	6.7756569386e-01	7.9441249371e-01	7.7522361279e-01
5.0606965527e+02	6.7839294672e-01	7.9372704029e-01	7.7433443069e-01
5.0648936471e+02	6.7900747061e-01	7.9312771559e-01	7.7385181189e-01
5.0690907415e+02	6.7941021919e-01	7.9151010513e-01	7.7154964209e-01
5.0732878359e+02	6.7960172892e-01	7.9036206007e-01	7.6978242397e-01
5.0774849303e+02	6.7958229780e-01	7.8772056103e-01	7.6811742783e-01
5.0816820247e+02	6.7935192585e-01	7.8606772423e-01	7.6486933231e-01
5.0858791192e+02	6.7891025543e-01	7.8460901976e-01	7.6292282343e-01
5.0900762136e+02	6.7825663090e-01	7.8209608793e-01	7.6000136137e-01
5.0942733080e+02	6.7739009857e-01	7.7983379364e-01	7.5820100307e-01
5.0984704024e+02	6.7630946636e-01	7.7765071392e-01	7.5612568855e-01
5.1026674968e+02	6.7501306534e-01	7.7435332537e-01	7.5284242630e-01
5.1068645912e+02	6.7349910736e-01	7.7140134573e-01	7.4946385622e-01
5.1110616856e+02	6.7176544666e-01	7.6781022549e-01	7.4582779408e-01
5.1152587800e+02	6.6980946064e-01	7.6403474808e-01	7.4199157953e-01
5.1194558744e+02	6.6762846708e-01	7.5953990221e-01	7.3824065924e-01
5.1236529689e+02	6.6521924734e-01	7.5563758612e-01	7.3411709070e-01
5.1278500633e+02	6.6257840395e-01	7.5105440617e-01	7.3010867834e-01
5.1320471577e+02	6.5970230103e-01	7.4528747797e-01	7.2485744953e-01
5.1362442521e+02	6.5658670664e-01	7.4036914110e-01	7.1953809261e-01
5.1404413465e+02	6.5322738886e-01	7.3457545042e-01	7.1391838789e-01
5.1446384409e+02	6.4961957932e-01	7.2861105204e-01	7.0777082443e-01
5.1488355353e+02	6.4575833082e-01	7.2194981575e-01	7.0226508379e-01
5.1530326297e+02	6.4163833857e-01	7.1486479044e-01	6.9611436129e-01
5.1572297242e+02	6.3725399971e-01	7.0831996202e-01	6.8937325478e-01
5.1614268186e+02	6.3259947300e-01	7.0043003559e-01	6.8239718676e-01
5.1656239130e+02	6.2766849995e-01	6.9237375259e-01	6.7619967461e-01
5.1698210074e+02	6.2245470285e-01	6.8448817730e-01	6.6941606998e-01
5.1740181018e+02	6.1695134640e-01	6.7573904991e-01	6.6104394197e-01
5.1782151962e+02	6.1115145683e-01	6.6625511646e-01	6.5216875076e-01
5.1824122906e+02	6.0504788160e-01	6.5645468235e-01	6.4411032200e-01
5.1866093850e+02	5.9863322973e-01	6.4475476742e-01	6.3497769833e-01
5.1908064795e+02	5.9189993143e-01	6.3500088453e-01	6.2580126524e-01
5.1950035739e+02	5.8484035730e-01	6.2263238430e-01	6.1555790901e-01
5.1992006683e+02	5.7744663954e-01	6.1069631577e-01	6.0786110163e-01
5.2033977627e+02	5.6971096992e-01	5.9820085764e-01	5.9532737732e-01
5.2075948571e+02	5.6162554026e-01	5.9172195196e-01	5.8434951305e-01
5.2117919515e+02	5.5318260193e-01	5.7286071777e-01	5.7470113039e-01
5.2159890459e+02	5.4437446594e-01	5.5661314726e-01	5.6228703260e-01
5.2201861403e+02	5.3519380093e-01	5.4404532909e-01	5.4970341921e-01
5.2243832347e+02	5.2563345432e-01	5.3191578388e-01	5.3728109598e-01
5.2285803292e+02	5.1568692923e-01	5.1128083467e-01	5.2223449945e-01
5.2327774236e+02	5.0534802675e-01	4.9503418803e-01	5.0690990686e-01
5.2369745180e+02	4.9461141229e-01	4.7604522109e-01	4.9111375213e-01
5.2411716124e+02	4.8347258568e-01	4.5874732733e-01	4.7612270713e-01
5.2453687068e+02	4.7192800045e-01	4.4123026729e-01	4.5925807953e-01
5.2495658012e+02	4.5997545123e-01	4.2236089706e-01	4.4351804256e-01
5.2537628956e+02	4.4761404395e-01	4.0296956897e-01	4.2642584443e-01
5.2579599900e+02	4.3484467268e-01	3.8420501351e-01	4.0602931380e-01
5.2621570845e+02	4.2167004943e-01	3.6427900195e-01	3.8958835602e-01
5.2663541789e+02	4.0809515119e-01	3.4391295910e-01	3.7092393637e-01
5.2705512733e+02	3.9412745833e-01	3.2523170114e-01	3.5223060846e-01
5.2747483677e+02	3.7977728248e-01	3.0542612076e-01	3.3286115527e-01
5.2789454621e+02	3.6505797505e-01	2.8637862206e-01	3.1379172206e-01
5.2831425565e+02	3.4998652339e-01	2.6636949182e-01	2.9511958361e-01
5.2873396509e+02	3.3458366990e-01	2.4908144772e-01	2.7635246515e-01
5.2915367453e+02	3.1887435913e-01	2.3108196259e-01	2.5693383813e-01
5.2957338398e+02	3.0288815498e-01	2.1340467036e-01	2.3956614733e-01
5.2999309342e+02	2.8665938973e-01	1.9727648795e-01	2.2221650183e-01
5.3041280286e+02	2.7022776008e-01	1.8180888891e-01	2.0430825651e-01
5.3083251230e+02	2.5363832712e-01	1.6751916707e-01	1.8938574195e-01
5.3125222174e+02	2.3694193363e-01	1.5379473567e-01	1.7420937121e-01
5.3167193118e+02	2.2019530833e-01	1.4143034816e-01	1.6052374244e-01
5.3209164062e+02	2.0346111059e-01	1.2909345329e-01	1.4748002589e-01
5.3251135006e+02	1.8680799007e-01	1.1808086187e-01	1.3643495739e-01
5.3293105950e+02	1.7031039298e-01	1.0949546844e-01	1.2574288249e-01
5.3335076895e+02	1.5404833853e-01	1.0064139217e-01	1.1588079482e-01
5.3377047839e+02	1.3810694218e-01	9.2650584877e-02	1.0803361237e-01
5.3419018783e+02	1.2257589400e-01	8.6724206805e-02	1.0004463047e-01
5.3460989727e+02	1.0754869133e-01	8.3096377552e-02	9.4926841557e-02
5.3502960671e+02	9.3121692538e-02	7.8363180161e-02	8.9445360005e-02
5.3544931615e+02	7.9393021762e-02	7.6795831323e-02	8.5615627468e-02
5.3586902559e+02	6.6461332142e-02	7.2318352759e-02	8.3373583853e-02
5.3628873503e+02	5.4424349219e-02	7.4548892677e-02	8.1707857549e-02
5.3670844448e+02	4.3377410620e-02	7.4704840779e-02	8.1163831055e-02
5.3712815392e+02	3.3411808312e-02	7.6842300594e-02	8.1095442176e-02
5.3754786336e+02	2.4613179266e-02	7.8005529940e-02	8.3278961480e-02
5.3796757280e+02	1.7059853300e-02	7.9890936613e-02	8.5564374924e-02
5.3838728224e+02	1.0821300559e-02	8.3386689425e-02	8.8603846729e-02
5.3880699168e+02	5.9566842392e-03	9.0180106461e-02	9.2912644148e-02
5.3922670112e+02	2.5135909673e-03	9.8867893219e-02	9.8287284374e-02
5.3964641056e+02	5.2698794752e-04	1.0675580055e-01	1.0409133136e-01
5.4006612001e+02	1.8449563868e-05	1.1644287407e-01	1.1145497859e-01
5.4048582945e+02	9.9568336736e-04	1.2653775513e-01	1.1873636395e-01
5.4090553889e+02	3.4523769282e-03	1.3885928690e-01	1.2699308991e-01
5.4132524833e+02	7.3683718219e-03	1.5215799212e-01	1.3599005342e-01
5.4174495777e+02	1.2710154988e-02	1.6631619632e-01	1.4645406604e-01
5.4216466721e+02	1.9431652501e-02	1.8128894269e-01	1.5648639202e-01
5.4258437665e+02	2.7475275099e-02	1.9732481241e-01	1.6771362722e-01
5.4300408609e+02	3.6773201078e-02	2.1399706602e-01	1.7818264663e-01
5.4342379553e+02	4.7248814255e-02	2.3161563277e-01	1.9051820040e-01
5.4384350498e+02	5.8818262070e-02	2.4862766266e-01	2.0301932096e-01
5.4426321442e+02	7.1392081678e-02	2.6709425449e-01	2.1543553472e-01
5.4468292386e+02	8.4876812994e-02	2.8540715575e-01	2.2770741582e-01
5.4510263330e+02	9.9176600575e-02	3.0315789580e-01	2.4014404416e-01
5.4552234274e+02	1.1419467628e-01	3.2127401233e-01	2.5291222334e-01
5.4594205218e+02	1.2983475626e-01	3.3936458826e-01	2.6571029425e-01
5.4636176162e+02	1.4600226283e-01	3.5719987750e-01	2.7777436376e-01
5.4678147106e+02	1.6260543466e-01	3.7526509166e-01	2.9028019309e-01
5.4720118051e+02	1.7955622077e-01	3.9145678282e-01	3.0157163739e-01
5.4762088995e+02	1.9677096605e-01	4.0627685189e-01	3.1391096115e-01
5.4804059939e+02	2.1417109668e-01	4.2261928320e-01	3.2513234019e-01
5.4846030883e+02	2.3168340325e-01	4.3785381317e-01	3.3819341660e-01
5.4888001827e+02	2.4924038351e-01	4.5236942172e-01	3.4870338440e-01
5.4929972771e+02	2.6678034663e-01	4.6776288748e-01	3.6129805446e-01
5.4971943715e+02	2.8424745798e-01	4.8235660791e-01	3.7207677960e-01
5.5013914659e+02	3.0159163475e-01	4.9503502250e-01	3.8242608309e-01
5.5055885604e+02	3.1876835227e-01	5.1138049364e-01	3.9276945591e-01
5.5097856548e+02	3.3573853970e-01	5.2196323872e-01	4.0425005555e-01
5.5139827492e+02	3.5246816278e-01	5.3138512373e-01	4.1624045372e-01
5.5181798436e+02	3.6892804503e-01	5.4440289736e-01	4.2747065425e-01
5.5223769380e+02	3.8509348035e-01	5.5117034912e-01	4.4000452757e-01
5.5265740324e+02	4.0094387531e-01	5.6339627504e-01	4.5209509134e-01
5.5307711268e+02	4.1646248102e-01	5.7353067398e-01	4.6269732714e-01
5.5349682212e+02	4.3163594604e-01	5.8259302378e-01	4.7729572654e-01
5.5391653156e+02	4.4645410776e-01	5.9254670143e-01	4.8991942406e-01
5.5433624101e+02	4.6090954542e-01	6.0219305754e-01	5.0463283062e-01
5.5475595045e+02	4.7499737144e-01	6.0967528820e-01	5.1747047901e-01
5.5517565989e+02	4.8871487379e-01	6.1854070425e-01	5.3014165163e-01
5.5559536933e+02	5.0206130743e-01	6.2647247314e-01	5.4482305050e-01
5.5601507877e+02	5.1503765583e-01	6.3271510601e-01	5.5843150616e-01
5.5643478821e+02	5.2764624357e-01	6.4115953445e-01	5.7116299868e-01
5.5685449765e+02	5.3989088535e-01	6.4801174402e-01	5.8444195986e-01
5.5727420709e+02	5.5177623034e-01	6.5554547310e-01	5.9887313843e-01
5.5769391654e+02	5.6330794096e-01	6.6042840481e-01	6.1051535606e-01
5.5811362598e+02	5.7449239492e-01	6.6897070408e-01	6.2418895960e-01
5.5853333542e+02	5.8533668518e-01	6.7402565479e-01	6.3403952122e-01
5.5895304486e+02	5.9584820271e-01	6.7944431305e-01	6.4820700884e-01
5.5937275430e+02	6.0603493452e-01	6.8494814634e-01	6.5816241503e-01
5.5979246374e+02	6.1590504646e-01	6.9065636396e-01	6.6903585196e-01
5.6021217318e+02	6.2546688318e-01	6.9556820393e-01	6.7890310287e-01
5.6063188262e+02	6.3472902775e-01	7.0065844059e-01	6.8942242861e-01
5.6105159207e+02	6.4370006323e-01	7.0503807068e-01	6.9827371836e-01
5.6147130151e+02	6.5238857269e-01	7.0968282223e-01	7.0683431625e-01
5.6189101095e+02	6.6080325842e-01	7.1417969465e-01	7.1505075693e-01
5.6231072039e+02	6.6895252466e-01	7.1801966429e-01	7.2384607792e-01
5.6273042983e+02	6.7684495449e-01	7.2172659636e-01	7.3138254881e-01
5.6315013927e+02	6.8448883295e-01	7.2533869743e-01	7.3983192444e-01
5.6356984871e+02	6.9189226627e-01	7.2873932123e-01	7.4592292309e-01
5.6398955815e+02	6.9906336069e-01	7.3206716776e-01	7.5314587355e-01
5.6440926759e+02	7.0600992441e-01	7.3507463932e-01	7.5975310802e-01
5.6482897704e+02	7.1273958683e-01	7.3747932911e-01	7.6528227329e-01
5.6524868648e+02	7.1925979853e-01	7.4013602734e-01	7.7189803123e-01
5.6566839592e+02	7.2557783127e-01	7.4294918776e-01	7.7839875221e-01
5.6608810536e+02	7.3170065880e-01	7.4602758884e-01	7.8367483616e-01
5.6650781480e+02	7.3763513565e-01	7.4943494797e-01	7.8927552700e-01
5.6692752424e+02	7.4338793755e-01	7.5234591961e-01	7.9440408945e-01
5.6734723368e+02	7.4896538258e-01	7.5680994987e-01	7.9946327209e-01
5.6776694312e+02	7.5437366962e-01	7.5903737545e-01	8.0482268333e-01
5.6818665257e+02	7.5961875916e-01	7.6223725080e-01	8.0972993374e-01
5.6860636201e+02	7.6470649242e-01	7.6455885172e-01	8.1494688988e-01
5.6902607145e+02	7.6964241266e-01	7.6766836643e-01	8.1954044104e-01
5.6944578089e+02	7.7443182468e-01	7.6958853006e-01	8.2373392582e-01
5.6986549033e+02	7.7907997370e-01	7.7073520422e-01	8.2840532064e-01
5.7028519977e+02	7.8359180689e-01	7.7233695984e-01	8.3148998022e-01
5.7070490921e+02	7.8797221184e-01	7.7632910013e-01	8.3638501167e-01
5.7112461865e+02	7.9222571850e-01	7.7704358101e-01	8.4016668797e-01
5.7154432810e+02	7.9635685682e-01	7.7906978130e-01	8.4375768900e-01
5.7196403754e+02	8.0036985874e-01	7.8046542406e-01	8.4745740891e-01
5.7238374698e+02	8.0426883698e-01	7.8274607658e-01	8.5128307343e-01
5.7280345642e+02	8.0805784464e-01	7.8398579359e-01	8.5378539562e-01
5.7322316586e+02	8.1174063683e-01	7.8672528267e-01	8.5937827826e-01
5.7364287530e+02	8.1532090902e-01	7.8673487902e-01	8.5904783010e-01
5.7406258474e+02	8.1880223751e-01	7.8891563416e-01	8.6226946115e-01
5.7448229418e+02	8.2218790054e-01	7.9117840528e-01	8.6531388760e-01
5.7490200362e+02	8.2548123598e-01	7.9271227121e-01	8.6832416058e-01
5.7532171307e+02	8.2868540287e-01	7.9416632652e-01	8.7069463730e-01
5.7574142251e+02	8.3180344105e-01	7.9610586166e-01	8.7367957830e-01
5.7616113195e+02	8.3483815193e-01	7.9770696163e-01	8.7617307901e-01
5.7658084139e+02	8.3779245615e-01	7.9853272438e-01	8.7864071131e-01
5.7700055083e+02	8.4066891670e-01	7.9982852936e-01	8.8076645136e-01
5.7742026027e+02	8.4347021580e-01	8.0156356096e-01	8.8320511580e-01
5.7783996971e+02	8.4619879723e-01	8.0276525021e-01	8.8564145565e-01
5.7825967915e+02	8.4885704517e-01	8.0392235518e-01	8.8788557053e-01
5.7867938860e+02	8.5144734383e-01	8.0545866489e-01	8.9006161690e-01
5.7909909804e+02	8.5397177935e-01	8.0672311783e-01	8.9252257347e-01
5.7951880748e+02	8.5643255711e-01	8.0837440491e-01	8.9433574677e-01
5.7993851692e+02	8.5883170366e-01	8.0956774950e-01	8.9585214853e-01
5.8035822636e+02	8.6117118597e-01	8.1097036600e-01	8.9842975140e-01
5.8077793580e+02	8.6345291138e-01	8.1227391958e-01	9.0067708492e-01
5.8119764524e+02	8.6567872763e-01	8.1353688240e-01	9.0228426456e-01
5.8161735468e+02	8.6785036325e-01	8.1477421522e-01	9.0410810709e-01
5.8203706413e+02	8.6996954679e-01	8.1566005945e-01	9.0609169006e-01
5.8245677357e+02	8.7203788757e-01	8.1664627790e-01	9.0791636705e-01
5.8287648301e+02	8.7405699492e-01	8.1754988432e-01	9.0981036425e-01
5.8329619245e+02	8.7602829933e-01	8.1857258081e-01	9.1153901815e-01
5.8371590189e+02	8.7795335054e-01	8.2120394707e-01	9.1366225481e-01
5.8413561133e+02	8.7983351946e-01	8.2224029303e-01	9.1450101137e-01
5.8455532077e+02	8.8167011738e-01	8.2218098640e-01	9.1620677710e-01
5.8497503021e+02	8.8346451521e-01	8.2392257452e-01	9.1722410917e-01
5.8539473965e+02	8.8521796465e-01	8.2881832123e-01	9.1895306110e-01
5.8581444910e+02	8.8693165779e-01	8.2921087742e-01	9.2067533731e-01
5.8623415854e+02	8.8860678673e-01	8.3066922426e-01	9.2148053646e-01
5.8665386798e+02	8.9024448395e-01	8.3112329245e-01	9.2241984606e-01
5.8707357742e+02	8.9184576273e-01	8.2975703478e-01	9.2340153456e-01
5.8749328686e+02	8.9341181517e-01	8.3031445742e-01	9.2418509722e-01
5.8791299630e+02	8.9494353533e-01	8.3187389374e-01	9.2484903336e-01
5.8833270574e+02	8.9644199610e-01	8.3158367872e-01	9.2503684759e-01
5.8875241518e+02	8.9790809155e-01	8.3104801178e-01	9.2572981119e-01
5.8917212463e+02	8.9934277534e-01	8.3282673359e-01	9.2576533556e-01
5.8959183407e+02	9.0074682236e-01	8.3344352245e-01	9.2652845383e-01
5.9001154351e+02	9.0212124586e-01	8.3552998304e-01	9.2744487524e-01
5.9043125295e+02	9.0346676111e-01	8.3655166626e-01	9.2799973488e-01
5.9085096239e+02	9.0478420258e-01	8.3719199896e-01	9.2899465561e-01
5.9127067183e+02	9.0607434511e-01	8.3848166466e-01	9.2945843935e-01
5.9169038127e+02	9.0733790398e-01	8.3950871229e-01	9.2996817827e-01
5.9211009071e+02	9.0857559443e-01	8.4021592140e-01	9.3034064770e-01
5.9252980016e+02	9.0978819132e-01	8.4116339684e-01	9.3134689331e-01
5.9294950960e+02	9.1097629070e-01	8.4217804670e-01	9.3132495880e-01
5.9336921904e+02	9.1214054823e-01	8.4273386002e-01	9.3213343620e-01
5.9378892848e+02	9.1328161955e-01	8.4390890598e-01	9.3287378550e-01
5.9420863792e+02	9.1440016031e-01	8.4437799454e-01	9.3318563700e-01
5.9462834736e+02	9.1549664736e-01	8.4528088570e-01	9.3395936489e-01
5.9504805680e+02	9.1657173634e-01	8.4621304274e-01	9.3402308226e-01
5.9546776624e+02	9.1762596369e-01	8.4717500210e-01	9.3494397402e-01
5.9588747568e+02	9.1865986586e-01	8.4773129225e-01	9.3538433313e-01
5.9630718513e+02	9.1967391968e-01	8.4883016348e-01	9.3596124649e-01
5.9672689457e+02	9.2066872120e-01	8.4922510386e-01	9.3632787466e-01
5.9714660401e+02	9.2164468765e-01	8.5036176443e-01	9.3704187870e-01
5.9756631345e+02	9.2260223627e-01	8.5117459297e-01	9.3761134148e-01
5.9798602289e+02	9.2354196310e-01	8.5135972500e-01	9.3827170134e-01
5.9840573233e+02	9.2446422577e-01	8.5274499655e-01	9.3872433901e-01
5.9882544177e+02	9.2536950111e-01	8.5367506742e-01	9.3939328194e-01
5.9924515121e+02	9.2625814676e-01	8.5367828608e-01	9.3978804350e-01
5.9966486066e+02	9.2713063955e-01	8.5438609123e-01	9.4030243158e-01
6.0008457010e+02	9.2798727751e-01	8.5598218441e-01	9.4093948603e-01
6.0050427954e+02	9.2882853746e-01	8.5533541441e-01	9.4123655558e-01
6.0092398898e+02	9.2965471745e-01	8.5628509521e-01	9.4169616699e-01
6.0134369842e+02	9.3046623468e-01	8.5707414150e-01	9.4219511747e-01
6.0176340786e+02	9.3126338720e-01	8.5940635204e-01	9.4278502464e-01
6.0218311730e+02	9.3204653263e-01	8.5869878531e-01	9.4321286678e-01
6.0260282674e+02	9.3281596899e-01	8.6070787907e-01	9.4387817383e-01
6.0302253619e+02	9.3357211351e-01	8.6001151800e-01	9.4424772263e-01
6.0344224563e+02	9.3431514502e-01	8.6101579666e-01	9.4461786747e-01
6.0386195507e+02	9.3504548073e-01	8.6134767532e-01	9.4482743740e-01
6.0428166451e+02	9.3576329947e-01	8.6250358820e-01	9.4552403688e-01
6.0470137395e+02	9.3646901846e-01	8.6364799738e-01	9.4588464499e-01
6.0512108339e+02	9.3716275692e-01	8.6486440897e-01	9.4628590345e-01
6.0554079283e+02	9.3784493208e-01	8.6523997784e-01	9.4659978151e-01
6.0596050227e+02	9.3851572275e-01	8.6620509624e-01	9.4723469019e-01
6.0638021171e+02	9.3917536736e-01	8.6684292555e-01	9.4736146927e-01
6.0679992116e+02	9.3982422352e-01	8.6765801907e-01	9.4817417860e-01
6.0721963060e+02	9.4046235085e-01	8.6720705032e-01	9.4843244553e-01
6.0763934004e+02	9.4109016657e-01	8.6800879240e-01	9.4912385941e-01
6.0805904948e+02	9.4170773029e-01	8.7073266506e-01	9.4951540232e-01
6.0847875892e+02	9.4231539965e-01	8.7009692192e-01	9.4992101192e-01
6.0889846836e+02	9.4291335344e-01	8.7079966068e-01	9.5045000315e-01
6.0931817780e+02	9.4350177050e-01	8.7176394463e-01	9.5095199347e-01
6.0973788724e+02	9.4408082962e-01	8.7216764688e-01	9.5156782866e-01
6.1015759669e+02	9.4465076923e-01	8.7265414000e-01	9.5181149244e-01
6.1057730613e+02	9.4521182775e-01	8.7331479788e-01	9.5226973295e-01
6.1099701557e+02	9.4576412439e-01	8.7383097410e-01	9.5243614912e-01
6.1141672501e+02	9.4630783796e-01	8.7470966578e-01	9.5313405991e-01
6.1183643445e+02	9.4684314728e-01	8.7508851290e-01	9.5375031233e-01
6.1225614389e+02	9.4737029076e-01	8.7577801943e-01	9.5417106152e-01
6.1267585333e+02	9.4788938761e-01	8.7631082535e-01	9.5444059372e-01
6.1309556277e+02	9.4840061665e-01	8.7651795149e-01	9.5505315065e-01
6.1351527222e+02	9.4890415668e-01	8.7728142738e-01	9.5537322760e-01
6.1393498166e+02	9.4940006733e-01	8.7775373459e-01	9.5561474562e-01
6.1435469110e+02	9.4988864660e-01	8.7956327200e-01	9.5608854294e-01
6.1477440054e+02	9.5036989450e-01	8.8046497107e-01	9.5638686419e-01
6.1519410998e+02	9.5084410906e-01	8.7979131937e-01	9.5652264357e-01
6.1561381942e+02	9.5131129026e-01	8.7907403708e-01	9.5668423176e-01
6.1603352886e+02	9.5177167654e-01	8.8028740883e-01	9.5690137148e-01
6.1645323830e+02	9.5222532749e-01	8.8182425499e-01	9.5724433661e-01
6.1687294774e+02	9.5267242193e-01	8.8274544477e-01	9.5747542381e-01
6.1729265719e+02	9.5311313868e-01	8.8299900293e-01	9.5765829086e-01
6.1771236663e+02	9.5354747772e-01	8.8310396671e-01	9.5781064034e-01
6.1813207607e+02	9.5397561789e-01	8.8338208199e-01	9.5793008804e-01
6.1855178551e+02	9.5439773798e-01	8.8423150778e-01	9.5799309015e-01
6.1897149495e+02	9.5481383801e-01	8.8497304916e-01	9.5806592703e-01
6.1939120439e+02	9.5522415638e-01	8.8506931067e-01	9.5823538303e-01
6.1981091383e+02	9.5562869310e-01	8.8583576679e-01	9.5882463455e-01
6.2023062327e+02	9.5602762699e-01	8.8689070940e-01	9.5853239298e-01
6.2065033272e+02	9.5642101765e-01	8.8717752695e-01	9.5858019590e-01
6.2107004216e+02	9.5680898428e-01	8.8773411512e-01	9.5880818367e-01
6.2148975160e+02	9.5719170570e-01	8.8705325127e-01	9.5896446705e-01
6.2190946104e+02	9.5756912231e-01	8.8803118467e-01	9.5920538902e-01
6.2232917048e+02	9.5794147253e-01	8.8832956553e-01	9.5950478315e-01
6.2274887992e+02	9.5830875635e-01	8.8845354319e-01	9.5979505777e-01
6.2316858936e+02	9.5867109299e-01	8.8877683878e-01	9.6001696587e-01
6.2358829880e+02	9.5902860165e-01	8.8924282789e-01	9.6030324697e-01
6.2400800825e+02	9.5938140154e-01	8.9031118155e-01	9.6064615250e-01
6.2442771769e+02	9.5972943306e-01	8.9039528370e-01	9.6099299192e-01
6.2484742713e+02	9.6007293463e-01	8.9091104269e-01	9.6128088236e-01
6.2526713657e+02	9.6041190624e-01	8.9136838913e-01	9.6170580387e-01
6.2568684601e+02	9.6074646711e-01	8.9141649008e-01	9.6198970079e-01
6.2610655545e+02	9.6107667685e-01	8.9220798016e-01	9.6237474680e-01
6.2652626489e+02	9.6140259504e-01	8.9254277945e-01	9.6273493767e-01
6.2694597433e+02	9.6172428131e-01	8.9285045862e-01	9.6320629120e-01
6.2736568377e+02	9.6204191446e-01	8.9327502251e-01	9.6329444647e-01
6.2778539322e+02	9.6235543489e-01	8.9366364479e-01	9.6374821663e-01
6.2820510266e+02	9.6266496181e-01	8.9452886581e-01	9.6386545897e-01
6.2862481210e+02	9.6297061443e-01	8.9476329088e-01	9.6411252022e-01
6.2904452154e+02	9.6327239275e-01	8.9534193277e-01	9.6454465389e-01
6.2946423098e+02	9.6357041597e-01	8.9593374729e-01	9.6453684568e-01
6.2988394042e+02	9.6386468410e-01	8.9701962471e-01	9.6458154917e-01
6.3030364986e+02	9.6415525675e-01	8.9736294746e-01	9.6501612663e-01
6.3072335930e+02	9.6444231272e-01	8.9774882793e-01	9.6509557962e-01
6.3114306875e+02	9.6472579241e-01	8.9808154106e-01	9.6516966820e-01
6.3156277819e+02	9.6500575542e-01	8.9812415838e-01	9.6544772387e-01
6.3198248763e+02	9.6528238058e-01	8.9845752716e-01	9.6566188335e-01
6.3240219707e+02	9.6555560827e-01	8.9922517538e-01	9.6584606171e-01
6.3282190651e+02	9.6582549810e-01	8.9977645874e-01	9.6598821878e-01
6.3324161595e+02	9.6609216928e-01	9.0035670996e-01	9.6601295471e-01
6.3366132539e+02	9.6635562181e-01	9.0187633038e-01	9.6628165245e-01
6.3408103483e+02	9.6661591530e-01	9.0046870708e-01	9.6628308296e-01
6.3450074428e+02	9.6687310934e-01	9.0109395981e-01	9.6646970510e-01
6.3492045372e+02	9.6712726355e-01	9.0246391296e-01	9.6657562256e-01
6.3534016316e+02	9.6737843752e-01	9.0440386534e-01	9.6693259478e-01
6.3575987260e+02	9.6762663126e-01	9.0311312675e-01	9.6696078777e-01
6.3617958204e+02	9.6787196398e-01	9.0377753973e-01	9.6726536751e-01
6.3659929148e+02	9.6811437607e-01	9.0444928408e-01	9.6744483709e-01
6.3701900092e+02	9.6835404634e-01	9.0350949764e-01	9.6764653921e-01
6.3743871036e+02	9.6859085560e-01	9.0359711647e-01	9.6766102314e-01
6.3785841980e+02	9.6882498264e-01	9.0520960093e-01	9.6822941303e-01
6.3827812925e+02	9.6905648708e-01	9.0580779314e-01	9.6874231100e-01
6.3869783869e+02	9.6928524971e-01	9.0555709600e-01	9.6856784821e-01
6.3911754813e+02	9.6951144934e-01	9.0462815762e-01	9.6880418062e-01
6.3953725757e+02	9.6973508596e-01	9.0580141544e-01	9.6875417233e-01
6.3995696701e+02	9.6995621920e-01	9.0705013275e-01	9.6900987625e-01
6.4037667645e+02	9.7017484903e-01	9.0650063753e-01	9.6926009655e-01
6.4079638589e+02	9.7039103508e-01	9.0688723326e-01	9.6958130598e-01
6.4121609533e+02	9.7060483694e-01	9.0668499470e-01	9.6962320805e-01
6.4163580478e+02	9.7081625462e-01	9.0702134371e-01	9.6989250183e-01
6.4205551422e+02	9.7102528811e-01	9.0741187334e-01	9.7007697821e-01
6.4247522366e+02	9.7123205662e-01	9.0802401304e-01	9.7018325329e-01
6.4289493310e+02	9.7143656015e-01	9.0866923332e-01	9.7033697367e-01
6.4331464254e+02	9.7163885832e-01	9.0912526846e-01	9.7051382065e-01
6.4373435198e+02	9.7183889151e-01	9.0920644999e-01	9.7038942575e-01
6.4415406142e+02	9.7203677893e-01	9.0953099728e-01	9.7050988674e-01
6.4457377086e+02	9.7223252058e-01	9.0957623720e-01	9.7068351507e-01
6.4499348031e+02	9.7242617607e-01	9.0991193056e-01	9.7072976828e-01
6.4541318975e+02	9.7261774540e-01	9.1026103497e-01	9.7071576118e-01
6.4583289919e+02	9.7280728817e-01	9.1059178114e-01	9.7093313932e-01
6.4625260863e+02	9.7299480438e-01	9.1096812487e-01	9.7087091208e-01
6.4667231807e+02	9.7318035364e-01	9.1141140461e-01	9.7101813555e-01
6.4709202751e+02	9.7336393595e-01	9.1158425808e-01	9.7117090225e-01
6.4751173695e+02	9.7354555130e-01	9.1190701723e-01	9.7121226788e-01
6.4793144639e+02	9.7372525930e-01	9.1215103865e-01	9.7119438648e-01
6.4835115583e+02	9.7390311956e-01	9.1243916750e-01	9.7141212225e-01
6.4877086528e+02	9.7407913208e-01	9.1279995441e-01	9.7126626968e-01
6.4919057472e+02	9.7425335646e-01	9.1315519810e-01	9.7135609388e-01
6.4961028416e+02	9.7442573309e-01	9.1353499889e-01	9.7136473656e-01
6.5002999360e+02	9.7459632158e-01	9.1397339106e-01	9.7157096863e-01
6.5044970304e+02	9.7476524115e-01	9.1421109438e-01	9.7154712677e-01
6.5086941248e+02	9.7493237257e-01	9.1472309828e-01	9.7163265944e-01
6.5128912192e+02	9.7509783506e-01	9.1489076614e-01	9.7170287371e-01
6.5170883136e+02	9.7526156902e-01	9.1523087025e-01	9.7163581848e-01
6.5212854081e+02	9.7542369366e-01	9.1558331251e-01	9.7173058987e-01
6.5254825025e+02	9.7558414936e-01	9.1587007046e-01	9.7195327282e-01
6.5296795969e+02	9.7574305534e-01	9.1626012325e-01	9.7195488214e-01
6.5338766913e+02	9.7590035200e-01	9.1666513681e-01	9.7196972370e-01
6.5380737857e+02	9.7605603933e-01	9.1695439816e-01	9.7195518017e-01
6.5422708801e+02	9.7621023655e-01	9.1719400883e-01	9.7194266319e-01
6.5464679745e+02	9.7636288404e-01	9.1754919291e-01	9.7195959091e-01
6.5506650689e+02	9.7651404142e-01	9.1789275408e-01	9.7209066153e-01
6.5548621634e+02	9.7666370869e-01	9.1808491945e-01	9.7209465504e-01
6.5590592578e+02	9.7681194544e-01	9.1833168268e-01	9.7210657597e-01
6.5632563522e+02	9.7695869207e-01	9.1861093044e-01	9.7225415707e-01
6.5674534466e+02	9.7710400820e-01	9.1881173849e-01	9.7207230330e-01
6.5716505410e+02	9.7724795341e-01	9.1908162832e-01	9.7219252586e-01
6.5758476354e+02	9.7739046812e-01	9.1939973831e-01	9.7224438190e-01
6.5800447298e+02	9.7753167152e-01	9.1962391138e-01	9.7227466106e-01
6.5842418242e+02	9.7767150402e-01	9.1987651587e-01	9.7226518393e-01
6.5884389186e+02	9.7780996561e-01	9.1986513138e-01	9.7236853838e-01
6.5926360131e+02	9.7794711590e-01	9.2023605108e-01	9.7201645374e-01
6.5968331075e+02	9.7808301449e-01	9.2042088509e-01	9.7228640318e-01
6.6010302019e+02	9.7821760178e-01	9.2069065571e-01	9.7239989042e-01
6.6052272963e+02	9.7835087776e-01	9.2089527845e-01	9.7248148918e-01
6.6094243907e+02	9.7848296165e-01	9.2110913992e-01	9.7221910954e-01
6.6136214851e+02	9.7861379385e-01	9.2133665085e-01	9.7242659330e-01
6.6178185795e+02	9.7874337435e-01	9.2154455185e-01	9.7233778238e-01
6.6220156739e+02	9.7887182236e-01	9.2172759771e-01	9.7222805023e-01
6.6262127684e+02	9.7899901867e-01	9.2209428549e-01	9.7224235535e-01
6.6304098628e+02	9.7912508249e-01	9.2224299908e-01	9.7224277258e-01
6.6346069572e+02	9.7924995422e-01	9.2252403498e-01	9.7215086222e-01
6.6388040516e+02	9.7937369347e-01	9.2278355360e-01	9.7216236591e-01
6.6430011460e+02	9.7949630022e-01	9.2300987244e-01	9.7223567963e-01
6.6471982404e+02	9.7961777449e-01	9.2319816351e-01	9.7223442793e-01
6.6513953348e+02	9.7973817587e-01	9.2339032888e-01	9.7216111422e-01
6.6555924292e+02	9.7985744476e-01	9.2364227772e-01	9.7233939171e-01
6.6597895237e+02	9.7997570038e-01	9.2398506403e-01	9.7208267450e-01
6.6639866181e+02	9.8009282351e-01	9.2418009043e-01	9.7221249342e-01
6.6681837125e+02	9.8020893335e-01	9.2440557480e-01	9.7214782238e-01
6.6723808069e+02	9.8032402992e-01	9.2462491989e-01	9.7221440077e-01
6.6765779013e+02	9.8043805361e-01	9.2488837242e-01	9.7215366364e-01
6.6807749957e+02	9.8055112362e-01	9.2511969805e-01	9.7216379642e-01
6.6849720901e+02	9.8066312075e-01	9.2541241646e-01	9.7218543291e-01
6.6891691845e+02	9.8077416420e-01	9.2561501265e-01	9.7194719315e-01
6.6933662789e+02	9.8088425398e-01	9.2592239380e-01	9.7207516432e-01
6.6975633734e+02	9.8099333048e-01	9.2618024349e-01	9.7196251154e-01
6.7017604678e+02	9.8110151291e-01	9.2641878128e-01	9.7198379040e-01
6.7059575622e+02	9.8120868206e-01	9.2661190033e-01	9.7195285559e-01
6.7101546566e+02	9.8131495714e-01	9.2694729567e-01	9.7199493647e-01
6.7143517510e+02	9.8142033815e-01	9.2714071274e-01	9.7187232971e-01
6.7185488454e+02	9.8152476549e-01	9.2739915848e-01	9.7185891867e-01
6.7227459398e+02	9.8162829876e-01	9.2756086588e-01	9.7171163559e-01
6.7269430342e+02	9.8173099756e-01	9.2787635326e-01	9.7164595127e-01
6.7311401287e+02	9.8183274269e-01	9.2810642719e-01	9.7158741951e-01
6.7353372231e+02	9.8193365335e-01	9.2837005854e-01	9.7157156467e-01
6.7395343175e+02	9.8203372955e-01	9.2861145735e-01	9.7149246931e-01
6.7437314119e+02	9.8213297129e-01	9.2880004644e-01	9.7149312496e-01
6.7479285063e+02	9.8223131895e-01	9.2900604010e-01	9.7146296501e-01
6.7521256007e+02	9.8232883215e-01	9.2914754152e-01	9.7136318684e-01
6.7563226951e+02	9.8242557049e-01	9.2935949564e-01	9.7131991386e-01
6.7605197895e+02	9.8252147436e-01	9.2954283953e-01	9.7133564949e-01
6.7647168840e+02	9.8261660337e-01	9.2970341444e-01	9.7132629156e-01
6.7689139784e+02	9.8271089792e-01	9.2985731363e-01	9.7113740444e-01
6.7731110728e+02	9.8280447721e-01	9.3006998301e-01	9.7114402056e-01
6.7773081672e+02	9.8289722204e-01	9.3021571636e-01	9.7108590603e-01
6.7815052616e+02	9.8298919201e-01	9.3057131767e-01	9.7099697590e-01
6.7857023560e+02	9.8308044672e-01	9.3071770668e-01	9.7098958492e-01
6.7898994504e+02	9.8317092657e-01	9.3093830347e-01	9.7090280056e-01
6.7940965448e+02	9.8326069117e-01	9.3114334345e-01	9.7103655338e-01
6.7982936392e+02	9.8334968090e-01	9.3126326799e-01	9.7082674503e-01
6.8024907337e+02	9.8343801498e-01	9.3144679070e-01	9.7082966566e-01
6.8066878281e+02	9.8352557421e-01	9.3178337812e-01	9.7060805559e-01
6.8108849225e+02	9.8361247778e-01	9.3199229240e-01	9.7072213888e-01
6.8150820169e+02	9.8369860649e-01	9.3218851089e-01	9.7066336870e-01
6.8192791113e+02	9.8378407955e-01	9.3239212036e-01	9.7054648399e-01
6.8234762057e+02	9.8386889696e-01	9.3266808987e-01	9.7042626143e-01
6.8276733001e+02	9.8395299911e-01	9.3294060230e-01	9.7033566236e-01
6.8318703945e+02	9.8403644562e-01	9.3314069510e-01	9.7028952837e-01
6.8360674890e+02	9.8411923647e-01	9.3339359760e-01	9.7019827366e-01
6.8402645834e+02	9.8420137167e-01	9.3361443281e-01	9.7008550167e-01
6.8444616778e+02	9.8428285122e-01	9.3385112286e-01	9.7019344568e-01
6.8486587722e+02	9.8436367512e-01	9.3408912420e-01	9.7014409304e-01
6.8528558666e+02	9.8444384336e-01	9.3435841799e-01	9.7011750937e-01
6.8570529610e+02	9.8452341557e-01	9.3455326557e-01	9.7014969587e-01
6.8612500554e+02	9.8460239172e-01	9.3480426073e-01	9.7002607584e-01
6.8654471498e+02	9.8468071222e-01	9.3504840136e-01	9.6984249353e-01
6.8696442443e+02	9.8475843668e-01	9.3533819914e-01	9.6980804205e-01
6.8738413387e+02	9.8483556509e-01	9.3554484844e-01	9.6974349022e-01
6.8780384331e+02	9.8491209745e-01	9.3579691648e-01	9.6950107813e-01
6.8822355275e+02	9.8498803377e-01	9.3607205153e-01	9.6938049793e-01
6.8864326219e+02	9.8506337404e-01	9.3635815382e-01	9.6930211782e-01
6.8906297163e+02	9.8513817787e-01	9.3658375740e-01	9.6922272444e-01
6.8948268107e+02	9.8521238565e-01	9.3683177233e-01	9.6907085180e-01
6.8990239051e+02	9.8528599739e-01	9.3707966805e-01	9.6896767616e-01
6.9032209995e+02	9.8535907269e-01	9.3736535311e-01	9.6895325184e-01
6.9074180940e+02	9.8543161154e-01	9.3759596348e-01	9.6892225742e-01
6.9116151884e+02	9.8550355434e-01	9.3785780668e-01	9.6875506639e-01
6.9158122828e+02	9.8557502031e-01	9.3812566996e-01	9.6849918365e-01
6.9200093772e+02	9.8564589024e-01	9.3836778402e-01	9.6851515770e-01
6.9242064716e+02	9.8571628332e-01	9.3863803148e-01	9.6844726801e-01
6.9284035660e+02	9.8578613997e-01	9.3892967701e-01	9.6829694510e-01
6.9326006604e+02	9.8585540056e-01	9.3916064501e-01	9.6827387810e-01
6.9367977548e+02	9.8592424393e-01	9.3949604034e-01	9.6806001663e-01
6.9409948493e+02	9.8599249125e-01	9.3969756365e-01	9.6798676252e-01
6.9451919437e+02	9.8606032133e-01	9.3999010324e-01	9.6789395809e-01
6.9493890381e+02	9.8612755537e-01	9.4027626514e-01	9.6780002117e-01
6.9535861325e+02	9.8619437218e-01	9.4052654505e-01	9.6766370535e-01
6.9577832269e+02	9.8626065254e-01	9.4085651636e-01	9.6742779016e-01
6.9619803213e+02	9.8632645607e-01	9.4111752510e-01	9.6733731031e-01
6.9661774157e+02	9.8639178276e-01	9.4141739607e-01	9.6722978354e-01
6.9703745101e+02	9.8645663261e-01	9.4164204597e-01	9.6712505817e-01
6.9745716046e+02	9.8652106524e-01	9.4196414948e-01	9.6699500084e-01
6.9787686990e+02	9.8658496141e-01	9.4229322672e-01	9.6685075760e-01
6.9829657934e+02	9.8664838076e-01	9.4252580404e-01	9.6658307314e-01
6.9871628878e+02	9.8671138287e-01	9.4281810522e-01	9.6645385027e-01
6.9913599822e+02	9.8677396774e-01	9.4305223227e-01	9.6642124653e-01
6.9955570766e+02	9.8683601618e-01	9.4337737560e-01	9.6620851755e-01
6.9997541710e+02	9.8689770699e-01	9.4360226393e-01	9.6602582932e-01
7.0039512654e+02	9.8695892096e-01	9.4391292334e-01	9.6579307318e-01
7.0081483598e+02	9.8701965809e-01	9.4418478012e-01	9.6568632126e-01
7.0123454543e+02	9.8707997799e-01	9.4446265697e-01	9.6559607983e-01
7.0165425487e+02	9.8713994026e-01	9.4468373060e-01	9.6530294418e-01
7.0207396431e+02	9.8719942570e-01	9.4498348236e-01	9.6517407894e-01
7.0249367375e+02	9.8725849390e-01	9.4526958466e-01	9.6509617567e-01
7.0291338319e+02	9.8731714487e-01	9.4551253319e-01	9.6489757299e-01
7.0333309263e+02	9.8737537861e-01	9.4577115774e-01	9.6469324827e-01
7.0375280207e+02	9.8743319511e-01	9.4604486227e-01	9.6455538273e-01
7.0417251151e+02	9.8749065399e-01	9.4628602266e-01	9.6434557438e-01
7.0459222096e+02	9.8754769564e-01	9.4659268856e-01	9.6423542500e-01
7.0501193040e+02	9.8760432005e-01	9.4680052996e-01	9.6403640509e-01
7.0543163984e+02	9.8766052723e-01	9.4709509611e-01	9.6389681101e-01
7.0585134928e+02	9.8771637678e-01	9.4728398323e-01	9.6371710300e-01
7.0627105872e+02	9.8777186871e-01	9.4757020473e-01	9.6360927820e-01
7.0669076816e+02	9.8782694340e-01	9.4785505533e-01	9.6344369650e-01
7.0711047760e+02	9.8788166046e-01	9.4813066721e-01	9.6317899227e-01
7.0753018704e+02	9.8793601990e-01	9.4829660654e-01	9.6291297674e-01
7.0794989649e+02	9.8798996210e-01	9.4861358404e-01	9.6280246973e-01
7.0836960593e+02	9.8804354668e-01	9.4884526730e-01	9.6273440123e-01
7.0878931537e+02	9.8809677362e-01	9.4904577732e-01	9.6242767572e-01
7.0920902481e+02	9.8814964294e-01	9.4934415817e-01	9.6238350868e-01
7.0962873425e+02	9.8820215464e-01	9.4953972101e-01	9.6205830574e-01
7.1004844369e+02	9.8825430870e-01	9.4981062412e-01	9.6198660135e-01
7.1046815313e+02	9.8830610514e-01	9.5007354021e-01	9.6188449860e-01
7.1088786257e+02	9.8835760355e-01	9.5030218363e-01	9.6169632673e-01
7.1130757201e+02	9.8840868473e-01	9.5050823689e-01	9.6174687147e-01
7.1172728146e+02	9.8845946789e-01	9.5080828667e-01	9.6155571938e-01
7.1214699090e+02	9.8850989342e-01	9.5100718737e-01	9.6114563942e-01
7.1256670034e+02	9.8856002092e-01	9.5123291016e-01	9.6104115248e-01
7.1298640978e+02	9.8860973120e-01	9.5142179728e-01	9.6088963747e-01
7.1340611922e+02	9.8865920305e-01	9.5169520378e-01	9.6082681417e-01
7.1382582866e+02	9.8870831728e-01	9.5191085339e-01	9.6072918177e-01
7.1424553810e+02	9.8875707388e-01	9.5213234425e-01	9.6066176891e-01
7.1466524754e+02	9.8880553246e-01	9.5230519772e-01	9.6042889357e-01
7.1508495699e+02	9.8885369301e-01	9.5253121853e-01	9.6005946398e-01
7.1550466643e+02	9.8890149593e-01	9.5276361704e-01	9.6005839109e-01
7.1592437587e+02	9.8894906044e-01	9.5291674137e-01	9.5976150036e-01
7.1634408531e+02	9.8899626732e-01	9.5318800211e-01	9.5940613747e-01
7.1676379475e+02	9.8904317617e-01	9.5337635279e-01	9.5927518606e-01
7.1718350419e+02	9.8908972740e-01	9.5351213217e-01	9.5905232430e-01
7.1760321363e+02	9.8913604021e-01	9.5377767086e-01	9.5901775360e-01
7.1802292307e+02	9.8918205500e-01	9.5393079519e-01	9.5884424448e-01
7.1844263252e+02	9.8922771215e-01	9.5412868261e-01	9.5861119032e-01
7.1886234196e+02	9.8927313089e-01	9.5435035229e-01	9.5869827271e-01
7.1928205140e+02	9.8931825161e-01	9.5452815294e-01	9.5812243223e-01
7.1970176084e+02	9.8936307430e-01	9.5471370220e-01	9.5804977417e-01
7.2012147028e+02	9.8940759897e-01	9.5488786697e-01	9.5789057016e-01
7.2054117972e+02	9.8945188522e-01	9.5506000519e-01	9.5773124695e-01
7.2096088916e+02	9.8949587345e-01	9.5521616936e-01	9.5764780045e-01
7.2138059860e+02	9.8953956366e-01	9.5538794994e-01	9.5733392239e-01
7.2180030804e+02	9.8958295584e-01	9.5551842451e-01	9.5710432529e-01
7.2222001749e+02	9.8962610960e-01	9.5569163561e-01	9.5695835352e-01
7.2263972693e+02	9.8966896534e-01	9.5584470034e-01	9.5670551062e-01
7.2305943637e+02	9.8971158266e-01	9.5600801706e-01	9.5653527975e-01
7.2347914581e+02	9.8975390196e-01	9.5616483688e-01	9.5634847879e-01
7.2389885525e+02	9.8979598284e-01	9.5633596182e-01	9.5611500740e-01
7.2431856469e+02	9.8983782530e-01	9.5646071434e-01	9.5590811968e-01
7.2473827413e+02	9.8987936974e-01	9.5659869909e-01	9.5583581924e-01
7.2515798357e+02	9.8992067575e-01	9.5676493645e-01	9.5567691326e-01
7.2557769302e+02	9.8996168375e-01	9.5688414574e-01	9.5527589321e-01
7.2599740246e+02	9.9000245333e-01	9.5698010921e-01	9.5530122519e-01
7.2641711190e+02	9.9004298449e-01	9.5707553625e-01	9.5481765270e-01
7.2683682134e+02	9.9008327723e-01	9.5723420382e-01	9.5454651117e-01
7.2725653078e+02	9.9012327194e-01	9.5735383034e-01	9.5447719097e-01
7.2767624022e+02	9.9016308784e-01	9.5753467083e-01	9.5419287682e-01
7.2809594966e+02	9.9020260572e-01	9.5759642124e-01	9.5401597023e-01
7.2851565910e+02	9.9024194479e-01	9.5771437883e-01	9.5385855436e-01
7.2893536855e+02	9.9028098583e-01	9.5787459612e-01	9.5361143351e-01
7.2935507799e+02	9.9031978846e-01	9.5796936750e-01	9.5356017351e-01
7.2977478743e+02	9.9035841227e-01	9.5809626579e-01	9.5343965292e-01
7.3019449687e+02	9.9039673805e-01	9.5822900534e-01	9.5306515694e-01
7.3061420631e+02	9.9043488503e-01	9.5832675695e-01	9.5281761885e-01
7.3103391575e+02	9.9047273397e-01	9.5840823650e-01	9.5256775618e-01
7.3145362519e+02	9.9051040411e-01	9.5852947235e-01	9.5238876343e-01
7.3187333463e+02	9.9054783583e-01	9.5864975452e-01	9.5232605934e-01
7.3229304407e+02	9.9058508873e-01	9.5877104998e-01	9.5191657543e-01
7.3271275352e+02	9.9062204361e-01	9.5887976885e-01	9.5193678141e-01
7.3313246296e+02	9.9065881968e-01	9.5896708965e-01	9.5175158978e-01
7.3355217240e+02	9.9069535732e-01	9.5912104845e-01	9.5129448175e-01
7.3397188184e+02	9.9073171616e-01	9.5920789242e-01	9.5115607977e-01
7.3439159128e+02	9.9076783657e-01	9.5929270983e-01	9.5099693537e-01
7.3481130072e+02	9.9080371857e-01	9.5940887928e-01	9.5080775023e-01
7.3523101016e+02	9.9083942175e-01	9.5952969790e-01	9.5069205761e-01
7.3565071960e+02	9.9087488651e-01	9.5962399244e-01	9.5072168112e-01
7.3607042905e+02	9.9091017246e-01	9.5972710848e-01	9.5025014877e-01
7.3649013849e+02	9.9094521999e-01	9.5980745554e-01	9.5001977682e-01
7.3690984793e+02	9.9098008871e-01	9.5995390415e-01	9.4994586706e-01
7.3732955737e+02	9.9101471901e-01	9.6004211903e-01	9.4979053736e-01
7.3774926681e+02	9.9104923010e-01	9.6013867855e-01	9.4955527782e-01
7.3816897625e+02	9.9108344316e-01	9.6020197868e-01	9.4910323620e-01
7.3858868569e+02	9.9111747742e-01	9.6024918556e-01	9.4910871983e-01
7.3900839513e+02	9.9115133286e-01	9.6035987139e-01	9.4905972481e-01
7.3942810458e+02	9.9118500948e-01	9.6040827036e-01	9.4890898466e-01
7.3984781402e+02	9.9121850729e-01	9.6047431231e-01	9.4881743193e-01
7.4026752346e+02	9.9125176668e-01	9.6052032709e-01	9.4854032993e-01
7.4068723290e+02	9.9128484726e-01	9.6052306890e-01	9.4866240025e-01
7.4110694234e+02	9.9131774902e-01	9.6061336994e-01	9.4842034578e-01
7.4152665178e+02	9.9135041237e-01	9.6067190170e-01	9.4817805290e-01
7.4194636122e+02	9.9138295650e-01	9.6071016788e-01	9.4823402166e-01
7.4236607066e+02	9.9141526222e-01	9.6075934172e-01	9.4794499874e-01
7.4278578010e+02	9.9144744873e-01	9.6082878113e-01	9.4783222675e-01
7.4320548955e+02	9.9147939682e-01	9.6089458466e-01	9.4746738672e-01
7.4362519899e+02	9.9151116610e-01	9.6093124151e-01	9.4718676805e-01
7.4404490843e+02	9.9154275656e-01	9.6096110344e-01	9.4695878029e-01
7.4446461787e+02	9.9157416821e-01	9.6098631620e-01	9.4688314199e-01
7.4488432731e+02	9.9160546064e-01	9.6101957560e-01	9.4661545753e-01
7.4530403675e+02	9.9163651466e-01	9.6105402708e-01	9.4650888443e-01
7.4572374619e+02	9.9166738987e-01	9.6107041836e-01	9.4640719891e-01
7.4614345563e+02	9.9169814587e-01	9.6111911535e-01	9.4628536701e-01
7.4656316508e+02	9.9172866344e-01	9.6112525463e-01	9.4609618187e-01
7.4698287452e+02	9.9175906181e-01	9.6118593216e-01	9.4582796097e-01
7.4740258396e+02	9.9178928137e-01	9.6119761467e-01	9.4564074278e-01
7.4782229340e+02	9.9181932211e-01	9.6122890711e-01	9.4545030594e-01
7.4824200284e+02	9.9184918404e-01	9.6121072769e-01	9.4535291195e-01
7.4866171228e+02	9.9187886715e-01	9.6122163534e-01	9.4523072243e-01
7.4908142172e+02	9.9190843105e-01	9.6122765541e-01	9.4492101669e-01
7.4950113116e+02	9.9193781614e-01	9.6121942997e-01	9.4478350878e-01
7.4992084061e+02	9.9196702242e-01	9.6128338575e-01	9.4453221560e-01
7.5034055005e+02	9.9199610949e-01	9.6125984192e-01	9.4419163465e-01
7.5076025949e+02	9.9202501774e-01	9.6128267050e-01	9.4415587187e-01
7.5117996893e+02	9.9205374718e-01	9.6126657724e-01	9.4383531809e-01
7.5159967837e+02	9.9208235741e-01	9.6128493547e-01	9.4371783733e-01
7.5201938781e+02	9.9211072922e-01	9.6127402782e-01	9.4355523586e-01
7.5243909725e+02	9.9213904142e-01	9.6130013466e-01	9.4340372086e-01
7.5285880669e+02	9.9216717482e-01	9.6127074957e-01	9.4333857298e-01
7.5327851613e+02	9.9219512939e-01	9.6127557755e-01	9.4293087721e-01
7.5369822558e+02	9.9222296476e-01	9.6127098799e-01	9.4280678034e-01
7.5411793502e+02	9.9225062132e-01	9.6123737097e-01	9.4263821840e-01
7.5453764446e+02	9.9227809906e-01	9.6125531197e-01	9.4239073992e-01
7.5495735390e+02	9.9230545759e-01	9.6127998829e-01	9.4260227680e-01
7.5537706334e+02	9.9233269691e-01	9.6124362946e-01	9.4229298830e-01
7.5579677278e+02	9.9235975742e-01	9.6126598120e-01	9.4225323200e-01
7.5621648222e+02	9.9238669872e-01	9.6125787497e-01	9.4181638956e-01
7.5663619166e+02	9.9241352081e-01	9.6124488115e-01	9.4156467915e-01
7.5705590111e+02	9.9244016409e-01	9.6125435829e-01	9.4126254320e-01
7.5747561055e+02	9.9246662855e-01	9.6124255657e-01	9.4118595123e-01
7.5789531999e+02	9.9249303341e-01	9.6125370264e-01	9.4095140696e-01
7.5831502943e+02	9.9251919985e-01	9.6123695374e-01	9.4095033407e-01
7.5873473887e+02	9.9254530668e-01	9.6121084690e-01	9.4083827734e-01
7.5915444831e+02	9.9257123470e-01	9.6122401953e-01	9.4069337845e-01
7.5957415775e+02	9.9259704351e-01	9.6119719744e-01	9.4031524658e-01
7.5999386719e+02	9.9262273312e-01	9.6117788553e-01	9.4024842978e-01
7.6041357664e+02	9.9264824390e-01	9.6120452881e-01	9.4008934498e-01
7.6083328608e+02	9.9267369509e-01	9.6121513844e-01	9.3980467319e-01
7.6125299552e+02	9.9269890785e-01	9.6118110418e-01	9.3980771303e-01
7.6167270496e+02	9.9272406101e-01	9.6117526293e-01	9.3968600035e-01
7.6209241440e+02	9.9274909496e-01	9.6118414402e-01	9.3935394287e-01
7.6251212384e+02	9.9277395010e-01	9.6114826202e-01	9.3938505650e-01
7.6293183328e+02	9.9279868603e-01	9.6113353968e-01	9.3916904926e-01
7.6335154272e+02	9.9282330275e-01	9.6116358042e-01	9.3917101622e-01
7.6377125216e+02	9.9284780025e-01	9.6116489172e-01	9.3915116787e-01
7.6419096161e+02	9.9287217855e-01	9.6113085747e-01	9.3883854151e-01
7.6461067105e+02	9.9289643764e-01	9.6109795570e-01	9.3830972910e-01
7.6503038049e+02	9.9292051792e-01	9.6109962463e-01	9.3803417683e-01
7.6545008993e+02	9.9294453859e-01	9.6106714010e-01	9.3793946505e-01
7.6586979937e+02	9.9296838045e-01	9.6106952429e-01	9.3796086311e-01
7.6628950881e+02	9.9299210310e-01	9.6109223366e-01	9.3770003319e-01
7.6670921825e+02	9.9301576614e-01	9.6104741096e-01	9.3719506264e-01
7.6712892769e+02	9.9303925037e-01	9.6106559038e-01	9.3740218878e-01
7.6754863714e+02	9.9306261539e-01	9.6104222536e-01	9.3700188398e-01
7.6796834658e+02	9.9308586121e-01	9.6101975441e-01	9.3683236837e-01
7.6838805602e+02	9.9310904741e-01	9.6100401878e-01	9.3661493063e-01
7.6880776546e+02	9.9313205481e-01	9.6098917723e-01	9.3635797501e-01
7.6922747490e+02	9.9315494299e-01	9.6100658178e-01	9.3611437082e-01
7.6964718434e+02	9.9317777157e-01	9.6098291874e-01	9.3600410223e-01
7.7006689378e+02	9.9320042133e-01	9.6098268032e-01	9.3576467037e-01
7.7048660322e+02	9.9322301149e-01	9.6097660065e-01	9.3571734428e-01
7.7090631267e+02	9.9324548244e-01	9.6095460653e-01	9.3529528379e-01
7.7132602211e+02	9.9326777458e-01	9.6092045307e-01	9.3509536982e-01
7.7174573155e+02	9.9329000711e-01	9.6092951298e-01	9.3505817652e-01
7.7216544099e+02	9.9331212044e-01	9.6092289686e-01	9.3473833799e-01
7.7258515043e+02	9.9333411455e-01	9.6091133356e-01	9.3463206291e-01
7.7300485987e+02	9.9335604906e-01	9.6088075638e-01	9.3410933018e-01
7.7342456931e+02	9.9337780476e-01	9.6089130640e-01	9.3423926830e-01
7.7384427875e+02	9.9339950085e-01	9.6087944508e-01	9.3394726515e-01
7.7426398819e+02	9.9342107773e-01	9.6086829901e-01	9.3349510431e-01
7.7468369764e+02	9.9344253540e-01	9.6091532707e-01	9.3346196413e-01
7.7510340708e+02	9.9346387386e-01	9.6089667082e-01	9.3324738741e-01
7.7552311652e+02	9.9348515272e-01	9.6085345745e-01	9.3306523561e-01
7.7594282596e+02	9.9350631237e-01	9.6086543798e-01	9.3304592371e-01
7.7636253540e+02	9.9352735281e-01	9.6087008715e-01	9.3258440495e-01
7.7678224484e+02	9.9354827404e-01	9.6087104082e-01	9.3255496025e-01
7.7720195428e+02	9.9356913567e-01	9.6083140373e-01	9.3236303329e-01
7.7762166372e+02	9.9358987808e-01	9.6083563566e-01	9.3164736032e-01
7.7804137317e+02	9.9361050129e-01	9.6081131697e-01	9.3174618483e-01
7.7846108261e+02	9.9363100529e-01	9.6081721783e-01	9.3144327402e-01
7.7888079205e+02	9.9365144968e-01	9.6084499359e-01	9.3104082346e-01
7.7930050149e+02	9.9367177486e-01	9.6085011959e-01	9.3107801676e-01
7.7972021093e+02	9.9369204044e-01	9.6084934473e-01	9.3066078424e-01
7.8013992037e+02	9.9371218681e-01	9.6083122492e-01	9.3066924810e-01
7.8055962981e+02	9.9373221397e-01	9.6083849669e-01	9.3044710159e-01
7.8097933925e+02	9.9375218153e-01	9.6086204052e-01	9.3008947372e-01
7.8139904870e+02	9.9377202988e-01	9.6083724499e-01	9.2985099554e-01
7.8181875814e+02	9.9379175901e-01	9.6080523729e-01	9.2949515581e-01
7.8223846758e+02	9.9381142855e-01	9.6080446243e-01	9.2962706089e-01
7.8265817702e+02	9.9383097887e-01	9.6079182625e-01	9.2908805609e-01
7.8307788646e+02	9.9385046959e-01	9.6079796553e-01	9.2909735441e-01
7.8349759590e+02	9.9386984110e-01	9.6082419157e-01	9.2856019735e-01
7.8391730534e+02	9.9388909340e-01	9.6079194546e-01	9.2867994308e-01
7.8433701478e+02	9.9390828609e-01	9.6078783274e-01	9.2803895473e-01
7.8475672422e+02	9.9392741919e-01	9.6079558134e-01	9.2774128914e-01
7.8517643367e+02	9.9394643307e-01	9.6078795195e-01	9.2778426409e-01
7.8559614311e+02	9.9396532774e-01	9.6080833673e-01	9.2770731449e-01
7.8601585255e+02	9.9398416281e-01	9.6074229479e-01	9.2723810673e-01
7.8643556199e+02	9.9400293827e-01	9.6075206995e-01	9.2683446407e-01
7.8685527143e+02	9.9402159452e-01	9.6074408293e-01	9.2685532570e-01
7.8727498087e+02	9.9404013157e-01	9.6073341370e-01	9.2656397820e-01
7.8769469031e+02	9.9405860901e-01	9.6073126793e-01	9.2626529932e-01
7.8811439975e+02	9.9407702684e-01	9.6070200205e-01	9.2624509335e-01
7.8853410920e+02	9.9409532547e-01	9.6069276333e-01	9.2557263374e-01
7.8895381864e+02	9.9411356449e-01	9.6069455147e-01	9.2548072338e-01
7.8937352808e+02	9.9413168430e-01	9.6068990231e-01	9.2491805553e-01
7.8979323752e+02	9.9414974451e-01	9.6067047119e-01	9.2508918047e-01
7.9021294696e+02	9.9416768551e-01	9.6062821150e-01	9.2451602221e-01
7.9063265640e+02	9.9418556690e-01	9.6064525843e-01	9.2428672314e-01
7.9105236584e+02	9.9420338869e-01	9.6062368155e-01	9.2393124104e-01
7.9147207528e+02	9.9422109127e-01	9.6060907841e-01	9.2366629839e-01
7.9189178473e+02	9.9423873425e-01	9.6062117815e-01	9.2346566916e-01
7.9231149417e+02	9.9425625801e-01	9.6057724953e-01	9.2323201895e-01
7.9273120361e+02	9.9427378178e-01	9.6054625511e-01	9.2262274027e-01
7.9315091305e+02	9.9429112673e-01	9.6050721407e-01	9.2215836048e-01
7.9357062249e+02	9.9430847168e-01	9.6053880453e-01	9.2214143276e-01
7.9399033193e+02	9.9432569742e-01	9.6051889658e-01	9.2190003395e-01
7.9441004137e+02	9.9434286356e-01	9.6045202017e-01	9.2137944698e-01
7.9482975081e+02	9.9435991049e-01	9.6044224501e-01	9.2124480009e-01
7.9524946025e+02	9.9437695742e-01	9.6038842201e-01	9.2065328360e-01
7.9566916970e+02	9.9439382553e-01	9.6039605141e-01	9.2065560818e-01
7.9608887914e+02	9.9441069365e-01	9.6034854650e-01	9.2004281282e-01
7.9650858858e+02	9.9442744255e-01	9.6032083035e-01	9.1933244467e-01
7.9692829802e+02	9.9444413185e-01	9.6031719446e-01	9.1894543171e-01
7.9734800746e+02	9.9446076155e-01	9.6024805307e-01	9.1882455349e-01
7.9776771690e+02	9.9447733164e-01	9.6020334959e-01	9.1837316751e-01
7.9818742634e+02	9.9449378252e-01	9.6019285917e-01	9.1766571999e-01
7.9860713578e+02	9.9451017380e-01	9.6015626192e-01	9.1769570112e-01
7.9902684523e+02	9.9452650547e-01	9.6009486914e-01	9.1704523563e-01
7.9944655467e+02	9.9454271793e-01	9.6005439758e-01	9.1654706001e-01
