# lambda  Re(T_ZminTE(0,0),ZmaxTE(0,0))    Im(T_ZminTE(0,0),ZmaxTE(0,0)), 
3.797371134666668127e+02	8.615638862218457650e-01	0.000000000000000000e+00
3.801568229078667969e+02	8.611122464019080880e-01	0.000000000000000000e+00
3.805765323490668379e+02	8.605168448290667627e-01	0.000000000000000000e+00
3.809962417902668221e+02	8.598070864138064318e-01	0.000000000000000000e+00
3.814159512314668063e+02	8.590084624221535625e-01	0.000000000000000000e+00
3.818356606726667906e+02	8.581427528891748535e-01	0.000000000000000000e+00
3.822553701138668316e+02	8.572282556577517365e-01	0.000000000000000000e+00
3.826750795550668158e+02	8.562800333280888854e-01	0.000000000000000000e+00
3.830947889962668000e+02	8.553101709158410504e-01	0.000000000000000000e+00
3.835144984374667843e+02	8.543280383699348723e-01	0.000000000000000000e+00
3.839342078786668253e+02	8.533405532793205683e-01	0.000000000000000000e+00
3.843539173198668095e+02	8.523524400974148429e-01	0.000000000000000000e+00
3.847736267610667937e+02	8.513664830417133622e-01	0.000000000000000000e+00
3.851933362022668348e+02	8.503837704967837086e-01	0.000000000000000000e+00
3.856130456434668190e+02	8.494039370972513714e-01	0.000000000000000000e+00
3.860327550846668032e+02	8.484253280082439952e-01	0.000000000000000000e+00
3.864524645258667874e+02	8.474452736797445374e-01	0.000000000000000000e+00
3.868721739670668285e+02	8.464602987179974392e-01	0.000000000000000000e+00
3.872918834082668127e+02	8.454662904155446634e-01	0.000000000000000000e+00
3.877115928494667969e+02	8.444586669801709133e-01	0.000000000000000000e+00
3.881313022906667811e+02	8.434325316772783854e-01	0.000000000000000000e+00
3.885510117318668222e+02	8.423828126599731680e-01	0.000000000000000000e+00
3.889707211730668064e+02	8.413043883242909970e-01	0.000000000000000000e+00
3.893904306142667906e+02	8.401921980890943997e-01	0.000000000000000000e+00
3.898101400554668317e+02	8.390413385673008984e-01	0.000000000000000000e+00
3.902298494966668159e+02	8.378471451703117800e-01	0.000000000000000000e+00
3.906495589378668001e+02	8.366052592719478431e-01	0.000000000000000000e+00
3.910692683790667843e+02	8.353116811522639518e-01	0.000000000000000000e+00
3.914889778202668253e+02	8.339628090433526264e-01	0.000000000000000000e+00
3.919086872614668096e+02	8.325554647066779612e-01	0.000000000000000000e+00
3.923283967026667938e+02	8.310869060809386033e-01	0.000000000000000000e+00
3.927481061438668348e+02	8.295548276477485716e-01	0.000000000000000000e+00
3.931678155850668190e+02	8.279573492654490607e-01	0.000000000000000000e+00
3.935875250262668033e+02	8.262929943157307777e-01	0.000000000000000000e+00
3.940072344674667875e+02	8.245604151157932549e-01	0.000000000000000000e+00
3.944269439086668285e+02	8.227584735294755092e-01	0.000000000000000000e+00
3.948466533498668127e+02	8.208871983956174123e-01	0.000000000000000000e+00
3.952663627910667969e+02	8.189463335725711834e-01	0.000000000000000000e+00
3.956860722322667812e+02	8.169357885312223955e-01	0.000000000000000000e+00
3.961057816734668222e+02	8.148555723889276958e-01	0.000000000000000000e+00
3.965254911146668064e+02	8.127057245419834208e-01	0.000000000000000000e+00
3.969452005558667906e+02	8.104862429538928215e-01	0.000000000000000000e+00
3.973649099970668317e+02	8.081970111066414386e-01	0.000000000000000000e+00
3.977846194382668159e+02	8.058377245614346540e-01	0.000000000000000000e+00
3.982043288794668001e+02	8.034078180069667008e-01	0.000000000000000000e+00
3.986240383206667843e+02	8.009063936005621498e-01	0.000000000000000000e+00
3.990437477618668254e+02	7.983321513326174790e-01	0.000000000000000000e+00
3.994634572030668096e+02	7.956833220714308874e-01	0.000000000000000000e+00
3.998831666442667938e+02	7.929567495389258092e-01	0.000000000000000000e+00
4.003028760854667780e+02	7.901487761198913162e-01	0.000000000000000000e+00
4.007225855266668191e+02	7.872570730303301012e-01	0.000000000000000000e+00
4.011422949678668033e+02	7.842772952618213278e-01	0.000000000000000000e+00
4.015620044090667875e+02	7.812043373791872636e-01	0.000000000000000000e+00
4.019817138502668286e+02	7.780322929879124327e-01	0.000000000000000000e+00
4.024014232914668128e+02	7.747544201364821026e-01	0.000000000000000000e+00
4.028211327326667970e+02	7.713631129770226469e-01	0.000000000000000000e+00
4.032408421738667812e+02	7.678498799990099988e-01	0.000000000000000000e+00
4.036605516150668223e+02	7.642006922215976994e-01	0.000000000000000000e+00
4.040802610562668065e+02	7.604078130047708939e-01	0.000000000000000000e+00
4.044999704974667907e+02	7.564607085952296250e-01	0.000000000000000000e+00
4.049196799386668317e+02	7.523470617489499412e-01	0.000000000000000000e+00
4.053393893798668159e+02	7.480536631294177896e-01	0.000000000000000000e+00
4.057590988210668002e+02	7.435664388353548926e-01	0.000000000000000000e+00
4.061788082622667844e+02	7.388703156089407864e-01	0.000000000000000000e+00
4.065985177034668254e+02	7.339381390753851875e-01	0.000000000000000000e+00
4.070182271446668096e+02	7.287628514406309099e-01	0.000000000000000000e+00
4.074379365858667938e+02	7.233271695468789231e-01	0.000000000000000000e+00
4.078576460270667781e+02	7.176132446492231587e-01	0.000000000000000000e+00
4.082773554682668191e+02	7.116027569737890524e-01	0.000000000000000000e+00
4.086970649094668033e+02	7.052739298986772098e-01	0.000000000000000000e+00
4.091167743506667875e+02	6.985935186824798748e-01	0.000000000000000000e+00
4.095364837918668286e+02	6.915567520546168634e-01	0.000000000000000000e+00
4.099561932330668128e+02	6.841445067283813408e-01	0.000000000000000000e+00
4.103759026742667970e+02	6.763378830738195902e-01	0.000000000000000000e+00
4.107956121154667812e+02	6.681183716192137245e-01	0.000000000000000000e+00
4.112153215566668223e+02	6.594407289519975679e-01	0.000000000000000000e+00
4.116350309978668065e+02	6.503103648522872149e-01	0.000000000000000000e+00
4.120547404390667907e+02	6.407126891743968322e-01	0.000000000000000000e+00
4.124744498802667749e+02	6.306328711608693016e-01	0.000000000000000000e+00
4.128941593214668160e+02	6.200509905436060176e-01	0.000000000000000000e+00
4.133138687626668002e+02	6.089311421190196638e-01	0.000000000000000000e+00
4.137335782038667844e+02	5.972919486197439953e-01	0.000000000000000000e+00
4.141532876450668255e+02	5.851262112470433374e-01	0.000000000000000000e+00
4.145729970862668097e+02	5.724291070170220985e-01	0.000000000000000000e+00
4.149927065274667939e+02	5.591666464524601698e-01	0.000000000000000000e+00
4.154124159686667781e+02	5.453613357408144680e-01	0.000000000000000000e+00
4.158321254098668192e+02	5.310270895051537599e-01	0.000000000000000000e+00
4.162518348510668034e+02	5.161716174558182990e-01	0.000000000000000000e+00
4.166715442922667876e+02	5.007798292877753132e-01	0.000000000000000000e+00
4.170912537334668286e+02	4.848797491987090202e-01	0.000000000000000000e+00
4.175109631746668128e+02	4.685064278840976870e-01	0.000000000000000000e+00
4.179306726158667971e+02	4.516832770560069710e-01	0.000000000000000000e+00
4.183503820570667813e+02	4.344124279285273005e-01	0.000000000000000000e+00
4.187700914982668223e+02	4.167471932280346625e-01	0.000000000000000000e+00
4.191898009394668065e+02	3.987347797851527598e-01	0.000000000000000000e+00
4.196095103806667908e+02	3.804158581506739689e-01	0.000000000000000000e+00
4.200292198218668318e+02	3.618178456765940854e-01	0.000000000000000000e+00
4.204489292630668160e+02	3.430211048097962512e-01	0.000000000000000000e+00
4.208686387042668002e+02	3.240812766975668113e-01	0.000000000000000000e+00
4.212883481454667844e+02	3.050579558281744097e-01	0.000000000000000000e+00
4.217080575866667687e+02	2.860283791005404086e-01	0.000000000000000000e+00
4.221277670278668097e+02	2.670679012945814113e-01	0.000000000000000000e+00
4.225474764690667939e+02	2.482531788128826133e-01	0.000000000000000000e+00
4.229671859102667781e+02	2.296984335876947336e-01	0.000000000000000000e+00
4.233868953514668192e+02	2.114772468441055431e-01	0.000000000000000000e+00
4.238066047926668034e+02	1.936808479489579848e-01	0.000000000000000000e+00
4.242263142338667876e+02	1.764637764824034394e-01	0.000000000000000000e+00
4.246460236750667718e+02	1.599134013434466983e-01	0.000000000000000000e+00
4.250657331162668129e+02	1.441250631213341349e-01	0.000000000000000000e+00
4.254854425574667971e+02	1.292871698420149928e-01	0.000000000000000000e+00
4.259051519986667813e+02	1.155205685011114758e-01	0.000000000000000000e+00
4.263248614398668224e+02	1.029094244382666445e-01	0.000000000000000000e+00
4.267445708810668066e+02	9.168055606276086233e-02	0.000000000000000000e+00
4.271642803222667908e+02	8.198111456742852854e-02	0.000000000000000000e+00
4.275839897634667750e+02	7.387217959634635733e-02	0.000000000000000000e+00
4.280036992046668161e+02	6.762744367756770569e-02	0.000000000000000000e+00
4.284234086458668003e+02	6.337611721563546352e-02	0.000000000000000000e+00
4.288431180870667845e+02	6.114537732310384999e-02	0.000000000000000000e+00
4.292628275282668255e+02	6.125945977774047146e-02	0.000000000000000000e+00
4.296825369694668098e+02	6.373667495957345552e-02	0.000000000000000000e+00
4.301022464106667940e+02	6.856114759405680659e-02	0.000000000000000000e+00
4.305219558518667782e+02	7.608787097674615807e-02	0.000000000000000000e+00
4.309416652930668192e+02	8.609778096665252067e-02	0.000000000000000000e+00
4.313613747342668034e+02	9.856853683823557644e-02	0.000000000000000000e+00
4.317810841754667877e+02	1.136982697835421524e-01	0.000000000000000000e+00
4.322007936166667719e+02	1.310667343672694551e-01	0.000000000000000000e+00
4.326205030578668129e+02	1.506527794836376721e-01	0.000000000000000000e+00
4.330402124990667971e+02	1.722546438090435117e-01	0.000000000000000000e+00
4.334599219402667813e+02	1.954617680490267351e-01	0.000000000000000000e+00
4.338796313814667656e+02	2.201396010557136185e-01	0.000000000000000000e+00
4.342993408226668066e+02	2.458126988134370916e-01	0.000000000000000000e+00
4.347190502638667908e+02	2.721646231894924162e-01	0.000000000000000000e+00
4.351387597050667750e+02	2.988546527162660449e-01	0.000000000000000000e+00
4.355584691462668161e+02	3.255288464326054343e-01	0.000000000000000000e+00
4.359781785874668003e+02	3.518665512820701169e-01	0.000000000000000000e+00
4.363978880286667845e+02	3.776097021958828570e-01	0.000000000000000000e+00
4.368175974698667687e+02	4.025629769823176884e-01	0.000000000000000000e+00
4.372373069110668098e+02	4.264694411824456188e-01	0.000000000000000000e+00
4.376570163522667940e+02	4.493446431029555765e-01	0.000000000000000000e+00
4.380767257934667782e+02	4.709696209912590525e-01	0.000000000000000000e+00
4.384964352346668193e+02	4.914428432870902586e-01	0.000000000000000000e+00
4.389161446758668035e+02	5.107296903808166144e-01	0.000000000000000000e+00
4.393358541170667877e+02	5.288472069464974501e-01	0.000000000000000000e+00
4.397555635582667719e+02	5.459484103852474401e-01	0.000000000000000000e+00
4.401752729994668130e+02	5.619642468067667096e-01	0.000000000000000000e+00
4.405949824406667972e+02	5.771351752955011793e-01	0.000000000000000000e+00
4.410146918818667814e+02	5.914252287625358928e-01	0.000000000000000000e+00
4.414344013230668224e+02	6.050013633528027457e-01	0.000000000000000000e+00
4.418541107642668067e+02	6.179017204322310164e-01	0.000000000000000000e+00
4.422738202054667909e+02	6.302032179360811392e-01	0.000000000000000000e+00
4.426935296466667751e+02	6.419889011749342345e-01	0.000000000000000000e+00
4.431132390878668161e+02	6.532713655078183912e-01	0.000000000000000000e+00
4.435329485290668003e+02	6.641516274283671972e-01	0.000000000000000000e+00
4.439526579702667846e+02	6.745977613356219926e-01	0.000000000000000000e+00
4.443723674114668256e+02	6.847083230193010683e-01	0.000000000000000000e+00
4.447920768526668098e+02	6.944435065762688541e-01	0.000000000000000000e+00
4.452117862938667940e+02	7.038718909567707183e-01	0.000000000000000000e+00
4.456314957350667783e+02	7.129647710632861513e-01	0.000000000000000000e+00
4.460512051762667625e+02	7.217612464319063115e-01	0.000000000000000000e+00
4.464709146174668035e+02	7.302443302964776173e-01	0.000000000000000000e+00
4.468906240586667877e+02	7.384332390068341079e-01	0.000000000000000000e+00
4.473103334998667719e+02	7.463210790457763810e-01	0.000000000000000000e+00
4.477300429410668130e+02	7.539139119475604112e-01	0.000000000000000000e+00
4.481497523822667972e+02	7.612137624869632635e-01	0.000000000000000000e+00
4.485694618234667814e+02	7.682186229260876686e-01	0.000000000000000000e+00
4.489891712646667656e+02	7.749378094886294477e-01	0.000000000000000000e+00
4.494088807058668067e+02	7.813654017746595182e-01	0.000000000000000000e+00
4.498285901470667909e+02	7.875157134279863191e-01	0.000000000000000000e+00
4.502482995882667751e+02	7.933824555402326784e-01	0.000000000000000000e+00
4.506680090294668162e+02	7.989821613032209724e-01	0.000000000000000000e+00
4.510877184706668004e+02	8.043111746030031650e-01	0.000000000000000000e+00
4.515074279118667846e+02	8.093853351824856768e-01	0.000000000000000000e+00
4.519271373530667688e+02	8.142060331307202636e-01	0.000000000000000000e+00
4.523468467942668099e+02	8.187857229020902849e-01	0.000000000000000000e+00
4.527665562354667941e+02	8.231325995096342441e-01	0.000000000000000000e+00
4.531862656766667783e+02	8.272535379688413792e-01	0.000000000000000000e+00
4.536059751178668193e+02	8.311646062452759942e-01	0.000000000000000000e+00
4.540256845590668036e+02	8.348655670195425094e-01	0.000000000000000000e+00
4.544453940002667878e+02	8.383807538273537752e-01	0.000000000000000000e+00
4.548651034414667720e+02	8.417019980281470470e-01	0.000000000000000000e+00
4.552848128826667562e+02	8.448616818695584563e-01	0.000000000000000000e+00
4.557045223238667973e+02	8.478435630141991641e-01	0.000000000000000000e+00
4.561242317650667815e+02	8.506867029108540201e-01	0.000000000000000000e+00
4.565439412062668225e+02	8.533691638790432688e-01	0.000000000000000000e+00
4.569636506474668067e+02	8.559291984816879140e-01	0.000000000000000000e+00
4.573833600886667909e+02	8.583540359003039022e-01	0.000000000000000000e+00
4.578030695298667752e+02	8.606672491804214786e-01	0.000000000000000000e+00
4.582227789710667594e+02	8.628684315245558345e-01	0.000000000000000000e+00
4.586424884122668004e+02	8.649683176020414033e-01	0.000000000000000000e+00
4.590621978534667846e+02	8.669767670714818575e-01	0.000000000000000000e+00
4.594819072946667688e+02	8.688937139826029554e-01	0.000000000000000000e+00
4.599016167358668099e+02	8.707371571822278833e-01	0.000000000000000000e+00
4.603213261770667941e+02	8.724983021923530258e-01	0.000000000000000000e+00
4.607410356182667783e+02	8.741976235274925289e-01	0.000000000000000000e+00
4.611607450594667625e+02	8.758304773610856575e-01	0.000000000000000000e+00
4.615804545006668036e+02	8.774075691490491602e-01	0.000000000000000000e+00
4.620001639418667878e+02	8.789323451592174763e-01	0.000000000000000000e+00
4.624198733830667720e+02	8.804065319700427050e-01	0.000000000000000000e+00
4.628395828242668131e+02	8.818400116764291141e-01	0.000000000000000000e+00
4.632592922654667973e+02	8.832277244954555018e-01	0.000000000000000000e+00
4.636790017066667815e+02	8.845812074211228948e-01	0.000000000000000000e+00
4.640987111478667657e+02	8.858990309399092933e-01	0.000000000000000000e+00
4.645184205890668068e+02	8.871850698764007781e-01	0.000000000000000000e+00
4.649381300302667910e+02	8.884434999060707439e-01	0.000000000000000000e+00
4.653578394714667752e+02	8.896723064645274404e-01	0.000000000000000000e+00
4.657775489126668162e+02	8.908781482675623975e-01	0.000000000000000000e+00
4.661972583538668005e+02	8.920595527718626627e-01	0.000000000000000000e+00
4.666169677950667847e+02	8.932193485725319348e-01	0.000000000000000000e+00
4.670366772362667689e+02	8.943598715429145196e-01	0.000000000000000000e+00
4.674563866774667531e+02	8.954791610958588999e-01	0.000000000000000000e+00
4.678760961186667942e+02	8.965816133119589582e-01	0.000000000000000000e+00
4.682958055598667784e+02	8.976660733178860596e-01	0.000000000000000000e+00
4.687155150010668194e+02	8.987334864574283433e-01	0.000000000000000000e+00
4.691352244422668036e+02	8.997859022951498753e-01	0.000000000000000000e+00
4.695549338834667878e+02	9.008208221681061056e-01	0.000000000000000000e+00
4.699746433246667721e+02	9.018412076068079708e-01	0.000000000000000000e+00
4.703943527658667563e+02	9.028467052261647252e-01	0.000000000000000000e+00
4.708140622070667973e+02	9.038360248713316336e-01	0.000000000000000000e+00
4.712337716482667815e+02	9.048114265989579685e-01	0.000000000000000000e+00
4.716534810894667658e+02	9.057712705054851154e-01	0.000000000000000000e+00
4.720731905306668068e+02	9.067158041181571093e-01	0.000000000000000000e+00
4.724928999718667910e+02	9.076462417379849157e-01	0.000000000000000000e+00
4.729126094130667752e+02	9.085600599792191812e-01	0.000000000000000000e+00
4.733323188542667594e+02	9.094588310769108341e-01	0.000000000000000000e+00
4.737520282954668005e+02	9.103429755532879142e-01	0.000000000000000000e+00
4.741717377366667847e+02	9.112092244203847669e-01	0.000000000000000000e+00
4.745914471778667689e+02	9.120603155391939776e-01	0.000000000000000000e+00
4.750111566190668100e+02	9.128956710659378304e-01	0.000000000000000000e+00
4.754308660602667942e+02	9.137126094353799077e-01	0.000000000000000000e+00
4.758505755014667784e+02	9.145136644663166559e-01	0.000000000000000000e+00
4.762702849426667626e+02	9.152979409049130100e-01	0.000000000000000000e+00
4.766899943838667468e+02	9.160631952476472328e-01	0.000000000000000000e+00
4.771097038250667879e+02	9.168118261923238199e-01	0.000000000000000000e+00
4.775294132662667721e+02	9.175428861553553972e-01	0.000000000000000000e+00
4.779491227074668132e+02	9.182542373357512888e-01	0.000000000000000000e+00
4.783688321486667974e+02	9.189483414990321508e-01	0.000000000000000000e+00
4.787885415898667816e+02	9.196244477078806545e-01	0.000000000000000000e+00
4.792082510310667658e+02	9.202801310070244378e-01	0.000000000000000000e+00
4.796279604722667500e+02	9.209181254617959667e-01	0.000000000000000000e+00
4.800476699134667911e+02	9.215381385936417535e-01	0.000000000000000000e+00
4.804673793546667753e+02	9.221370251617456715e-01	0.000000000000000000e+00
4.808870887958667595e+02	9.227180059984815275e-01	0.000000000000000000e+00
4.813067982370668005e+02	9.232810608867911828e-01	0.000000000000000000e+00
4.817265076782667848e+02	9.238232122227830745e-01	0.000000000000000000e+00
4.821462171194667690e+02	9.243470466815570941e-01	0.000000000000000000e+00
4.825659265606667532e+02	9.248530633597425998e-01	0.000000000000000000e+00
4.829856360018667942e+02	9.253393225450183834e-01	0.000000000000000000e+00
4.834053454430667784e+02	9.258066826078188427e-01	0.000000000000000000e+00
4.838250548842667627e+02	9.262565863582996606e-01	0.000000000000000000e+00
4.842447643254668037e+02	9.266883525068223548e-01	0.000000000000000000e+00
4.846644737666667879e+02	9.271006988634049595e-01	0.000000000000000000e+00
4.850841832078667721e+02	9.274961910610589610e-01	0.000000000000000000e+00
4.855038926490667563e+02	9.278750520660110634e-01	0.000000000000000000e+00
4.859236020902667974e+02	9.282350812489225111e-01	0.000000000000000000e+00
4.863433115314667816e+02	9.285785715749239611e-01	0.000000000000000000e+00
4.867630209726667658e+02	9.289063099178884730e-01	0.000000000000000000e+00
4.871827304138668069e+02	9.292177683465775440e-01	0.000000000000000000e+00
4.876024398550667911e+02	9.295122780986242450e-01	0.000000000000000000e+00
4.880221492962667753e+02	9.297920887144091040e-01	0.000000000000000000e+00
4.884418587374667595e+02	9.300575448754322405e-01	0.000000000000000000e+00
4.888615681786667437e+02	9.303073777523189758e-01	0.000000000000000000e+00
4.892812776198667848e+02	9.305429105314688698e-01	0.000000000000000000e+00
4.897009870610667690e+02	9.307653088033870370e-01	0.000000000000000000e+00
4.901206965022668101e+02	9.309749577530861409e-01	0.000000000000000000e+00
4.905404059434667943e+02	9.311703057377836990e-01	0.000000000000000000e+00
4.909601153846667785e+02	9.313536970807920756e-01	0.000000000000000000e+00
4.913798248258667627e+02	9.315256534388933751e-01	0.000000000000000000e+00
4.917995342670667469e+02	9.316864185870700199e-01	0.000000000000000000e+00
4.922192437082667880e+02	9.318349981646236735e-01	0.000000000000000000e+00
4.926389531494667722e+02	9.319734792893897835e-01	0.000000000000000000e+00
4.930586625906667564e+02	9.321022648492972573e-01	0.000000000000000000e+00
4.934783720318667974e+02	9.322215991645825817e-01	0.000000000000000000e+00
4.938980814730667817e+02	9.323307948057358852e-01	0.000000000000000000e+00
4.943177909142667659e+02	9.324315999770139696e-01	0.000000000000000000e+00
4.947375003554667501e+02	9.325243990317686471e-01	0.000000000000000000e+00
4.951572097966667911e+02	9.326095696191050166e-01	0.000000000000000000e+00
4.955769192378667753e+02	9.326863908292636340e-01	0.000000000000000000e+00
4.959966286790667596e+02	9.327563977107603543e-01	0.000000000000000000e+00
4.964163381202668006e+02	9.328199581715899136e-01	0.000000000000000000e+00
4.968360475614667848e+02	9.328774101083980863e-01	0.000000000000000000e+00
4.972557570026667690e+02	9.329284783926358182e-01	0.000000000000000000e+00
4.976754664438667533e+02	9.329738995370889798e-01	0.000000000000000000e+00
4.980951758850667943e+02	9.330142380548275272e-01	0.000000000000000000e+00
4.985148853262667785e+02	9.330497786225002699e-01	0.000000000000000000e+00
4.989345947674667627e+02	9.330806293041964405e-01	0.000000000000000000e+00
4.993543042086668038e+02	9.331067668009451754e-01	0.000000000000000000e+00
4.997740136498667880e+02	9.331289392524223514e-01	0.000000000000000000e+00
5.001937230910667722e+02	9.331473684715396733e-01	0.000000000000000000e+00
5.006134325322667564e+02	9.331622609334160323e-01	0.000000000000000000e+00
5.010331419734667406e+02	9.331735239660655656e-01	0.000000000000000000e+00
5.014528514146667817e+02	9.331814665736505310e-01	0.000000000000000000e+00
5.018725608558667659e+02	9.331864353120757904e-01	0.000000000000000000e+00
5.022922702970668070e+02	9.331885672905066986e-01	0.000000000000000000e+00
5.027119797382667912e+02	9.331879834003051766e-01	0.000000000000000000e+00
5.031316891794667754e+02	9.331845206260145353e-01	0.000000000000000000e+00
5.035513986206667596e+02	9.331784598291059663e-01	0.000000000000000000e+00
5.039711080618667438e+02	9.331699632670591438e-01	0.000000000000000000e+00
5.043908175030667849e+02	9.331590817519538339e-01	0.000000000000000000e+00
5.048105269442667691e+02	9.331458502780815012e-01	0.000000000000000000e+00
5.052302363854667533e+02	9.331300858751720995e-01	0.000000000000000000e+00
5.056499458266667943e+02	9.331118760530422440e-01	0.000000000000000000e+00
5.060696552678667786e+02	9.330913233008661933e-01	0.000000000000000000e+00
5.064893647090667628e+02	9.330683971030869772e-01	0.000000000000000000e+00
5.069090741502667470e+02	9.330430526686290804e-01	0.000000000000000000e+00
5.073287835914667880e+02	9.330151525302796678e-01	0.000000000000000000e+00
5.077484930326667723e+02	9.329844331925204459e-01	0.000000000000000000e+00
5.081682024738668133e+02	9.329510588365723667e-01	0.000000000000000000e+00
5.085879119150667975e+02	9.329149282392396048e-01	0.000000000000000000e+00
5.090076213562667817e+02	9.328759283944078051e-01	0.000000000000000000e+00
5.094273307974667659e+02	9.328339350570133970e-01	0.000000000000000000e+00
5.098470402386667502e+02	9.327886073385650567e-01	0.000000000000000000e+00
5.102667496798667344e+02	9.327397749849352104e-01	0.000000000000000000e+00
5.106864591210667754e+02	9.326874809679652767e-01	0.000000000000000000e+00
5.111061685622667596e+02	9.326315598913798022e-01	0.000000000000000000e+00
5.115258780034668007e+02	9.325718384388302917e-01	0.000000000000000000e+00
5.119455874446667849e+02	9.325081360415772291e-01	0.000000000000000000e+00
5.123652968858667691e+02	9.324400769448519810e-01	0.000000000000000000e+00
5.127850063270667533e+02	9.323672971736899351e-01	0.000000000000000000e+00
5.132047157682667375e+02	9.322899189916651341e-01	0.000000000000000000e+00
5.136244252094668354e+02	9.322077391229479648e-01	0.000000000000000000e+00
5.140441346506668197e+02	9.321205508118588501e-01	0.000000000000000000e+00
5.144638440918668039e+02	9.320281445428005851e-01	0.000000000000000000e+00
5.148835535330667881e+02	9.319303087621279014e-01	0.000000000000000000e+00
5.153032629742667723e+02	9.318263508184587707e-01	0.000000000000000000e+00
5.157229724154667565e+02	9.317163289195091735e-01	0.000000000000000000e+00
5.161426818566667407e+02	9.316002009380414117e-01	0.000000000000000000e+00
5.165623912978667249e+02	9.314777553001220012e-01	0.000000000000000000e+00
5.169821007390667091e+02	9.313487821955899193e-01	0.000000000000000000e+00
5.174018101802668070e+02	9.312130742653417226e-01	0.000000000000000000e+00
5.178215196214667912e+02	9.310704272770303769e-01	0.000000000000000000e+00
5.182412290626667755e+02	9.309202747677717271e-01	0.000000000000000000e+00
5.186609385038667597e+02	9.307623699149250029e-01	0.000000000000000000e+00
5.190806479450667439e+02	9.305969113320032848e-01	0.000000000000000000e+00
5.195003573862667281e+02	9.304237158304290434e-01	0.000000000000000000e+00
5.199200668274668260e+02	9.302426066472345711e-01	0.000000000000000000e+00
5.203397762686668102e+02	9.300534140026471830e-01	0.000000000000000000e+00
5.207594857098667944e+02	9.298559756336354232e-01	0.000000000000000000e+00
5.211791951510667786e+02	9.296501373018670744e-01	0.000000000000000000e+00
5.215989045922667628e+02	9.294354193546495724e-01	0.000000000000000000e+00
5.220186140334667471e+02	9.292115241944751691e-01	0.000000000000000000e+00
5.224383234746667313e+02	9.289788079753653616e-01	0.000000000000000000e+00
5.228580329158667155e+02	9.287371557906225483e-01	0.000000000000000000e+00
5.232777423570666997e+02	9.284864629166778016e-01	0.000000000000000000e+00
5.236974517982667976e+02	9.282266351237720148e-01	0.000000000000000000e+00
5.241171612394667818e+02	9.279575889515269127e-01	0.000000000000000000e+00
5.245368706806667660e+02	9.276792519483398891e-01	0.000000000000000000e+00
5.249565801218667502e+02	9.273915628735684979e-01	0.000000000000000000e+00
5.253762895630667344e+02	9.270943330078775801e-01	0.000000000000000000e+00
5.257959990042668323e+02	9.267870183960840169e-01	0.000000000000000000e+00
5.262157084454668166e+02	9.264702442737907662e-01	0.000000000000000000e+00
5.266354178866668008e+02	9.261439980295237406e-01	0.000000000000000000e+00
5.270551273278667850e+02	9.258082786207495474e-01	0.000000000000000000e+00
5.274748367690667692e+02	9.254630965214928340e-01	0.000000000000000000e+00
5.278945462102667534e+02	9.251084736274295395e-01	0.000000000000000000e+00
5.283142556514667376e+02	9.247444431178934998e-01	0.000000000000000000e+00
5.287339650926667218e+02	9.243710492742620577e-01	0.000000000000000000e+00
5.291536745338667060e+02	9.239883472541811082e-01	0.000000000000000000e+00
5.295733839750668039e+02	9.235964028211880450e-01	0.000000000000000000e+00
5.299930934162667882e+02	9.231952095773634515e-01	0.000000000000000000e+00
5.304128028574667724e+02	9.227843994874476152e-01	0.000000000000000000e+00
5.308325122986667566e+02	9.223646278893130601e-01	0.000000000000000000e+00
5.312522217398667408e+02	9.219360006355505899e-01	0.000000000000000000e+00
5.316719311810667250e+02	9.214986319754158162e-01	0.000000000000000000e+00
5.320916406222668229e+02	9.210526439965933676e-01	0.000000000000000000e+00
5.325113500634668071e+02	9.205981660187074755e-01	0.000000000000000000e+00
5.329310595046667913e+02	9.201353339377660312e-01	0.000000000000000000e+00
5.333507689458667755e+02	9.196642895206504909e-01	0.000000000000000000e+00
5.337704783870667598e+02	9.191851796485720483e-01	0.000000000000000000e+00
5.341901878282667440e+02	9.186981555083165718e-01	0.000000000000000000e+00
5.346098972694667282e+02	9.182033717299001863e-01	0.000000000000000000e+00
5.350296067106667124e+02	9.177009854690705293e-01	0.000000000000000000e+00
5.354493161518666966e+02	9.171911554329035265e-01	0.000000000000000000e+00
5.358690255930667945e+02	9.166740408464552070e-01	0.000000000000000000e+00
5.362887350342667787e+02	9.161496014362391360e-01	0.000000000000000000e+00
5.367084444754667629e+02	9.156180590810161224e-01	0.000000000000000000e+00
5.371281539166667471e+02	9.150797238004136913e-01	0.000000000000000000e+00
5.375478633578667313e+02	9.145347440735190903e-01	0.000000000000000000e+00
5.379675727990668292e+02	9.139832625463564231e-01	0.000000000000000000e+00
5.383872822402668135e+02	9.134254145863083263e-01	0.000000000000000000e+00
5.388069916814667977e+02	9.128613267566849654e-01	0.000000000000000000e+00
5.392267011226667819e+02	9.122911152075815489e-01	0.000000000000000000e+00
5.396464105638667661e+02	9.117148839791932025e-01	0.000000000000000000e+00
5.400661200050667503e+02	9.111327232139052601e-01	0.000000000000000000e+00
5.404858294462667345e+02	9.105447072739297765e-01	0.000000000000000000e+00
5.409055388874667187e+02	9.099508927619736065e-01	0.000000000000000000e+00
5.413252483286667029e+02	9.093513164436362040e-01	0.000000000000000000e+00
5.417449577698668008e+02	9.087459930720747092e-01	0.000000000000000000e+00
5.421646672110667851e+02	9.081349131181197798e-01	0.000000000000000000e+00
5.425843766522667693e+02	9.075180404128335709e-01	0.000000000000000000e+00
5.430040860934667535e+02	9.068953097148039211e-01	0.000000000000000000e+00
5.434237955346667377e+02	9.062666242217790602e-01	0.000000000000000000e+00
5.438435049758667219e+02	9.056318530562534885e-01	0.000000000000000000e+00
5.442632144170668198e+02	9.049908287681253105e-01	0.000000000000000000e+00
5.446829238582668040e+02	9.043433449157776138e-01	0.000000000000000000e+00
5.451026332994667882e+02	9.036891538112847844e-01	0.000000000000000000e+00
5.455223427406667724e+02	9.030279645479559747e-01	0.000000000000000000e+00
5.459420521818667567e+02	9.023594414714792844e-01	0.000000000000000000e+00
5.463617616230667409e+02	9.016832033129285051e-01	0.000000000000000000e+00
5.467814710642667251e+02	9.009988232768540994e-01	0.000000000000000000e+00
5.472011805054667093e+02	9.003058304759720132e-01	0.000000000000000000e+00
5.476208899466666935e+02	8.996037132321667018e-01	0.000000000000000000e+00
5.480405993878667914e+02	8.988919249297404601e-01	0.000000000000000000e+00
5.484603088290667756e+02	8.981698933208518421e-01	0.000000000000000000e+00
5.488800182702667598e+02	8.974370344559571278e-01	0.000000000000000000e+00
5.492997277114667440e+02	8.966927727559074190e-01	0.000000000000000000e+00
5.497194371526667283e+02	8.959365691684951782e-01	0.000000000000000000e+00
5.501391465938668262e+02	8.951679598685490236e-01	0.000000000000000000e+00
5.505588560350668104e+02	8.943866085661296150e-01	0.000000000000000000e+00
5.509785654762667946e+02	8.935923761628890016e-01	0.000000000000000000e+00
5.513982749174667788e+02	8.927854121896555695e-01	0.000000000000000000e+00
5.518179843586667630e+02	8.919662730596291667e-01	0.000000000000000000e+00
5.522376937998667472e+02	8.911360724798501609e-01	0.000000000000000000e+00
5.526574032410667314e+02	8.902966690385845094e-01	0.000000000000000000e+00
5.530771126822667156e+02	8.894508944901694525e-01	0.000000000000000000e+00
5.534968221234666998e+02	8.886028228017842645e-01	0.000000000000000000e+00
5.539165315646667977e+02	8.877580735465134820e-01	0.000000000000000000e+00
5.543362410058667820e+02	8.869241324727951126e-01	0.000000000000000000e+00
5.547559504470667662e+02	8.861106559130927929e-01	0.000000000000000000e+00
5.551756598882667504e+02	8.853297037677577697e-01	0.000000000000000000e+00
5.555953693294667346e+02	8.845958197608593254e-01	0.000000000000000000e+00
5.560150787706667188e+02	8.839258528414627447e-01	0.000000000000000000e+00
5.564347882118668167e+02	8.833384006326224780e-01	0.000000000000000000e+00
5.568544976530668009e+02	8.828527708008017116e-01	0.000000000000000000e+00
5.572742070942667851e+02	8.824874170210587065e-01	0.000000000000000000e+00
5.576939165354667693e+02	8.822579230336219380e-01	0.000000000000000000e+00
5.581136259766667536e+02	8.821747693564874204e-01	0.000000000000000000e+00
5.585333354178667378e+02	8.822412774757985021e-01	0.000000000000000000e+00
5.589530448590667220e+02	8.824522125290868990e-01	0.000000000000000000e+00
5.593727543002667062e+02	8.827934673420719802e-01	0.000000000000000000e+00
5.597924637414666904e+02	8.832430283595975595e-01	0.000000000000000000e+00
5.602121731826667883e+02	8.837730990693923872e-01	0.000000000000000000e+00
5.606318826238667725e+02	8.843529532087376355e-01	0.000000000000000000e+00
5.610515920650667567e+02	8.849519297916306204e-01	0.000000000000000000e+00
5.614713015062667409e+02	8.855420158755226145e-01	0.000000000000000000e+00
5.618910109474667252e+02	8.860996511263029562e-01	0.000000000000000000e+00
5.623107203886668231e+02	8.866066349565612237e-01	0.000000000000000000e+00
5.627304298298668073e+02	8.870502284219597966e-01	0.000000000000000000e+00
5.631501392710667915e+02	8.874226670512836979e-01	0.000000000000000000e+00
5.635698487122667757e+02	8.877203333597449841e-01	0.000000000000000000e+00
5.639895581534667599e+02	8.879428056024384341e-01	0.000000000000000000e+00
5.644092675946667441e+02	8.880919370308532068e-01	0.000000000000000000e+00
5.648289770358667283e+02	8.881710549868379045e-01	0.000000000000000000e+00
5.652486864770667125e+02	8.881843167983745069e-01	0.000000000000000000e+00
5.656683959182666968e+02	8.881362243079191643e-01	0.000000000000000000e+00
5.660881053594667947e+02	8.880312793321467613e-01	0.000000000000000000e+00
5.665078148006667789e+02	8.878724902728772905e-01	0.000000000000000000e+00
5.669275242418667631e+02	8.876636163715975192e-01	0.000000000000000000e+00
5.673472336830667473e+02	8.874097999146434157e-01	0.000000000000000000e+00
5.677669431242667315e+02	8.871139318825498332e-01	0.000000000000000000e+00
5.681866525654667157e+02	8.867784229518733685e-01	0.000000000000000000e+00
5.686063620066668136e+02	8.864052240986746156e-01	0.000000000000000000e+00
5.690260714478667978e+02	8.859958556849956146e-01	0.000000000000000000e+00
5.694457808890667820e+02	8.855514403953127500e-01	0.000000000000000000e+00
5.698654903302667663e+02	8.850727369947724021e-01	0.000000000000000000e+00
5.702851997714667505e+02	8.845601730191660073e-01	0.000000000000000000e+00
5.707049092126667347e+02	8.840138752944775025e-01	0.000000000000000000e+00
5.711246186538667189e+02	8.834336977155884396e-01	0.000000000000000000e+00
5.715443280950667031e+02	8.828192460623868199e-01	0.000000000000000000e+00
5.719640375362666873e+02	8.821698998519371671e-01	0.000000000000000000e+00
5.723837469774667852e+02	8.814848313577098304e-01	0.000000000000000000e+00
5.728034564186667694e+02	8.807630219999056376e-01	0.000000000000000000e+00
5.732231658598667536e+02	8.800002061875052961e-01	0.000000000000000000e+00
5.736428753010667378e+02	8.791972582146725390e-01	0.000000000000000000e+00
5.740625847422667221e+02	8.783530372848575851e-01	0.000000000000000000e+00
5.744822941834668200e+02	8.774658180415619846e-01	0.000000000000000000e+00
5.749020036246668042e+02	8.765337342466874571e-01	0.000000000000000000e+00
5.753217130658667884e+02	8.755547836452040045e-01	0.000000000000000000e+00
5.757414225070667726e+02	8.745268317765387822e-01	0.000000000000000000e+00
5.761611319482667568e+02	8.734476148717896793e-01	0.000000000000000000e+00
5.765808413894667410e+02	8.723147419589135643e-01	0.000000000000000000e+00
5.770005508306667252e+02	8.711256962831057660e-01	0.000000000000000000e+00
5.774202602718667094e+02	8.698778361365866463e-01	0.000000000000000000e+00
5.778399697130666937e+02	8.685683951807932068e-01	0.000000000000000000e+00
5.782596791542667916e+02	8.671881631720473882e-01	0.000000000000000000e+00
5.786793885954667758e+02	8.657381829030886822e-01	0.000000000000000000e+00
5.790990980366667600e+02	8.642164927011978248e-01	0.000000000000000000e+00
5.795188074778667442e+02	8.626197264650650176e-01	0.000000000000000000e+00
5.799385169190667284e+02	8.609443839661471420e-01	0.000000000000000000e+00
5.803582263602667126e+02	8.591868289982668161e-01	0.000000000000000000e+00
5.807779358014668105e+02	8.573432874243090973e-01	0.000000000000000000e+00
5.811976452426667947e+02	8.554098451595691932e-01	0.000000000000000000e+00
5.816173546838667789e+02	8.533824461296548591e-01	0.000000000000000000e+00
5.820370641250667632e+02	8.512568902393145009e-01	0.000000000000000000e+00
5.824567735662667474e+02	8.490203141716862190e-01	0.000000000000000000e+00
5.828764830074667316e+02	8.466694784140100793e-01	0.000000000000000000e+00
5.832961924486667158e+02	8.442051157281418305e-01	0.000000000000000000e+00
5.837159018898667000e+02	8.416222803271754538e-01	0.000000000000000000e+00
5.841356113310666842e+02	8.389158656846001927e-01	0.000000000000000000e+00
5.845553207722667821e+02	8.360806033612669941e-01	0.000000000000000000e+00
5.849750302134667663e+02	8.331110621990421850e-01	0.000000000000000000e+00
5.853947396546667505e+02	8.300016479233540689e-01	0.000000000000000000e+00
5.858144490958667348e+02	8.267466031927916958e-01	0.000000000000000000e+00
5.862341585370667190e+02	8.233274262259981935e-01	0.000000000000000000e+00
5.866538679782668169e+02	8.197368669982961764e-01	0.000000000000000000e+00
5.870735774194668011e+02	8.159795009194953375e-01	0.000000000000000000e+00
5.874932868606667853e+02	8.120487319226552536e-01	0.000000000000000000e+00
5.879129963018667695e+02	8.079378067070682734e-01	0.000000000000000000e+00
5.883327057430667537e+02	8.036398203039105681e-01	0.000000000000000000e+00
5.887524151842667379e+02	7.991477226886297691e-01	0.000000000000000000e+00
5.891721246254667221e+02	7.944543264511725322e-01	0.000000000000000000e+00
5.895918340666667063e+02	7.895423978892475159e-01	0.000000000000000000e+00
5.900115435078666906e+02	7.843848891900602194e-01	0.000000000000000000e+00
5.904312529490666748e+02	7.789998142346910015e-01	0.000000000000000000e+00
5.908509623902667727e+02	7.733793664177404104e-01	0.000000000000000000e+00
5.912706718314667569e+02	7.675156794090428614e-01	0.000000000000000000e+00
5.916903812726667411e+02	7.614008482470108197e-01	0.000000000000000000e+00
5.921100907138667253e+02	7.550269521010292140e-01	0.000000000000000000e+00
5.925298001550667095e+02	7.483860785327454135e-01	0.000000000000000000e+00
5.929495095962668074e+02	7.414361035741495742e-01	0.000000000000000000e+00
5.933692190374667916e+02	7.341803751254327715e-01	0.000000000000000000e+00
5.937889284786667758e+02	7.266297545527232726e-01	0.000000000000000000e+00
5.942086379198667601e+02	7.187767439908148148e-01	0.000000000000000000e+00
5.946283473610667443e+02	7.106140896161408094e-01	0.000000000000000000e+00
5.950480568022667285e+02	7.021348278630888951e-01	0.000000000000000000e+00
5.954677662434667127e+02	6.933323324107250052e-01	0.000000000000000000e+00
5.958874756846666969e+02	6.841657961228944096e-01	0.000000000000000000e+00
5.963071851258666811e+02	6.746268810696827156e-01	0.000000000000000000e+00
5.967268945670667790e+02	6.647441923455482682e-01	0.000000000000000000e+00
5.971466040082667632e+02	6.545137120900252903e-01	0.000000000000000000e+00
5.975663134494667474e+02	6.439322024059165317e-01	0.000000000000000000e+00
5.979860228906667317e+02	6.329972707964290901e-01	0.000000000000000000e+00
5.984057323318667159e+02	6.217074328132586869e-01	0.000000000000000000e+00
5.988254417730668138e+02	6.100022270945615332e-01	0.000000000000000000e+00
5.992451512142667980e+02	5.979243048368707569e-01	0.000000000000000000e+00
5.996648606554667822e+02	5.854951481857697537e-01	0.000000000000000000e+00
6.000845700966667664e+02	5.727194845632128661e-01	0.000000000000000000e+00
6.005042795378667506e+02	5.596035129618397441e-01	0.000000000000000000e+00
6.009239889790667348e+02	5.461549501153986075e-01	0.000000000000000000e+00
6.013436984202667190e+02	5.323563891851407215e-01	0.000000000000000000e+00
6.017634078614667033e+02	5.182050566288832760e-01	0.000000000000000000e+00
6.021831173026666875e+02	5.037639608084101273e-01	0.000000000000000000e+00
6.026028267438666717e+02	4.890502627190659868e-01	0.000000000000000000e+00
6.030225361850667696e+02	4.740829734632221459e-01	0.000000000000000000e+00
6.034422456262667538e+02	4.588829253234616434e-01	0.000000000000000000e+00
6.038619550674667380e+02	4.434614964429021144e-01	0.000000000000000000e+00
6.042816645086667222e+02	4.278334337914970198e-01	0.000000000000000000e+00
6.047013739498667064e+02	4.120666715423734194e-01	0.000000000000000000e+00
6.051210833910668043e+02	3.961920238844968134e-01	0.000000000000000000e+00
6.055407928322667885e+02	3.802416973141936607e-01	0.000000000000000000e+00
6.059605022734667727e+02	3.642491584917222913e-01	0.000000000000000000e+00
6.063802117146667570e+02	3.482540203813164204e-01	0.000000000000000000e+00
6.067999211558667412e+02	3.323141395340694637e-01	0.000000000000000000e+00
6.072196305970667254e+02	3.164680370916402308e-01	0.000000000000000000e+00
6.076393400382667096e+02	3.007539184819900124e-01	0.000000000000000000e+00
6.080590494794666938e+02	2.852098687066436655e-01	0.000000000000000000e+00
6.084787589206666780e+02	2.698736987297172263e-01	0.000000000000000000e+00
6.088984683618667759e+02	2.548479811473667311e-01	0.000000000000000000e+00
6.093181778030667601e+02	2.401514200356947570e-01	0.000000000000000000e+00
6.097378872442667443e+02	2.257998640612930430e-01	0.000000000000000000e+00
6.101575966854667286e+02	2.118255252236317110e-01	0.000000000000000000e+00
6.105773061266667128e+02	1.982587470818609476e-01	0.000000000000000000e+00
6.109970155678666970e+02	1.851699168027091114e-01	0.000000000000000000e+00
6.114167250090667949e+02	1.726560351615136213e-01	0.000000000000000000e+00
6.118364344502667791e+02	1.606449196225979703e-01	0.000000000000000000e+00
6.122561438914667633e+02	1.491531952579950859e-01	0.000000000000000000e+00
6.126758533326667475e+02	1.381948281476327312e-01	0.000000000000000000e+00
6.130955627738667317e+02	1.277841423196921788e-01	0.000000000000000000e+00
6.135152722150667159e+02	1.181004737671701443e-01	0.000000000000000000e+00
6.139349816562667002e+02	1.089776446483107508e-01	0.000000000000000000e+00
6.143546910974666844e+02	1.004136058395303510e-01	0.000000000000000000e+00
6.147744005386666686e+02	9.240414487412046407e-02	0.000000000000000000e+00
6.151941099798667665e+02	8.494300526697383391e-02	0.000000000000000000e+00
6.156138194210667507e+02	7.817445051091323482e-02	0.000000000000000000e+00
6.160335288622667349e+02	7.194244823586667947e-02	0.000000000000000000e+00
6.164532383034667191e+02	6.621283031106545147e-02	0.000000000000000000e+00
6.168729477446667033e+02	6.096938907191858797e-02	0.000000000000000000e+00
6.172926571858668012e+02	5.619517224995972116e-02	0.000000000000000000e+00
6.177123666270667854e+02	5.200332340946550724e-02	0.000000000000000000e+00
6.181320760682667697e+02	4.824126322237712317e-02	0.000000000000000000e+00
6.185517855094667539e+02	4.487715007843887799e-02	0.000000000000000000e+00
6.189714949506667381e+02	4.189341332669729856e-02	0.000000000000000000e+00
6.193912043918667223e+02	3.927997949541275208e-02	0.000000000000000000e+00
6.198109138330667065e+02	3.712188363081050935e-02	0.000000000000000000e+00
6.202306232742666907e+02	3.528551058712754707e-02	0.000000000000000000e+00
6.206503327154666749e+02	3.376101167022729777e-02	0.000000000000000000e+00
6.210700421566667728e+02	3.254017866589799940e-02	0.000000000000000000e+00
6.214897515978667570e+02	3.165166848690557921e-02	0.000000000000000000e+00
6.219094610390667413e+02	3.113298566033929557e-02	0.000000000000000000e+00
6.223291704802667255e+02	3.091394531135127285e-02	0.000000000000000000e+00
6.227488799214667097e+02	3.100140655328315759e-02	0.000000000000000000e+00
6.231685893626666939e+02	3.140408436155619348e-02	0.000000000000000000e+00
6.235882988038667918e+02	3.223125796391768105e-02	0.000000000000000000e+00
6.240080082450667760e+02	3.346700020346751736e-02	0.000000000000000000e+00
6.244277176862667602e+02	3.509575703597855173e-02	0.000000000000000000e+00
6.248474271274667444e+02	3.714282266754773132e-02	0.000000000000000000e+00
6.252671365686667286e+02	3.966896553725944574e-02	0.000000000000000000e+00
6.256868460098667128e+02	4.286549447373213390e-02	0.000000000000000000e+00
6.261065554510666971e+02	4.661779794651051134e-02	0.000000000000000000e+00
6.265262648922666813e+02	5.096022326172341965e-02	0.000000000000000000e+00
6.269459743334666655e+02	5.592667009465068090e-02	0.000000000000000000e+00
6.273656837746667634e+02	6.177832950352491609e-02	0.000000000000000000e+00
6.277853932158667476e+02	6.844315628503970517e-02	0.000000000000000000e+00
6.282051026570667318e+02	7.587145416217083715e-02	0.000000000000000000e+00
6.286248120982667160e+02	8.408527453674960461e-02	0.000000000000000000e+00
6.290445215394667002e+02	9.324668002198159555e-02	0.000000000000000000e+00
6.294642309806667981e+02	1.034562521865076412e-01	0.000000000000000000e+00
6.298839404218667823e+02	1.144933515148374714e-01	0.000000000000000000e+00
6.303036498630667666e+02	1.263471266986904429e-01	0.000000000000000000e+00
6.307233593042667508e+02	1.390483810784616525e-01	0.000000000000000000e+00
6.311430687454667350e+02	1.528016391819033148e-01	0.000000000000000000e+00
6.315627781866667192e+02	1.672464936870205199e-01	0.000000000000000000e+00
6.319824876278667034e+02	1.823343171387368233e-01	0.000000000000000000e+00
6.324021970690666876e+02	1.980156844425820795e-01	0.000000000000000000e+00
6.328219065102666718e+02	2.144038187812322693e-01	0.000000000000000000e+00
6.332416159514667697e+02	2.311762029851906208e-01	0.000000000000000000e+00
6.336613253926667539e+02	2.482527549204609774e-01	0.000000000000000000e+00
6.340810348338667382e+02	2.655678224896226847e-01	0.000000000000000000e+00
6.345007442750667224e+02	2.830559363526675143e-01	0.000000000000000000e+00
6.349204537162667066e+02	3.005469403610822043e-01	0.000000000000000000e+00
6.353401631574666908e+02	3.179731408628397316e-01	0.000000000000000000e+00
6.357598725986667887e+02	3.352788144527871772e-01	0.000000000000000000e+00
6.361795820398667729e+02	3.522929864308043668e-01	0.000000000000000000e+00
6.365992914810667571e+02	3.689784374443320636e-01	0.000000000000000000e+00
6.370190009222667413e+02	3.853248608313556423e-01	0.000000000000000000e+00
6.374387103634667255e+02	4.012998875754762995e-01	0.000000000000000000e+00
6.378584198046667098e+02	4.166821340095970272e-01	0.000000000000000000e+00
6.382781292458666940e+02	4.315558357314417393e-01	0.000000000000000000e+00
6.386978386870666782e+02	4.459540530138761394e-01	0.000000000000000000e+00
6.391175481282666624e+02	4.598662828295361771e-01	0.000000000000000000e+00
6.395372575694666466e+02	4.730479351074583505e-01	0.000000000000000000e+00
6.399569670106667445e+02	4.856935749906269306e-01	0.000000000000000000e+00
6.403766764518667287e+02	4.978395018736111455e-01	0.000000000000000000e+00
6.407963858930667129e+02	5.094855537624732866e-01	0.000000000000000000e+00
6.412160953342668108e+02	5.203856763225279680e-01	0.000000000000000000e+00
6.416358047754667950e+02	5.308166156291230786e-01	0.000000000000000000e+00
6.420555142166667792e+02	5.407886023971161249e-01	0.000000000000000000e+00
6.424752236578667635e+02	5.502627516563967092e-01	0.000000000000000000e+00
6.428949330990667477e+02	5.591223260639662795e-01	0.000000000000000000e+00
6.433146425402667319e+02	5.675783486708716463e-01	0.000000000000000000e+00
6.437343519814667161e+02	5.756424371070377743e-01	0.000000000000000000e+00
6.441540614226667003e+02	5.832354161631545519e-01	0.000000000000000000e+00
6.445737708638666845e+02	5.903657083822781981e-01	0.000000000000000000e+00
6.449934803050666687e+02	5.971637081101667244e-01	0.000000000000000000e+00
6.454131897462666529e+02	6.036401637043610213e-01	0.000000000000000000e+00
6.458328991874667508e+02	6.096825550073839972e-01	0.000000000000000000e+00
6.462526086286667351e+02	6.154016794838295112e-01	0.000000000000000000e+00
6.466723180698667193e+02	6.208534100097222730e-01	0.000000000000000000e+00
6.470920275110667035e+02	6.260354508689512931e-01	0.000000000000000000e+00
6.475117369522668014e+02	6.308458747031743252e-01	0.000000000000000000e+00
6.479314463934667856e+02	6.354361162498909366e-01	0.000000000000000000e+00
6.483511558346667698e+02	6.398134998457518652e-01	0.000000000000000000e+00
6.487708652758667540e+02	6.439314006932933543e-01	0.000000000000000000e+00
6.491905747170667382e+02	6.478014698492078338e-01	0.000000000000000000e+00
6.496102841582667224e+02	6.514969336312067538e-01	0.000000000000000000e+00
6.500299935994667067e+02	6.550235907977601801e-01	0.000000000000000000e+00
6.504497030406666909e+02	6.583043362347894556e-01	0.000000000000000000e+00
6.508694124818666751e+02	6.614313342204029000e-01	0.000000000000000000e+00
6.512891219230666593e+02	6.644199482990610361e-01	0.000000000000000000e+00
6.517088313642666435e+02	6.672457916846926684e-01	0.000000000000000000e+00
6.521285408054667414e+02	6.698996912032764151e-01	0.000000000000000000e+00
6.525482502466667256e+02	6.724404667139096681e-01	0.000000000000000000e+00
6.529679596878667098e+02	6.748716823397470366e-01	0.000000000000000000e+00
6.533876691290668077e+02	6.771419063114194614e-01	0.000000000000000000e+00
6.538073785702667919e+02	6.793114781716634853e-01	0.000000000000000000e+00
6.542270880114667762e+02	6.813921345130994345e-01	0.000000000000000000e+00
6.546467974526667604e+02	6.833645070501873642e-01	0.000000000000000000e+00
6.550665068938667446e+02	6.852301078083997687e-01	0.000000000000000000e+00
6.554862163350667288e+02	6.870254451680897212e-01	0.000000000000000000e+00
6.559059257762667130e+02	6.887528964799731757e-01	0.000000000000000000e+00
6.563256352174666972e+02	6.903781249480871463e-01	0.000000000000000000e+00
6.567453446586666814e+02	6.919522556975165051e-01	0.000000000000000000e+00
6.571650540998666656e+02	6.934781595756543959e-01	0.000000000000000000e+00
6.575847635410666499e+02	6.949440730713251080e-01	0.000000000000000000e+00
6.580044729822667477e+02	6.963720166882463314e-01	0.000000000000000000e+00
6.584241824234667320e+02	6.977780069456491763e-01	0.000000000000000000e+00
6.588438918646667162e+02	6.991654717651397677e-01	0.000000000000000000e+00
6.592636013058667004e+02	7.005580552932523242e-01	0.000000000000000000e+00
6.596833107470667983e+02	7.019738063752939405e-01	0.000000000000000000e+00
6.601030201882667825e+02	7.034187941728448079e-01	0.000000000000000000e+00
6.605227296294667667e+02	7.049726338481565602e-01	0.000000000000000000e+00
6.609424390706667509e+02	7.066371965836086844e-01	0.000000000000000000e+00
6.613621485118667351e+02	7.084229749232608953e-01	0.000000000000000000e+00
6.617818579530667193e+02	7.104593294912183721e-01	0.000000000000000000e+00
6.622015673942667036e+02	7.127673943510415278e-01	0.000000000000000000e+00
6.626212768354666878e+02	7.153010100947279071e-01	0.000000000000000000e+00
6.630409862766666720e+02	7.181526795518183848e-01	0.000000000000000000e+00
6.634606957178666562e+02	7.212355065483966321e-01	0.000000000000000000e+00
6.638804051590666404e+02	7.243320278355133146e-01	0.000000000000000000e+00
6.643001146002667383e+02	7.273524675066549428e-01	0.000000000000000000e+00
6.647198240414667225e+02	7.297623571029424605e-01	0.000000000000000000e+00
6.651395334826667067e+02	7.316426439012919669e-01	0.000000000000000000e+00
6.655592429238668046e+02	7.329514403649107779e-01	0.000000000000000000e+00
6.659789523650667888e+02	7.332975183199816893e-01	0.000000000000000000e+00
6.663986618062667731e+02	7.332994386837820011e-01	0.000000000000000000e+00
6.668183712474667573e+02	7.329853100068156602e-01	0.000000000000000000e+00
6.672380806886667415e+02	7.324053427576973085e-01	0.000000000000000000e+00
6.676577901298667257e+02	7.317905494805369004e-01	0.000000000000000000e+00
6.680774995710667099e+02	7.311597126199604890e-01	0.000000000000000000e+00
6.684972090122666941e+02	7.305754475812531457e-01	0.000000000000000000e+00
6.689169184534666783e+02	7.300531858085486103e-01	0.000000000000000000e+00
6.693366278946666625e+02	7.295811443463025014e-01	0.000000000000000000e+00
6.697563373358666468e+02	7.291892080529930320e-01	0.000000000000000000e+00
6.701760467770667447e+02	7.288601767374260909e-01	0.000000000000000000e+00
6.705957562182667289e+02	7.285739626530832735e-01	0.000000000000000000e+00
6.710154656594667131e+02	7.283449242469703933e-01	0.000000000000000000e+00
6.714351751006666973e+02	7.281608267077052110e-01	0.000000000000000000e+00
6.718548845418667952e+02	7.280043528729125413e-01	0.000000000000000000e+00
6.722745939830667794e+02	7.278828750251404855e-01	0.000000000000000000e+00
6.726943034242667636e+02	7.277900913338192224e-01	0.000000000000000000e+00
6.731140128654667478e+02	7.277137272230222997e-01	0.000000000000000000e+00
6.735337223066667320e+02	7.276577203495894208e-01	0.000000000000000000e+00
6.739534317478667163e+02	7.276188233812453943e-01	0.000000000000000000e+00
6.743731411890667005e+02	7.275892027348155322e-01	0.000000000000000000e+00
6.747928506302666847e+02	7.275709589463601468e-01	0.000000000000000000e+00
6.752125600714666689e+02	7.275621091142574492e-01	0.000000000000000000e+00
6.756322695126666531e+02	7.275581127863367525e-01	0.000000000000000000e+00
6.760519789538666373e+02	7.275599857823438210e-01	0.000000000000000000e+00
6.764716883950667352e+02	7.275662480798317233e-01	0.000000000000000000e+00
6.768913978362667194e+02	7.275746191304691690e-01	0.000000000000000000e+00
6.773111072774667036e+02	7.275853826265858970e-01	0.000000000000000000e+00
6.777308167186668015e+02	7.275973495591403495e-01	0.000000000000000000e+00
6.781505261598667857e+02	7.276097022965452021e-01	0.000000000000000000e+00
6.785702356010667700e+02	7.276221465480644524e-01	0.000000000000000000e+00
6.789899450422667542e+02	7.276338207820852721e-01	0.000000000000000000e+00
6.794096544834667384e+02	7.276447851058582827e-01	0.000000000000000000e+00
6.798293639246667226e+02	7.276542199999135319e-01	0.000000000000000000e+00
6.802490733658667068e+02	7.276617267645542064e-01	0.000000000000000000e+00
6.806687828070666910e+02	7.276678185324996218e-01	0.000000000000000000e+00
6.810884922482666752e+02	7.276711500462255122e-01	0.000000000000000000e+00
6.815082016894666594e+02	7.276719531448149203e-01	0.000000000000000000e+00
6.819279111306666437e+02	7.276708832915699254e-01	0.000000000000000000e+00
6.823476205718667416e+02	7.276660398648283623e-01	0.000000000000000000e+00
6.827673300130667258e+02	7.276584587862713338e-01	0.000000000000000000e+00
6.831870394542667100e+02	7.276487055661716719e-01	0.000000000000000000e+00
6.836067488954666942e+02	7.276342776699573633e-01	0.000000000000000000e+00
6.840264583366667921e+02	7.276171859857438751e-01	0.000000000000000000e+00
6.844461677778667763e+02	7.275975790328272907e-01	0.000000000000000000e+00
6.848658772190667605e+02	7.275727375058473889e-01	0.000000000000000000e+00
6.852855866602667447e+02	7.275453720316973349e-01	0.000000000000000000e+00
6.857052961014667289e+02	7.275148297997251490e-01	0.000000000000000000e+00
6.861250055426667132e+02	7.274792708143861253e-01	0.000000000000000000e+00
6.865447149838666974e+02	7.274411095894551815e-01	0.000000000000000000e+00
6.869644244250666816e+02	7.273990463705211074e-01	0.000000000000000000e+00
6.873841338662666658e+02	7.273523801753885021e-01	0.000000000000000000e+00
6.878038433074666500e+02	7.273030638930135794e-01	0.000000000000000000e+00
6.882235527486666342e+02	7.272490512216573944e-01	0.000000000000000000e+00
6.886432621898667321e+02	7.271910089958466550e-01	0.000000000000000000e+00
6.890629716310667163e+02	7.271302902622133191e-01	0.000000000000000000e+00
6.894826810722667005e+02	7.270640079987519266e-01	0.000000000000000000e+00
6.899023905134667984e+02	7.269944060241987360e-01	0.000000000000000000e+00
6.903220999546667827e+02	7.269218939279933345e-01	0.000000000000000000e+00
6.907418093958667669e+02	7.268433219609341522e-01	0.000000000000000000e+00
6.911615188370667511e+02	7.267620386862714277e-01	0.000000000000000000e+00
6.915812282782667353e+02	7.266769154259169472e-01	0.000000000000000000e+00
6.920009377194667195e+02	7.265865769739309199e-01	0.000000000000000000e+00
6.924206471606667037e+02	7.264935385160179449e-01	0.000000000000000000e+00
6.928403566018666879e+02	7.263956439624474903e-01	0.000000000000000000e+00
6.932600660430666721e+02	7.262934965864317194e-01	0.000000000000000000e+00
6.936797754842666563e+02	7.261886677499886922e-01	0.000000000000000000e+00
6.940994849254666406e+02	7.260778852771322400e-01	0.000000000000000000e+00
6.945191943666667385e+02	7.259639209620362132e-01	0.000000000000000000e+00
6.949389038078667227e+02	7.258466632182334344e-01	0.000000000000000000e+00
6.953586132490667069e+02	7.257235523533961397e-01	0.000000000000000000e+00
6.957783226902666911e+02	7.255977941656041041e-01	0.000000000000000000e+00
6.961980321314667890e+02	7.254675472477685183e-01	0.000000000000000000e+00
6.966177415726667732e+02	7.253326578173180383e-01	0.000000000000000000e+00
6.970374510138667574e+02	7.251951580859002933e-01	0.000000000000000000e+00
6.974571604550667416e+02	7.250519026493817965e-01	0.000000000000000000e+00
6.978768698962667258e+02	7.249053110733653105e-01	0.000000000000000000e+00
6.982965793374667101e+02	7.247555564932219863e-01	0.000000000000000000e+00
6.987162887786666943e+02	7.245999069862539832e-01	0.000000000000000000e+00
6.991359982198666785e+02	7.244417182344953243e-01	0.000000000000000000e+00
6.995557076610666627e+02	7.242790014255151565e-01	0.000000000000000000e+00
6.999754171022666469e+02	7.241118361538284587e-01	0.000000000000000000e+00
7.003951265434666311e+02	7.239421835142690886e-01	0.000000000000000000e+00
7.008148359846667290e+02	7.237665887475362991e-01	0.000000000000000000e+00
7.012345454258667132e+02	7.235880663310434446e-01	0.000000000000000000e+00
7.016542548670666974e+02	7.234060783585708476e-01	0.000000000000000000e+00
7.020739643082667953e+02	7.232187683833738445e-01	0.000000000000000000e+00
7.024936737494667796e+02	7.230290759896192965e-01	0.000000000000000000e+00
7.029133831906667638e+02	7.228344228777702218e-01	0.000000000000000000e+00
7.033330926318667480e+02	7.226360946720947753e-01	0.000000000000000000e+00
7.037528020730667322e+02	7.224351819633498817e-01	0.000000000000000000e+00
7.041725115142667164e+02	7.222283322946210227e-01	0.000000000000000000e+00
7.045922209554667006e+02	7.220192275365117096e-01	0.000000000000000000e+00
7.050119303966666848e+02	7.218059734193912336e-01	0.000000000000000000e+00
7.054316398378666690e+02	7.215885452018737656e-01	0.000000000000000000e+00
7.058513492790666533e+02	7.213689327854463373e-01	0.000000000000000000e+00
7.062710587202666375e+02	7.211436180717879507e-01	0.000000000000000000e+00
7.066907681614667354e+02	7.209159066953051420e-01	0.000000000000000000e+00
7.071104776026667196e+02	7.206846837309802689e-01	0.000000000000000000e+00
7.075301870438667038e+02	7.204490406492699561e-01	0.000000000000000000e+00
7.079498964850666880e+02	7.202113669375235228e-01	0.000000000000000000e+00
7.083696059262667859e+02	7.199686055915990313e-01	0.000000000000000000e+00
7.087893153674667701e+02	7.197232702702017759e-01	0.000000000000000000e+00
7.092090248086667543e+02	7.194748925014113894e-01	0.000000000000000000e+00
7.096287342498667385e+02	7.192220954792540866e-01	0.000000000000000000e+00
7.100484436910667227e+02	7.189674371579337642e-01	0.000000000000000000e+00
7.104681531322667070e+02	7.187081663684107280e-01	0.000000000000000000e+00
7.108878625734666912e+02	7.184463600125159388e-01	0.000000000000000000e+00
7.113075720146666754e+02	7.181818262667857278e-01	0.000000000000000000e+00
7.117272814558666596e+02	7.179131030450395246e-01	0.000000000000000000e+00
7.121469908970666438e+02	7.176426998433784732e-01	0.000000000000000000e+00
7.125667003382666280e+02	7.173680409762122068e-01	0.000000000000000000e+00
7.129864097794667259e+02	7.170910748217870223e-01	0.000000000000000000e+00
7.134061192206667101e+02	7.168115670106873782e-01	0.000000000000000000e+00
7.138258286618666943e+02	7.165282980514127154e-01	0.000000000000000000e+00
7.142455381030666786e+02	7.162435381088414488e-01	0.000000000000000000e+00
7.146652475442667765e+02	7.159547918307958003e-01	0.000000000000000000e+00
7.150849569854667607e+02	7.156641187492703837e-01	0.000000000000000000e+00
7.155046664266667449e+02	7.153709953950422307e-01	0.000000000000000000e+00
7.159243758678667291e+02	7.150746952124175104e-01	0.000000000000000000e+00
7.163440853090667133e+02	7.147770961063776296e-01	0.000000000000000000e+00
7.167637947502666975e+02	7.144757327322193152e-01	0.000000000000000000e+00
7.171835041914666817e+02	7.141729264572300728e-01	0.000000000000000000e+00
7.176032136326666659e+02	7.138677114687573821e-01	0.000000000000000000e+00
7.180229230738666502e+02	7.135600061607643152e-01	0.000000000000000000e+00
7.184426325150666344e+02	7.132511256672138256e-01	0.000000000000000000e+00
7.188623419562667323e+02	7.129388375741784190e-01	0.000000000000000000e+00
7.192820513974667165e+02	7.126255686942614131e-01	0.000000000000000000e+00
7.197017608386667007e+02	7.123099355620396977e-01	0.000000000000000000e+00
7.201214702798666849e+02	7.119925374401359086e-01	0.000000000000000000e+00
7.205411797210667828e+02	7.116738265159893162e-01	0.000000000000000000e+00
7.209608891622667670e+02	7.113526312833337029e-01	0.000000000000000000e+00
7.213805986034667512e+02	7.110306409317230791e-01	0.000000000000000000e+00
7.218003080446667354e+02	7.107063926260854814e-01	0.000000000000000000e+00
7.222200174858667197e+02	7.103810728994021106e-01	0.000000000000000000e+00
7.226397269270667039e+02	7.100543725175525456e-01	0.000000000000000000e+00
7.230594363682666881e+02	7.097260664516299444e-01	0.000000000000000000e+00
7.234791458094666723e+02	7.093971295204380967e-01	0.000000000000000000e+00
7.238988552506666565e+02	7.090661835977348781e-01	0.000000000000000000e+00
7.243185646918666407e+02	7.087347440784311781e-01	0.000000000000000000e+00
7.247382741330666249e+02	7.084019918599671062e-01	0.000000000000000000e+00
7.251579835742667228e+02	7.080683893260065753e-01	0.000000000000000000e+00
7.255776930154667070e+02	7.077340630585459147e-01	0.000000000000000000e+00
7.259974024566666913e+02	7.073986475057864043e-01	0.000000000000000000e+00
7.264171118978666755e+02	7.070628922735813227e-01	0.000000000000000000e+00
7.268368213390667734e+02	7.067260939229547123e-01	0.000000000000000000e+00
7.272565307802667576e+02	7.063889988618140547e-01	0.000000000000000000e+00
7.276762402214667418e+02	7.060513048056038521e-01	0.000000000000000000e+00
7.280959496626667260e+02	7.057132180249154896e-01	0.000000000000000000e+00
7.285156591038667102e+02	7.053748560170236548e-01	0.000000000000000000e+00
7.289353685450666944e+02	7.050361238423858978e-01	0.000000000000000000e+00
7.293550779862666786e+02	7.046973024588293333e-01	0.000000000000000000e+00
7.297747874274666628e+02	7.043582878495758814e-01	0.000000000000000000e+00
7.301944968686666471e+02	7.040192780526152161e-01	0.000000000000000000e+00
7.306142063098666313e+02	7.036802777264661302e-01	0.000000000000000000e+00
7.310339157510667292e+02	7.033414164177386185e-01	0.000000000000000000e+00
7.314536251922667134e+02	7.030026559817604825e-01	0.000000000000000000e+00
7.318733346334666976e+02	7.026642752215767063e-01	0.000000000000000000e+00
7.322930440746666818e+02	7.023260156593786885e-01	0.000000000000000000e+00
7.327127535158667797e+02	7.019884047802438243e-01	0.000000000000000000e+00
7.331324629570667639e+02	7.016510526237101919e-01	0.000000000000000000e+00
7.335521723982667481e+02	7.013143467495958072e-01	0.000000000000000000e+00
7.339718818394667323e+02	7.009782174141279132e-01	0.000000000000000000e+00
7.343915912806667166e+02	7.006426328220991540e-01	0.000000000000000000e+00
7.348113007218667008e+02	7.003080339490458384e-01	0.000000000000000000e+00
7.352310101630666850e+02	6.999737834321749785e-01	0.000000000000000000e+00
7.356507196042666692e+02	6.996410140700770608e-01	0.000000000000000000e+00
7.360704290454666534e+02	6.993086165215491867e-01	0.000000000000000000e+00
7.364901384866666376e+02	6.989776562728000631e-01	0.000000000000000000e+00
7.369098479278666218e+02	6.986474578041422800e-01	0.000000000000000000e+00
7.373295573690667197e+02	6.983184444526465695e-01	0.000000000000000000e+00
7.377492668102667039e+02	6.979907189207805729e-01	0.000000000000000000e+00
7.381689762514666882e+02	6.976638466681782669e-01	0.000000000000000000e+00
7.385886856926666724e+02	6.973388566877753991e-01	0.000000000000000000e+00
7.390083951338667703e+02	6.970143412956857354e-01	0.000000000000000000e+00
7.394281045750667545e+02	6.966923101352741066e-01	0.000000000000000000e+00
7.398478140162667387e+02	6.963708435119053686e-01	0.000000000000000000e+00
7.402675234574667229e+02	6.960514993332045375e-01	0.000000000000000000e+00
7.406872328986667071e+02	6.957333132557838029e-01	0.000000000000000000e+00
7.411069423398666913e+02	6.954168242421615576e-01	0.000000000000000000e+00
7.415266517810666755e+02	6.951021369063175026e-01	0.000000000000000000e+00
7.419463612222666598e+02	6.947886635910576203e-01	0.000000000000000000e+00
7.423660706634666440e+02	6.944776789682762796e-01	0.000000000000000000e+00
7.427857801046666282e+02	6.941673737833046198e-01	0.000000000000000000e+00
7.432054895458666124e+02	6.938602810041220037e-01	0.000000000000000000e+00
7.436251989870667103e+02	6.935538068603904760e-01	0.000000000000000000e+00
7.440449084282666945e+02	6.932502605971556653e-01	0.000000000000000000e+00
7.444646178694666787e+02	6.929478842355659696e-01	0.000000000000000000e+00
7.448843273106667766e+02	6.926479103474429966e-01	0.000000000000000000e+00
7.453040367518667608e+02	6.923497828041172975e-01	0.000000000000000000e+00
7.457237461930667450e+02	6.920534969019863647e-01	0.000000000000000000e+00
7.461434556342667292e+02	6.917597526059198199e-01	0.000000000000000000e+00
7.465631650754667135e+02	6.914672600205715725e-01	0.000000000000000000e+00
7.469828745166666977e+02	6.911780163129249699e-01	0.000000000000000000e+00
7.474025839578666819e+02	6.908894116786333806e-01	0.000000000000000000e+00
7.478222933990666661e+02	6.906047683626803657e-01	0.000000000000000000e+00
7.482420028402666503e+02	6.903207637818311593e-01	0.000000000000000000e+00
7.486617122814666345e+02	6.900401741309438730e-01	0.000000000000000000e+00
7.490814217226666187e+02	6.897608551664391463e-01	0.000000000000000000e+00
7.495011311638667166e+02	6.894843691446161937e-01	0.000000000000000000e+00
7.499208406050667008e+02	6.892097928831846243e-01	0.000000000000000000e+00
7.503405500462666851e+02	6.889374583362037896e-01	0.000000000000000000e+00
7.507602594874666693e+02	6.886676632198936998e-01	0.000000000000000000e+00
7.511799689286667672e+02	6.883995153409921963e-01	0.000000000000000000e+00
7.515996783698667514e+02	6.881345208703720795e-01	0.000000000000000000e+00
7.520193878110667356e+02	6.878705818380927983e-01	0.000000000000000000e+00
7.524390972522667198e+02	6.876103883094802915e-01	0.000000000000000000e+00
7.528588066934667040e+02	6.873507638201303838e-01	0.000000000000000000e+00
7.532785161346666882e+02	6.870952552137887803e-01	0.000000000000000000e+00
7.536982255758666724e+02	6.868403926941148985e-01	0.000000000000000000e+00
7.541179350170666567e+02	6.865890779289289814e-01	0.000000000000000000e+00
7.545376444582666409e+02	6.863389331815410443e-01	0.000000000000000000e+00
7.549573538994666251e+02	6.860917789847668091e-01	0.000000000000000000e+00
7.553770633406666093e+02	6.858462882089735313e-01	0.000000000000000000e+00
7.557967727818667072e+02	6.856032466595487485e-01	0.000000000000000000e+00
7.562164822230666914e+02	6.853623263524675213e-01	0.000000000000000000e+00
7.566361916642666756e+02	6.851233345941077912e-01	0.000000000000000000e+00
7.570559011054667735e+02	6.848868814881563516e-01	0.000000000000000000e+00
7.574756105466667577e+02	6.846518614573271488e-01	0.000000000000000000e+00
7.578953199878667419e+02	6.844197524945333511e-01	0.000000000000000000e+00
7.583150294290667262e+02	6.841886106639772924e-01	0.000000000000000000e+00
7.587347388702667104e+02	6.839607030075258720e-01	0.000000000000000000e+00
7.591544483114666946e+02	6.837333301461409052e-01	0.000000000000000000e+00
7.595741577526666788e+02	6.835094612295566918e-01	0.000000000000000000e+00
7.599938671938666630e+02	6.832859463226199637e-01	0.000000000000000000e+00
7.604135766350666472e+02	6.830657197937249903e-01	0.000000000000000000e+00
7.608332860762666314e+02	6.828460173001020816e-01	0.000000000000000000e+00
7.612529955174666156e+02	6.826291356843280367e-01	0.000000000000000000e+00
7.616727049586667135e+02	6.824130410106119538e-01	0.000000000000000000e+00
7.620924143998666977e+02	6.821993302149081950e-01	0.000000000000000000e+00
7.625121238410666820e+02	6.819866197646444750e-01	0.000000000000000000e+00
7.629318332822666662e+02	6.817758890650152948e-01	0.000000000000000000e+00
7.633515427234667641e+02	6.815663204599330394e-01	0.000000000000000000e+00
7.637712521646667483e+02	6.813583623769147168e-01	0.000000000000000000e+00
7.641909616058667325e+02	6.811516747167948305e-01	0.000000000000000000e+00
7.646106710470667167e+02	6.809462649134442325e-01	0.000000000000000000e+00
7.650303804882667009e+02	6.807421790748034995e-01	0.000000000000000000e+00
7.654500899294666851e+02	6.805390762782175251e-01	0.000000000000000000e+00
7.658697993706666693e+02	6.803372952519558536e-01	0.000000000000000000e+00
7.662895088118666536e+02	6.801362411993725487e-01	0.000000000000000000e+00
7.667092182530666378e+02	6.799364504674769716e-01	0.000000000000000000e+00
7.671289276942666220e+02	6.797371698780406701e-01	0.000000000000000000e+00
7.675486371354666062e+02	6.795390378293714173e-01	0.000000000000000000e+00
7.679683465766667041e+02	6.793412384026570328e-01	0.000000000000000000e+00
7.683880560178666883e+02	6.791444167877919158e-01	0.000000000000000000e+00
7.688077654590666725e+02	6.789477892302415718e-01	0.000000000000000000e+00
7.692274749002667704e+02	6.787519136552622179e-01	0.000000000000000000e+00
7.696471843414667546e+02	6.785561317356714195e-01	0.000000000000000000e+00
7.700668937826667388e+02	6.783608221947053929e-01	0.000000000000000000e+00
7.704866032238667231e+02	6.781655428299478983e-01	0.000000000000000000e+00
7.709063126650667073e+02	6.779704042761814931e-01	0.000000000000000000e+00
7.713260221062666915e+02	6.777752608969258574e-01	0.000000000000000000e+00
7.717457315474666757e+02	6.775798906031330615e-01	0.000000000000000000e+00
7.721654409886666599e+02	6.773844782729049330e-01	0.000000000000000000e+00
7.725851504298666441e+02	6.771884815088428100e-01	0.000000000000000000e+00
7.730048598710666283e+02	6.769923800450851070e-01	0.000000000000000000e+00
7.734245693122666125e+02	6.767953478236903297e-01	0.000000000000000000e+00
7.738442787534667104e+02	6.765981244073490108e-01	0.000000000000000000e+00
7.742639881946666947e+02	6.763996318136583641e-01	0.000000000000000000e+00
7.746836976358666789e+02	6.762008417069719224e-01	0.000000000000000000e+00
7.751034070770666631e+02	6.760004481903955087e-01	0.000000000000000000e+00
7.755231165182667610e+02	6.757996354878128553e-01	0.000000000000000000e+00
7.759428259594667452e+02	6.755968851929680108e-01	0.000000000000000000e+00
7.763625354006667294e+02	6.753935836040236840e-01	0.000000000000000000e+00
7.767822448418667136e+02	6.751880057412508185e-01	0.000000000000000000e+00
7.772019542830666978e+02	6.749817394040630303e-01	0.000000000000000000e+00
7.776216637242666820e+02	6.747728486607103005e-01	0.000000000000000000e+00
7.780413731654666663e+02	6.745631329846141222e-01	0.000000000000000000e+00
7.784610826066666505e+02	6.743504299781095668e-01	0.000000000000000000e+00
7.788807920478666347e+02	6.741367725137451528e-01	0.000000000000000000e+00
7.793005014890666189e+02	6.739197442874220734e-01	0.000000000000000000e+00
7.797202109302666031e+02	6.737016456224323990e-01	0.000000000000000000e+00
7.801399203714667010e+02	6.734797661850042694e-01	0.000000000000000000e+00
7.805596298126666852e+02	6.732567208633137845e-01	0.000000000000000000e+00
7.809793392538666694e+02	6.730294517727942738e-01	0.000000000000000000e+00
7.813990486950667673e+02	6.728009492352421406e-01	0.000000000000000000e+00
7.818187581362667515e+02	6.725677402280125783e-01	0.000000000000000000e+00
7.822384675774667357e+02	6.723332657719353067e-01	0.000000000000000000e+00
7.826581770186667200e+02	6.720935554375571108e-01	0.000000000000000000e+00
7.830778864598667042e+02	6.718525911927266669e-01	0.000000000000000000e+00
7.834975959010666884e+02	6.716058076949684708e-01	0.000000000000000000e+00
7.839173053422666726e+02	6.713578336131090785e-01	0.000000000000000000e+00
7.843370147834666568e+02	6.711033954575162941e-01	0.000000000000000000e+00
7.847567242246666410e+02	6.708478903124330817e-01	0.000000000000000000e+00
7.851764336658666252e+02	6.705852071606059894e-01	0.000000000000000000e+00
7.855961431070666094e+02	6.703216495557815513e-01	0.000000000000000000e+00
7.860158525482667073e+02	6.700501230864039925e-01	0.000000000000000000e+00
7.864355619894666916e+02	6.697779924667782714e-01	0.000000000000000000e+00
7.868552714306666758e+02	6.694970172831958832e-01	0.000000000000000000e+00
7.872749808718666600e+02	6.692157949476410517e-01	0.000000000000000000e+00
7.876946903130667579e+02	6.689247595316587525e-01	0.000000000000000000e+00
7.881143997542667421e+02	6.686337241156764533e-01	0.000000000000000000e+00
7.885341091954667263e+02	6.683322173538944755e-01	0.000000000000000000e+00
7.889538186366667105e+02	6.680305050652215471e-01	0.000000000000000000e+00
7.893735280778666947e+02	6.677182580606951801e-01	0.000000000000000000e+00
7.897932375190666789e+02	6.674052481812463578e-01	0.000000000000000000e+00
7.902129469602666632e+02	6.670817508321944533e-01	0.000000000000000000e+00
7.906326564014666474e+02	6.667568196542505987e-01	0.000000000000000000e+00
7.910523658426666316e+02	6.664215688267322024e-01	0.000000000000000000e+00
7.914720752838666158e+02	6.660840907837042302e-01	0.000000000000000000e+00
7.918917847250666000e+02	6.657365913124283496e-01	0.000000000000000000e+00
7.923114941662666979e+02	6.653859401507092874e-01	0.000000000000000000e+00
7.927312036074666821e+02	6.650257058156695544e-01	0.000000000000000000e+00
7.931509130486666663e+02	6.646612558058275777e-01	0.000000000000000000e+00
7.935706224898667642e+02	6.642878102804455898e-01	0.000000000000000000e+00
7.939903319310667484e+02	6.639089374657096698e-01	0.000000000000000000e+00
7.944100413722667327e+02	6.635218152321947782e-01	0.000000000000000000e+00
7.948297508134667169e+02	6.631278987119316737e-01	0.000000000000000000e+00
7.952494602546667011e+02	6.627266459396065068e-01	0.000000000000000000e+00
7.956691696958666853e+02	6.623170691851928416e-01	0.000000000000000000e+00
7.960888791370666695e+02	6.619012445676272227e-01	0.000000000000000000e+00
7.965085885782666537e+02	6.614753967678547175e-01	0.000000000000000000e+00
7.969282980194666379e+02	6.610445723147637676e-01	0.000000000000000000e+00
7.973480074606666221e+02	6.606018497476117135e-01	0.000000000000000000e+00
7.977677169018666063e+02	6.601556115276332459e-01	0.000000000000000000e+00
7.981874263430667042e+02	6.596954189549691927e-01	0.000000000000000000e+00
7.986071357842666885e+02	6.592333677856406782e-01	0.000000000000000000e+00
7.990268452254666727e+02	6.587551198671355301e-01	0.000000000000000000e+00
7.994465546666666569e+02	6.582768719486304931e-01	0.000000000000000000e+00
