# lambda  Re(T_ZminTE(0,0),ZmaxTE(0,0))    Im(T_ZminTE(0,0),ZmaxTE(0,0)), 
3.797371134666668127e+02	8.654973017300539029e-01	0.000000000000000000e+00
3.801568229078667969e+02	8.636860826938583813e-01	0.000000000000000000e+00
3.805765323490668379e+02	8.619235583641605691e-01	0.000000000000000000e+00
3.809962417902668221e+02	8.602051254342701903e-01	0.000000000000000000e+00
3.814159512314668063e+02	8.585262284683424783e-01	0.000000000000000000e+00
3.818356606726667906e+02	8.568823646896150947e-01	0.000000000000000000e+00
3.822553701138668316e+02	8.552690882751908807e-01	0.000000000000000000e+00
3.826750795550668158e+02	8.536820141677621265e-01	0.000000000000000000e+00
3.830947889962668000e+02	8.521168214149770215e-01	0.000000000000000000e+00
3.835144984374667843e+02	8.505692560471712627e-01	0.000000000000000000e+00
3.839342078786668253e+02	8.490351335042879422e-01	0.000000000000000000e+00
3.843539173198668095e+02	8.475103406225146241e-01	0.000000000000000000e+00
3.847736267610667937e+02	8.459908371911614156e-01	0.000000000000000000e+00
3.851933362022668348e+02	8.444726570897945761e-01	0.000000000000000000e+00
3.856130456434668190e+02	8.429518713979038402e-01	0.000000000000000000e+00
3.860327550846668032e+02	8.414246219983593233e-01	0.000000000000000000e+00
3.864524645258667874e+02	8.398871927901501167e-01	0.000000000000000000e+00
3.868721739670668285e+02	8.383359298474023502e-01	0.000000000000000000e+00
3.872918834082668127e+02	8.367672527680246608e-01	0.000000000000000000e+00
3.877115928494667969e+02	8.351776534737666013e-01	0.000000000000000000e+00
3.881313022906667811e+02	8.335636946544286996e-01	0.000000000000000000e+00
3.885510117318668222e+02	8.319220078626684556e-01	0.000000000000000000e+00
3.889707211730668064e+02	8.302492912653184343e-01	0.000000000000000000e+00
3.893904306142667906e+02	8.285423070566821924e-01	0.000000000000000000e+00
3.898101400554668317e+02	8.267978785387832819e-01	0.000000000000000000e+00
3.902298494966668159e+02	8.250128868731440024e-01	0.000000000000000000e+00
3.906495589378668001e+02	8.231842675081928462e-01	0.000000000000000000e+00
3.910692683790667843e+02	8.213090062860886054e-01	0.000000000000000000e+00
3.914889778202668253e+02	8.193841352323344429e-01	0.000000000000000000e+00
3.919086872614668096e+02	8.174067280312744543e-01	0.000000000000000000e+00
3.923283967026667938e+02	8.153738951902731458e-01	0.000000000000000000e+00
3.927481061438668348e+02	8.132827788951453307e-01	0.000000000000000000e+00
3.931678155850668190e+02	8.111305475591825687e-01	0.000000000000000000e+00
3.935875250262668033e+02	8.089143900680575427e-01	0.000000000000000000e+00
3.940072344674667875e+02	8.066312639818947750e-01	0.000000000000000000e+00
3.944269439086668285e+02	8.042779741850006880e-01	0.000000000000000000e+00
3.948466533498668127e+02	8.018522241432020081e-01	0.000000000000000000e+00
3.952663627910667969e+02	7.993512087218207496e-01	0.000000000000000000e+00
3.956860722322667812e+02	7.967721091736841288e-01	0.000000000000000000e+00
3.961057816734668222e+02	7.941120854544978513e-01	0.000000000000000000e+00
3.965254911146668064e+02	7.913682682378501143e-01	0.000000000000000000e+00
3.969452005558667906e+02	7.885377506326644026e-01	0.000000000000000000e+00
3.973649099970668317e+02	7.856175796066837691e-01	0.000000000000000000e+00
3.977846194382668159e+02	7.826047471202792760e-01	0.000000000000000000e+00
3.982043288794668001e+02	7.794961809759451965e-01	0.000000000000000000e+00
3.986240383206667843e+02	7.762887353900482790e-01	0.000000000000000000e+00
3.990437477618668254e+02	7.729791812949283747e-01	0.000000000000000000e+00
3.994634572030668096e+02	7.695641963812144271e-01	0.000000000000000000e+00
3.998831666442667938e+02	7.660391514853148731e-01	0.000000000000000000e+00
4.003028760854667780e+02	7.623994919723482422e-01	0.000000000000000000e+00
4.007225855266668191e+02	7.586433649924120282e-01	0.000000000000000000e+00
4.011422949678668033e+02	7.547669346713411498e-01	0.000000000000000000e+00
4.015620044090667875e+02	7.507662147736287039e-01	0.000000000000000000e+00
4.019817138502668286e+02	7.466370571718383697e-01	0.000000000000000000e+00
4.024014232914668128e+02	7.423751401943580186e-01	0.000000000000000000e+00
4.028211327326667970e+02	7.379759568942645398e-01	0.000000000000000000e+00
4.032408421738667812e+02	7.334348032894387748e-01	0.000000000000000000e+00
4.036605516150668223e+02	7.287418123458464514e-01	0.000000000000000000e+00
4.040802610562668065e+02	7.238951287748137675e-01	0.000000000000000000e+00
4.044999704974667907e+02	7.188902939316584861e-01	0.000000000000000000e+00
4.049196799386668317e+02	7.137216238720922590e-01	0.000000000000000000e+00
4.053393893798668159e+02	7.083831737136065954e-01	0.000000000000000000e+00
4.057590988210668002e+02	7.028687269900300016e-01	0.000000000000000000e+00
4.061788082622667844e+02	6.971716411617157050e-01	0.000000000000000000e+00
4.065985177034668254e+02	6.912758390780854301e-01	0.000000000000000000e+00
4.070182271446668096e+02	6.851825196799108397e-01	0.000000000000000000e+00
4.074379365858667938e+02	6.788841787274620954e-01	0.000000000000000000e+00
4.078576460270667781e+02	6.723729935347112496e-01	0.000000000000000000e+00
4.082773554682668191e+02	6.656408198841404777e-01	0.000000000000000000e+00
4.086970649094668033e+02	6.586769910203510436e-01	0.000000000000000000e+00
4.091167743506667875e+02	6.514628631550044568e-01	0.000000000000000000e+00
4.095364837918668286e+02	6.439997005487202442e-01	0.000000000000000000e+00
4.099561932330668128e+02	6.362779542735393923e-01	0.000000000000000000e+00
4.103759026742667970e+02	6.282877810890714620e-01	0.000000000000000000e+00
4.107956121154667812e+02	6.200190640790363972e-01	0.000000000000000000e+00
4.112153215566668223e+02	6.114431951272341070e-01	0.000000000000000000e+00
4.116350309978668065e+02	6.025646729316391781e-01	0.000000000000000000e+00
4.120547404390667907e+02	5.933736169643637481e-01	0.000000000000000000e+00
4.124744498802667749e+02	5.838590575071639366e-01	0.000000000000000000e+00
4.128941593214668160e+02	5.740055421459394625e-01	0.000000000000000000e+00
4.133138687626668002e+02	5.637852155084733807e-01	0.000000000000000000e+00
4.137335782038667844e+02	5.532061275694047930e-01	0.000000000000000000e+00
4.141532876450668255e+02	5.422577473812002502e-01	0.000000000000000000e+00
4.145729970862668097e+02	5.309299926743417108e-01	0.000000000000000000e+00
4.149927065274667939e+02	5.191895866882223487e-01	0.000000000000000000e+00
4.154124159686667781e+02	5.070425766815493951e-01	0.000000000000000000e+00
4.158321254098668192e+02	4.944884998661959186e-01	0.000000000000000000e+00
4.162518348510668034e+02	4.815214105711000392e-01	0.000000000000000000e+00
4.166715442922667876e+02	4.681147046198469996e-01	0.000000000000000000e+00
4.170912537334668286e+02	4.542749602581457324e-01	0.000000000000000000e+00
4.175109631746668128e+02	4.400158281355968093e-01	0.000000000000000000e+00
4.179306726158667971e+02	4.253413098420550376e-01	0.000000000000000000e+00
4.183503820570667813e+02	4.102329761009967934e-01	0.000000000000000000e+00
4.187700914982668223e+02	3.947209402430856828e-01	0.000000000000000000e+00
4.191898009394668065e+02	3.788328291103000289e-01	0.000000000000000000e+00
4.196095103806667908e+02	3.625911550617927359e-01	0.000000000000000000e+00
4.200292198218668318e+02	3.459992569550672248e-01	0.000000000000000000e+00
4.204489292630668160e+02	3.291286035675088928e-01	0.000000000000000000e+00
4.208686387042668002e+02	3.120248189370683489e-01	0.000000000000000000e+00
4.212883481454667844e+02	2.947361658427114506e-01	0.000000000000000000e+00
4.217080575866667687e+02	2.773368476481889444e-01	0.000000000000000000e+00
4.221277670278668097e+02	2.599106023449994640e-01	0.000000000000000000e+00
4.225474764690667939e+02	2.425407619990717911e-01	0.000000000000000000e+00
4.229671859102667781e+02	2.253475326054949490e-01	0.000000000000000000e+00
4.233868953514668192e+02	2.084290022047365076e-01	0.000000000000000000e+00
4.238066047926668034e+02	1.918934786114871727e-01	0.000000000000000000e+00
4.242263142338667876e+02	1.759124716668984401e-01	0.000000000000000000e+00
4.246460236750667718e+02	1.605918608760025235e-01	0.000000000000000000e+00
4.250657331162668129e+02	1.460359971933804235e-01	0.000000000000000000e+00
4.254854425574667971e+02	1.324329570413863288e-01	0.000000000000000000e+00
4.259051519986667813e+02	1.198859623326062884e-01	0.000000000000000000e+00
4.263248614398668224e+02	1.084459167573234156e-01	0.000000000000000000e+00
4.267445708810668066e+02	9.827663808451034266e-02	0.000000000000000000e+00
4.271642803222667908e+02	8.943518799873910463e-02	0.000000000000000000e+00
4.275839897634667750e+02	8.189320339003673677e-02	0.000000000000000000e+00
4.280036992046668161e+02	7.577823703864886018e-02	0.000000000000000000e+00
4.284234086458668003e+02	7.109469107194731075e-02	0.000000000000000000e+00
4.288431180870667845e+02	6.780791931799072525e-02	0.000000000000000000e+00
4.292628275282668255e+02	6.613661911519830294e-02	0.000000000000000000e+00
4.296825369694668098e+02	6.618266701765866677e-02	0.000000000000000000e+00
4.301022464106667940e+02	6.810923148123419757e-02	0.000000000000000000e+00
4.305219558518667782e+02	7.254675869473486971e-02	0.000000000000000000e+00
4.309416652930668192e+02	7.972105290456864279e-02	0.000000000000000000e+00
4.313613747342668034e+02	9.001652426840385524e-02	0.000000000000000000e+00
4.317810841754667877e+02	1.041617738017352329e-01	0.000000000000000000e+00
4.322007936166667719e+02	1.218379837495459223e-01	0.000000000000000000e+00
4.326205030578668129e+02	1.431372393989374103e-01	0.000000000000000000e+00
4.330402124990667971e+02	1.676942348975036801e-01	0.000000000000000000e+00
4.334599219402667813e+02	1.947045109290020393e-01	0.000000000000000000e+00
4.338796313814667656e+02	2.237342292931064625e-01	0.000000000000000000e+00
4.342993408226668066e+02	2.539021743983295165e-01	0.000000000000000000e+00
4.347190502638667908e+02	2.846501724150469759e-01	0.000000000000000000e+00
4.351387597050667750e+02	3.154428572238687778e-01	0.000000000000000000e+00
4.355584691462668161e+02	3.458950839416788936e-01	0.000000000000000000e+00
4.359781785874668003e+02	3.756538211531999516e-01	0.000000000000000000e+00
4.363978880286667845e+02	4.045393378217248537e-01	0.000000000000000000e+00
4.368175974698667687e+02	4.324277491906439730e-01	0.000000000000000000e+00
4.372373069110668098e+02	4.591317257010127939e-01	0.000000000000000000e+00
4.376570163522667940e+02	4.847442749252567351e-01	0.000000000000000000e+00
4.380767257934667782e+02	5.090882616093158619e-01	0.000000000000000000e+00
4.384964352346668193e+02	5.322894668394786422e-01	0.000000000000000000e+00
4.389161446758668035e+02	5.543173200574068593e-01	0.000000000000000000e+00
4.393358541170667877e+02	5.751742164185105199e-01	0.000000000000000000e+00
4.397555635582667719e+02	5.949891437158307816e-01	0.000000000000000000e+00
4.401752729994668130e+02	6.136483690267575675e-01	0.000000000000000000e+00
4.405949824406667972e+02	6.313653716527967141e-01	0.000000000000000000e+00
4.410146918818667814e+02	6.480483878230930417e-01	0.000000000000000000e+00
4.414344013230668224e+02	6.638413958470638088e-01	0.000000000000000000e+00
4.418541107642668067e+02	6.787432751338330350e-01	0.000000000000000000e+00
4.422738202054667909e+02	6.928049195642508318e-01	0.000000000000000000e+00
4.426935296466667751e+02	7.061039248230348564e-01	0.000000000000000000e+00
4.431132390878668161e+02	7.186199802945184567e-01	0.000000000000000000e+00
4.435329485290668003e+02	7.304859380687833692e-01	0.000000000000000000e+00
4.439526579702667846e+02	7.416298501171093571e-01	0.000000000000000000e+00
4.443723674114668256e+02	7.522072766563755453e-01	0.000000000000000000e+00
4.447920768526668098e+02	7.621507606144811708e-01	0.000000000000000000e+00
4.452117862938667940e+02	7.715829078289898613e-01	0.000000000000000000e+00
4.456314957350667783e+02	7.804694137742708149e-01	0.000000000000000000e+00
4.460512051762667625e+02	7.888914690305065536e-01	0.000000000000000000e+00
4.464709146174668035e+02	7.968428139209902117e-01	0.000000000000000000e+00
4.468906240586667877e+02	8.043748719253789314e-01	0.000000000000000000e+00
4.473103334998667719e+02	8.114994783711403370e-01	0.000000000000000000e+00
4.477300429410668130e+02	8.182475591984049723e-01	0.000000000000000000e+00
4.481497523822667972e+02	8.246414123642139549e-01	0.000000000000000000e+00
4.485694618234667814e+02	8.306986984346742542e-01	0.000000000000000000e+00
4.489891712646667656e+02	8.364464490973796407e-01	0.000000000000000000e+00
4.494088807058668067e+02	8.418945934384028940e-01	0.000000000000000000e+00
4.498285901470667909e+02	8.470707003952379077e-01	0.000000000000000000e+00
4.502482995882667751e+02	8.519811155761793930e-01	0.000000000000000000e+00
4.506680090294668162e+02	8.566509613800966649e-01	0.000000000000000000e+00
4.510877184706668004e+02	8.610860366333891180e-01	0.000000000000000000e+00
4.515074279118667846e+02	8.653069782272613253e-01	0.000000000000000000e+00
4.519271373530667688e+02	8.693211973640450063e-01	0.000000000000000000e+00
4.523468467942668099e+02	8.731435315613872428e-01	0.000000000000000000e+00
4.527665562354667941e+02	8.767844804265695347e-01	0.000000000000000000e+00
4.531862656766667783e+02	8.802523161375389593e-01	0.000000000000000000e+00
4.536059751178668193e+02	8.835615783790500277e-01	0.000000000000000000e+00
4.540256845590668036e+02	8.867136149994464533e-01	0.000000000000000000e+00
4.544453940002667878e+02	8.897275608525722079e-01	0.000000000000000000e+00
4.548651034414667720e+02	8.925977767378014960e-01	0.000000000000000000e+00
4.552848128826667562e+02	8.953482527447415018e-01	0.000000000000000000e+00
4.557045223238667973e+02	8.979665101806110217e-01	0.000000000000000000e+00
4.561242317650667815e+02	9.004809499028523234e-01	0.000000000000000000e+00
4.565439412062668225e+02	9.028740134962071062e-01	0.000000000000000000e+00
4.569636506474668067e+02	9.051734546375245216e-01	0.000000000000000000e+00
4.573833600886667909e+02	9.073679554133838865e-01	0.000000000000000000e+00
4.578030695298667752e+02	9.094742908894892786e-01	0.000000000000000000e+00
4.582227789710667594e+02	9.114903258269692055e-01	0.000000000000000000e+00
4.586424884122668004e+02	9.134228829624235768e-01	0.000000000000000000e+00
4.590621978534667846e+02	9.152781719673623861e-01	0.000000000000000000e+00
4.594819072946667688e+02	9.170540393563870740e-01	0.000000000000000000e+00
4.599016167358668099e+02	9.187642348973029671e-01	0.000000000000000000e+00
4.603213261770667941e+02	9.203985456539643950e-01	0.000000000000000000e+00
4.607410356182667783e+02	9.219739022192350308e-01	0.000000000000000000e+00
4.611607450594667625e+02	9.234836766878032899e-01	0.000000000000000000e+00
4.615804545006668036e+02	9.249364216553369600e-01	0.000000000000000000e+00
4.620001639418667878e+02	9.263336390291876388e-01	0.000000000000000000e+00
4.624198733830667720e+02	9.276750884994061641e-01	0.000000000000000000e+00
4.628395828242668131e+02	9.289699157457342871e-01	0.000000000000000000e+00
4.632592922654667973e+02	9.302101840368135477e-01	0.000000000000000000e+00
4.636790017066667815e+02	9.314079649485648149e-01	0.000000000000000000e+00
4.640987111478667657e+02	9.325597843604072068e-01	0.000000000000000000e+00
4.645184205890668068e+02	9.336690590737996009e-01	0.000000000000000000e+00
4.649381300302667910e+02	9.347400268353928121e-01	0.000000000000000000e+00
4.653578394714667752e+02	9.357684284888596604e-01	0.000000000000000000e+00
4.657775489126668162e+02	9.367627310172984556e-01	0.000000000000000000e+00
4.661972583538668005e+02	9.377197018387306571e-01	0.000000000000000000e+00
4.666169677950667847e+02	9.386428118602573312e-01	0.000000000000000000e+00
4.670366772362667689e+02	9.395350926455279250e-01	0.000000000000000000e+00
4.674563866774667531e+02	9.403928399652475845e-01	0.000000000000000000e+00
4.678760961186667942e+02	9.412228869340090176e-01	0.000000000000000000e+00
4.682958055598667784e+02	9.420231802550332878e-01	0.000000000000000000e+00
4.687155150010668194e+02	9.427952911697796701e-01	0.000000000000000000e+00
4.691352244422668036e+02	9.435427510470086876e-01	0.000000000000000000e+00
4.695549338834667878e+02	9.442618094693472353e-01	0.000000000000000000e+00
4.699746433246667721e+02	9.449577008379956844e-01	0.000000000000000000e+00
4.703943527658667563e+02	9.456303811914713586e-01	0.000000000000000000e+00
4.708140622070667973e+02	9.462785491821869011e-01	0.000000000000000000e+00
4.712337716482667815e+02	9.469063110947940620e-01	0.000000000000000000e+00
4.716534810894667658e+02	9.475120703065307293e-01	0.000000000000000000e+00
4.720731905306668068e+02	9.480970322627675362e-01	0.000000000000000000e+00
4.724928999718667910e+02	9.486636211447296851e-01	0.000000000000000000e+00
4.729126094130667752e+02	9.492095132315055972e-01	0.000000000000000000e+00
4.733323188542667594e+02	9.497375341746840949e-01	0.000000000000000000e+00
4.737520282954668005e+02	9.502489329530516837e-01	0.000000000000000000e+00
4.741717377366667847e+02	9.507409851136834344e-01	0.000000000000000000e+00
4.745914471778667689e+02	9.512174521935093940e-01	0.000000000000000000e+00
4.750111566190668100e+02	9.516784369141542133e-01	0.000000000000000000e+00
4.754308660602667942e+02	9.521221637354648770e-01	0.000000000000000000e+00
4.758505755014667784e+02	9.525517034866601840e-01	0.000000000000000000e+00
4.762702849426667626e+02	9.529668765469798686e-01	0.000000000000000000e+00
4.766899943838667468e+02	9.533664804431473128e-01	0.000000000000000000e+00
4.771097038250667879e+02	9.537530567324099540e-01	0.000000000000000000e+00
4.775294132662667721e+02	9.541263780749629220e-01	0.000000000000000000e+00
4.779491227074668132e+02	9.544854130277102833e-01	0.000000000000000000e+00
4.783688321486667974e+02	9.548324089782084245e-01	0.000000000000000000e+00
4.787885415898667816e+02	9.551672421098568178e-01	0.000000000000000000e+00
4.792082510310667658e+02	9.554887304630337308e-01	0.000000000000000000e+00
4.796279604722667500e+02	9.557990169023986571e-01	0.000000000000000000e+00
4.800476699134667911e+02	9.560982044390715640e-01	0.000000000000000000e+00
4.804673793546667753e+02	9.563846970891376476e-01	0.000000000000000000e+00
4.808870887958667595e+02	9.566606893748260676e-01	0.000000000000000000e+00
4.813067982370668005e+02	9.569263661702496204e-01	0.000000000000000000e+00
4.817265076782667848e+02	9.571802416474531894e-01	0.000000000000000000e+00
4.821462171194667690e+02	9.574239460035293137e-01	0.000000000000000000e+00
4.825659265606667532e+02	9.576578790174361533e-01	0.000000000000000000e+00
4.829856360018667942e+02	9.578810942795841221e-01	0.000000000000000000e+00
4.834053454430667784e+02	9.580941439097644396e-01	0.000000000000000000e+00
4.838250548842667627e+02	9.582978554289213191e-01	0.000000000000000000e+00
4.842447643254668037e+02	9.584918917910817404e-01	0.000000000000000000e+00
4.846644737666667879e+02	9.586755717949096978e-01	0.000000000000000000e+00
4.850841832078667721e+02	9.588502405954687502e-01	0.000000000000000000e+00
4.855038926490667563e+02	9.590159744843553824e-01	0.000000000000000000e+00
4.859236020902667974e+02	9.591715055215050967e-01	0.000000000000000000e+00
4.863433115314667816e+02	9.593179718289471802e-01	0.000000000000000000e+00
4.867630209726667658e+02	9.594556885983674954e-01	0.000000000000000000e+00
4.871827304138668069e+02	9.595842110543734149e-01	0.000000000000000000e+00
4.876024398550667911e+02	9.597029568466705074e-01	0.000000000000000000e+00
4.880221492962667753e+02	9.598130141216314470e-01	0.000000000000000000e+00
4.884418587374667595e+02	9.599143705870644139e-01	0.000000000000000000e+00
4.888615681786667437e+02	9.600059508621155979e-01	0.000000000000000000e+00
4.892812776198667848e+02	9.600882490415190151e-01	0.000000000000000000e+00
4.897009870610667690e+02	9.601616848606058241e-01	0.000000000000000000e+00
4.901206965022668101e+02	9.602261592230635356e-01	0.000000000000000000e+00
4.905404059434667943e+02	9.602800403407618646e-01	0.000000000000000000e+00
4.909601153846667785e+02	9.603245261607349370e-01	0.000000000000000000e+00
4.913798248258667627e+02	9.603594827805942424e-01	0.000000000000000000e+00
4.917995342670667469e+02	9.603844771665346336e-01	0.000000000000000000e+00
4.922192437082667880e+02	9.603976797766176077e-01	0.000000000000000000e+00
4.926389531494667722e+02	9.604001412945102345e-01	0.000000000000000000e+00
4.930586625906667564e+02	9.603912648898325077e-01	0.000000000000000000e+00
4.934783720318667974e+02	9.603700615723395062e-01	0.000000000000000000e+00
4.938980814730667817e+02	9.603336587109559952e-01	0.000000000000000000e+00
4.943177909142667659e+02	9.602825044862672854e-01	0.000000000000000000e+00
4.947375003554667501e+02	9.602147985968021437e-01	0.000000000000000000e+00
4.951572097966667911e+02	9.601281509175437767e-01	0.000000000000000000e+00
4.955769192378667753e+02	9.600151464440292992e-01	0.000000000000000000e+00
4.959966286790667596e+02	9.598738809378022374e-01	0.000000000000000000e+00
4.964163381202668006e+02	9.596974598516939681e-01	0.000000000000000000e+00
4.968360475614667848e+02	9.594759500759143522e-01	0.000000000000000000e+00
4.972557570026667690e+02	9.591859181061186401e-01	0.000000000000000000e+00
4.976754664438667533e+02	9.588039867468861610e-01	0.000000000000000000e+00
4.980951758850667943e+02	9.582959617517382567e-01	0.000000000000000000e+00
4.985148853262667785e+02	9.576064380825158873e-01	0.000000000000000000e+00
4.989345947674667627e+02	9.566425573039818442e-01	0.000000000000000000e+00
4.993543042086668038e+02	9.552718261826973478e-01	0.000000000000000000e+00
4.997740136498667880e+02	9.535312970120486398e-01	0.000000000000000000e+00
5.001937230910667722e+02	9.517587752421148295e-01	0.000000000000000000e+00
5.006134325322667564e+02	9.507623642380796936e-01	0.000000000000000000e+00
5.010331419734667406e+02	9.512896723004492516e-01	0.000000000000000000e+00
5.014528514146667817e+02	9.527278340019936786e-01	0.000000000000000000e+00
5.018725608558667659e+02	9.541727451998782694e-01	0.000000000000000000e+00
5.022922702970668070e+02	9.552749842547660908e-01	0.000000000000000000e+00
5.027119797382667912e+02	9.560162075708583673e-01	0.000000000000000000e+00
5.031316891794667754e+02	9.564575985629814037e-01	0.000000000000000000e+00
5.035513986206667596e+02	9.567081574770717189e-01	0.000000000000000000e+00
5.039711080618667438e+02	9.568315552012605085e-01	0.000000000000000000e+00
5.043908175030667849e+02	9.568642656849289940e-01	0.000000000000000000e+00
5.048105269442667691e+02	9.568306959784941279e-01	0.000000000000000000e+00
5.052302363854667533e+02	9.567439582698098466e-01	0.000000000000000000e+00
5.056499458266667943e+02	9.566181763656341763e-01	0.000000000000000000e+00
5.060696552678667786e+02	9.564627551331725819e-01	0.000000000000000000e+00
5.064893647090667628e+02	9.562826989110926323e-01	0.000000000000000000e+00
5.069090741502667470e+02	9.560816444067055109e-01	0.000000000000000000e+00
5.073287835914667880e+02	9.558617762922539951e-01	0.000000000000000000e+00
5.077484930326667723e+02	9.556241831626426375e-01	0.000000000000000000e+00
5.081682024738668133e+02	9.553720759506703075e-01	0.000000000000000000e+00
5.085879119150667975e+02	9.551065385170184330e-01	0.000000000000000000e+00
5.090076213562667817e+02	9.548284187345539298e-01	0.000000000000000000e+00
5.094273307974667659e+02	9.545383866614338686e-01	0.000000000000000000e+00
5.098470402386667502e+02	9.542362914264533869e-01	0.000000000000000000e+00
5.102667496798667344e+02	9.539226237699345301e-01	0.000000000000000000e+00
5.106864591210667754e+02	9.535984298524504688e-01	0.000000000000000000e+00
5.111061685622667596e+02	9.532639823804156531e-01	0.000000000000000000e+00
5.115258780034668007e+02	9.529195086081742039e-01	0.000000000000000000e+00
5.119455874446667849e+02	9.525651997287853945e-01	0.000000000000000000e+00
5.123652968858667691e+02	9.522008075583738851e-01	0.000000000000000000e+00
5.127850063270667533e+02	9.518261792605963167e-01	0.000000000000000000e+00
5.132047157682667375e+02	9.514421691552558125e-01	0.000000000000000000e+00
5.136244252094668354e+02	9.510488802103209682e-01	0.000000000000000000e+00
5.140441346506668197e+02	9.506464044890872156e-01	0.000000000000000000e+00
5.144638440918668039e+02	9.502348253465172645e-01	0.000000000000000000e+00
5.148835535330667881e+02	9.498142192250207394e-01	0.000000000000000000e+00
5.153032629742667723e+02	9.493839296848956000e-01	0.000000000000000000e+00
5.157229724154667565e+02	9.489445025575471426e-01	0.000000000000000000e+00
5.161426818566667407e+02	9.484962697421226441e-01	0.000000000000000000e+00
5.165623912978667249e+02	9.480392919430286058e-01	0.000000000000000000e+00
5.169821007390667091e+02	9.475736284028759560e-01	0.000000000000000000e+00
5.174018101802668070e+02	9.470993374558731581e-01	0.000000000000000000e+00
5.178215196214667912e+02	9.466164769946139312e-01	0.000000000000000000e+00
5.182412290626667755e+02	9.461246837500064677e-01	0.000000000000000000e+00
5.186609385038667597e+02	9.456239958961508707e-01	0.000000000000000000e+00
5.190806479450667439e+02	9.451149320886401695e-01	0.000000000000000000e+00
5.195003573862667281e+02	9.445975520003472292e-01	0.000000000000000000e+00
5.199200668274668260e+02	9.440719163628830124e-01	0.000000000000000000e+00
5.203397762686668102e+02	9.435380871264732461e-01	0.000000000000000000e+00
5.207594857098667944e+02	9.429961275941571852e-01	0.000000000000000000e+00
5.211791951510667786e+02	9.424461025336546838e-01	0.000000000000000000e+00
5.215989045922667628e+02	9.418877736194238848e-01	0.000000000000000000e+00
5.220186140334667471e+02	9.413210844653008280e-01	0.000000000000000000e+00
5.224383234746667313e+02	9.407465535783864352e-01	0.000000000000000000e+00
5.228580329158667155e+02	9.401642526249659459e-01	0.000000000000000000e+00
5.232777423570666997e+02	9.395742550427663708e-01	0.000000000000000000e+00
5.236974517982667976e+02	9.389766360612546992e-01	0.000000000000000000e+00
5.241171612394667818e+02	9.383714727126220012e-01	0.000000000000000000e+00
5.245368706806667660e+02	9.377588438342966404e-01	0.000000000000000000e+00
5.249565801218667502e+02	9.371388300637313318e-01	0.000000000000000000e+00
5.253762895630667344e+02	9.365114077607277210e-01	0.000000000000000000e+00
5.257959990042668323e+02	9.358762844435126738e-01	0.000000000000000000e+00
5.262157084454668166e+02	9.352340494641550039e-01	0.000000000000000000e+00
5.266354178866668008e+02	9.345847906316533393e-01	0.000000000000000000e+00
5.270551273278667850e+02	9.339285974127178314e-01	0.000000000000000000e+00
5.274748367690667692e+02	9.332655608899542710e-01	0.000000000000000000e+00
5.278945462102667534e+02	9.325957737155988747e-01	0.000000000000000000e+00
5.283142556514667376e+02	9.319193300610821851e-01	0.000000000000000000e+00
5.287339650926667218e+02	9.312363255626460168e-01	0.000000000000000000e+00
5.291536745338667060e+02	9.305468572632368263e-01	0.000000000000000000e+00
5.295733839750668039e+02	9.298510235508644639e-01	0.000000000000000000e+00
5.299930934162667882e+02	9.291488681369455271e-01	0.000000000000000000e+00
5.304128028574667724e+02	9.284401864711753216e-01	0.000000000000000000e+00
5.308325122986667566e+02	9.277254618546764142e-01	0.000000000000000000e+00
5.312522217398667408e+02	9.270047972865258501e-01	0.000000000000000000e+00
5.316719311810667250e+02	9.262782967301221859e-01	0.000000000000000000e+00
5.320916406222668229e+02	9.255460650335233241e-01	0.000000000000000000e+00
5.325113500634668071e+02	9.248082078473286449e-01	0.000000000000000000e+00
5.329310595046667913e+02	9.240648315401971402e-01	0.000000000000000000e+00
5.333507689458667755e+02	9.233160431121040235e-01	0.000000000000000000e+00
5.337704783870667598e+02	9.225619501054244109e-01	0.000000000000000000e+00
5.341901878282667440e+02	9.218026605139235663e-01	0.000000000000000000e+00
5.346098972694667282e+02	9.210382826897306474e-01	0.000000000000000000e+00
5.350296067106667124e+02	9.202689252483705618e-01	0.000000000000000000e+00
5.354493161518666966e+02	9.194946969719143270e-01	0.000000000000000000e+00
5.358690255930667945e+02	9.187157067103092212e-01	0.000000000000000000e+00
5.362887350342667787e+02	9.179319335675315550e-01	0.000000000000000000e+00
5.367084444754667629e+02	9.171435291891194552e-01	0.000000000000000000e+00
5.371281539166667471e+02	9.163507042100090816e-01	0.000000000000000000e+00
5.375478633578667313e+02	9.155535663397514901e-01	0.000000000000000000e+00
5.379675727990668292e+02	9.147522228181382831e-01	0.000000000000000000e+00
5.383872822402668135e+02	9.139467803072268692e-01	0.000000000000000000e+00
5.388069916814667977e+02	9.131373447818315059e-01	0.000000000000000000e+00
5.392267011226667819e+02	9.123240214184956676e-01	0.000000000000000000e+00
5.396464105638667661e+02	9.115069144829445191e-01	0.000000000000000000e+00
5.400661200050667503e+02	9.106861272160028387e-01	0.000000000000000000e+00
5.404858294462667345e+02	9.098617617179792783e-01	0.000000000000000000e+00
5.409055388874667187e+02	9.090339188314852104e-01	0.000000000000000000e+00
5.413252483286667029e+02	9.082026980226599600e-01	0.000000000000000000e+00
5.417449577698668008e+02	9.073681972607683388e-01	0.000000000000000000e+00
5.421646672110667851e+02	9.065305128961221870e-01	0.000000000000000000e+00
5.425843766522667693e+02	9.056897395362623060e-01	0.000000000000000000e+00
5.430040860934667535e+02	9.048459699203449391e-01	0.000000000000000000e+00
5.434237955346667377e+02	9.039992947916514199e-01	0.000000000000000000e+00
5.438435049758667219e+02	9.031498027681315044e-01	0.000000000000000000e+00
5.442632144170668198e+02	9.022975802108871290e-01	0.000000000000000000e+00
5.446829238582668040e+02	9.014427110904864593e-01	0.000000000000000000e+00
5.451026332994667882e+02	9.005852768509784445e-01	0.000000000000000000e+00
5.455223427406667724e+02	8.997253562714896402e-01	0.000000000000000000e+00
5.459420521818667567e+02	8.988630253252413160e-01	0.000000000000000000e+00
5.463617616230667409e+02	8.979983570358319733e-01	0.000000000000000000e+00
5.467814710642667251e+02	8.971314213306098573e-01	0.000000000000000000e+00
5.472011805054667093e+02	8.962622848909481688e-01	0.000000000000000000e+00
5.476208899466666935e+02	8.953910109992083699e-01	0.000000000000000000e+00
5.480405993878667914e+02	8.945176593821829725e-01	0.000000000000000000e+00
5.484603088290667756e+02	8.936422860507664545e-01	0.000000000000000000e+00
5.488800182702667598e+02	8.927649431356027288e-01	0.000000000000000000e+00
5.492997277114667440e+02	8.918856787184412660e-01	0.000000000000000000e+00
5.497194371526667283e+02	8.910045366588960070e-01	0.000000000000000000e+00
5.501391465938668262e+02	8.901215564162923144e-01	0.000000000000000000e+00
5.505588560350668104e+02	8.892367728662842197e-01	0.000000000000000000e+00
5.509785654762667946e+02	8.883502161118601581e-01	0.000000000000000000e+00
5.513982749174667788e+02	8.874619112883728178e-01	0.000000000000000000e+00
5.518179843586667630e+02	8.865718783621842070e-01	0.000000000000000000e+00
5.522376937998667472e+02	8.856801319224905100e-01	0.000000000000000000e+00
5.526574032410667314e+02	8.847866809658789800e-01	0.000000000000000000e+00
5.530771126822667156e+02	8.838915286731281462e-01	0.000000000000000000e+00
5.534968221234666998e+02	8.829946721777333085e-01	0.000000000000000000e+00
5.539165315646667977e+02	8.820961023256320699e-01	0.000000000000000000e+00
5.543362410058667820e+02	8.811958034255311656e-01	0.000000000000000000e+00
5.547559504470667662e+02	8.802937529892448376e-01	0.000000000000000000e+00
5.551756598882667504e+02	8.793899214614013804e-01	0.000000000000000000e+00
5.555953693294667346e+02	8.784842719378287423e-01	0.000000000000000000e+00
5.560150787706667188e+02	8.775767598719198537e-01	0.000000000000000000e+00
5.564347882118668167e+02	8.766673327682076300e-01	0.000000000000000000e+00
5.568544976530668009e+02	8.757559298623684985e-01	0.000000000000000000e+00
5.572742070942667851e+02	8.748424817868054593e-01	0.000000000000000000e+00
5.576939165354667693e+02	8.739269102209328288e-01	0.000000000000000000e+00
5.581136259766667536e+02	8.730091275252344074e-01	0.000000000000000000e+00
5.585333354178667378e+02	8.720890363581171867e-01	0.000000000000000000e+00
5.589530448590667220e+02	8.711665292745330857e-01	0.000000000000000000e+00
5.593727543002667062e+02	8.702414883052875805e-01	0.000000000000000000e+00
5.597924637414666904e+02	8.693137845159087940e-01	0.000000000000000000e+00
5.602121731826667883e+02	8.683832775438793394e-01	0.000000000000000000e+00
5.606318826238667725e+02	8.674498151129936829e-01	0.000000000000000000e+00
5.610515920650667567e+02	8.665132325235258559e-01	0.000000000000000000e+00
5.614713015062667409e+02	8.655733521168489375e-01	0.000000000000000000e+00
5.618910109474667252e+02	8.646299827130708993e-01	0.000000000000000000e+00
5.623107203886668231e+02	8.636829190201956719e-01	0.000000000000000000e+00
5.627304298298668073e+02	8.627319410132467947e-01	0.000000000000000000e+00
5.631501392710667915e+02	8.617768132817311688e-01	0.000000000000000000e+00
5.635698487122667757e+02	8.608172843437505994e-01	0.000000000000000000e+00
5.639895581534667599e+02	8.598530859249909897e-01	0.000000000000000000e+00
5.644092675946667441e+02	8.588839322007748578e-01	0.000000000000000000e+00
5.648289770358667283e+02	8.579095189992678172e-01	0.000000000000000000e+00
5.652486864770667125e+02	8.569295229638910216e-01	0.000000000000000000e+00
5.656683959182666968e+02	8.559436006728957658e-01	0.000000000000000000e+00
5.660881053594667947e+02	8.549513877140346718e-01	0.000000000000000000e+00
5.665078148006667789e+02	8.539523114236411416e-01	0.000000000000000000e+00
5.669275242418667631e+02	8.529458535915545037e-01	0.000000000000000000e+00
5.673472336830667473e+02	8.519317973402881217e-01	0.000000000000000000e+00
5.677669431242667315e+02	8.509096746928348498e-01	0.000000000000000000e+00
5.681866525654667157e+02	8.498789903805329393e-01	0.000000000000000000e+00
5.686063620066668136e+02	8.488392205141930269e-01	0.000000000000000000e+00
5.690260714478667978e+02	8.477898111859549779e-01	0.000000000000000000e+00
5.694457808890667820e+02	8.467301769987195526e-01	0.000000000000000000e+00
5.698654903302667663e+02	8.456596995199446853e-01	0.000000000000000000e+00
5.702851997714667505e+02	8.445777256565579760e-01	0.000000000000000000e+00
5.707049092126667347e+02	8.434835659477216696e-01	0.000000000000000000e+00
5.711246186538667189e+02	8.423764927721789642e-01	0.000000000000000000e+00
5.715443280950667031e+02	8.412557384669335780e-01	0.000000000000000000e+00
5.719640375362666873e+02	8.401204933540707964e-01	0.000000000000000000e+00
5.723837469774667852e+02	8.389699036726049330e-01	0.000000000000000000e+00
5.728034564186667694e+02	8.378030694123475008e-01	0.000000000000000000e+00
5.732231658598667536e+02	8.366176156753585280e-01	0.000000000000000000e+00
5.736428753010667378e+02	8.354135168451393145e-01	0.000000000000000000e+00
5.740625847422667221e+02	8.341898900121347271e-01	0.000000000000000000e+00
5.744822941834668200e+02	8.329455947161007456e-01	0.000000000000000000e+00
5.749020036246668042e+02	8.316794286665009084e-01	0.000000000000000000e+00
5.753217130658667884e+02	8.303901246266206515e-01	0.000000000000000000e+00
5.757414225070667726e+02	8.290763471569856380e-01	0.000000000000000000e+00
5.761611319482667568e+02	8.277366892155800793e-01	0.000000000000000000e+00
5.765808413894667410e+02	8.263696686128985114e-01	0.000000000000000000e+00
5.770005508306667252e+02	8.249737243205316206e-01	0.000000000000000000e+00
5.774202602718667094e+02	8.235472126327495479e-01	0.000000000000000000e+00
5.778399697130666937e+02	8.220884031813915360e-01	0.000000000000000000e+00
5.782596791542667916e+02	8.205920929820339493e-01	0.000000000000000000e+00
5.786793885954667758e+02	8.190584556366168334e-01	0.000000000000000000e+00
5.790990980366667600e+02	8.174860793194493880e-01	0.000000000000000000e+00
5.795188074778667442e+02	8.158727672546273180e-01	0.000000000000000000e+00
5.799385169190667284e+02	8.142162062103479592e-01	0.000000000000000000e+00
5.803582263602667126e+02	8.125139609912203076e-01	0.000000000000000000e+00
5.807779358014668105e+02	8.107634687679522445e-01	0.000000000000000000e+00
5.811976452426667947e+02	8.089620332545399695e-01	0.000000000000000000e+00
5.816173546838667789e+02	8.071068187452565823e-01	0.000000000000000000e+00
5.820370641250667632e+02	8.051948440259504292e-01	0.000000000000000000e+00
5.824567735662667474e+02	8.032179317953934694e-01	0.000000000000000000e+00
5.828764830074667316e+02	8.011733484558449803e-01	0.000000000000000000e+00
5.832961924486667158e+02	7.990607255401384057e-01	0.000000000000000000e+00
5.837159018898667000e+02	7.968762818509859125e-01	0.000000000000000000e+00
5.841356113310666842e+02	7.946160443507735982e-01	0.000000000000000000e+00
5.845553207722667821e+02	7.922758407133787539e-01	0.000000000000000000e+00
5.849750302134667663e+02	7.898512919105749042e-01	0.000000000000000000e+00
5.853947396546667505e+02	7.873378048772329274e-01	0.000000000000000000e+00
5.858144490958667348e+02	7.847305653009619686e-01	0.000000000000000000e+00
5.862341585370667190e+02	7.820161911069077876e-01	0.000000000000000000e+00
5.866538679782668169e+02	7.791882221619292892e-01	0.000000000000000000e+00
5.870735774194668011e+02	7.762480748276566755e-01	0.000000000000000000e+00
5.874932868606667853e+02	7.731897111956380630e-01	0.000000000000000000e+00
5.879129963018667695e+02	7.700068192487986574e-01	0.000000000000000000e+00
5.883327057430667537e+02	7.666928073063723481e-01	0.000000000000000000e+00
5.887524151842667379e+02	7.632407992344284464e-01	0.000000000000000000e+00
5.891721246254667221e+02	7.596436304947786766e-01	0.000000000000000000e+00
5.895918340666667063e+02	7.558864524857482614e-01	0.000000000000000000e+00
5.900115435078666906e+02	7.519462189556709308e-01	0.000000000000000000e+00
5.904312529490666748e+02	7.478333714629115114e-01	0.000000000000000000e+00
5.908509623902667727e+02	7.435391953287932010e-01	0.000000000000000000e+00
5.912706718314667569e+02	7.390546725570189546e-01	0.000000000000000000e+00
5.916903812726667411e+02	7.343704890251020467e-01	0.000000000000000000e+00
5.921100907138667253e+02	7.294770438429094561e-01	0.000000000000000000e+00
5.925298001550667095e+02	7.243644608136649010e-01	0.000000000000000000e+00
5.929495095962668074e+02	7.189933668277102008e-01	0.000000000000000000e+00
5.933692190374667916e+02	7.133612541052509748e-01	0.000000000000000000e+00
5.937889284786667758e+02	7.074726837775491273e-01	0.000000000000000000e+00
5.942086379198667601e+02	7.013165310383199236e-01	0.000000000000000000e+00
5.946283473610667443e+02	6.948815448172203091e-01	0.000000000000000000e+00
5.950480568022667285e+02	6.881563900177948279e-01	0.000000000000000000e+00
5.954677662434667127e+02	6.811296926217995651e-01	0.000000000000000000e+00
5.958874756846666969e+02	6.737564068168281350e-01	0.000000000000000000e+00
5.963071851258666811e+02	6.660202788794311601e-01	0.000000000000000000e+00
5.967268945670667790e+02	6.579419568619946368e-01	0.000000000000000000e+00
5.971466040082667632e+02	6.495107098472732154e-01	0.000000000000000000e+00
5.975663134494667474e+02	6.407162572337995465e-01	0.000000000000000000e+00
5.979860228906667317e+02	6.315488618000446586e-01	0.000000000000000000e+00
5.984057323318667159e+02	6.219994221877716001e-01	0.000000000000000000e+00
5.988254417730668138e+02	6.119915947554516178e-01	0.000000000000000000e+00
5.992451512142667980e+02	6.015611588023557221e-01	0.000000000000000000e+00
5.996648606554667822e+02	5.907230679596134904e-01	0.000000000000000000e+00
6.000845700966667664e+02	5.794736638896191838e-01	0.000000000000000000e+00
6.005042795378667506e+02	5.678108530693128930e-01	0.000000000000000000e+00
6.009239889790667348e+02	5.557342194304900618e-01	0.000000000000000000e+00
6.013436984202667190e+02	5.432097657916877820e-01	0.000000000000000000e+00
6.017634078614667033e+02	5.302177616109825520e-01	0.000000000000000000e+00
6.021831173026666875e+02	5.168279718786960020e-01	0.000000000000000000e+00
6.026028267438666717e+02	5.030516828128502871e-01	0.000000000000000000e+00
6.030225361850667696e+02	4.889028034179519477e-01	0.000000000000000000e+00
6.034422456262667538e+02	4.743978940737010874e-01	0.000000000000000000e+00
6.038619550674667380e+02	4.595365770000319761e-01	0.000000000000000000e+00
6.042816645086667222e+02	4.443148856765416488e-01	0.000000000000000000e+00
6.047013739498667064e+02	4.288245944851886149e-01	0.000000000000000000e+00
6.051210833910668043e+02	4.130979674270171542e-01	0.000000000000000000e+00
6.055407928322667885e+02	3.971698162443388358e-01	0.000000000000000000e+00
6.059605022734667727e+02	3.810773359570057695e-01	0.000000000000000000e+00
6.063802117146667570e+02	3.648536460978645257e-01	0.000000000000000000e+00
6.067999211558667412e+02	3.485602444723099880e-01	0.000000000000000000e+00
6.072196305970667254e+02	3.322629295783345871e-01	0.000000000000000000e+00
6.076393400382667096e+02	3.160090966479893182e-01	0.000000000000000000e+00
6.080590494794666938e+02	2.998465726726042280e-01	0.000000000000000000e+00
6.084787589206666780e+02	2.838233644828344060e-01	0.000000000000000000e+00
6.088984683618667759e+02	2.680441403772880760e-01	0.000000000000000000e+00
6.093181778030667601e+02	2.525512847396363947e-01	0.000000000000000000e+00
6.097378872442667443e+02	2.373750909155581679e-01	0.000000000000000000e+00
6.101575966854667286e+02	2.225578439740720782e-01	0.000000000000000000e+00
6.105773061266667128e+02	2.081394282472463497e-01	0.000000000000000000e+00
6.109970155678666970e+02	1.942002535915887673e-01	0.000000000000000000e+00
6.114167250090667949e+02	1.808505810091860233e-01	0.000000000000000000e+00
6.118364344502667791e+02	1.680238044050795243e-01	0.000000000000000000e+00
6.122561438914667633e+02	1.557414390102256629e-01	0.000000000000000000e+00
6.126758533326667475e+02	1.440214679389495434e-01	0.000000000000000000e+00
6.130955627738667317e+02	1.328815759329930735e-01	0.000000000000000000e+00
6.135152722150667159e+02	1.225143632682628575e-01	0.000000000000000000e+00
6.139349816562667002e+02	1.127438972194190203e-01	0.000000000000000000e+00
6.143546910974666844e+02	1.035678119286679993e-01	0.000000000000000000e+00
6.147744005386666686e+02	9.498123217870720059e-02	0.000000000000000000e+00
6.151941099798667665e+02	8.697692561354271323e-02	0.000000000000000000e+00
6.156138194210667507e+02	7.970678398506615692e-02	0.000000000000000000e+00
6.160335288622667349e+02	7.300446105496241622e-02	0.000000000000000000e+00
6.164532383034667191e+02	6.683341942790133050e-02	0.000000000000000000e+00
6.168729477446667033e+02	6.117634924296679044e-02	0.000000000000000000e+00
6.172926571858668012e+02	5.601532567630071457e-02	0.000000000000000000e+00
6.177123666270667854e+02	5.147056440223183454e-02	0.000000000000000000e+00
6.181320760682667697e+02	4.738146626699865638e-02	0.000000000000000000e+00
6.185517855094667539e+02	4.371490836617845932e-02	0.000000000000000000e+00
6.189714949506667381e+02	4.045275326815974543e-02	0.000000000000000000e+00
6.193912043918667223e+02	3.758474814383086504e-02	0.000000000000000000e+00
6.198109138330667065e+02	3.520137887268707383e-02	0.000000000000000000e+00
6.202306232742666907e+02	3.315933038637358665e-02	0.000000000000000000e+00
6.206503327154666749e+02	3.144650673695002785e-02	0.000000000000000000e+00
6.210700421566667728e+02	3.005210668462025142e-02	0.000000000000000000e+00
6.214897515978667570e+02	2.900245034849156106e-02	0.000000000000000000e+00
6.219094610390667413e+02	2.832843417679401649e-02	0.000000000000000000e+00
6.223291704802667255e+02	2.795147384147634792e-02	0.000000000000000000e+00
6.227488799214667097e+02	2.787241150628682121e-02	0.000000000000000000e+00
6.231685893626666939e+02	2.809358662327675338e-02	0.000000000000000000e+00
6.235882988038667918e+02	2.870697422341300653e-02	0.000000000000000000e+00
6.240080082450667760e+02	2.968522261984864533e-02	0.000000000000000000e+00
6.244277176862667602e+02	3.100649085303456426e-02	0.000000000000000000e+00
6.248474271274667444e+02	3.268674558529795215e-02	0.000000000000000000e+00
6.252671365686667286e+02	3.477143469521097596e-02	0.000000000000000000e+00
6.256868460098667128e+02	3.741133682341479111e-02	0.000000000000000000e+00
6.261065554510666971e+02	4.050624737366378264e-02	0.000000000000000000e+00
6.265262648922666813e+02	4.408247404320767698e-02	0.000000000000000000e+00
6.269459743334666655e+02	4.816648716263747382e-02	0.000000000000000000e+00
6.273656837746667634e+02	5.297158612670698624e-02	0.000000000000000000e+00
6.277853932158667476e+02	5.844412703760305805e-02	0.000000000000000000e+00
6.282051026570667318e+02	6.454940519428017942e-02	0.000000000000000000e+00
6.286248120982667160e+02	7.131186698147752578e-02	0.000000000000000000e+00
6.290445215394667002e+02	7.887851215154334517e-02	0.000000000000000000e+00
6.294642309806667981e+02	8.735771211886789178e-02	0.000000000000000000e+00
6.298839404218667823e+02	9.657646567910943558e-02	0.000000000000000000e+00
6.303036498630667666e+02	1.065397240811695040e-01	0.000000000000000000e+00
6.307233593042667508e+02	1.172936079239105256e-01	0.000000000000000000e+00
6.311430687454667350e+02	1.290735315137122863e-01	0.000000000000000000e+00
6.315627781866667192e+02	1.415620428075671233e-01	0.000000000000000000e+00
6.319824876278667034e+02	1.547309821334154623e-01	0.000000000000000000e+00
6.324021970690666876e+02	1.685509258862285809e-01	0.000000000000000000e+00
6.328219065102666718e+02	1.832080978336756705e-01	0.000000000000000000e+00
6.332416159514667697e+02	1.983714636846204415e-01	0.000000000000000000e+00
6.336613253926667539e+02	2.139684720957772124e-01	0.000000000000000000e+00
6.340810348338667382e+02	2.299426598702424274e-01	0.000000000000000000e+00
6.345007442750667224e+02	2.462966125757358737e-01	0.000000000000000000e+00
6.349204537162667066e+02	2.628140232311104718e-01	0.000000000000000000e+00
6.353401631574666908e+02	2.794094399602276013e-01	0.000000000000000000e+00
6.357598725986667887e+02	2.960216188965577588e-01	0.000000000000000000e+00
6.361795820398667729e+02	3.125130197981239033e-01	0.000000000000000000e+00
6.365992914810667571e+02	3.287886347325245096e-01	0.000000000000000000e+00
6.370190009222667413e+02	3.448121339171560940e-01	0.000000000000000000e+00
6.374387103634667255e+02	3.605389442337221251e-01	0.000000000000000000e+00
6.378584198046667098e+02	3.757466530666503934e-01	0.000000000000000000e+00
6.382781292458666940e+02	3.904770529667035417e-01	0.000000000000000000e+00
6.386978386870666782e+02	4.047475302714592105e-01	0.000000000000000000e+00
6.391175481282666624e+02	4.185374852152925484e-01	0.000000000000000000e+00
6.395372575694666466e+02	4.315798271737696368e-01	0.000000000000000000e+00
6.399569670106667445e+02	4.440581962322579512e-01	0.000000000000000000e+00
6.403766764518667287e+02	4.560048831911794331e-01	0.000000000000000000e+00
6.407963858930667129e+02	4.674144971966478490e-01	0.000000000000000000e+00
6.412160953342668108e+02	4.780101791200198624e-01	0.000000000000000000e+00
6.416358047754667950e+02	4.880882811762372597e-01	0.000000000000000000e+00
6.420555142166667792e+02	4.976584441365584643e-01	0.000000000000000000e+00
6.424752236578667635e+02	5.066753545589293140e-01	0.000000000000000000e+00
6.428949330990667477e+02	5.150064372175986449e-01	0.000000000000000000e+00
6.433146425402667319e+02	5.228865852368795863e-01	0.000000000000000000e+00
6.437343519814667161e+02	5.303288002329434869e-01	0.000000000000000000e+00
6.441540614226667003e+02	5.372448869311864383e-01	0.000000000000000000e+00
6.445737708638666845e+02	5.436456142572965167e-01	0.000000000000000000e+00
6.449934803050666687e+02	5.496773577009398393e-01	0.000000000000000000e+00
6.454131897462666529e+02	5.553527517649264889e-01	0.000000000000000000e+00
6.458328991874667508e+02	5.605493749663077452e-01	0.000000000000000000e+00
6.462526086286667351e+02	5.653917932793106615e-01	0.000000000000000000e+00
6.466723180698667193e+02	5.699424062762402654e-01	0.000000000000000000e+00
6.470920275110667035e+02	5.741997254754461766e-01	0.000000000000000000e+00
6.475117369522668014e+02	5.780561870954828985e-01	0.000000000000000000e+00
6.479314463934667856e+02	5.816770802444904964e-01	0.000000000000000000e+00
6.483511558346667698e+02	5.850709881412977653e-01	0.000000000000000000e+00
6.487708652758667540e+02	5.881898818784376815e-01	0.000000000000000000e+00
6.491905747170667382e+02	5.910484943905709443e-01	0.000000000000000000e+00
6.496102841582667224e+02	5.937248792661007357e-01	0.000000000000000000e+00
6.500299935994667067e+02	5.962256870005246956e-01	0.000000000000000000e+00
6.504497030406666909e+02	5.984728494983637681e-01	0.000000000000000000e+00
6.508694124818666751e+02	6.005627813951195382e-01	0.000000000000000000e+00
6.512891219230666593e+02	6.025116426693515326e-01	0.000000000000000000e+00
6.517088313642666435e+02	6.042953633897981680e-01	0.000000000000000000e+00
6.521285408054667414e+02	6.059058566790221922e-01	0.000000000000000000e+00
6.525482502466667256e+02	6.074028588417040853e-01	0.000000000000000000e+00
6.529679596878667098e+02	6.087901368656554180e-01	0.000000000000000000e+00
6.533876691290668077e+02	6.100167194621574085e-01	0.000000000000000000e+00
6.538073785702667919e+02	6.111429007648507827e-01	0.000000000000000000e+00
6.542270880114667762e+02	6.121802586223350495e-01	0.000000000000000000e+00
6.546467974526667604e+02	6.131091886294740556e-01	0.000000000000000000e+00
6.550665068938667446e+02	6.139300557440771078e-01	0.000000000000000000e+00
6.554862163350667288e+02	6.146787540628850799e-01	0.000000000000000000e+00
6.559059257762667130e+02	6.153572528929227570e-01	0.000000000000000000e+00
6.563256352174666972e+02	6.159258345831897241e-01	0.000000000000000000e+00
6.567453446586666814e+02	6.164355572446421627e-01	0.000000000000000000e+00
6.571650540998666656e+02	6.168879883877170789e-01	0.000000000000000000e+00
6.575847635410666499e+02	6.172621652756989930e-01	0.000000000000000000e+00
6.580044729822667477e+02	6.175733727209801183e-01	0.000000000000000000e+00
6.584241824234667320e+02	6.178375511218465732e-01	0.000000000000000000e+00
6.588438918646667162e+02	6.180472841468788170e-01	0.000000000000000000e+00
6.592636013058667004e+02	6.181930990751945965e-01	0.000000000000000000e+00
6.596833107470667983e+02	6.183002019547461092e-01	0.000000000000000000e+00
6.601030201882667825e+02	6.183695297363313026e-01	0.000000000000000000e+00
6.605227296294667667e+02	6.183781580414210444e-01	0.000000000000000000e+00
6.609424390706667509e+02	6.183539237293779189e-01	0.000000000000000000e+00
6.613621485118667351e+02	6.182984539632735421e-01	0.000000000000000000e+00
6.617818579530667193e+02	6.181979149616972924e-01	0.000000000000000000e+00
6.622015673942667036e+02	6.180637150053969187e-01	0.000000000000000000e+00
6.626212768354666878e+02	6.179036595979023883e-01	0.000000000000000000e+00
6.630409862766666720e+02	6.177103676432421642e-01	0.000000000000000000e+00
6.634606957178666562e+02	6.174840441748565834e-01	0.000000000000000000e+00
6.638804051590666404e+02	6.172363142057065710e-01	0.000000000000000000e+00
6.643001146002667383e+02	6.169642580059188086e-01	0.000000000000000000e+00
6.647198240414667225e+02	6.166607788617418651e-01	0.000000000000000000e+00
6.651395334826667067e+02	6.163395886431830561e-01	0.000000000000000000e+00
6.655592429238668046e+02	6.160007343430066173e-01	0.000000000000000000e+00
6.659789523650667888e+02	6.156327079918987311e-01	0.000000000000000000e+00
6.663986618062667731e+02	6.152500512760381568e-01	0.000000000000000000e+00
6.668183712474667573e+02	6.148530069066217019e-01	0.000000000000000000e+00
6.672380806886667415e+02	6.144327496613173345e-01	0.000000000000000000e+00
6.676577901298667257e+02	6.139987779025161130e-01	0.000000000000000000e+00
6.680774995710667099e+02	6.135529276721332081e-01	0.000000000000000000e+00
6.684972090122666941e+02	6.130889172115335795e-01	0.000000000000000000e+00
6.689169184534666783e+02	6.126122427532513237e-01	0.000000000000000000e+00
6.693366278946666625e+02	6.121257959399254434e-01	0.000000000000000000e+00
6.697563373358666468e+02	6.116250990141582911e-01	0.000000000000000000e+00
6.701760467770667447e+02	6.111130405030275048e-01	0.000000000000000000e+00
6.705957562182667289e+02	6.105929796017230959e-01	0.000000000000000000e+00
6.710154656594667131e+02	6.100616940944912914e-01	0.000000000000000000e+00
6.714351751006666973e+02	6.095204771277932254e-01	0.000000000000000000e+00
6.718548845418667952e+02	6.089727461645404460e-01	0.000000000000000000e+00
6.722745939830667794e+02	6.084161353864709909e-01	0.000000000000000000e+00
6.726943034242667636e+02	6.078510581432459148e-01	0.000000000000000000e+00
6.731140128654667478e+02	6.072807186436718352e-01	0.000000000000000000e+00
6.735337223066667320e+02	6.067033245562124533e-01	0.000000000000000000e+00
6.739534317478667163e+02	6.061188957288554668e-01	0.000000000000000000e+00
6.743731411890667005e+02	6.055302569845025795e-01	0.000000000000000000e+00
6.747928506302666847e+02	6.049359964407851065e-01	0.000000000000000000e+00
6.752125600714666689e+02	6.043360509837073513e-01	0.000000000000000000e+00
6.756322695126666531e+02	6.037327796421675385e-01	0.000000000000000000e+00
6.760519789538666373e+02	6.031250267738887949e-01	0.000000000000000000e+00
6.764716883950667352e+02	6.025128236626390299e-01	0.000000000000000000e+00
6.768913978362667194e+02	6.018980364785340154e-01	0.000000000000000000e+00
6.773111072774667036e+02	6.012796936412975191e-01	0.000000000000000000e+00
6.777308167186668015e+02	6.006579988659443980e-01	0.000000000000000000e+00
6.781505261598667857e+02	6.000343415772115829e-01	0.000000000000000000e+00
6.785702356010667700e+02	5.994079007329409237e-01	0.000000000000000000e+00
6.789899450422667542e+02	5.987790580383556271e-01	0.000000000000000000e+00
6.794096544834667384e+02	5.981487726905897473e-01	0.000000000000000000e+00
6.798293639246667226e+02	5.975163687087895470e-01	0.000000000000000000e+00
6.802490733658667068e+02	5.968823600702907184e-01	0.000000000000000000e+00
6.806687828070666910e+02	5.962473426370322738e-01	0.000000000000000000e+00
6.810884922482666752e+02	5.956107997010638977e-01	0.000000000000000000e+00
6.815082016894666594e+02	5.949732971339412035e-01	0.000000000000000000e+00
6.819279111306666437e+02	5.943351469258035813e-01	0.000000000000000000e+00
6.823476205718667416e+02	5.936960190089720646e-01	0.000000000000000000e+00
6.827673300130667258e+02	5.930564290164728192e-01	0.000000000000000000e+00
6.831870394542667100e+02	5.924164911028623193e-01	0.000000000000000000e+00
6.836067488954666942e+02	5.917760973116266143e-01	0.000000000000000000e+00
6.840264583366667921e+02	5.911355990507315417e-01	0.000000000000000000e+00
6.844461677778667763e+02	5.904950021448753805e-01	0.000000000000000000e+00
6.848658772190667605e+02	5.898544561635097327e-01	0.000000000000000000e+00
6.852855866602667447e+02	5.892140342318891166e-01	0.000000000000000000e+00
6.857052961014667289e+02	5.885737762051215238e-01	0.000000000000000000e+00
6.861250055426667132e+02	5.879339590975573016e-01	0.000000000000000000e+00
6.865447149838666974e+02	5.872944317050254881e-01	0.000000000000000000e+00
6.869644244250666816e+02	5.866553712070623483e-01	0.000000000000000000e+00
6.873841338662666658e+02	5.860169903103168432e-01	0.000000000000000000e+00
6.878038433074666500e+02	5.853790334843369525e-01	0.000000000000000000e+00
6.882235527486666342e+02	5.847418863830772251e-01	0.000000000000000000e+00
6.886432621898667321e+02	5.841055226182880755e-01	0.000000000000000000e+00
6.890629716310667163e+02	5.834696909991956559e-01	0.000000000000000000e+00
6.894826810722667005e+02	5.828350496243791534e-01	0.000000000000000000e+00
6.899023905134667984e+02	5.822011761384002781e-01	0.000000000000000000e+00
6.903220999546667827e+02	5.815679757983287512e-01	0.000000000000000000e+00
6.907418093958667669e+02	5.809362707819921701e-01	0.000000000000000000e+00
6.911615188370667511e+02	5.803052689469112568e-01	0.000000000000000000e+00
6.915812282782667353e+02	5.796752673449462323e-01	0.000000000000000000e+00
6.920009377194667195e+02	5.790466876602866630e-01	0.000000000000000000e+00
6.924206471606667037e+02	5.784188608021686440e-01	0.000000000000000000e+00
6.928403566018666879e+02	5.777924102990655841e-01	0.000000000000000000e+00
6.932600660430666721e+02	5.771672056949935792e-01	0.000000000000000000e+00
6.936797754842666563e+02	5.765427908715677896e-01	0.000000000000000000e+00
6.940994849254666406e+02	5.759201702839804593e-01	0.000000000000000000e+00
6.945191943666667385e+02	5.752985321752386305e-01	0.000000000000000000e+00
6.949389038078667227e+02	5.746779110006475788e-01	0.000000000000000000e+00
6.953586132490667069e+02	5.740591352781216905e-01	0.000000000000000000e+00
6.957783226902666911e+02	5.734412057543254448e-01	0.000000000000000000e+00
6.961980321314667890e+02	5.728247172040232815e-01	0.000000000000000000e+00
6.966177415726667732e+02	5.722097423487317869e-01	0.000000000000000000e+00
6.970374510138667574e+02	5.715956218942388478e-01	0.000000000000000000e+00
6.974571604550667416e+02	5.709834035443273059e-01	0.000000000000000000e+00
6.978768698962667258e+02	5.703723006940757401e-01	0.000000000000000000e+00
6.982965793374667101e+02	5.697622554524853777e-01	0.000000000000000000e+00
6.987162887786666943e+02	5.691542015986246206e-01	0.000000000000000000e+00
6.991359982198666785e+02	5.685470115028049554e-01	0.000000000000000000e+00
6.995557076610666627e+02	5.679413649346000126e-01	0.000000000000000000e+00
6.999754171022666469e+02	5.673372470206493601e-01	0.000000000000000000e+00
7.003951265434666311e+02	5.667339850697774573e-01	0.000000000000000000e+00
7.008148359846667290e+02	5.661327799531333804e-01	0.000000000000000000e+00
7.012345454258667132e+02	5.655325950181064876e-01	0.000000000000000000e+00
7.016542548670666974e+02	5.649336177058466024e-01	0.000000000000000000e+00
7.020739643082667953e+02	5.643365065708075834e-01	0.000000000000000000e+00
7.024936737494667796e+02	5.637402336888162058e-01	0.000000000000000000e+00
7.029133831906667638e+02	5.631457107755317715e-01	0.000000000000000000e+00
7.033330926318667480e+02	5.625524919789224310e-01	0.000000000000000000e+00
7.037528020730667322e+02	5.619601903000001064e-01	0.000000000000000000e+00
7.041725115142667164e+02	5.613700079144042787e-01	0.000000000000000000e+00
7.045922209554667006e+02	5.607806348744347469e-01	0.000000000000000000e+00
7.050119303966666848e+02	5.601927520980052311e-01	0.000000000000000000e+00
7.054316398378666690e+02	5.596063781284713601e-01	0.000000000000000000e+00
7.058513492790666533e+02	5.590207943988544370e-01	0.000000000000000000e+00
7.062710587202666375e+02	5.584372860548316719e-01	0.000000000000000000e+00
7.066907681614667354e+02	5.578546564873508862e-01	0.000000000000000000e+00
7.071104776026667196e+02	5.572733145023329726e-01	0.000000000000000000e+00
7.075301870438667038e+02	5.566936064222588465e-01	0.000000000000000000e+00
7.079498964850666880e+02	5.561146510653643960e-01	0.000000000000000000e+00
7.083696059262667859e+02	5.555375932175262710e-01	0.000000000000000000e+00
7.087893153674667701e+02	5.549615048884395385e-01	0.000000000000000000e+00
7.092090248086667543e+02	5.543865625336751313e-01	0.000000000000000000e+00
7.096287342498667385e+02	5.538133030463507911e-01	0.000000000000000000e+00
7.100484436910667227e+02	5.532407559540094555e-01	0.000000000000000000e+00
7.104681531322667070e+02	5.526699867617004269e-01	0.000000000000000000e+00
7.108878625734666912e+02	5.521002081880456158e-01	0.000000000000000000e+00
7.113075720146666754e+02	5.515314951764201945e-01	0.000000000000000000e+00
7.117272814558666596e+02	5.509644436539291590e-01	0.000000000000000000e+00
7.121469908970666438e+02	5.503980632962999220e-01	0.000000000000000000e+00
7.125667003382666280e+02	5.498333989826007517e-01	0.000000000000000000e+00
7.129864097794667259e+02	5.492696823793256078e-01	0.000000000000000000e+00
7.134061192206667101e+02	5.487070097529186397e-01	0.000000000000000000e+00
7.138258286618666943e+02	5.481459139266952052e-01	0.000000000000000000e+00
7.142455381030666786e+02	5.475854484944243650e-01	0.000000000000000000e+00
7.146652475442667765e+02	5.470266925580006268e-01	0.000000000000000000e+00
7.150849569854667607e+02	5.464687838898912853e-01	0.000000000000000000e+00
7.155046664266667449e+02	5.459119526738644979e-01	0.000000000000000000e+00
7.159243758678667291e+02	5.453565576895362810e-01	0.000000000000000000e+00
7.163440853090667133e+02	5.448017537203055927e-01	0.000000000000000000e+00
7.167637947502666975e+02	5.442487045858952488e-01	0.000000000000000000e+00
7.171835041914666817e+02	5.436963513262549341e-01	0.000000000000000000e+00
7.176032136326666659e+02	5.431451597285288369e-01	0.000000000000000000e+00
7.180229230738666502e+02	5.425952151095779774e-01	0.000000000000000000e+00
7.184426325150666344e+02	5.420458589418017947e-01	0.000000000000000000e+00
7.188623419562667323e+02	5.414982815209928857e-01	0.000000000000000000e+00
7.192820513974667165e+02	5.409512385838043391e-01	0.000000000000000000e+00
7.197017608386667007e+02	5.404054880172510789e-01	0.000000000000000000e+00
7.201214702798666849e+02	5.398607529594338095e-01	0.000000000000000000e+00
7.205411797210667828e+02	5.393167732386928703e-01	0.000000000000000000e+00
7.209608891622667670e+02	5.387743068128773016e-01	0.000000000000000000e+00
7.213805986034667512e+02	5.382323410201833580e-01	0.000000000000000000e+00
7.218003080446667354e+02	5.376918411669109332e-01	0.000000000000000000e+00
7.222200174858667197e+02	5.371520884902023507e-01	0.000000000000000000e+00
7.226397269270667039e+02	5.366132986405608429e-01	0.000000000000000000e+00
7.230594363682666881e+02	5.360757226519108354e-01	0.000000000000000000e+00
7.234791458094666723e+02	5.355386235831943731e-01	0.000000000000000000e+00
7.238988552506666565e+02	5.350031891078282920e-01	0.000000000000000000e+00
7.243185646918666407e+02	5.344682081191532985e-01	0.000000000000000000e+00
7.247382741330666249e+02	5.339344353900965512e-01	0.000000000000000000e+00
7.251579835742667228e+02	5.334015469182841196e-01	0.000000000000000000e+00
7.255776930154667070e+02	5.328694110689908836e-01	0.000000000000000000e+00
7.259974024566666913e+02	5.323385834074507716e-01	0.000000000000000000e+00
7.264171118978666755e+02	5.318081818710453934e-01	0.000000000000000000e+00
7.268368213390667734e+02	5.312792707766600397e-01	0.000000000000000000e+00
7.272565307802667576e+02	5.307508861874733475e-01	0.000000000000000000e+00
7.276762402214667418e+02	5.302235644996773356e-01	0.000000000000000000e+00
7.280959496626667260e+02	5.296971689359829538e-01	0.000000000000000000e+00
7.285156591038667102e+02	5.291714224139472122e-01	0.000000000000000000e+00
7.289353685450666944e+02	5.286469895495508053e-01	0.000000000000000000e+00
7.293550779862666786e+02	5.281229454576387150e-01	0.000000000000000000e+00
7.297747874274666628e+02	5.276003099376384009e-01	0.000000000000000000e+00
7.301944968686666471e+02	5.270781924688768827e-01	0.000000000000000000e+00
7.306142063098666313e+02	5.265570945486021115e-01	0.000000000000000000e+00
7.310339157510667292e+02	5.260368814637275126e-01	0.000000000000000000e+00
7.314536251922667134e+02	5.255173104262920170e-01	0.000000000000000000e+00
7.318733346334666976e+02	5.249989811904706150e-01	0.000000000000000000e+00
7.322930440746666818e+02	5.244810087002742538e-01	0.000000000000000000e+00
7.327127535158667797e+02	5.239644630679890502e-01	0.000000000000000000e+00
7.331324629570667639e+02	5.234483463897495747e-01	0.000000000000000000e+00
7.335521723982667481e+02	5.229333012277098680e-01	0.000000000000000000e+00
7.339718818394667323e+02	5.224190240659978279e-01	0.000000000000000000e+00
7.343915912806667166e+02	5.219054725505930525e-01	0.000000000000000000e+00
7.348113007218667008e+02	5.213930203706649280e-01	0.000000000000000000e+00
7.352310101630666850e+02	5.208809566993476414e-01	0.000000000000000000e+00
7.356507196042666692e+02	5.203703167381398265e-01	0.000000000000000000e+00
7.360704290454666534e+02	5.198599986445268106e-01	0.000000000000000000e+00
7.364901384866666376e+02	5.193508974198970396e-01	0.000000000000000000e+00
7.369098479278666218e+02	5.188423740060542633e-01	0.000000000000000000e+00
7.373295573690667197e+02	5.183347495044929865e-01	0.000000000000000000e+00
7.377492668102667039e+02	5.178280122757700221e-01	0.000000000000000000e+00
7.381689762514666882e+02	5.173218629333449226e-01	0.000000000000000000e+00
7.385886856926666724e+02	5.168169051671949177e-01	0.000000000000000000e+00
7.390083951338667703e+02	5.163122465906112568e-01	0.000000000000000000e+00
7.394281045750667545e+02	5.158090472552131489e-01	0.000000000000000000e+00
7.398478140162667387e+02	5.153061582521956119e-01	0.000000000000000000e+00
7.402675234574667229e+02	5.148044359809539339e-01	0.000000000000000000e+00
7.406872328986667071e+02	5.143033139935535569e-01	0.000000000000000000e+00
7.411069423398666913e+02	5.138030716528589892e-01	0.000000000000000000e+00
7.415266517810666755e+02	5.133037158586114534e-01	0.000000000000000000e+00
7.419463612222666598e+02	5.128049574440110003e-01	0.000000000000000000e+00
7.423660706634666440e+02	5.123073687431568546e-01	0.000000000000000000e+00
7.427857801046666282e+02	5.118100993857943593e-01	0.000000000000000000e+00
7.432054895458666124e+02	5.113142803860145635e-01	0.000000000000000000e+00
7.436251989870667103e+02	5.108187326380430049e-01	0.000000000000000000e+00
7.440449084282666945e+02	5.103244613567090582e-01	0.000000000000000000e+00
7.444646178694666787e+02	5.098306850085422282e-01	0.000000000000000000e+00
7.448843273106667766e+02	5.093379250396637969e-01	0.000000000000000000e+00
7.453040367518667608e+02	5.088459265551250610e-01	0.000000000000000000e+00
7.457237461930667450e+02	5.083546876150284444e-01	0.000000000000000000e+00
7.461434556342667292e+02	5.078644750795757723e-01	0.000000000000000000e+00
7.465631650754667135e+02	5.073747680361866408e-01	0.000000000000000000e+00
7.469828745166666977e+02	5.068863511311804126e-01	0.000000000000000000e+00
7.474025839578666819e+02	5.063981880039831740e-01	0.000000000000000000e+00
7.478222933990666661e+02	5.059115779788334599e-01	0.000000000000000000e+00
7.482420028402666503e+02	5.054252162167549578e-01	0.000000000000000000e+00
7.486617122814666345e+02	5.049401815800137472e-01	0.000000000000000000e+00
7.490814217226666187e+02	5.044556383158866897e-01	0.000000000000000000e+00
7.495011311638667166e+02	5.039721905466590934e-01	0.000000000000000000e+00
7.499208406050667008e+02	5.034894804059064644e-01	0.000000000000000000e+00
7.503405500462666851e+02	5.030076361080204617e-01	0.000000000000000000e+00
7.507602594874666693e+02	5.025267751580507758e-01	0.000000000000000000e+00
7.511799689286667672e+02	5.020465520705327256e-01	0.000000000000000000e+00
7.515996783698667514e+02	5.015675577842229060e-01	0.000000000000000000e+00
7.520193878110667356e+02	5.010889747747895306e-01	0.000000000000000000e+00
7.524390972522667198e+02	5.006118659921983127e-01	0.000000000000000000e+00
7.528588066934667040e+02	5.001349817125092523e-01	0.000000000000000000e+00
7.532785161346666882e+02	4.996597399380201532e-01	0.000000000000000000e+00
7.536982255758666724e+02	4.991847605782993580e-01	0.000000000000000000e+00
7.541179350170666567e+02	4.987112221756800357e-01	0.000000000000000000e+00
7.545376444582666409e+02	4.982381693393140298e-01	0.000000000000000000e+00
7.549573538994666251e+02	4.977663576041170823e-01	0.000000000000000000e+00
7.553770633406666093e+02	4.972952541040441821e-01	0.000000000000000000e+00
7.557967727818667072e+02	4.968251934116313939e-01	0.000000000000000000e+00
7.562164822230666914e+02	4.963560632252527749e-01	0.000000000000000000e+00
7.566361916642666756e+02	4.958877790177542710e-01	0.000000000000000000e+00
7.570559011054667735e+02	4.954206472404573680e-01	0.000000000000000000e+00
7.574756105466667577e+02	4.949541660126594578e-01	0.000000000000000000e+00
7.578953199878667419e+02	4.944890588100384066e-01	0.000000000000000000e+00
7.583150294290667262e+02	4.940244080941870175e-01	0.000000000000000000e+00
7.587347388702667104e+02	4.935613526530221451e-01	0.000000000000000000e+00
7.591544483114666946e+02	4.930985610025513388e-01	0.000000000000000000e+00
7.595741577526666788e+02	4.926375854806258059e-01	0.000000000000000000e+00
7.599938671938666630e+02	4.921767997900856617e-01	0.000000000000000000e+00
7.604135766350666472e+02	4.917178159276369698e-01	0.000000000000000000e+00
7.608332860762666314e+02	4.912591376701357926e-01	0.000000000000000000e+00
7.612529955174666156e+02	4.908021044817221790e-01	0.000000000000000000e+00
7.616727049586667135e+02	4.903455634710123801e-01	0.000000000000000000e+00
7.620924143998666977e+02	4.898905134107411907e-01	0.000000000000000000e+00
7.625121238410666820e+02	4.894361402423060281e-01	0.000000000000000000e+00
7.629318332822666662e+02	4.889831066881563104e-01	0.000000000000000000e+00
7.633515427234667641e+02	4.885309326854089251e-01	0.000000000000000000e+00
7.637712521646667483e+02	4.880799499166300071e-01	0.000000000000000000e+00
7.641909616058667325e+02	4.876300070764181260e-01	0.000000000000000000e+00
7.646106710470667167e+02	4.871811102499082335e-01	0.000000000000000000e+00
7.650303804882667009e+02	4.867334311874073616e-01	0.000000000000000000e+00
7.654500899294666851e+02	4.862866563130806008e-01	0.000000000000000000e+00
7.658697993706666693e+02	4.858412742061622991e-01	0.000000000000000000e+00
7.662895088118666536e+02	4.853966581213186027e-01	0.000000000000000000e+00
7.667092182530666378e+02	4.849536066544853363e-01	0.000000000000000000e+00
7.671289276942666220e+02	4.845111869972055785e-01	0.000000000000000000e+00
7.675486371354666062e+02	4.840705003051760658e-01	0.000000000000000000e+00
7.679683465766667041e+02	4.836303154867460652e-01	0.000000000000000000e+00
7.683880560178666883e+02	4.831920280977836657e-01	0.000000000000000000e+00
7.688077654590666725e+02	4.827541172741773856e-01	0.000000000000000000e+00
7.692274749002667704e+02	4.823182640532535093e-01	0.000000000000000000e+00
7.696471843414667546e+02	4.818826670956875557e-01	0.000000000000000000e+00
7.700668937826667388e+02	4.814492831875710754e-01	0.000000000000000000e+00
7.704866032238667231e+02	4.810160406521553078e-01	0.000000000000000000e+00
7.709063126650667073e+02	4.805851614245188475e-01	0.000000000000000000e+00
7.713260221062666915e+02	4.801543849479044113e-01	0.000000000000000000e+00
7.717457315474666757e+02	4.797259755076647703e-01	0.000000000000000000e+00
7.721654409886666599e+02	4.792977324686997220e-01	0.000000000000000000e+00
7.725851504298666441e+02	4.788718029116989516e-01	0.000000000000000000e+00
7.730048598710666283e+02	4.784461284521032698e-01	0.000000000000000000e+00
7.734245693122666125e+02	4.780227217532337369e-01	0.000000000000000000e+00
7.738442787534667104e+02	4.775996510466364864e-01	0.000000000000000000e+00
7.742639881946666947e+02	4.771788107011941116e-01	0.000000000000000000e+00
7.746836976358666789e+02	4.767583788984942617e-01	0.000000000000000000e+00
7.751034070770666631e+02	4.763401488869189460e-01	0.000000000000000000e+00
7.755231165182667610e+02	4.759223910621904197e-01	0.000000000000000000e+00
7.759428259594667452e+02	4.755068158140928203e-01	0.000000000000000000e+00
7.763625354006667294e+02	4.750917669111358599e-01	0.000000000000000000e+00
7.767822448418667136e+02	4.746788912686388251e-01	0.000000000000000000e+00
7.772019542830666978e+02	4.742665860482604967e-01	0.000000000000000000e+00
7.776216637242666820e+02	4.738564552286910758e-01	0.000000000000000000e+00
7.780413731654666663e+02	4.734469282168087823e-01	0.000000000000000000e+00
7.784610826066666505e+02	4.730395877747758382e-01	0.000000000000000000e+00
7.788807920478666347e+02	4.726328732114300490e-01	0.000000000000000000e+00
7.793005014890666189e+02	4.722283690003251655e-01	0.000000000000000000e+00
7.797202109302666031e+02	4.718245007896889609e-01	0.000000000000000000e+00
7.801399203714667010e+02	4.714228789226479477e-01	0.000000000000000000e+00
7.805596298126666852e+02	4.710218905841183634e-01	0.000000000000000000e+00
7.809793392538666694e+02	4.706231973944854374e-01	0.000000000000000000e+00
7.813990486950667673e+02	4.702251220149402666e-01	0.000000000000000000e+00
7.818187581362667515e+02	4.698294040162704355e-01	0.000000000000000000e+00
7.822384675774667357e+02	4.694342742035695348e-01	0.000000000000000000e+00
7.826581770186667200e+02	4.690415780492159792e-01	0.000000000000000000e+00
7.830778864598667042e+02	4.686494258870267937e-01	0.000000000000000000e+00
7.834975959010666884e+02	4.682597983293572130e-01	0.000000000000000000e+00
7.839173053422666726e+02	4.678706553333836227e-01	0.000000000000000000e+00
7.843370147834666568e+02	4.674841431826631810e-01	0.000000000000000000e+00
7.847567242246666410e+02	4.670980402583440605e-01	0.000000000000000000e+00
7.851764336658666252e+02	4.667146903413365577e-01	0.000000000000000000e+00
7.855961431070666094e+02	4.663316577430904886e-01	0.000000000000000000e+00
7.860158525482667073e+02	4.659515168614226654e-01	0.000000000000000000e+00
7.864355619894666916e+02	4.655715841535034705e-01	0.000000000000000000e+00
7.868552714306666758e+02	4.651946990418370786e-01	0.000000000000000000e+00
7.872749808718666600e+02	4.648178950608627957e-01	0.000000000000000000e+00
7.876946903130667579e+02	4.644443123449215616e-01	0.000000000000000000e+00
7.881143997542667421e+02	4.640707296289804384e-01	0.000000000000000000e+00
7.885341091954667263e+02	4.637004313186430804e-01	0.000000000000000000e+00
7.889538186366667105e+02	4.633301974731496298e-01	0.000000000000000000e+00
7.893735280778666947e+02	4.629631295205335340e-01	0.000000000000000000e+00
7.897932375190666789e+02	4.625962908270941920e-01	0.000000000000000000e+00
7.902129469602666632e+02	4.622324794434805595e-01	0.000000000000000000e+00
7.906326564014666474e+02	4.618690819484841392e-01	0.000000000000000000e+00
7.910523658426666316e+02	4.615085524434597297e-01	0.000000000000000000e+00
7.914720752838666158e+02	4.611486419160178984e-01	0.000000000000000000e+00
7.918917847250666000e+02	4.607914186693025660e-01	0.000000000000000000e+00
7.923114941662666979e+02	4.604350405593055084e-01	0.000000000000000000e+00
7.927312036074666821e+02	4.600811469945984555e-01	0.000000000000000000e+00
7.931509130486666663e+02	4.597283463909203616e-01	0.000000000000000000e+00
7.935706224898667642e+02	4.593778049518074114e-01	0.000000000000000000e+00
7.939903319310667484e+02	4.590286265407209632e-01	0.000000000000000000e+00
7.944100413722667327e+02	4.586814586686676631e-01	0.000000000000000000e+00
7.948297508134667169e+02	4.583359466925113757e-01	0.000000000000000000e+00
7.952494602546667011e+02	4.579921728069721865e-01	0.000000000000000000e+00
7.956691696958666853e+02	4.576503710231332733e-01	0.000000000000000000e+00
7.960888791370666695e+02	4.573100105037944951e-01	0.000000000000000000e+00
7.965085885782666537e+02	4.569719621440440638e-01	0.000000000000000000e+00
7.969282980194666379e+02	4.566350333152143226e-01	0.000000000000000000e+00
7.973480074606666221e+02	4.563007810454567381e-01	0.000000000000000000e+00
7.977677169018666063e+02	4.559673011626178551e-01	0.000000000000000000e+00
7.981874263430667042e+02	4.556368870430962947e-01	0.000000000000000000e+00
7.986071357842666885e+02	4.553068722816172587e-01	0.000000000000000000e+00
7.990268452254666727e+02	4.549803377276343541e-01	0.000000000000000000e+00
7.994465546666666569e+02	4.546538031736515051e-01	0.000000000000000000e+00
