wavelength_nm	final_result_transmittance	cst_average_transmittance
3.7973711347e+02	8.5574924946e-01	8.5412844022e-01
3.8015682291e+02	8.5634510726e-01	8.5449872414e-01
3.8057653235e+02	8.5655826038e-01	8.5466003418e-01
3.8099624179e+02	8.5609764360e-01	8.5463233789e-01
3.8141595123e+02	8.5596406567e-01	8.5443486770e-01
3.8183566067e+02	8.5560238548e-01	8.5408610106e-01
3.8225537011e+02	8.5540491389e-01	8.5360366106e-01
3.8267507956e+02	8.5478526319e-01	8.5300429662e-01
3.8309478900e+02	8.5406589200e-01	8.5230374336e-01
3.8351449844e+02	8.5314094572e-01	8.5151692231e-01
3.8393420788e+02	8.5241424163e-01	8.5065768162e-01
3.8435391732e+02	8.5144357938e-01	8.4973897537e-01
3.8477362676e+02	8.5065363315e-01	8.4877264500e-01
3.8519333620e+02	8.4961454292e-01	8.4776973724e-01
3.8561304564e+02	8.4860375626e-01	8.4674018621e-01
3.8603275508e+02	8.4718839313e-01	8.4569332997e-01
3.8645246453e+02	8.4632484150e-01	8.4463745356e-01
3.8687217397e+02	8.4557314907e-01	8.4357996782e-01
3.8729188341e+02	8.4426185452e-01	8.4252744913e-01
3.8771159285e+02	8.4330895214e-01	8.4148573875e-01
3.8813130229e+02	8.4234974202e-01	8.4045994282e-01
3.8855101173e+02	8.4104977308e-01	8.3945451180e-01
3.8897072117e+02	8.4034713210e-01	8.3847322067e-01
3.8939043061e+02	8.3929589235e-01	8.3751936754e-01
3.8981014006e+02	8.3783308209e-01	8.3659563462e-01
3.9022984950e+02	8.3713181315e-01	8.3570418755e-01
3.9064955894e+02	8.3638460817e-01	8.3484685421e-01
3.9106926838e+02	8.3557118249e-01	8.3402490616e-01
3.9148897782e+02	8.3436651568e-01	8.3323937654e-01
3.9190868726e+02	8.3355058046e-01	8.3249088128e-01
3.9232839670e+02	8.3266628412e-01	8.3177975814e-01
3.9274810614e+02	8.3214110357e-01	8.3110610644e-01
3.9316781559e+02	8.3097285192e-01	8.3046982686e-01
3.9358752503e+02	8.2993638499e-01	8.2987058163e-01
3.9400723447e+02	8.2982748309e-01	8.2930799325e-01
3.9442694391e+02	8.2880442582e-01	8.2878160477e-01
3.9484665335e+02	8.2774662529e-01	8.2829044263e-01
3.9526636279e+02	8.2730304454e-01	8.2783367236e-01
3.9568607223e+02	8.2672422544e-01	8.2741038005e-01
3.9610578167e+02	8.2635312804e-01	8.2701971134e-01
3.9652549111e+02	8.2609950506e-01	8.2666065296e-01
3.9694520056e+02	8.2563447236e-01	8.2633227110e-01
3.9736491000e+02	8.2533781948e-01	8.2603367170e-01
3.9778461944e+02	8.2505101704e-01	8.2576388121e-01
3.9820432888e+02	8.2529888925e-01	8.2552202543e-01
3.9862403832e+02	8.2480476647e-01	8.2530725002e-01
3.9904374776e+02	8.2434214754e-01	8.2511880000e-01
3.9946345720e+02	8.2433348921e-01	8.2495586077e-01
3.9988316664e+02	8.2455890723e-01	8.2481811444e-01
4.0030287609e+02	8.2441580667e-01	8.2470506430e-01
4.0072258553e+02	8.2383049884e-01	8.2461577654e-01
4.0114229497e+02	8.2418488738e-01	8.2454977433e-01
4.0156200441e+02	8.2403487228e-01	8.2450671991e-01
4.0198171385e+02	8.2357168873e-01	8.2448629538e-01
4.0240142329e+02	8.2398974404e-01	8.2448822260e-01
4.0282113273e+02	8.2380986374e-01	8.2451240222e-01
4.0324084217e+02	8.2396739625e-01	8.2455869516e-01
4.0366055162e+02	8.2392519726e-01	8.2462783655e-01
4.0408026106e+02	8.2421189535e-01	8.2471927007e-01
4.0449997050e+02	8.2429957561e-01	8.2483297586e-01
4.0491967994e+02	8.2500677506e-01	8.2496911287e-01
4.0533938938e+02	8.2349599668e-01	8.2512784004e-01
4.0575909882e+02	8.2505565061e-01	8.2530939579e-01
4.0617880826e+02	8.2430369736e-01	8.2551407814e-01
4.0659851770e+02	8.2508475173e-01	8.2574327787e-01
4.0701822714e+02	8.2543754998e-01	8.2599629958e-01
4.0743793659e+02	8.2565397729e-01	8.2627346118e-01
4.0785764603e+02	8.2597102584e-01	8.2657510042e-01
4.0827735547e+02	8.2670803059e-01	8.2690159480e-01
4.0869706491e+02	8.2713110128e-01	8.2725352049e-01
4.0911677435e+02	8.2741495128e-01	8.2763224840e-01
4.0953648379e+02	8.2805231881e-01	8.2803696394e-01
4.0995619323e+02	8.2894656049e-01	8.2846800486e-01
4.1037590267e+02	8.2940237318e-01	8.2892560959e-01
4.1079561212e+02	8.3006690086e-01	8.2941015561e-01
4.1121532156e+02	8.3092353590e-01	8.2992349068e-01
4.1163503100e+02	8.3131395907e-01	8.3046434323e-01
4.1205474044e+02	8.3214382715e-01	8.3103285233e-01
4.1247444988e+02	8.3219385065e-01	8.3162911733e-01
4.1289415932e+02	8.3293752849e-01	8.3225359519e-01
4.1331386876e+02	8.3407520021e-01	8.3290763696e-01
4.1373357820e+02	8.3445286451e-01	8.3358965317e-01
4.1415328765e+02	8.3547478392e-01	8.3429964383e-01
4.1457299709e+02	8.3603942264e-01	8.3503748973e-01
4.1499270653e+02	8.3705943854e-01	8.3580470085e-01
4.1541241597e+02	8.3763242093e-01	8.3660002549e-01
4.1583212541e+02	8.3859259305e-01	8.3742266893e-01
4.1625183485e+02	8.3925993192e-01	8.3827239275e-01
4.1667154429e+02	8.4029991200e-01	8.3915030956e-01
4.1709125373e+02	8.4094435905e-01	8.4005538623e-01
4.1751096317e+02	8.4157516515e-01	8.4098645051e-01
4.1793067262e+02	8.4268219500e-01	8.4194298585e-01
4.1835038206e+02	8.4328111284e-01	8.4292614460e-01
4.1877009150e+02	8.4425349995e-01	8.4393437703e-01
4.1918980094e+02	8.4500335240e-01	8.4496641159e-01
4.1960951038e+02	8.4658016670e-01	8.4602171183e-01
4.2002921982e+02	8.4717788948e-01	8.4710170825e-01
4.2044892926e+02	8.4794083523e-01	8.4820351998e-01
4.2086863870e+02	8.4918411507e-01	8.4932645162e-01
4.2128834815e+02	8.5027202716e-01	8.5047066212e-01
4.2170805759e+02	8.5168250590e-01	8.5163547595e-01
4.2212776703e+02	8.5220895935e-01	8.5281896591e-01
4.2254747647e+02	8.5311255927e-01	8.5402049621e-01
4.2296718591e+02	8.5474935155e-01	8.5524070263e-01
4.2338689535e+02	8.5598592032e-01	8.5647694270e-01
4.2380660479e+02	8.5702406045e-01	8.5772838195e-01
4.2422631423e+02	8.5819004820e-01	8.5899527868e-01
4.2464602368e+02	8.5900639917e-01	8.6027572552e-01
4.2506573312e+02	8.6076962215e-01	8.6156847080e-01
4.2548544256e+02	8.6124914821e-01	8.6287337542e-01
4.2590515200e+02	8.6271524619e-01	8.6418896914e-01
4.2632486144e+02	8.6398595958e-01	8.6551382144e-01
4.2674457088e+02	8.6487520593e-01	8.6684749524e-01
4.2716428032e+02	8.6606247287e-01	8.6818871895e-01
4.2758398976e+02	8.6711497685e-01	8.6953604221e-01
4.2800369920e+02	8.6833937557e-01	8.7088884910e-01
4.2842340865e+02	8.6934873421e-01	8.7224580844e-01
4.2884311809e+02	8.7093779027e-01	8.7360566854e-01
4.2926282753e+02	8.7213864752e-01	8.7496757507e-01
4.2968253697e+02	8.7330065052e-01	8.7633013725e-01
4.3010224641e+02	8.7472733496e-01	8.7769240141e-01
4.3052195585e+02	8.7560594038e-01	8.7905295690e-01
4.3094166529e+02	8.7741721826e-01	8.8041083018e-01
4.3136137473e+02	8.7941949638e-01	8.8176498810e-01
4.3178108418e+02	8.8002757301e-01	8.8311372201e-01
4.3220079362e+02	8.8242804077e-01	8.8445649544e-01
4.3262050306e+02	8.8334784512e-01	8.8579183817e-01
4.3304021250e+02	8.8509406596e-01	8.8711831967e-01
4.3345992194e+02	8.8663419949e-01	8.8843560219e-01
4.3387963138e+02	8.8799551746e-01	8.8974130154e-01
4.3429934082e+02	8.8938192499e-01	8.9103523890e-01
4.3471905026e+02	8.9086065945e-01	8.9231626193e-01
4.3513875971e+02	8.9221357098e-01	8.9358206590e-01
4.3555846915e+02	8.9366327841e-01	8.9483332634e-01
4.3597817859e+02	8.9477395656e-01	8.9606714249e-01
4.3639788803e+02	8.9611887884e-01	8.9728349447e-01
4.3681759747e+02	8.9727032551e-01	8.9848156770e-01
4.3723730691e+02	8.9876270747e-01	8.9965862036e-01
4.3765701635e+02	8.9961804055e-01	9.0081612269e-01
4.3807672579e+02	9.0096629659e-01	9.0195020040e-01
4.3849643523e+02	9.0187152179e-01	9.0306216478e-01
4.3891614468e+02	9.0327592719e-01	9.0415016810e-01
4.3933585412e+02	9.0448810603e-01	9.0521262089e-01
4.3975556356e+02	9.0548171503e-01	9.0625081460e-01
4.4017527300e+02	9.0632954130e-01	9.0726000071e-01
4.4059498244e+02	9.0747139237e-01	9.0824371576e-01
4.4101469188e+02	9.0867229667e-01	9.0919733047e-01
4.4143440132e+02	9.0943596877e-01	9.1012285153e-01
4.4185411076e+02	9.1065229536e-01	9.1101813316e-01
4.4227382021e+02	9.1159769714e-01	9.1188246012e-01
4.4269352965e+02	9.1241530064e-01	9.1271650791e-01
4.4311323909e+02	9.1323617804e-01	9.1351689895e-01
4.4353294853e+02	9.1431346833e-01	9.1428718964e-01
4.4395265797e+02	9.1500781433e-01	9.1502128045e-01
4.4437236741e+02	9.1605059286e-01	9.1572475433e-01
4.4479207685e+02	9.1652452168e-01	9.1639127334e-01
4.4521178629e+02	9.1727374967e-01	9.1702568531e-01
4.4563149574e+02	9.1800253801e-01	9.1762328148e-01
4.4605120518e+02	9.1879909600e-01	9.1818708181e-01
4.4647091462e+02	9.1932189199e-01	9.1871426503e-01
4.4689062406e+02	9.1963893104e-01	9.1920632124e-01
4.4731033350e+02	9.2037218820e-01	9.1966197888e-01
4.4773004294e+02	9.2056518858e-01	9.2008143663e-01
4.4814975238e+02	9.2075437475e-01	9.2046469450e-01
4.4856946182e+02	9.2102283230e-01	9.2081109683e-01
4.4898917126e+02	9.2101306157e-01	9.2112147808e-01
4.4940888071e+02	9.2137712121e-01	9.2139460643e-01
4.4982859015e+02	9.2129665807e-01	9.2163189252e-01
4.5024829959e+02	9.2140710320e-01	9.2183186611e-01
4.5066800903e+02	9.2139029820e-01	9.2199609677e-01
4.5108771847e+02	9.2152648722e-01	9.2212329308e-01
4.5150742791e+02	9.2135727970e-01	9.2221482595e-01
4.5192713735e+02	9.2155204863e-01	9.2226990064e-01
4.5234684679e+02	9.2113017864e-01	9.2228933175e-01
4.5276655624e+02	9.2108041224e-01	9.2227315903e-01
4.5318626568e+02	9.2096805938e-01	9.2222126325e-01
4.5360597512e+02	9.2076993576e-01	9.2213495572e-01
4.5402568456e+02	9.2046279538e-01	9.2201278607e-01
4.5444539400e+02	9.2039168051e-01	9.2185761531e-01
4.5486510344e+02	9.2027068393e-01	9.2166642348e-01
4.5528481288e+02	9.1989762273e-01	9.2144382000e-01
4.5570452232e+02	9.1986990018e-01	9.2118497690e-01
4.5612423177e+02	9.2006259914e-01	9.2089641094e-01
4.5654394121e+02	9.1951317132e-01	9.2057162523e-01
4.5696365065e+02	9.1931444545e-01	9.2021769285e-01
4.5738336009e+02	9.1930311923e-01	9.1982978582e-01
4.5780306953e+02	9.1894573019e-01	9.1941219568e-01
4.5822277897e+02	9.1859030604e-01	9.1896309455e-01
4.5864248841e+02	9.1781473062e-01	9.1848373413e-01
4.5906219785e+02	9.1759252171e-01	9.1797538598e-01
4.5948190729e+02	9.1707122183e-01	9.1743620237e-01
4.5990161674e+02	9.1692917664e-01	9.1687067350e-01
4.6032132618e+02	9.1625009044e-01	9.1627371311e-01
4.6074103562e+02	9.1502647710e-01	9.1565150023e-01
4.6116074506e+02	9.1455096678e-01	9.1500041882e-01
4.6158045450e+02	9.1486492840e-01	9.1432348887e-01
4.6200016394e+02	9.1366979452e-01	9.1362063090e-01
4.6241987338e+02	9.1255758761e-01	9.1289110978e-01
4.6283958282e+02	9.1207840931e-01	9.1213868062e-01
4.6325929227e+02	9.1113469630e-01	9.1135879358e-01
4.6367900171e+02	9.1047259457e-01	9.1055699190e-01
4.6409871115e+02	9.0926424496e-01	9.0973099073e-01
4.6451842059e+02	9.0875960842e-01	9.0888206164e-01
4.6493813003e+02	9.0734121886e-01	9.0801211198e-01
4.6535783947e+02	9.0666063205e-01	9.0711832047e-01
4.6577754891e+02	9.0539219551e-01	9.0620507797e-01
4.6619725835e+02	9.0380283962e-01	9.0527015924e-01
4.6661696780e+02	9.0239687812e-01	9.0431531270e-01
4.6703667724e+02	8.9954910022e-01	9.0334202846e-01
4.6745638668e+02	8.9912379163e-01	9.0234780312e-01
4.6787609612e+02	8.9892739176e-01	9.0133659045e-01
4.6829580556e+02	8.9896851765e-01	9.0030690034e-01
4.6871551500e+02	8.9783394375e-01	8.9925954739e-01
4.6913522444e+02	8.9736151452e-01	8.9819661776e-01
4.6955493388e+02	8.9639222079e-01	8.9711562792e-01
4.6997464332e+02	8.9537548633e-01	8.9601975679e-01
4.7039435277e+02	8.9490340731e-01	8.9490896463e-01
4.7081406221e+02	8.9362501006e-01	8.9378235737e-01
4.7123377165e+02	8.9283547505e-01	8.9264257749e-01
4.7165348109e+02	8.9146761730e-01	8.9148859183e-01
4.7207319053e+02	8.9077243454e-01	8.9032121499e-01
4.7249289997e+02	8.8954886806e-01	8.8914207617e-01
4.7291260941e+02	8.8837053918e-01	8.8794978460e-01
4.7333231885e+02	8.8714424273e-01	8.8674624761e-01
4.7375202830e+02	8.8633903345e-01	8.8553239902e-01
4.7417173774e+02	8.8530091229e-01	8.8430676858e-01
4.7459144718e+02	8.8386898049e-01	8.8307187955e-01
4.7501115662e+02	8.8261202834e-01	8.8182797035e-01
4.7543086606e+02	8.8169636879e-01	8.8057440519e-01
4.7585057550e+02	8.7998913004e-01	8.7931325038e-01
4.7627028494e+02	8.7927605293e-01	8.7804474433e-01
4.7668999438e+02	8.7826569827e-01	8.7676880757e-01
4.7710970383e+02	8.7742401546e-01	8.7548710903e-01
4.7752941327e+02	8.7619467255e-01	8.7420010567e-01
4.7794912271e+02	8.7483252553e-01	8.7290805578e-01
4.7836883215e+02	8.7368685908e-01	8.7161248922e-01
4.7878854159e+02	8.7256354659e-01	8.7031404177e-01
4.7920825103e+02	8.7157374837e-01	8.6901338895e-01
4.7962796047e+02	8.7060517017e-01	8.6771178246e-01
4.8004766991e+02	8.6971318511e-01	8.6641007662e-01
4.8046737935e+02	8.6910443764e-01	8.6510954301e-01
4.8088708880e+02	8.6794005817e-01	8.6381103595e-01
4.8130679824e+02	8.6683790369e-01	8.6251554887e-01
4.8172650768e+02	8.6557958567e-01	8.6122488976e-01
4.8214621712e+02	8.6426794006e-01	8.5993955533e-01
4.8256592656e+02	8.6397121249e-01	8.5866047939e-01
4.8298563600e+02	8.6295124898e-01	8.5738939047e-01
4.8340534544e+02	8.6167660601e-01	8.5612708330e-01
4.8382505488e+02	8.6063064125e-01	8.5487367709e-01
4.8424476433e+02	8.5891233055e-01	8.5363020500e-01
4.8466447377e+02	8.5833992155e-01	8.5239799817e-01
4.8508418321e+02	8.5707549736e-01	8.5117584467e-01
4.8550389265e+02	8.5617718031e-01	8.4996360540e-01
4.8592360209e+02	8.5522547198e-01	8.4876215458e-01
4.8634331153e+02	8.5373191057e-01	8.4756940603e-01
4.8676302097e+02	8.5323263409e-01	8.4638382991e-01
4.8718273041e+02	8.5193618885e-01	8.4520397584e-01
4.8760243986e+02	8.5080542242e-01	8.4402765830e-01
4.8802214930e+02	8.4967531514e-01	8.4285163879e-01
4.8844185874e+02	8.4770294522e-01	8.4167299668e-01
4.8886156818e+02	8.4695274369e-01	8.4048728148e-01
4.8928127762e+02	8.4565175479e-01	8.3929044008e-01
4.8970098706e+02	8.4404731450e-01	8.3807871739e-01
4.9012069650e+02	8.4242207012e-01	8.3684770266e-01
4.9054040594e+02	8.4131628086e-01	8.3558799823e-01
4.9096011538e+02	8.4014110775e-01	8.3429757754e-01
4.9137982483e+02	8.3791988391e-01	8.3297147353e-01
4.9179953427e+02	8.3695946614e-01	8.3160326878e-01
4.9221924371e+02	8.3546403418e-01	8.3017957211e-01
4.9263895315e+02	8.3344350027e-01	8.2870046298e-01
4.9305866259e+02	8.3203741380e-01	8.2715896765e-01
4.9347837203e+02	8.3014990574e-01	8.2554602623e-01
4.9389808147e+02	8.2814954338e-01	8.2384111484e-01
4.9431779091e+02	8.2512685914e-01	8.2204455137e-01
4.9473750036e+02	8.2412217925e-01	8.2014465332e-01
4.9515720980e+02	8.2175616758e-01	8.1812783082e-01
4.9557691924e+02	8.1943343183e-01	8.1595518192e-01
4.9599662868e+02	8.1722869088e-01	8.1362835566e-01
4.9641633812e+02	8.1412128446e-01	8.1113038460e-01
4.9683604756e+02	8.1146438571e-01	8.0844575167e-01
4.9725575700e+02	8.0887497185e-01	8.0554099878e-01
4.9767546644e+02	8.0561722836e-01	8.0242681503e-01
4.9809517589e+02	8.0259084830e-01	7.9912231366e-01
4.9851488533e+02	7.9892391343e-01	7.9564714432e-01
4.9893459477e+02	7.9534899392e-01	7.9202288389e-01
4.9935430421e+02	7.9157738295e-01	7.8827108939e-01
4.9977401365e+02	7.8850528312e-01	7.8442609310e-01
5.0019372309e+02	7.8333446482e-01	7.8049618006e-01
5.0061343253e+02	7.8072757341e-01	7.7647900581e-01
5.0103314197e+02	7.7633834007e-01	7.7235315243e-01
5.0145285141e+02	7.7243606841e-01	7.6810113589e-01
5.0187256086e+02	7.6698658834e-01	7.6370823383e-01
5.0229227030e+02	7.6325037010e-01	7.5915334622e-01
5.0271197974e+02	7.5832385193e-01	7.5441592932e-01
5.0313168918e+02	7.5326358405e-01	7.4945284923e-01
5.0355139862e+02	7.4834802608e-01	7.4425731103e-01
5.0397110806e+02	7.4292029541e-01	7.3881963889e-01
5.0439081750e+02	7.3764068633e-01	7.3312326272e-01
5.0481052694e+02	7.3264686727e-01	7.2715212901e-01
5.0523023639e+02	7.2731445430e-01	7.2086383899e-01
5.0564994583e+02	7.2030315814e-01	7.1425106128e-01
5.0606965527e+02	7.1387768909e-01	7.0731310050e-01
5.0648936471e+02	7.0714086803e-01	7.0003436009e-01
5.0690907415e+02	6.9967878878e-01	6.9239920378e-01
5.0732878359e+02	6.9189667591e-01	6.8437985579e-01
5.0774849303e+02	6.8412635358e-01	6.7593091726e-01
5.0816820247e+02	6.7510072934e-01	6.6707485914e-01
5.0858791192e+02	6.6726958082e-01	6.5779608488e-01
5.0900762136e+02	6.5777731229e-01	6.4807917674e-01
5.0942733080e+02	6.4768789790e-01	6.3790921370e-01
5.0984704024e+02	6.3818807303e-01	6.2724157174e-01
5.1026674968e+02	6.2784819887e-01	6.1606057485e-01
5.1068645912e+02	6.1790187976e-01	6.0438388586e-01
5.1110616856e+02	6.0552674727e-01	5.9220067660e-01
5.1152587800e+02	5.9376504577e-01	5.7950174809e-01
5.1194558744e+02	5.8216743733e-01	5.6627998749e-01
5.1236529689e+02	5.6848825690e-01	5.5250759919e-01
5.1278500633e+02	5.5627492655e-01	5.3816537062e-01
5.1320471577e+02	5.4143541117e-01	5.2329533299e-01
5.1362442521e+02	5.2745176776e-01	5.0790247321e-01
5.1404413465e+02	5.1238935766e-01	4.9199508627e-01
5.1446384409e+02	4.9604613125e-01	4.7558498383e-01
5.1488355353e+02	4.8076259039e-01	4.5868710677e-01
5.1530326297e+02	4.6282320352e-01	4.4128232201e-01
5.1572297242e+02	4.4628883185e-01	4.2341772715e-01
5.1614268186e+02	4.2722925397e-01	4.0512845914e-01
5.1656239130e+02	4.0987035864e-01	3.8643594583e-01
5.1698210074e+02	3.8935789986e-01	3.6736211181e-01
5.1740181018e+02	3.7196411839e-01	3.4793099761e-01
5.1782151962e+02	3.5029669170e-01	3.2817277312e-01
5.1824122906e+02	3.2999150578e-01	3.0812076728e-01
5.1866093850e+02	3.0896880728e-01	2.8785996636e-01
5.1908064795e+02	2.8765661983e-01	2.6753645639e-01
5.1950035739e+02	2.6660489591e-01	2.4735927582e-01
5.1992006683e+02	2.4586478607e-01	2.2759748002e-01
5.2033977627e+02	2.2549577026e-01	2.0822587113e-01
5.2075948571e+02	2.0406546976e-01	1.8859929840e-01
5.2117919515e+02	1.8347998549e-01	1.6877615452e-01
5.2159890459e+02	1.6333245271e-01	1.4952081442e-01
5.2201861403e+02	1.4463384513e-01	1.3133290162e-01
5.2243832347e+02	1.2735848057e-01	1.1437836289e-01
5.2285803292e+02	1.0963695997e-01	9.8789694409e-02
5.2327774236e+02	9.4460405498e-02	8.4655235211e-02
5.2369745180e+02	8.1634833241e-02	7.2020195425e-02
5.2411716124e+02	6.8225969410e-02	6.0884896666e-02
5.2453687068e+02	5.9504314448e-02	5.1206648350e-02
5.2495658012e+02	5.0549547210e-02	4.2906407267e-02
5.2537628956e+02	4.3692827174e-02	3.5895419617e-02
5.2579599900e+02	3.8693535190e-02	3.0101914580e-02
5.2621570845e+02	3.4177942675e-02	2.5312515597e-02
5.2663541789e+02	3.0290689484e-02	2.1404144665e-02
5.2705512733e+02	2.7763755949e-02	1.8262044837e-02
5.2747483677e+02	2.5400433016e-02	1.5782697437e-02
5.2789454621e+02	2.3831674491e-02	1.3875434175e-02
5.2831425565e+02	2.3717690436e-02	1.2463333085e-02
5.2873396509e+02	2.1658308620e-02	1.1483813326e-02
5.2915367453e+02	2.1383388368e-02	1.0889238988e-02
5.2957338398e+02	2.0471172369e-02	1.0647671918e-02
5.2999309342e+02	2.0430707368e-02	1.0746893163e-02
5.3041280286e+02	2.1852077627e-02	1.1208101486e-02
5.3083251230e+02	2.3580104142e-02	1.2034990204e-02
5.3125222174e+02	2.3860580850e-02	1.3270578658e-02
5.3167193118e+02	2.5387770511e-02	1.4976085164e-02
5.3209164062e+02	2.7501100545e-02	1.7229039843e-02
5.3251135006e+02	3.0439573696e-02	2.0119824757e-02
5.3293105950e+02	3.2784112741e-02	2.3746527111e-02
5.3335076895e+02	3.6862309107e-02	2.8208198026e-02
5.3377047839e+02	4.0274641611e-02	3.3596980075e-02
5.3419018783e+02	4.7113813515e-02	3.9989826580e-02
5.3460989727e+02	5.2614211435e-02	4.7440797091e-02
5.3502960671e+02	5.9556732012e-02	5.5974967778e-02
5.3544931615e+02	6.8452073846e-02	6.5584817280e-02
5.3586902559e+02	7.5908731381e-02	7.6229621967e-02
5.3628873503e+02	8.5437432616e-02	8.7862546245e-02
5.3670844448e+02	9.6924290874e-02	1.0037099818e-01
5.3712815392e+02	1.0792052728e-01	1.1361623804e-01
5.3754786336e+02	1.2078642355e-01	1.2747054795e-01
5.3796757280e+02	1.3439510545e-01	1.4180324475e-01
5.3838728224e+02	1.4748176186e-01	1.5648683409e-01
5.3880699168e+02	1.6977016596e-01	1.7140177389e-01
5.3922670112e+02	1.6930172447e-01	1.8643975258e-01
5.3964641056e+02	1.9212385085e-01	2.0150558650e-01
5.4006612001e+02	2.0666392217e-01	2.1651790539e-01
5.4048582945e+02	2.2088194446e-01	2.3140891393e-01
5.4090553889e+02	2.3682745690e-01	2.4612358709e-01
5.4132524833e+02	2.5079795840e-01	2.6061842839e-01
5.4174495777e+02	2.6458593580e-01	2.7486006419e-01
5.4216466721e+02	2.7873163292e-01	2.8882378340e-01
5.4258437665e+02	2.9181427455e-01	3.0249217153e-01
5.4300408609e+02	3.0536393707e-01	3.1585377455e-01
5.4342379553e+02	3.1838304163e-01	3.2890208562e-01
5.4384350498e+02	3.3250766998e-01	3.4163442254e-01
5.4426321442e+02	3.4445363717e-01	3.5405120254e-01
5.4468292386e+02	3.5610832057e-01	3.6615523696e-01
5.4510263330e+02	3.6802123470e-01	3.7795113524e-01
5.4552234274e+02	3.7977872993e-01	3.8944490751e-01
5.4594205218e+02	3.9131011159e-01	4.0064356724e-01
5.4636176162e+02	4.0286562896e-01	4.1155482332e-01
5.4678147106e+02	4.1357139497e-01	4.2218688130e-01
5.4720118051e+02	4.2345521288e-01	4.3254830440e-01
5.4762088995e+02	4.3526776008e-01	4.4264774521e-01
5.4804059939e+02	4.4402319341e-01	4.5249399543e-01
5.4846030883e+02	4.5316998967e-01	4.6209571759e-01
5.4888001827e+02	4.6234280088e-01	4.7146150470e-01
5.4929972771e+02	4.7362049310e-01	4.8059951266e-01
5.4971943715e+02	4.8256442438e-01	4.8951739073e-01
5.5013914659e+02	4.9221660291e-01	4.9822165569e-01
5.5055885604e+02	5.0091847246e-01	5.0671695669e-01
5.5097856548e+02	5.0975716404e-01	5.1500479380e-01
5.5139827492e+02	5.1843390484e-01	5.2308192849e-01
5.5181798436e+02	5.2648116164e-01	5.3093814850e-01
5.5223769380e+02	5.3485910744e-01	5.3855498632e-01
5.5265740324e+02	5.4444548705e-01	5.4590711991e-01
5.5307711268e+02	5.5113036160e-01	5.5297406514e-01
5.5349682212e+02	5.5817627074e-01	5.5978977680e-01
5.5391653156e+02	5.6560262366e-01	5.6664225459e-01
5.5433624101e+02	5.7409444045e-01	5.7479808728e-01
5.5475595045e+02	5.8200292319e-01	5.8734677235e-01
5.5517565989e+02	5.9096027684e-01	6.0213909547e-01
5.5559536933e+02	5.9844329589e-01	6.1113874118e-01
5.5601507877e+02	6.0546855729e-01	6.1637703578e-01
5.5643478821e+02	6.1167582808e-01	6.2087992827e-01
5.5685449765e+02	6.1720969872e-01	6.2548855941e-01
5.5727420709e+02	6.2377105596e-01	6.3026398420e-01
5.5769391654e+02	6.2975995587e-01	6.3513753812e-01
5.5811362598e+02	6.3552445470e-01	6.4004524549e-01
5.5853333542e+02	6.4091748456e-01	6.4494282007e-01
5.5895304486e+02	6.4600200163e-01	6.4980147282e-01
5.5937275430e+02	6.5200930183e-01	6.5460282564e-01
5.5979246374e+02	6.5774894726e-01	6.5933505694e-01
5.6021217318e+02	6.6220593573e-01	6.6399081548e-01
5.6063188262e+02	6.6724873234e-01	6.6856551170e-01
5.6105159207e+02	6.7150895731e-01	6.7305654287e-01
5.6147130151e+02	6.7701920048e-01	6.7746255795e-01
5.6189101095e+02	6.8225286230e-01	6.8178306023e-01
5.6231072039e+02	6.8559573402e-01	6.8601818879e-01
5.6273042983e+02	6.9001166828e-01	6.9016851981e-01
5.6315013927e+02	6.9431071050e-01	6.9423494736e-01
5.6356984871e+02	6.9843865014e-01	6.9821850459e-01
5.6398955815e+02	7.0262242503e-01	7.0212042332e-01
5.6440926759e+02	7.0710092482e-01	7.0594203472e-01
5.6482897704e+02	7.1077738042e-01	7.0968468984e-01
5.6524868648e+02	7.1314448033e-01	7.1334981918e-01
5.6566839592e+02	7.1740895427e-01	7.1693891287e-01
5.6608810536e+02	7.2136755861e-01	7.2045342127e-01
5.6650781480e+02	7.2470546764e-01	7.2389300664e-01
5.6692752424e+02	7.2652071945e-01	7.2725864251e-01
5.6734723368e+02	7.3178526583e-01	7.3055440187e-01
5.6776694312e+02	7.3429837967e-01	7.3378185431e-01
5.6818665257e+02	7.3750952966e-01	7.3694270849e-01
5.6860636201e+02	7.3992489871e-01	7.4003863335e-01
5.6902607145e+02	7.4438921574e-01	7.4307149649e-01
5.6944578089e+02	7.4613992023e-01	7.4604314566e-01
5.6986549033e+02	7.4983224283e-01	7.4895554781e-01
5.7028519977e+02	7.5301329925e-01	7.5181074937e-01
5.7070490921e+02	7.5522123473e-01	7.5461087624e-01
5.7112461865e+02	7.5836402765e-01	7.5735809406e-01
5.7154432810e+02	7.6115652603e-01	7.6005450885e-01
5.7196403754e+02	7.6334040682e-01	7.6270226638e-01
5.7238374698e+02	7.6562496096e-01	7.6530333360e-01
5.7280345642e+02	7.6872108669e-01	7.6785945892e-01
5.7322316586e+02	7.7102240500e-01	7.7036891381e-01
5.7364287530e+02	7.7387178475e-01	7.7283567190e-01
5.7406258474e+02	7.7558542293e-01	7.7526098490e-01
5.7448229418e+02	7.7787247219e-01	7.7764525016e-01
5.7490200362e+02	7.7988213835e-01	7.7998876572e-01
5.7532171307e+02	7.8188620449e-01	7.8229165077e-01
5.7574142251e+02	7.8412539319e-01	7.8455416361e-01
5.7616113195e+02	7.8596436599e-01	7.8677666187e-01
5.7658084139e+02	7.8814401445e-01	7.8895984093e-01
5.7700055083e+02	7.9054475547e-01	7.9110471408e-01
5.7742026027e+02	7.9253368308e-01	7.9321253300e-01
5.7783996971e+02	7.9517276809e-01	7.9528478781e-01
5.7825967915e+02	7.9702038297e-01	7.9732012749e-01
5.7867938860e+02	7.9905888825e-01	7.9932284355e-01
5.7909909804e+02	8.0131059438e-01	8.0129502217e-01
5.7951880748e+02	8.0318185030e-01	8.0323799451e-01
5.7993851692e+02	8.0430931257e-01	8.0515285333e-01
5.8035822636e+02	8.0779340902e-01	8.0704049269e-01
5.8077793580e+02	8.0894202946e-01	8.0890162786e-01
5.8119764524e+02	8.1088583998e-01	8.1073681513e-01
5.8161735468e+02	8.1254446173e-01	8.1254643202e-01
5.8203706413e+02	8.1436046190e-01	8.1433087587e-01
5.8245677357e+02	8.1653361460e-01	8.1608845790e-01
5.8287648301e+02	8.1792967653e-01	8.1782009204e-01
5.8329619245e+02	8.2048516630e-01	8.1952736775e-01
5.8371590189e+02	8.2227210264e-01	8.2121052345e-01
5.8413561133e+02	8.2309649649e-01	8.2286983728e-01
5.8455532077e+02	8.2494610106e-01	8.2450566689e-01
5.8497503021e+02	8.2595650800e-01	8.2611833016e-01
5.8539473965e+02	8.2748338796e-01	8.2770816485e-01
5.8581444910e+02	8.2900278303e-01	8.2927556833e-01
5.8623415854e+02	8.3127958493e-01	8.3081922928e-01
5.8665386798e+02	8.3232152052e-01	8.3233976364e-01
5.8707357742e+02	8.3389334176e-01	8.3383919795e-01
5.8749328686e+02	8.3532119046e-01	8.3531796932e-01
5.8791299630e+02	8.3675189998e-01	8.3677651485e-01
5.8833270574e+02	8.3803911288e-01	8.3821533124e-01
5.8875241518e+02	8.3975787152e-01	8.3963481585e-01
5.8917212463e+02	8.4045400065e-01	8.4103544553e-01
5.8959183407e+02	8.4185437354e-01	8.4241686265e-01
5.9001154351e+02	8.4327783668e-01	8.4377815326e-01
5.9043125295e+02	8.4459417288e-01	8.4512203932e-01
5.9085096239e+02	8.4615406652e-01	8.4644895792e-01
5.9127067183e+02	8.4748130961e-01	8.4775934617e-01
5.9169038127e+02	8.4865972561e-01	8.4905356169e-01
5.9211009071e+02	8.4970452203e-01	8.5033206145e-01
5.9252980016e+02	8.5088706172e-01	8.5159520308e-01
5.9294950960e+02	8.5259884710e-01	8.5284169515e-01
5.9336921904e+02	8.5337798036e-01	8.5407274961e-01
5.9378892848e+02	8.5439458575e-01	8.5528971752e-01
5.9420863792e+02	8.5590526506e-01	8.5649297635e-01
5.9462834736e+02	8.5654781784e-01	8.5768286387e-01
5.9504805680e+02	8.5779196129e-01	8.5885971785e-01
5.9546776624e+02	8.5894231016e-01	8.6002391577e-01
5.9588747568e+02	8.5985747422e-01	8.6117450396e-01
5.9630718513e+02	8.6146388595e-01	8.6231187979e-01
5.9672689457e+02	8.6199667594e-01	8.6343761285e-01
5.9714660401e+02	8.6332111780e-01	8.6455200116e-01
5.9756631345e+02	8.6387915277e-01	8.6565530300e-01
5.9798602289e+02	8.6485677944e-01	8.6674779654e-01
5.9840573233e+02	8.6701503185e-01	8.6782974005e-01
5.9882544177e+02	8.6783380016e-01	8.6889976263e-01
5.9924515121e+02	8.6909822434e-01	8.6995933453e-01
5.9966486066e+02	8.7012286346e-01	8.7100919088e-01
6.0008457010e+02	8.7133126319e-01	8.7204962969e-01
6.0050427954e+02	8.7234951628e-01	8.7308079004e-01
6.0092398898e+02	8.7327564813e-01	8.7410295010e-01
6.0134369842e+02	8.7405064719e-01	8.7511555354e-01
6.0176340786e+02	8.7538045310e-01	8.7611834208e-01
6.0218311730e+02	8.7651409162e-01	8.7711278598e-01
6.0260282674e+02	8.7702594054e-01	8.7809908390e-01
6.0302253619e+02	8.7828633389e-01	8.7907745441e-01
6.0344224563e+02	8.7922522025e-01	8.8004799684e-01
6.0386195507e+02	8.8040975674e-01	8.8101045291e-01
6.0428166451e+02	8.8140109153e-01	8.8196410735e-01
6.0470137395e+02	8.8255136147e-01	8.8291050990e-01
6.0512108339e+02	8.8363603061e-01	8.8384983937e-01
6.0554079283e+02	8.8403310786e-01	8.8478221496e-01
6.0596050227e+02	8.8567533948e-01	8.8570777575e-01
6.0638021171e+02	8.8652497809e-01	8.8662596544e-01
6.0679992116e+02	8.8762871937e-01	8.8753654559e-01
6.0721963060e+02	8.8891509229e-01	8.8844078779e-01
6.0763934004e+02	8.8940292223e-01	8.8933873177e-01
6.0805904948e+02	8.9035052358e-01	8.9023055633e-01
6.0847875892e+02	8.9127260260e-01	8.9111632109e-01
6.0889846836e+02	8.9239356802e-01	8.9199489355e-01
6.0931817780e+02	8.9388841683e-01	8.9286724726e-01
6.0973788724e+02	8.9468801687e-01	8.9373389880e-01
6.1015759669e+02	8.9569986498e-01	8.9459492763e-01
6.1057730613e+02	8.9637609202e-01	8.9545047283e-01
6.1099701557e+02	8.9732928427e-01	8.9630011717e-01
6.1141672501e+02	8.9822597349e-01	8.9714340369e-01
6.1183643445e+02	8.9911296183e-01	8.9798152447e-01
6.1225614389e+02	9.0017778401e-01	8.9881465832e-01
6.1267585333e+02	9.0098412311e-01	8.9964292447e-01
6.1309556277e+02	9.0154132801e-01	9.0046642224e-01
6.1351527222e+02	9.0255633041e-01	9.0128413836e-01
6.1393498166e+02	9.0350219004e-01	9.0209776163e-01
6.1435469110e+02	9.0440746196e-01	9.0290770928e-01
6.1477440054e+02	9.0494756151e-01	9.0371437867e-01
6.1519410998e+02	9.0594728634e-01	9.0451832612e-01
6.1561381942e+02	9.0637050935e-01	9.0532008807e-01
6.1603352886e+02	9.0725848750e-01	9.0612171094e-01
6.1645323830e+02	9.0800385110e-01	9.0692486366e-01
6.1687294774e+02	9.0895275090e-01	9.0773141384e-01
6.1729265719e+02	9.0964578528e-01	9.0854354699e-01
6.1771236663e+02	9.1040026488e-01	9.0936863422e-01
6.1813207607e+02	9.1128002756e-01	9.1020959616e-01
6.1855178551e+02	9.1194564352e-01	9.1106965144e-01
6.1897149495e+02	9.1288631789e-01	9.1195150216e-01
6.1939120439e+02	9.1346549205e-01	9.1285751263e-01
6.1981091383e+02	9.1418814811e-01	9.1378962994e-01
6.2023062327e+02	9.1504603742e-01	9.1472715139e-01
6.2065033272e+02	9.1560048371e-01	9.1565614939e-01
6.2107004216e+02	9.1628058479e-01	9.1656335195e-01
6.2148975160e+02	9.1722876312e-01	9.1743012269e-01
6.2190946104e+02	9.1759280285e-01	9.1824215651e-01
6.2232917048e+02	9.1868479251e-01	9.1901471217e-01
6.2274887992e+02	9.1931894161e-01	9.1975373030e-01
6.2316858936e+02	9.2016471291e-01	9.2046572765e-01
6.2358829880e+02	9.2051605774e-01	9.2115497589e-01
6.2400800825e+02	9.2135085960e-01	9.2183274031e-01
6.2442771769e+02	9.2210987172e-01	9.2250376940e-01
6.2484742713e+02	9.2243513901e-01	9.2317016919e-01
6.2526713657e+02	9.2338981950e-01	9.2383354902e-01
6.2568684601e+02	9.2410639444e-01	9.2449494203e-01
6.2610655545e+02	9.2494974124e-01	9.2515528202e-01
6.2652626489e+02	9.2577548874e-01	9.2581470807e-01
6.2694597433e+02	9.2620836702e-01	9.2647324006e-01
6.2736568377e+02	9.2703798305e-01	9.2713048061e-01
6.2778539322e+02	9.2758207583e-01	9.2778642972e-01
6.2820510266e+02	9.2824921286e-01	9.2844102780e-01
6.2862481210e+02	9.2880576214e-01	9.2909417550e-01
6.2904452154e+02	9.2928843353e-01	9.2974539598e-01
6.2946423098e+02	9.3000953974e-01	9.3039431175e-01
6.2988394042e+02	9.3090591658e-01	9.3104120096e-01
6.3030364986e+02	9.3145096297e-01	9.3168600400e-01
6.3072335930e+02	9.3220699504e-01	9.3232848247e-01
6.3114306875e+02	9.3267101565e-01	9.3296766281e-01
6.3156277819e+02	9.3359869713e-01	9.3360439936e-01
6.3198248763e+02	9.3413139040e-01	9.3423859278e-01
6.3240219707e+02	9.3470981305e-01	9.3487020334e-01
6.3282190651e+02	9.3528110535e-01	9.3549793959e-01
6.3324161595e+02	9.3572197010e-01	9.3612279495e-01
6.3366132539e+02	9.3665684025e-01	9.3674486876e-01
6.3408103483e+02	9.3699119893e-01	9.3736408154e-01
6.3450074428e+02	9.3778295690e-01	9.3797924121e-01
6.3492045372e+02	9.3826613798e-01	9.3859114250e-01
6.3534016316e+02	9.3911375082e-01	9.3920008341e-01
6.3575987260e+02	9.3954645030e-01	9.3980600437e-01
6.3617958204e+02	9.4005462486e-01	9.4040765365e-01
6.3659929148e+02	9.4079730644e-01	9.4100586573e-01
6.3701900092e+02	9.4103060271e-01	9.4160093864e-01
6.3743871036e+02	9.4193194077e-01	9.4219289223e-01
6.3785841980e+02	9.4225004433e-01	9.4278037548e-01
6.3827812925e+02	9.4285874404e-01	9.4336432219e-01
6.3869783869e+02	9.4345977396e-01	9.4394503037e-01
6.3911754813e+02	9.4389700309e-01	9.4452257951e-01
6.3953725757e+02	9.4427856969e-01	9.4509532054e-01
6.3995696701e+02	9.4478416058e-01	9.4566460450e-01
6.4037667645e+02	9.4545590275e-01	9.4623061021e-01
6.4079638589e+02	9.4624495351e-01	9.4679329793e-01
6.4121609533e+02	9.4631611790e-01	9.4735089938e-01
6.4163580478e+02	9.4705075199e-01	9.4790518284e-01
6.4205551422e+02	9.4751796015e-01	9.4845614831e-01
6.4247522366e+02	9.4818610515e-01	9.4900341829e-01
6.4289493310e+02	9.4878652038e-01	9.4954582055e-01
6.4331464254e+02	9.4933349667e-01	9.5008486509e-01
6.4373435198e+02	9.4984731240e-01	9.5062055190e-01
6.4415406142e+02	9.5002878830e-01	9.5115200679e-01
6.4457377086e+02	9.5056864945e-01	9.5167901119e-01
6.4499348031e+02	9.5120550624e-01	9.5220263799e-01
6.4541318975e+02	9.5174477138e-01	9.5272286733e-01
6.4583289919e+02	9.5239926239e-01	9.5323822896e-01
6.4625260863e+02	9.5266579573e-01	9.5374963681e-01
6.4667231807e+02	9.5334363879e-01	9.5425768693e-01
6.4709202751e+02	9.5358096789e-01	9.5476214091e-01
6.4751173695e+02	9.5426090811e-01	9.5526127021e-01
6.4793144639e+02	9.5477710786e-01	9.5575698217e-01
6.4835115583e+02	9.5543690444e-01	9.5624931653e-01
6.4877086528e+02	9.5582597637e-01	9.5673722029e-01
6.4919057472e+02	9.5615294858e-01	9.5722055435e-01
6.4961028416e+02	9.5674954939e-01	9.5770049095e-01
6.5002999360e+02	9.5716860414e-01	9.5817699035e-01
6.5044970304e+02	9.5758330428e-01	9.5864810546e-01
6.5086941248e+02	9.5802324135e-01	9.5911560456e-01
6.5128912192e+02	9.5879339875e-01	9.5957962672e-01
6.5170883136e+02	9.5917066285e-01	9.6003945669e-01
6.5212854081e+02	9.5949614134e-01	9.6049441894e-01
6.5254825025e+02	9.5997020356e-01	9.6094598373e-01
6.5296795969e+02	9.6054584028e-01	9.6139411132e-01
6.5338766913e+02	9.6086607366e-01	9.6183683475e-01
6.5380737857e+02	9.6127462851e-01	9.6227586269e-01
6.5422708801e+02	9.6162710575e-01	9.6271147331e-01
6.5464679745e+02	9.6206362217e-01	9.6314269304e-01
6.5506650689e+02	9.6268102355e-01	9.6356914441e-01
6.5548621634e+02	9.6284921030e-01	9.6399219831e-01
6.5590592578e+02	9.6327875096e-01	9.6441185474e-01
6.5632563522e+02	9.6377421233e-01	9.6482572953e-01
6.5674534466e+02	9.6404223569e-01	9.6523622672e-01
6.5716505410e+02	9.6453041492e-01	9.6564334631e-01
6.5758476354e+02	9.6471303079e-01	9.6604555845e-01
6.5800447298e+02	9.6519531407e-01	9.6644349893e-01
6.5842418242e+02	9.6557812796e-01	9.6683806181e-01
6.5884389186e+02	9.6590371266e-01	9.6722859144e-01
6.5926360131e+02	9.6618490772e-01	9.6761397521e-01
6.5968331075e+02	9.6665335672e-01	9.6799600124e-01
6.6010302019e+02	9.6683692619e-01	9.6837470929e-01
6.6052272963e+02	9.6715667221e-01	9.6874763568e-01
6.6094243907e+02	9.6755969065e-01	9.6911712488e-01
6.6136214851e+02	9.6794029366e-01	9.6948335568e-01
6.6178185795e+02	9.6829503572e-01	9.6984452009e-01
6.6220156739e+02	9.6856714463e-01	9.7020155191e-01
6.6262127684e+02	9.6873438357e-01	9.7055532535e-01
6.6304098628e+02	9.6905753738e-01	9.7090466817e-01
6.6346069572e+02	9.6946311197e-01	9.7124928236e-01
6.6388040516e+02	9.6981970165e-01	9.7159059842e-01
6.6430011460e+02	9.7009122813e-01	9.7192813953e-01
6.6471982404e+02	9.7048131327e-01	9.7226033608e-01
6.6513953348e+02	9.7068876510e-01	9.7258931398e-01
6.6555924292e+02	9.7097294019e-01	9.7291503350e-01
6.6597895237e+02	9.7153038422e-01	9.7323489189e-01
6.6639866181e+02	9.7181169850e-01	9.7355157137e-01
6.6681837125e+02	9.7203457982e-01	9.7386505206e-01
6.6723808069e+02	9.7225641282e-01	9.7417302926e-01
6.6765779013e+02	9.7245741807e-01	9.7447745005e-01
6.6807749957e+02	9.7272722944e-01	9.7477873166e-01
6.6849720901e+02	9.7306222911e-01	9.7507488728e-01
6.6891691845e+02	9.7336178112e-01	9.7536714872e-01
6.6933662789e+02	9.7351903565e-01	9.7565629085e-01
6.6975633734e+02	9.7370498915e-01	9.7594062487e-01
6.7017604678e+02	9.7388275124e-01	9.7622078657e-01
6.7059575622e+02	9.7420572624e-01	9.7649786870e-01
6.7101546566e+02	9.7449811055e-01	9.7677044074e-01
6.7143517510e+02	9.7480564903e-01	9.7703858217e-01
6.7185488454e+02	9.7498865842e-01	9.7730368376e-01
6.7227459398e+02	9.7529476649e-01	9.7756447395e-01
6.7269430342e+02	9.7551663239e-01	9.7782069445e-01
6.7311401287e+02	9.7573870377e-01	9.7807391485e-01
6.7353372231e+02	9.7597335084e-01	9.7832294305e-01
6.7395343175e+02	9.7619289265e-01	9.7856732210e-01
6.7437314119e+02	9.7647295530e-01	9.7880878051e-01
6.7479285063e+02	9.7677850744e-01	9.7904610634e-01
6.7521256007e+02	9.7680055962e-01	9.7927876314e-01
6.7563226951e+02	9.7718996201e-01	9.7950853904e-01
6.7605197895e+02	9.7744910489e-01	9.7973414262e-01
6.7647168840e+02	9.7761953292e-01	9.7995521625e-01
6.7689139784e+02	9.7781985014e-01	9.8017338912e-01
6.7731110728e+02	9.7808939640e-01	9.8038736979e-01
6.7773081672e+02	9.7824858927e-01	9.8059689999e-01
6.7815052616e+02	9.7855079609e-01	9.8080360889e-01
6.7857023560e+02	9.7868650639e-01	9.8100598653e-01
6.7898994504e+02	9.7876645548e-01	9.8120413224e-01
6.7940965448e+02	9.7914080609e-01	9.8139943679e-01
6.7982936392e+02	9.7934878822e-01	9.8159031073e-01
6.8024907337e+02	9.7956752198e-01	9.8177713156e-01
6.8066878281e+02	9.7963817588e-01	9.8196123044e-01
6.8108849225e+02	9.7997640859e-01	9.8214060068e-01
6.8150820169e+02	9.8015219037e-01	9.8231623570e-01
6.8192791113e+02	9.8016387206e-01	9.8248920838e-01
6.8234762057e+02	9.8037066110e-01	9.8265713453e-01
6.8276733001e+02	9.8070746342e-01	9.8282170296e-01
6.8318703945e+02	9.8081892985e-01	9.8298366865e-01
6.8360674890e+02	9.8085772976e-01	9.8314023018e-01
6.8402645834e+02	9.8103965187e-01	9.8329387108e-01
6.8444616778e+02	9.8115921069e-01	9.8344477018e-01
6.8486587722e+02	9.8141698276e-01	9.8359016577e-01
6.8528558666e+02	9.8162204110e-01	9.8373303811e-01
6.8570529610e+02	9.8173265959e-01	9.8387263219e-01
6.8612500554e+02	9.8177540538e-01	9.8400729895e-01
6.8654471498e+02	9.8195420683e-01	9.8413946231e-01
6.8696442443e+02	9.8208618433e-01	9.8426785072e-01
6.8738413387e+02	9.8222874868e-01	9.8439192772e-01
6.8780384331e+02	9.8236000882e-01	9.8451352119e-01
6.8822355275e+02	9.8250012955e-01	9.8463078340e-01
6.8864326219e+02	9.8259986045e-01	9.8474435012e-01
6.8906297163e+02	9.8279773404e-01	9.8485553265e-01
6.8948268107e+02	9.8288673212e-01	9.8496172825e-01
6.8990239051e+02	9.8290055943e-01	9.8506496350e-01
6.9032209995e+02	9.8315883149e-01	9.8516563574e-01
6.9074180940e+02	9.8327093998e-01	9.8526100318e-01
6.9116151884e+02	9.8331314962e-01	9.8535402616e-01
6.9158122828e+02	9.8344802550e-01	9.8544375102e-01
6.9200093772e+02	9.8355412988e-01	9.8552900553e-01
6.9242064716e+02	9.8364972905e-01	9.8561191559e-01
6.9284035660e+02	9.8379863223e-01	9.8569075267e-01
6.9326006604e+02	9.8395466628e-01	9.8576601346e-01
6.9367977548e+02	9.8397368500e-01	9.8583900928e-01
6.9409948493e+02	9.8402148458e-01	9.8590703805e-01
6.9451919437e+02	9.8409356390e-01	9.8597242435e-01
6.9493890381e+02	9.8433727026e-01	9.8603508870e-01
6.9535861325e+02	9.8441886332e-01	9.8609290520e-01
6.9577832269e+02	9.8451828933e-01	9.8614855607e-01
6.9619803213e+02	9.8447519818e-01	9.8620053132e-01
6.9661774157e+02	9.8452144942e-01	9.8624873161e-01
6.9703745101e+02	9.8459320840e-01	9.8629478614e-01
6.9745716046e+02	9.8471814451e-01	9.8633615176e-01
6.9787686990e+02	9.8475140157e-01	9.8637485504e-01
6.9829657934e+02	9.8479175879e-01	9.8641095559e-01
6.9871628878e+02	9.8492878028e-01	9.8644232750e-01
6.9913599822e+02	9.8497551817e-01	9.8647163312e-01
6.9955570766e+02	9.8502397336e-01	9.8649730285e-01
6.9997541710e+02	9.8499238830e-01	9.8651937644e-01
7.0039512654e+02	9.8509209990e-01	9.8653944333e-01
7.0081483598e+02	9.8508155771e-01	9.8655472199e-01
7.0123454543e+02	9.8518860017e-01	9.8656765620e-01
7.0165425487e+02	9.8514372144e-01	9.8657780886e-01
7.0207396431e+02	9.8515111190e-01	9.8658365011e-01
7.0249367375e+02	9.8520422128e-01	9.8658756415e-01
7.0291338319e+02	9.8523288911e-01	9.8658748468e-01
7.0333309263e+02	9.8534506610e-01	9.8658442497e-01
7.0375280207e+02	9.8535406578e-01	9.8657923937e-01
7.0417251151e+02	9.8532700917e-01	9.8656922579e-01
7.0459222096e+02	9.8538762285e-01	9.8655736446e-01
7.0501193040e+02	9.8546182901e-01	9.8654212554e-01
7.0543163984e+02	9.8543119437e-01	9.8652340968e-01
7.0585134928e+02	9.8532886047e-01	9.8650292555e-01
7.0627105872e+02	9.8547238080e-01	9.8647769292e-01
7.0669076816e+02	9.8539144336e-01	9.8645041386e-01
7.0711047760e+02	9.8544543961e-01	9.8642021418e-01
7.0753018704e+02	9.8542297022e-01	9.8638627927e-01
7.0794989649e+02	9.8545604874e-01	9.8635059595e-01
7.0836960593e+02	9.8540961996e-01	9.8631060123e-01
7.0878931537e+02	9.8530822972e-01	9.8626832167e-01
7.0920902481e+02	9.8529863405e-01	9.8622341951e-01
7.0962873425e+02	9.8534738864e-01	9.8617460330e-01
7.1004844369e+02	9.8528951657e-01	9.8612411817e-01
7.1046815313e+02	9.8535847625e-01	9.8606954018e-01
7.1088786257e+02	9.8534643695e-01	9.8601263762e-01
7.1130757201e+02	9.8527586490e-01	9.8595325152e-01
7.1172728146e+02	9.8528373216e-01	9.8588995139e-01
7.1214699090e+02	9.8523175373e-01	9.8582508167e-01
7.1256670034e+02	9.8515272350e-01	9.8575615883e-01
7.1298640978e+02	9.8514914179e-01	9.8568501075e-01
7.1340611922e+02	9.8508125685e-01	9.8561137915e-01
7.1382582866e+02	9.8500626976e-01	9.8553401232e-01
7.1424553810e+02	9.8495102012e-01	9.8545509577e-01
7.1466524754e+02	9.8492729207e-01	9.8537212610e-01
7.1508495699e+02	9.8485165905e-01	9.8528709014e-01
7.1550466643e+02	9.8479997198e-01	9.8519945145e-01
7.1592437587e+02	9.8466175847e-01	9.8510835568e-01
7.1634408531e+02	9.8469006423e-01	9.8501584927e-01
7.1676379475e+02	9.8460763675e-01	9.8491901159e-01
7.1718350419e+02	9.8451275278e-01	9.8482050498e-01
7.1760321363e+02	9.8442763069e-01	9.8471913735e-01
7.1802292307e+02	9.8439967806e-01	9.8461471001e-01
7.1844263252e+02	9.8430770477e-01	9.8450881243e-01
7.1886234196e+02	9.8418808660e-01	9.8439854383e-01
7.1928205140e+02	9.8405784213e-01	9.8428690434e-01
7.1970176084e+02	9.8397511666e-01	9.8417206605e-01
7.2012147028e+02	9.8393064393e-01	9.8405468464e-01
7.2054117972e+02	9.8379082121e-01	9.8393539588e-01
7.2096088916e+02	9.8372828404e-01	9.8381233215e-01
7.2138059860e+02	9.8354441656e-01	9.8368795713e-01
7.2180030804e+02	9.8345261149e-01	9.8355990648e-01
7.2222001749e+02	9.8326808841e-01	9.8342994849e-01
7.2263972693e+02	9.8318612033e-01	9.8329754670e-01
7.2305943637e+02	9.8305547607e-01	9.8316206535e-01
7.2347914581e+02	9.8293911726e-01	9.8302533229e-01
7.2389885525e+02	9.8279404968e-01	9.8288434744e-01
7.2431856469e+02	9.8267327860e-01	9.8274219036e-01
7.2473827413e+02	9.8250717207e-01	9.8259691397e-01
7.2515798357e+02	9.8243307087e-01	9.8244939248e-01
7.2557769302e+02	9.8226583193e-01	9.8229988416e-01
7.2599740246e+02	9.8203825810e-01	9.8214701811e-01
7.2641711190e+02	9.8201638472e-01	9.8199303945e-01
7.2683682134e+02	9.8172539477e-01	9.8183516661e-01
7.2725653078e+02	9.8172599076e-01	9.8167596261e-01
7.2767624022e+02	9.8150588619e-01	9.8151399692e-01
7.2809594966e+02	9.8135918265e-01	9.8134956757e-01
7.2851565910e+02	9.8115886544e-01	9.8118348916e-01
7.2893536855e+02	9.8103630211e-01	9.8101397355e-01
7.2935507799e+02	9.8074479616e-01	9.8084346453e-01
7.2977478743e+02	9.8067676898e-01	9.8066926003e-01
7.3019449687e+02	9.8060489081e-01	9.8049370448e-01
7.3061420631e+02	9.8032527441e-01	9.8031546672e-01
7.3103391575e+02	9.8000790186e-01	9.8013494412e-01
7.3145362519e+02	9.8003857620e-01	9.7995275259e-01
7.3187333463e+02	9.7978896939e-01	9.7976734241e-01
7.3229304407e+02	9.7955589790e-01	9.7958097855e-01
7.3271275352e+02	9.7935105104e-01	9.7939089934e-01
7.3313246296e+02	9.7916572604e-01	9.7919972738e-01
7.3355217240e+02	9.7899389785e-01	9.7900577386e-01
7.3397188184e+02	9.7881953904e-01	9.7880981366e-01
7.3439159128e+02	9.7859830206e-01	9.7861200571e-01
7.3481130072e+02	9.7832470408e-01	9.7841133674e-01
7.3523101016e+02	9.7818291454e-01	9.7820969423e-01
7.3565071960e+02	9.7797249705e-01	9.7800441583e-01
7.3607042905e+02	9.7778862957e-01	9.7779828310e-01
7.3649013849e+02	9.7751002518e-01	9.7758907080e-01
7.3690984793e+02	9.7735196470e-01	9.7737838825e-01
7.3732955737e+02	9.7710173330e-01	9.7716544072e-01
7.3774926681e+02	9.7695595053e-01	9.7695026795e-01
7.3816897625e+02	9.7660168566e-01	9.7673358520e-01
7.3858868569e+02	9.7644811788e-01	9.7651396195e-01
7.3900839513e+02	9.7623641697e-01	9.7629358371e-01
7.3942810458e+02	9.7603422169e-01	9.7606956959e-01
7.3984781402e+02	9.7578753531e-01	9.7584482034e-01
7.4026752346e+02	9.7564923175e-01	9.7561721007e-01
7.4068723290e+02	9.7526159023e-01	9.7538814942e-01
7.4110694234e+02	9.7499042229e-01	9.7515694300e-01
7.4152665178e+02	9.7474117309e-01	9.7492359082e-01
7.4194636122e+02	9.7450440561e-01	9.7468880812e-01
7.4236607066e+02	9.7429264511e-01	9.7445126375e-01
7.4278578010e+02	9.7413682039e-01	9.7421296438e-01
7.4320548955e+02	9.7385753254e-01	9.7397124767e-01
7.4362519899e+02	9.7345190781e-01	9.7372889519e-01
7.4404490843e+02	9.7333050163e-01	9.7348360221e-01
7.4446461787e+02	9.7292678641e-01	9.7323717674e-01
7.4488432731e+02	9.7271830394e-01	9.7298840682e-01
7.4530403675e+02	9.7243665285e-01	9.7273794810e-01
7.4572374619e+02	9.7215933182e-01	9.7248576085e-01
7.4614345563e+02	9.7195349330e-01	9.7223128875e-01
7.4656316508e+02	9.7162634626e-01	9.7197574377e-01
7.4698287452e+02	9.7134999191e-01	9.7171733777e-01
7.4740258396e+02	9.7098148214e-01	9.7145837545e-01
7.4782229340e+02	9.7073124392e-01	9.7119607528e-01
7.4824200284e+02	9.7051268897e-01	9.7093325853e-01
7.4866171228e+02	9.7027638474e-01	9.7066762050e-01
7.4908142172e+02	9.6985036086e-01	9.7040096919e-01
7.4950113116e+02	9.6960218447e-01	9.7013205290e-01
7.4992084061e+02	9.6937334340e-01	9.6986162663e-01
7.5034055005e+02	9.6911342570e-01	9.6958941221e-01
7.5076025949e+02	9.6876603018e-01	9.6931523085e-01
7.5117996893e+02	9.6850509928e-01	9.6903979778e-01
7.5159967837e+02	9.6820741469e-01	9.6876190106e-01
7.5201938781e+02	9.6798438970e-01	9.6848320961e-01
7.5243909725e+02	9.6751540455e-01	9.6820167700e-01
7.5285880669e+02	9.6733523230e-01	9.6791972717e-01
7.5327851613e+02	9.6711872900e-01	9.6763463815e-01
7.5369822558e+02	9.6675296086e-01	9.6734907230e-01
7.5411793502e+02	9.6652077098e-01	9.6706082424e-01
7.5453764446e+02	9.6609516395e-01	9.6677170197e-01
7.5495735390e+02	9.6592651433e-01	9.6648033460e-01
7.5537706334e+02	9.6559859249e-01	9.6618765593e-01
7.5579677278e+02	9.6521328869e-01	9.6589316924e-01
7.5621648222e+02	9.6499956137e-01	9.6559703350e-01
7.5663619166e+02	9.6467339003e-01	9.6529940764e-01
7.5705590111e+02	9.6448642331e-01	9.6499983470e-01
7.5747561055e+02	9.6418122208e-01	9.6469914913e-01
7.5789531999e+02	9.6380103062e-01	9.6439613899e-01
7.5831502943e+02	9.6358291565e-01	9.6409237385e-01
7.5873473887e+02	9.6331381948e-01	9.6378600597e-01
7.5915444831e+02	9.6306625457e-01	9.6347918113e-01
7.5957415775e+02	9.6270436046e-01	9.6316943566e-01
7.5999386719e+02	9.6236088289e-01	9.6285943190e-01
7.6041357664e+02	9.6216338691e-01	9.6254656712e-01
7.6083328608e+02	9.6184655076e-01	9.6223322550e-01
7.6125299552e+02	9.6150654399e-01	9.6191738049e-01
7.6167270496e+02	9.6137113170e-01	9.6160078049e-01
7.6209241440e+02	9.6103232598e-01	9.6128193537e-01
7.6251212384e+02	9.6073915122e-01	9.6096209685e-01
7.6293183328e+02	9.6049588296e-01	9.6064027150e-01
7.6335154272e+02	9.6022213795e-01	9.6031719446e-01
7.6377125216e+02	9.5998191233e-01	9.5999242862e-01
7.6419096161e+02	9.5977104584e-01	9.5966619253e-01
7.6461067105e+02	9.5938288196e-01	9.5933846633e-01
7.6503038049e+02	9.5909858768e-01	9.5900907119e-01
7.6545008993e+02	9.5878516838e-01	9.5867842436e-01
7.6586979937e+02	9.5858651998e-01	9.5834589005e-01
7.6628950881e+02	9.5807450596e-01	9.5801232258e-01
7.6670921825e+02	9.5798343643e-01	9.5767666896e-01
7.6712892769e+02	9.5753137658e-01	9.5734018087e-01
7.6754863714e+02	9.5721835486e-01	9.5700146755e-01
7.6796834658e+02	9.5688508389e-01	9.5666207870e-01
7.6838805602e+02	9.5661163688e-01	9.5632028580e-01
7.6880776546e+02	9.5625297700e-01	9.5597803593e-01
7.6922747490e+02	9.5601028385e-01	9.5563320319e-01
7.6964718434e+02	9.5563725954e-01	9.5528803269e-01
7.7006689378e+02	9.5539307637e-01	9.5494019985e-01
7.7048660322e+02	9.5495489399e-01	9.5459218820e-01
7.7090631267e+02	9.5463341330e-01	9.5424135526e-01
7.7132602211e+02	9.5425769185e-01	9.5389038324e-01
7.7174573155e+02	9.5387875750e-01	9.5353662968e-01
7.7216544099e+02	9.5358099349e-01	9.5318271716e-01
7.7258515043e+02	9.5327400415e-01	9.5282614231e-01
7.7300485987e+02	9.5278426702e-01	9.5246926943e-01
7.7342456931e+02	9.5258104044e-01	9.5210983356e-01
7.7384427875e+02	9.5221831191e-01	9.5175005992e-01
7.7426398819e+02	9.5188408101e-01	9.5138780276e-01
7.7468369764e+02	9.5151151841e-01	9.5102510850e-01
7.7510340708e+02	9.5116893876e-01	9.5066001018e-01
7.7552311652e+02	9.5068462526e-01	9.5029445489e-01
7.7594282596e+02	9.5037375630e-01	9.4992655516e-01
7.7636253540e+02	9.5004345044e-01	9.4955807924e-01
7.7678224484e+02	9.4966523682e-01	9.4918739796e-01
7.7720195428e+02	9.4939971669e-01	9.4881610076e-01
7.7762166372e+02	9.4895420616e-01	9.4844255845e-01
7.7804137317e+02	9.4857979595e-01	9.4806843996e-01
7.7846108261e+02	9.4815967666e-01	9.4769209623e-01
7.7888079205e+02	9.4783157602e-01	9.4731517633e-01
7.7930050149e+02	9.4734399003e-01	9.4693605105e-01
7.7972021093e+02	9.4709503883e-01	9.4655630986e-01
7.8013992037e+02	9.4670883755e-01	9.4617440303e-01
7.8055962981e+02	9.4639980906e-01	9.4579192003e-01
7.8097933925e+02	9.4609214982e-01	9.4540719191e-01
7.8139904870e+02	9.4555610408e-01	9.4502192736e-01
7.8181875814e+02	9.4550848330e-01	9.4463445743e-01
7.8223846758e+02	9.4500040712e-01	9.4424643119e-01
7.8265817702e+02	9.4461395759e-01	9.4385617971e-01
7.8307788646e+02	9.4424175655e-01	9.4346547127e-01
7.8349759590e+02	9.4382151357e-01	9.4307245811e-01
7.8391730534e+02	9.4361042207e-01	9.4267900785e-01
7.8433701478e+02	9.4320597321e-01	9.4228323301e-01
7.8475672422e+02	9.4277941226e-01	9.4188712041e-01
7.8517643367e+02	9.4239212833e-01	9.4148858388e-01
7.8559614311e+02	9.4196104152e-01	9.4108980894e-01
7.8601585255e+02	9.4168068086e-01	9.4068855047e-01
7.8643556199e+02	9.4126158100e-01	9.4028713306e-01
7.8685527143e+02	9.4102466908e-01	9.3988315264e-01
7.8727498087e+02	9.4040315110e-01	9.3947909276e-01
7.8769469031e+02	9.4010735392e-01	9.3907241027e-01
7.8811439975e+02	9.3972818663e-01	9.3866570791e-01
7.8853410920e+02	9.3943650187e-01	9.3825634321e-01
7.8895381864e+02	9.3905399919e-01	9.3784695864e-01
7.8937352808e+02	9.3880671680e-01	9.3743503094e-01
7.8979323752e+02	9.3817178004e-01	9.3702294429e-01
7.9021294696e+02	9.3776429155e-01	9.3660851320e-01
7.9063265640e+02	9.3735286099e-01	9.3619372447e-01
7.9105236584e+02	9.3681294024e-01	9.3577678998e-01
7.9147207528e+02	9.3655100984e-01	9.3535933892e-01
7.9189178473e+02	9.3619942658e-01	9.3493990103e-01
7.9231149417e+02	9.3569389531e-01	9.3451984723e-01
7.9273120361e+02	9.3539172159e-01	9.3409796556e-01
7.9315091305e+02	9.3495699568e-01	9.3367526929e-01
7.9357062249e+02	9.3456386809e-01	9.3325098356e-01
7.9399033193e+02	9.3394348669e-01	9.3282570442e-01
7.9441004137e+02	9.3358730427e-01	9.3239901463e-01
7.9482975081e+02	9.3309536191e-01	9.3197117249e-01
7.9524946025e+02	9.3279843841e-01	9.3154213826e-01
7.9566916970e+02	9.3250001882e-01	9.3111177286e-01
7.9608887914e+02	9.3201462982e-01	9.3068039417e-01
7.9650858858e+02	9.3151106535e-01	9.3024752537e-01
7.9692829802e+02	9.3080269249e-01	9.2981390158e-01
7.9734800746e+02	9.3049771684e-01	9.2937854926e-01
7.9776771690e+02	9.2976007434e-01	9.2894270023e-01
7.9818742634e+02	9.2915393744e-01	9.2850492398e-01
7.9860713578e+02	9.2868897015e-01	9.2806684971e-01
7.9902684523e+02	9.2796667193e-01	9.2762666941e-01
7.9944655467e+02	9.2715638876e-01	9.2718650897e-01
