# lambda  Re(T_ZminTE(0,0),ZmaxTE(0,0))    Im(T_ZminTE(0,0),ZmaxTE(0,0)), 
3.797371134666668127e+02	8.973465434290759379e-01	0.000000000000000000e+00
3.801568229078667969e+02	8.923005329122039031e-01	0.000000000000000000e+00
3.805765323490668379e+02	8.870843166944503144e-01	0.000000000000000000e+00
3.809962417902668221e+02	8.817339479033848848e-01	0.000000000000000000e+00
3.814159512314668063e+02	8.762834068754055128e-01	0.000000000000000000e+00
3.818356606726667906e+02	8.707645088406714695e-01	0.000000000000000000e+00
3.822553701138668316e+02	8.652068508292752869e-01	0.000000000000000000e+00
3.826750795550668158e+02	8.596377932949458289e-01	0.000000000000000000e+00
3.830947889962668000e+02	8.540824718671321536e-01	0.000000000000000000e+00
3.835144984374667843e+02	8.485638347036660312e-01	0.000000000000000000e+00
3.839342078786668253e+02	8.431027010936799071e-01	0.000000000000000000e+00
3.843539173198668095e+02	8.377178372248127447e-01	0.000000000000000000e+00
3.847736267610667937e+02	8.324260453539531479e-01	0.000000000000000000e+00
3.851933362022668348e+02	8.272422629839393249e-01	0.000000000000000000e+00
3.856130456434668190e+02	8.221804516507865701e-01	0.000000000000000000e+00
3.860327550846668032e+02	8.172519906986271954e-01	0.000000000000000000e+00
3.864524645258667874e+02	8.124662472876446051e-01	0.000000000000000000e+00
3.868721739670668285e+02	8.078317361538792651e-01	0.000000000000000000e+00
3.872918834082668127e+02	8.033556712024919610e-01	0.000000000000000000e+00
3.877115928494667969e+02	7.990440733551151808e-01	0.000000000000000000e+00
3.881313022906667811e+02	7.949018747490869119e-01	0.000000000000000000e+00
3.885510117318668222e+02	7.909330185527312373e-01	0.000000000000000000e+00
3.889707211730668064e+02	7.871405538622425757e-01	0.000000000000000000e+00
3.893904306142667906e+02	7.835267253182539582e-01	0.000000000000000000e+00
3.898101400554668317e+02	7.800930572254869411e-01	0.000000000000000000e+00
3.902298494966668159e+02	7.768404320792314799e-01	0.000000000000000000e+00
3.906495589378668001e+02	7.737691635008736579e-01	0.000000000000000000e+00
3.910692683790667843e+02	7.708790636629565540e-01	0.000000000000000000e+00
3.914889778202668253e+02	7.681695053458019729e-01	0.000000000000000000e+00
3.919086872614668096e+02	7.656394788141269725e-01	0.000000000000000000e+00
3.923283967026667938e+02	7.632876437360197608e-01	0.000000000000000000e+00
3.927481061438668348e+02	7.611123763899382277e-01	0.000000000000000000e+00
3.931678155850668190e+02	7.591118124201384765e-01	0.000000000000000000e+00
3.935875250262668033e+02	7.572838854081677118e-01	0.000000000000000000e+00
3.940072344674667875e+02	7.556269549581808853e-01	0.000000000000000000e+00
3.944269439086668285e+02	7.541394830681025230e-01	0.000000000000000000e+00
3.948466533498668127e+02	7.528176966477780896e-01	0.000000000000000000e+00
3.952663627910667969e+02	7.516590220977976688e-01	0.000000000000000000e+00
3.956860722322667812e+02	7.506608236147757074e-01	0.000000000000000000e+00
3.961057816734668222e+02	7.498204221699604766e-01	0.000000000000000000e+00
3.965254911146668064e+02	7.491351120129441377e-01	0.000000000000000000e+00
3.969452005558667906e+02	7.486021749061063657e-01	0.000000000000000000e+00
3.973649099970668317e+02	7.482188922819572596e-01	0.000000000000000000e+00
3.977846194382668159e+02	7.479825555024610662e-01	0.000000000000000000e+00
3.982043288794668001e+02	7.478904743865889548e-01	0.000000000000000000e+00
3.986240383206667843e+02	7.479399841601985788e-01	0.000000000000000000e+00
3.990437477618668254e+02	7.481284509707402108e-01	0.000000000000000000e+00
3.994634572030668096e+02	7.484532760984697886e-01	0.000000000000000000e+00
3.998831666442667938e+02	7.489133007872261771e-01	0.000000000000000000e+00
4.003028760854667780e+02	7.495069015119343314e-01	0.000000000000000000e+00
4.007225855266668191e+02	7.502293260416245113e-01	0.000000000000000000e+00
4.011422949678668033e+02	7.510781309663753236e-01	0.000000000000000000e+00
4.015620044090667875e+02	7.520509134295104703e-01	0.000000000000000000e+00
4.019817138502668286e+02	7.531453096105853451e-01	0.000000000000000000e+00
4.024014232914668128e+02	7.543589925788420913e-01	0.000000000000000000e+00
4.028211327326667970e+02	7.556896695886790027e-01	0.000000000000000000e+00
4.032408421738667812e+02	7.571350788839146251e-01	0.000000000000000000e+00
4.036605516150668223e+02	7.586965580864288849e-01	0.000000000000000000e+00
4.040802610562668065e+02	7.603690471391202355e-01	0.000000000000000000e+00
4.044999704974667907e+02	7.621496000471247312e-01	0.000000000000000000e+00
4.049196799386668317e+02	7.640360302258986103e-01	0.000000000000000000e+00
4.053393893798668159e+02	7.660261594130038931e-01	0.000000000000000000e+00
4.057590988210668002e+02	7.681178125195825546e-01	0.000000000000000000e+00
4.061788082622667844e+02	7.703088863139470055e-01	0.000000000000000000e+00
4.065985177034668254e+02	7.726016294149671282e-01	0.000000000000000000e+00
4.070182271446668096e+02	7.749892485602386527e-01	0.000000000000000000e+00
4.074379365858667938e+02	7.774695114282206276e-01	0.000000000000000000e+00
4.078576460270667781e+02	7.800401597989017333e-01	0.000000000000000000e+00
4.082773554682668191e+02	7.826989041117171642e-01	0.000000000000000000e+00
4.086970649094668033e+02	7.854441841318573481e-01	0.000000000000000000e+00
4.091167743506667875e+02	7.882766439443206208e-01	0.000000000000000000e+00
4.095364837918668286e+02	7.911899052338019489e-01	0.000000000000000000e+00
4.099561932330668128e+02	7.941814723660768349e-01	0.000000000000000000e+00
4.103759026742667970e+02	7.972487903037416279e-01	0.000000000000000000e+00
4.107956121154667812e+02	8.003892401873687890e-01	0.000000000000000000e+00
4.112153215566668223e+02	8.036041904368410593e-01	0.000000000000000000e+00
4.116350309978668065e+02	8.068867632719856076e-01	0.000000000000000000e+00
4.120547404390667907e+02	8.102338427497934870e-01	0.000000000000000000e+00
4.124744498802667749e+02	8.136424704290149412e-01	0.000000000000000000e+00
4.128941593214668160e+02	8.171103085652271503e-01	0.000000000000000000e+00
4.133138687626668002e+02	8.206364183538494839e-01	0.000000000000000000e+00
4.137335782038667844e+02	8.242142050285325983e-01	0.000000000000000000e+00
4.141532876450668255e+02	8.278402958116521937e-01	0.000000000000000000e+00
4.145729970862668097e+02	8.315112188913591496e-01	0.000000000000000000e+00
4.149927065274667939e+02	8.352255879368768454e-01	0.000000000000000000e+00
4.154124159686667781e+02	8.389776279756867572e-01	0.000000000000000000e+00
4.158321254098668192e+02	8.427627605314235160e-01	0.000000000000000000e+00
4.162518348510668034e+02	8.465770178282659986e-01	0.000000000000000000e+00
4.166715442922667876e+02	8.504173694452135113e-01	0.000000000000000000e+00
4.170912537334668286e+02	8.542784581480652450e-01	0.000000000000000000e+00
4.175109631746668128e+02	8.581551007399261799e-01	0.000000000000000000e+00
4.179306726158667971e+02	8.620427224783551168e-01	0.000000000000000000e+00
4.183503820570667813e+02	8.659365909876914902e-01	0.000000000000000000e+00
4.187700914982668223e+02	8.698307988058758822e-01	0.000000000000000000e+00
4.191898009394668065e+02	8.737199629640622911e-01	0.000000000000000000e+00
4.196095103806667908e+02	8.775985839567147506e-01	0.000000000000000000e+00
4.200292198218668318e+02	8.814585807421594366e-01	0.000000000000000000e+00
4.204489292630668160e+02	8.852945735366732904e-01	0.000000000000000000e+00
4.208686387042668002e+02	8.890998507442016141e-01	0.000000000000000000e+00
4.212883481454667844e+02	8.928649323547795946e-01	0.000000000000000000e+00
4.217080575866667687e+02	8.965799411814856512e-01	0.000000000000000000e+00
4.221277670278668097e+02	9.002378771742428620e-01	0.000000000000000000e+00
4.225474764690667939e+02	9.038282228755074588e-01	0.000000000000000000e+00
4.229671859102667781e+02	9.073303974760092983e-01	0.000000000000000000e+00
4.233868953514668192e+02	9.107375034535738489e-01	0.000000000000000000e+00
4.238066047926668034e+02	9.140344192651339572e-01	0.000000000000000000e+00
4.242263142338667876e+02	9.171903062117665595e-01	0.000000000000000000e+00
4.246460236750667718e+02	9.201895538607245406e-01	0.000000000000000000e+00
4.250657331162668129e+02	9.230123444135034383e-01	0.000000000000000000e+00
4.254854425574667971e+02	9.256162282646233086e-01	0.000000000000000000e+00
4.259051519986667813e+02	9.279739263667471372e-01	0.000000000000000000e+00
4.263248614398668224e+02	9.300678983413773748e-01	0.000000000000000000e+00
4.267445708810668066e+02	9.318526218505686076e-01	0.000000000000000000e+00
4.271642803222667908e+02	9.333114800793211874e-01	0.000000000000000000e+00
4.275839897634667750e+02	9.344582145489889191e-01	0.000000000000000000e+00
4.280036992046668161e+02	9.352857805056508100e-01	0.000000000000000000e+00
4.284234086458668003e+02	9.358436539891548112e-01	0.000000000000000000e+00
4.288431180870667845e+02	9.362050020836181208e-01	0.000000000000000000e+00
4.292628275282668255e+02	9.364352340941982655e-01	0.000000000000000000e+00
4.296825369694668098e+02	9.366290111659503204e-01	0.000000000000000000e+00
4.301022464106667940e+02	9.368534307688946017e-01	0.000000000000000000e+00
4.305219558518667782e+02	9.371695113440124958e-01	0.000000000000000000e+00
4.309416652930668192e+02	9.375936450060990968e-01	0.000000000000000000e+00
4.313613747342668034e+02	9.381243428482451963e-01	0.000000000000000000e+00
4.317810841754667877e+02	9.387500569200575296e-01	0.000000000000000000e+00
4.322007936166667719e+02	9.394278832419791225e-01	0.000000000000000000e+00
4.326205030578668129e+02	9.401255128032658392e-01	0.000000000000000000e+00
4.330402124990667971e+02	9.408028537451825768e-01	0.000000000000000000e+00
4.334599219402667813e+02	9.414311517126704443e-01	0.000000000000000000e+00
4.338796313814667656e+02	9.419738017556913423e-01	0.000000000000000000e+00
4.342993408226668066e+02	9.424144420844635661e-01	0.000000000000000000e+00
4.347190502638667908e+02	9.427363311390920542e-01	0.000000000000000000e+00
4.351387597050667750e+02	9.429142871147593308e-01	0.000000000000000000e+00
4.355584691462668161e+02	9.429550594006050890e-01	0.000000000000000000e+00
4.359781785874668003e+02	9.428352566163621384e-01	0.000000000000000000e+00
4.363978880286667845e+02	9.425601650789146024e-01	0.000000000000000000e+00
4.368175974698667687e+02	9.421284291470031214e-01	0.000000000000000000e+00
4.372373069110668098e+02	9.415248649670385772e-01	0.000000000000000000e+00
4.376570163522667940e+02	9.407691659571929543e-01	0.000000000000000000e+00
4.380767257934667782e+02	9.398399344587252680e-01	0.000000000000000000e+00
4.384964352346668193e+02	9.387550527143558865e-01	0.000000000000000000e+00
4.389161446758668035e+02	9.375094027347784520e-01	0.000000000000000000e+00
4.393358541170667877e+02	9.361009330305575249e-01	0.000000000000000000e+00
4.397555635582667719e+02	9.345448483538506546e-01	0.000000000000000000e+00
4.401752729994668130e+02	9.328207893733405642e-01	0.000000000000000000e+00
4.405949824406667972e+02	9.309557793395458747e-01	0.000000000000000000e+00
4.410146918818667814e+02	9.289312281762990287e-01	0.000000000000000000e+00
4.414344013230668224e+02	9.267642561048969885e-01	0.000000000000000000e+00
4.418541107642668067e+02	9.244495554226886957e-01	0.000000000000000000e+00
4.422738202054667909e+02	9.219895758982670220e-01	0.000000000000000000e+00
4.426935296466667751e+02	9.193923449543738302e-01	0.000000000000000000e+00
4.431132390878668161e+02	9.166474469960100846e-01	0.000000000000000000e+00
4.435329485290668003e+02	9.137742683051197634e-01	0.000000000000000000e+00
4.439526579702667846e+02	9.107511314675411640e-01	0.000000000000000000e+00
4.443723674114668256e+02	9.076040152253967985e-01	0.000000000000000000e+00
4.447920768526668098e+02	9.043104508399573138e-01	0.000000000000000000e+00
4.452117862938667940e+02	9.008915294433957888e-01	0.000000000000000000e+00
4.456314957350667783e+02	8.973308303754113924e-01	0.000000000000000000e+00
4.460512051762667625e+02	8.936412155432045257e-01	0.000000000000000000e+00
4.464709146174668035e+02	8.898123546990228672e-01	0.000000000000000000e+00
4.468906240586667877e+02	8.858500933655457654e-01	0.000000000000000000e+00
4.473103334998667719e+02	8.817488211217101579e-01	0.000000000000000000e+00
4.477300429410668130e+02	8.775084320329062937e-01	0.000000000000000000e+00
4.481497523822667972e+02	8.731267856157036711e-01	0.000000000000000000e+00
4.485694618234667814e+02	8.685987985776491005e-01	0.000000000000000000e+00
4.489891712646667656e+02	8.639246031696101724e-01	0.000000000000000000e+00
4.494088807058668067e+02	8.590951048697409442e-01	0.000000000000000000e+00
4.498285901470667909e+02	8.541114713000129699e-01	0.000000000000000000e+00
4.502482995882667751e+02	8.489616657596803506e-01	0.000000000000000000e+00
4.506680090294668162e+02	8.436464944551657075e-01	0.000000000000000000e+00
4.510877184706668004e+02	8.381522916651189536e-01	0.000000000000000000e+00
4.515074279118667846e+02	8.324777993439238521e-01	0.000000000000000000e+00
4.519271373530667688e+02	8.266094530813750119e-01	0.000000000000000000e+00
4.523468467942668099e+02	8.205417482491895731e-01	0.000000000000000000e+00
4.527665562354667941e+02	8.142635740173433945e-01	0.000000000000000000e+00
4.531862656766667783e+02	8.077623205225862302e-01	0.000000000000000000e+00
4.536059751178668193e+02	8.010325374343548743e-01	0.000000000000000000e+00
4.540256845590668036e+02	7.940507629937555434e-01	0.000000000000000000e+00
4.544453940002667878e+02	7.868215194720808991e-01	0.000000000000000000e+00
4.548651034414667720e+02	7.793056488981987551e-01	0.000000000000000000e+00
4.552848128826667562e+02	7.715233111026644774e-01	0.000000000000000000e+00
4.557045223238667973e+02	7.634135322313109207e-01	0.000000000000000000e+00
4.561242317650667815e+02	7.550178355557657373e-01	0.000000000000000000e+00
4.565439412062668225e+02	7.462504386611034102e-01	0.000000000000000000e+00
4.569636506474668067e+02	7.371647476667251286e-01	0.000000000000000000e+00
4.573833600886667909e+02	7.276844910605000383e-01	0.000000000000000000e+00
4.578030695298667752e+02	7.178385703534954088e-01	0.000000000000000000e+00
4.582227789710667594e+02	7.075800191065561018e-01	0.000000000000000000e+00
4.586424884122668004e+02	6.969034995837469770e-01	0.000000000000000000e+00
4.590621978534667846e+02	6.858035347588122832e-01	0.000000000000000000e+00
4.594819072946667688e+02	6.742299593688672044e-01	0.000000000000000000e+00
4.599016167358668099e+02	6.622319497309180347e-01	0.000000000000000000e+00
4.603213261770667941e+02	6.497042575558505950e-01	0.000000000000000000e+00
4.607410356182667783e+02	6.367344591064904025e-01	0.000000000000000000e+00
4.611607450594667625e+02	6.232409581282860600e-01	0.000000000000000000e+00
4.615804545006668036e+02	6.092656139526577697e-01	0.000000000000000000e+00
4.620001639418667878e+02	5.947980122549038073e-01	0.000000000000000000e+00
4.624198733830667720e+02	5.798167215014268239e-01	0.000000000000000000e+00
4.628395828242668131e+02	5.643940324707241718e-01	0.000000000000000000e+00
4.632592922654667973e+02	5.484475224430120921e-01	0.000000000000000000e+00
4.636790017066667815e+02	5.320939683009281440e-01	0.000000000000000000e+00
4.640987111478667657e+02	5.153101878794396074e-01	0.000000000000000000e+00
4.645184205890668068e+02	4.981472603972667001e-01	0.000000000000000000e+00
4.649381300302667910e+02	4.806701507587576860e-01	0.000000000000000000e+00
4.653578394714667752e+02	4.628897618792245927e-01	0.000000000000000000e+00
4.657775489126668162e+02	4.449160414864647417e-01	0.000000000000000000e+00
4.661972583538668005e+02	4.267997350106012555e-01	0.000000000000000000e+00
4.666169677950667847e+02	4.086327303926818866e-01	0.000000000000000000e+00
4.670366772362667689e+02	3.905023010991005017e-01	0.000000000000000000e+00
4.674563866774667531e+02	3.725247386552557050e-01	0.000000000000000000e+00
4.678760961186667942e+02	3.547679573220761662e-01	0.000000000000000000e+00
4.682958055598667784e+02	3.373524860864720587e-01	0.000000000000000000e+00
4.687155150010668194e+02	3.203638047628374896e-01	0.000000000000000000e+00
4.691352244422668036e+02	3.038423182846004544e-01	0.000000000000000000e+00
4.695549338834667878e+02	2.880021969452543629e-01	0.000000000000000000e+00
4.699746433246667721e+02	2.728751448583980888e-01	0.000000000000000000e+00
4.703943527658667563e+02	2.586564565696642948e-01	0.000000000000000000e+00
4.708140622070667973e+02	2.456643498310289719e-01	0.000000000000000000e+00
4.712337716482667815e+02	2.339461230196444308e-01	0.000000000000000000e+00
4.716534810894667658e+02	2.238901504028379119e-01	0.000000000000000000e+00
4.720731905306668068e+02	2.157010949370054276e-01	0.000000000000000000e+00
4.724928999718667910e+02	2.094217082535679009e-01	0.000000000000000000e+00
4.729126094130667752e+02	2.056059195703901776e-01	0.000000000000000000e+00
4.733323188542667594e+02	2.041860511385804600e-01	0.000000000000000000e+00
4.737520282954668005e+02	2.052105485495682446e-01	0.000000000000000000e+00
4.741717377366667847e+02	2.093269873873942477e-01	0.000000000000000000e+00
4.745914471778667689e+02	2.160922643132296705e-01	0.000000000000000000e+00
4.750111566190668100e+02	2.255751132489741684e-01	0.000000000000000000e+00
4.754308660602667942e+02	2.381140423078944024e-01	0.000000000000000000e+00
4.758505755014667784e+02	2.531100740289026207e-01	0.000000000000000000e+00
4.762702849426667626e+02	2.704650664675837257e-01	0.000000000000000000e+00
4.766899943838667468e+02	2.901333033237969428e-01	0.000000000000000000e+00
4.771097038250667879e+02	3.114659761380572101e-01	0.000000000000000000e+00
4.775294132662667721e+02	3.341869600467364254e-01	0.000000000000000000e+00
4.779491227074668132e+02	3.580044720395453850e-01	0.000000000000000000e+00
4.783688321486667974e+02	3.823941487928892435e-01	0.000000000000000000e+00
4.787885415898667816e+02	4.070410988863274460e-01	0.000000000000000000e+00
4.792082510310667658e+02	4.316027046061339245e-01	0.000000000000000000e+00
4.796279604722667500e+02	4.558145399815016208e-01	0.000000000000000000e+00
4.800476699134667911e+02	4.794700583087349588e-01	0.000000000000000000e+00
4.804673793546667753e+02	5.022647990019507569e-01	0.000000000000000000e+00
4.808870887958667595e+02	5.242033240479881950e-01	0.000000000000000000e+00
4.813067982370668005e+02	5.452122609798361053e-01	0.000000000000000000e+00
4.817265076782667848e+02	5.650816514604439789e-01	0.000000000000000000e+00
4.821462171194667690e+02	5.839332456510514247e-01	0.000000000000000000e+00
4.825659265606667532e+02	6.017980145482074716e-01	0.000000000000000000e+00
4.829856360018667942e+02	6.185899179513588697e-01	0.000000000000000000e+00
4.834053454430667784e+02	6.343884858638898505e-01	0.000000000000000000e+00
4.838250548842667627e+02	6.493054187540439059e-01	0.000000000000000000e+00
4.842447643254668037e+02	6.633468818760698271e-01	0.000000000000000000e+00
4.846644737666667879e+02	6.764999778274243258e-01	0.000000000000000000e+00
4.850841832078667721e+02	6.889243923571631845e-01	0.000000000000000000e+00
4.855038926490667563e+02	7.006659682468441286e-01	0.000000000000000000e+00
4.859236020902667974e+02	7.116786986306654628e-01	0.000000000000000000e+00
4.863433115314667816e+02	7.220880384998191737e-01	0.000000000000000000e+00
4.867630209726667658e+02	7.319520179894452028e-01	0.000000000000000000e+00
4.871827304138668069e+02	7.412807519904741627e-01	0.000000000000000000e+00
4.876024398550667911e+02	7.500808583291626030e-01	0.000000000000000000e+00
4.880221492962667753e+02	7.584444476899699916e-01	0.000000000000000000e+00
4.884418587374667595e+02	7.663987878696262301e-01	0.000000000000000000e+00
4.888615681786667437e+02	7.739258021730192061e-01	0.000000000000000000e+00
4.892812776198667848e+02	7.810762675507540997e-01	0.000000000000000000e+00
4.897009870610667690e+02	7.878916072456322306e-01	0.000000000000000000e+00
4.901206965022668101e+02	7.943899653370595226e-01	0.000000000000000000e+00
4.905404059434667943e+02	8.005414403960953162e-01	0.000000000000000000e+00
4.909601153846667785e+02	8.064086152412984765e-01	0.000000000000000000e+00
4.913798248258667627e+02	8.120074713860446769e-01	0.000000000000000000e+00
4.917995342670667469e+02	8.173461717669784354e-01	0.000000000000000000e+00
4.922192437082667880e+02	8.224031947975137813e-01	0.000000000000000000e+00
4.926389531494667722e+02	8.272269974062470554e-01	0.000000000000000000e+00
4.930586625906667564e+02	8.318261505632190689e-01	0.000000000000000000e+00
4.934783720318667974e+02	8.362047758329766989e-01	0.000000000000000000e+00
4.938980814730667817e+02	8.403439569477083593e-01	0.000000000000000000e+00
4.943177909142667659e+02	8.442817362831743777e-01	0.000000000000000000e+00
4.947375003554667501e+02	8.480238813100787754e-01	0.000000000000000000e+00
4.951572097966667911e+02	8.515756929007484155e-01	0.000000000000000000e+00
4.955769192378667753e+02	8.549134332093212274e-01	0.000000000000000000e+00
4.959966286790667596e+02	8.580710159624141964e-01	0.000000000000000000e+00
4.964163381202668006e+02	8.610530215094845952e-01	0.000000000000000000e+00
4.968360475614667848e+02	8.638632500491760791e-01	0.000000000000000000e+00
4.972557570026667690e+02	8.664870745708359578e-01	0.000000000000000000e+00
4.976754664438667533e+02	8.689391862862544391e-01	0.000000000000000000e+00
4.980951758850667943e+02	8.712304866890699939e-01	0.000000000000000000e+00
4.985148853262667785e+02	8.733639133871266003e-01	0.000000000000000000e+00
4.989345947674667627e+02	8.753364283692424141e-01	0.000000000000000000e+00
4.993543042086668038e+02	8.771396717489780004e-01	0.000000000000000000e+00
4.997740136498667880e+02	8.787938783550482968e-01	0.000000000000000000e+00
5.001937230910667722e+02	8.803015175047147478e-01	0.000000000000000000e+00
5.006134325322667564e+02	8.816649893605645882e-01	0.000000000000000000e+00
5.010331419734667406e+02	8.828741342575734397e-01	0.000000000000000000e+00
5.014528514146667817e+02	8.839361751682471846e-01	0.000000000000000000e+00
5.018725608558667659e+02	8.848616010344106941e-01	0.000000000000000000e+00
5.022922702970668070e+02	8.856526178764898560e-01	0.000000000000000000e+00
5.027119797382667912e+02	8.863114074106921425e-01	0.000000000000000000e+00
5.031316891794667754e+02	8.868265539931361463e-01	0.000000000000000000e+00
5.035513986206667596e+02	8.872096447702043642e-01	0.000000000000000000e+00
5.039711080618667438e+02	8.874675895849130081e-01	0.000000000000000000e+00
5.043908175030667849e+02	8.876025260773796610e-01	0.000000000000000000e+00
5.048105269442667691e+02	8.876165975081409254e-01	0.000000000000000000e+00
5.052302363854667533e+02	8.875018329107806636e-01	0.000000000000000000e+00
5.056499458266667943e+02	8.872651391995539649e-01	0.000000000000000000e+00
5.060696552678667786e+02	8.869147514958777290e-01	0.000000000000000000e+00
5.064893647090667628e+02	8.864529374043804699e-01	0.000000000000000000e+00
5.069090741502667470e+02	8.858820339403953303e-01	0.000000000000000000e+00
5.073287835914667880e+02	8.852012710347464397e-01	0.000000000000000000e+00
5.077484930326667723e+02	8.844063306303371341e-01	0.000000000000000000e+00
5.081682024738668133e+02	8.835108050857012341e-01	0.000000000000000000e+00
5.085879119150667975e+02	8.825177647568588357e-01	0.000000000000000000e+00
5.090076213562667817e+02	8.814306466783545790e-01	0.000000000000000000e+00
5.094273307974667659e+02	8.802533914796519809e-01	0.000000000000000000e+00
5.098470402386667502e+02	8.789856406239910935e-01	0.000000000000000000e+00
5.102667496798667344e+02	8.776341853585021280e-01	0.000000000000000000e+00
5.106864591210667754e+02	8.762118917462848877e-01	0.000000000000000000e+00
5.111061685622667596e+02	8.747284492749446416e-01	0.000000000000000000e+00
5.115258780034668007e+02	8.731966997791670293e-01	0.000000000000000000e+00
5.119455874446667849e+02	8.716340503120083572e-01	0.000000000000000000e+00
5.123652968858667691e+02	8.700657908814771746e-01	0.000000000000000000e+00
5.127850063270667533e+02	8.685333409146214212e-01	0.000000000000000000e+00
5.132047157682667375e+02	8.670882666661482441e-01	0.000000000000000000e+00
5.136244252094668354e+02	8.657977328645340975e-01	0.000000000000000000e+00
5.140441346506668197e+02	8.647316259829997964e-01	0.000000000000000000e+00
5.144638440918668039e+02	8.638946090688042201e-01	0.000000000000000000e+00
5.148835535330667881e+02	8.630004741064638552e-01	0.000000000000000000e+00
5.153032629742667723e+02	8.607836659810369495e-01	0.000000000000000000e+00
5.157229724154667565e+02	8.556585949328466834e-01	0.000000000000000000e+00
5.161426818566667407e+02	8.482795732817072221e-01	0.000000000000000000e+00
5.165623912978667249e+02	8.409805057699680786e-01	0.000000000000000000e+00
5.169821007390667091e+02	8.349052389377631389e-01	0.000000000000000000e+00
5.174018101802668070e+02	8.298324517316201243e-01	0.000000000000000000e+00
5.178215196214667912e+02	8.252756932380012067e-01	0.000000000000000000e+00
5.182412290626667755e+02	8.208946671452654886e-01	0.000000000000000000e+00
5.186609385038667597e+02	8.164818739428696404e-01	0.000000000000000000e+00
5.190806479450667439e+02	8.119338683827189707e-01	0.000000000000000000e+00
5.195003573862667281e+02	8.071893009899280269e-01	0.000000000000000000e+00
5.199200668274668260e+02	8.022036745222709264e-01	0.000000000000000000e+00
5.203397762686668102e+02	7.969399748596329713e-01	0.000000000000000000e+00
5.207594857098667944e+02	7.913636768826495249e-01	0.000000000000000000e+00
5.211791951510667786e+02	7.854399674907539541e-01	0.000000000000000000e+00
5.215989045922667628e+02	7.791157554508725269e-01	0.000000000000000000e+00
5.220186140334667471e+02	7.723390400704316372e-01	0.000000000000000000e+00
5.224383234746667313e+02	7.650876944547394531e-01	0.000000000000000000e+00
5.228580329158667155e+02	7.573138008138241561e-01	0.000000000000000000e+00
5.232777423570666997e+02	7.489654421261989770e-01	0.000000000000000000e+00
5.236974517982667976e+02	7.399868812399393869e-01	0.000000000000000000e+00
5.241171612394667818e+02	7.303190289955037162e-01	0.000000000000000000e+00
5.245368706806667660e+02	7.199002638990604774e-01	0.000000000000000000e+00
5.249565801218667502e+02	7.086676748501868905e-01	0.000000000000000000e+00
5.253762895630667344e+02	6.965449784900247243e-01	0.000000000000000000e+00
5.257959990042668323e+02	6.834175285967513114e-01	0.000000000000000000e+00
5.262157084454668166e+02	6.692942158388437424e-01	0.000000000000000000e+00
5.266354178866668008e+02	6.541328420428828005e-01	0.000000000000000000e+00
5.270551273278667850e+02	6.379051800699818697e-01	0.000000000000000000e+00
5.274748367690667692e+02	6.206011266179394248e-01	0.000000000000000000e+00
5.278945462102667534e+02	6.022327225253838456e-01	0.000000000000000000e+00
5.283142556514667376e+02	5.828376350090026525e-01	0.000000000000000000e+00
5.287339650926667218e+02	5.624816485293772095e-01	0.000000000000000000e+00
5.291536745338667060e+02	5.412597273152449651e-01	0.000000000000000000e+00
5.295733839750668039e+02	5.192953119282868180e-01	0.000000000000000000e+00
5.299930934162667882e+02	4.967339489684932663e-01	0.000000000000000000e+00
5.304128028574667724e+02	4.737390321901544521e-01	0.000000000000000000e+00
5.308325122986667566e+02	4.505331662076446642e-01	0.000000000000000000e+00
5.312522217398667408e+02	4.273111811198838650e-01	0.000000000000000000e+00
5.316719311810667250e+02	4.042685945424882576e-01	0.000000000000000000e+00
5.320916406222668229e+02	3.815959560491373193e-01	0.000000000000000000e+00
5.325113500634668071e+02	3.594746485724312213e-01	0.000000000000000000e+00
5.329310595046667913e+02	3.380744406567922633e-01	0.000000000000000000e+00
5.333507689458667755e+02	3.175527888098584883e-01	0.000000000000000000e+00
5.337704783870667598e+02	2.980556218080527842e-01	0.000000000000000000e+00
5.341901878282667440e+02	2.797191433792190485e-01	0.000000000000000000e+00
5.346098972694667282e+02	2.626720880869534702e-01	0.000000000000000000e+00
5.350296067106667124e+02	2.470378570802977680e-01	0.000000000000000000e+00
5.354493161518666966e+02	2.329360295653832014e-01	0.000000000000000000e+00
5.358690255930667945e+02	2.204828692065604612e-01	0.000000000000000000e+00
5.362887350342667787e+02	2.098439805215413512e-01	0.000000000000000000e+00
5.367084444754667629e+02	2.011183388016767326e-01	0.000000000000000000e+00
5.371281539166667471e+02	1.943617230821850228e-01	0.000000000000000000e+00
5.375478633578667313e+02	1.896548323660341984e-01	0.000000000000000000e+00
5.379675727990668292e+02	1.870595352450588333e-01	0.000000000000000000e+00
5.383872822402668135e+02	1.866141755694497029e-01	0.000000000000000000e+00
5.388069916814667977e+02	1.883293750510467435e-01	0.000000000000000000e+00
5.392267011226667819e+02	1.921847971108306685e-01	0.000000000000000000e+00
5.396464105638667661e+02	1.981272575643556466e-01	0.000000000000000000e+00
5.400661200050667503e+02	2.060704428644569985e-01	0.000000000000000000e+00
5.404858294462667345e+02	2.158963397098732917e-01	0.000000000000000000e+00
5.409055388874667187e+02	2.274583109644759960e-01	0.000000000000000000e+00
5.413252483286667029e+02	2.405855947380838022e-01	0.000000000000000000e+00
5.417449577698668008e+02	2.550888772326631582e-01	0.000000000000000000e+00
5.421646672110667851e+02	2.707665109105806267e-01	0.000000000000000000e+00
5.425843766522667693e+02	2.874109245948431868e-01	0.000000000000000000e+00
5.430040860934667535e+02	3.048147990208545099e-01	0.000000000000000000e+00
5.434237955346667377e+02	3.227766501169826441e-01	0.000000000000000000e+00
5.438435049758667219e+02	3.411055579934467730e-01	0.000000000000000000e+00
5.442632144170668198e+02	3.596248859087813887e-01	0.000000000000000000e+00
5.446829238582668040e+02	3.781749356372900994e-01	0.000000000000000000e+00
5.451026332994667882e+02	3.966145726960015327e-01	0.000000000000000000e+00
5.455223427406667724e+02	4.148219204453840181e-01	0.000000000000000000e+00
5.459420521818667567e+02	4.326942642193635780e-01	0.000000000000000000e+00
5.463617616230667409e+02	4.501473269222078799e-01	0.000000000000000000e+00
5.467814710642667251e+02	4.671140797481127538e-01	0.000000000000000000e+00
5.472011805054667093e+02	4.835432406435260511e-01	0.000000000000000000e+00
5.476208899466666935e+02	4.993975936878339850e-01	0.000000000000000000e+00
5.480405993878667914e+02	5.146522389499856853e-01	0.000000000000000000e+00
5.484603088290667756e+02	5.292928578876808787e-01	0.000000000000000000e+00
5.488800182702667598e+02	5.433140562868425949e-01	0.000000000000000000e+00
5.492997277114667440e+02	5.567178264727082881e-01	0.000000000000000000e+00
5.497194371526667283e+02	5.695121537078036145e-01	0.000000000000000000e+00
5.501391465938668262e+02	5.817097784379745562e-01	0.000000000000000000e+00
5.505588560350668104e+02	5.933271161241979730e-01	0.000000000000000000e+00
5.509785654762667946e+02	6.043833293788279937e-01	0.000000000000000000e+00
5.513982749174667788e+02	6.148995425064606168e-01	0.000000000000000000e+00
5.518179843586667630e+02	6.248981858240386655e-01	0.000000000000000000e+00
5.522376937998667472e+02	6.344024558380723100e-01	0.000000000000000000e+00
5.526574032410667314e+02	6.434358770896545510e-01	0.000000000000000000e+00
5.530771126822667156e+02	6.520219519148326981e-01	0.000000000000000000e+00
5.534968221234666998e+02	6.601838852531898283e-01	0.000000000000000000e+00
5.539165315646667977e+02	6.679443727787736096e-01	0.000000000000000000e+00
5.543362410058667820e+02	6.753254418849996554e-01	0.000000000000000000e+00
5.547559504470667662e+02	6.823483363316515948e-01	0.000000000000000000e+00
5.551756598882667504e+02	6.890334365935486538e-01	0.000000000000000000e+00
5.555953693294667346e+02	6.954002090974511496e-01	0.000000000000000000e+00
5.560150787706667188e+02	7.014671785749694299e-01	0.000000000000000000e+00
5.564347882118668167e+02	7.072519186858950979e-01	0.000000000000000000e+00
5.568544976530668009e+02	7.127710568783075518e-01	0.000000000000000000e+00
5.572742070942667851e+02	7.180402901540767768e-01	0.000000000000000000e+00
5.576939165354667693e+02	7.230744090093189635e-01	0.000000000000000000e+00
5.581136259766667536e+02	7.278873273290271673e-01	0.000000000000000000e+00
5.585333354178667378e+02	7.324921164437196985e-01	0.000000000000000000e+00
5.589530448590667220e+02	7.369010419140326063e-01	0.000000000000000000e+00
5.593727543002667062e+02	7.411256019062756328e-01	0.000000000000000000e+00
5.597924637414666904e+02	7.451765662671061552e-01	0.000000000000000000e+00
5.602121731826667883e+02	7.490640156064188870e-01	0.000000000000000000e+00
5.606318826238667725e+02	7.527973798614977508e-01	0.000000000000000000e+00
5.610515920650667567e+02	7.563854759484093249e-01	0.000000000000000000e+00
5.614713015062667409e+02	7.598365442137385850e-01	0.000000000000000000e+00
5.618910109474667252e+02	7.631582834856216468e-01	0.000000000000000000e+00
5.623107203886668231e+02	7.663578845913716631e-01	0.000000000000000000e+00
5.627304298298668073e+02	7.694420622629244422e-01	0.000000000000000000e+00
5.631501392710667915e+02	7.724170853935898862e-01	0.000000000000000000e+00
5.635698487122667757e+02	7.752888056423473673e-01	0.000000000000000000e+00
5.639895581534667599e+02	7.780626844070308579e-01	0.000000000000000000e+00
5.644092675946667441e+02	7.807438182066903654e-01	0.000000000000000000e+00
5.648289770358667283e+02	7.833369625274471115e-01	0.000000000000000000e+00
5.652486864770667125e+02	7.858465541963418621e-01	0.000000000000000000e+00
5.656683959182666968e+02	7.882767323547571481e-01	0.000000000000000000e+00
5.660881053594667947e+02	7.906313581077757391e-01	0.000000000000000000e+00
5.665078148006667789e+02	7.929122477830994331e-01	0.000000000000000000e+00
5.669275242418667631e+02	7.951224024165086668e-01	0.000000000000000000e+00
5.673472336830667473e+02	7.972673481137885210e-01	0.000000000000000000e+00
5.677669431242667315e+02	7.993499832955712758e-01	0.000000000000000000e+00
5.681866525654667157e+02	8.013730109766704635e-01	0.000000000000000000e+00
5.686063620066668136e+02	8.033389521778351305e-01	0.000000000000000000e+00
5.690260714478667978e+02	8.052501585939232376e-01	0.000000000000000000e+00
5.694457808890667820e+02	8.071088245994935129e-01	0.000000000000000000e+00
5.698654903302667663e+02	8.089169986711953753e-01	0.000000000000000000e+00
5.702851997714667505e+02	8.106765943045379785e-01	0.000000000000000000e+00
5.707049092126667347e+02	8.123894005004922425e-01	0.000000000000000000e+00
5.711246186538667189e+02	8.140570918948514256e-01	0.000000000000000000e+00
5.715443280950667031e+02	8.156812386001848214e-01	0.000000000000000000e+00
5.719640375362666873e+02	8.172633158264189790e-01	0.000000000000000000e+00
5.723837469774667852e+02	8.188047133413618450e-01	0.000000000000000000e+00
5.728034564186667694e+02	8.203067448267403750e-01	0.000000000000000000e+00
5.732231658598667536e+02	8.217678095158390539e-01	0.000000000000000000e+00
5.736428753010667378e+02	8.231916504312725147e-01	0.000000000000000000e+00
5.740625847422667221e+02	8.245798428562930438e-01	0.000000000000000000e+00
5.744822941834668200e+02	8.259334904429891377e-01	0.000000000000000000e+00
5.749020036246668042e+02	8.272536721853404051e-01	0.000000000000000000e+00
5.753217130658667884e+02	8.285414521987898295e-01	0.000000000000000000e+00
5.757414225070667726e+02	8.297978894106369241e-01	0.000000000000000000e+00
5.761611319482667568e+02	8.310240470572377580e-01	0.000000000000000000e+00
5.765808413894667410e+02	8.322210018544083932e-01	0.000000000000000000e+00
5.770005508306667252e+02	8.333898526791524430e-01	0.000000000000000000e+00
5.774202602718667094e+02	8.345317285754961789e-01	0.000000000000000000e+00
5.778399697130666937e+02	8.356477958762640323e-01	0.000000000000000000e+00
5.782596791542667916e+02	8.367371317184911783e-01	0.000000000000000000e+00
5.786793885954667758e+02	8.378029299362299565e-01	0.000000000000000000e+00
5.790990980366667600e+02	8.388470146064761490e-01	0.000000000000000000e+00
5.795188074778667442e+02	8.398707808321685953e-01	0.000000000000000000e+00
5.799385169190667284e+02	8.408756711580704923e-01	0.000000000000000000e+00
5.803582263602667126e+02	8.418631689358881953e-01	0.000000000000000000e+00
5.807779358014668105e+02	8.428347889669152160e-01	0.000000000000000000e+00
5.811976452426667947e+02	8.437920655355400923e-01	0.000000000000000000e+00
5.816173546838667789e+02	8.447365380516094202e-01	0.000000000000000000e+00
5.820370641250667632e+02	8.456697346129641302e-01	0.000000000000000000e+00
5.824567735662667474e+02	8.465925241804523882e-01	0.000000000000000000e+00
5.828764830074667316e+02	8.475068662622713411e-01	0.000000000000000000e+00
5.832961924486667158e+02	8.484146168440984681e-01	0.000000000000000000e+00
5.837159018898667000e+02	8.493170062185875224e-01	0.000000000000000000e+00
5.841356113310666842e+02	8.502151390186695190e-01	0.000000000000000000e+00
5.845553207722667821e+02	8.511099797632964981e-01	0.000000000000000000e+00
5.849750302134667663e+02	8.520023417197879478e-01	0.000000000000000000e+00
5.853947396546667505e+02	8.528928793438296241e-01	0.000000000000000000e+00
5.858144490958667348e+02	8.537820844174975887e-01	0.000000000000000000e+00
5.862341585370667190e+02	8.546702188327318650e-01	0.000000000000000000e+00
5.866538679782668169e+02	8.555574397904950334e-01	0.000000000000000000e+00
5.870735774194668011e+02	8.564437472564491172e-01	0.000000000000000000e+00
5.874932868606667853e+02	8.573289402327900488e-01	0.000000000000000000e+00
5.879129963018667695e+02	8.582127052172614512e-01	0.000000000000000000e+00
5.883327057430667537e+02	8.590946336019632534e-01	0.000000000000000000e+00
5.887524151842667379e+02	8.599742392942193447e-01	0.000000000000000000e+00
5.891721246254667221e+02	8.608509761262107540e-01	0.000000000000000000e+00
5.895918340666667063e+02	8.617240618992133561e-01	0.000000000000000000e+00
5.900115435078666906e+02	8.625923735916307677e-01	0.000000000000000000e+00
5.904312529490666748e+02	8.634557098697199784e-01	0.000000000000000000e+00
5.908509623902667727e+02	8.643134545570525518e-01	0.000000000000000000e+00
5.912706718314667569e+02	8.651650155437465850e-01	0.000000000000000000e+00
5.916903812726667411e+02	8.660098319145185242e-01	0.000000000000000000e+00
5.921100907138667253e+02	8.668473795433556672e-01	0.000000000000000000e+00
5.925298001550667095e+02	8.676771753117317187e-01	0.000000000000000000e+00
5.929495095962668074e+02	8.684977364391112120e-01	0.000000000000000000e+00
5.933692190374667916e+02	8.693089795663623276e-01	0.000000000000000000e+00
5.937889284786667758e+02	8.701111492637808587e-01	0.000000000000000000e+00
5.942086379198667601e+02	8.709039816104703347e-01	0.000000000000000000e+00
5.946283473610667443e+02	8.716872565751373481e-01	0.000000000000000000e+00
5.950480568022667285e+02	8.724607957400919434e-01	0.000000000000000000e+00
5.954677662434667127e+02	8.732244598661809132e-01	0.000000000000000000e+00
5.958874756846666969e+02	8.739771157710256588e-01	0.000000000000000000e+00
5.963071851258666811e+02	8.747186691118317148e-01	0.000000000000000000e+00
5.967268945670667790e+02	8.754501171927804304e-01	0.000000000000000000e+00
5.971466040082667632e+02	8.761714743108144354e-01	0.000000000000000000e+00
5.975663134494667474e+02	8.768827772666832887e-01	0.000000000000000000e+00
5.979860228906667317e+02	8.775840830165352324e-01	0.000000000000000000e+00
5.984057323318667159e+02	8.782754664757516094e-01	0.000000000000000000e+00
5.988254417730668138e+02	8.789553791294900664e-01	0.000000000000000000e+00
5.992451512142667980e+02	8.796250988873426380e-01	0.000000000000000000e+00
5.996648606554667822e+02	8.802852567270689210e-01	0.000000000000000000e+00
6.000845700966667664e+02	8.809359898263082744e-01	0.000000000000000000e+00
6.005042795378667506e+02	8.815774422032043312e-01	0.000000000000000000e+00
6.009239889790667348e+02	8.822097636137035126e-01	0.000000000000000000e+00
6.013436984202667190e+02	8.828323462198812699e-01	0.000000000000000000e+00
6.017634078614667033e+02	8.834448494956150810e-01	0.000000000000000000e+00
6.021831173026666875e+02	8.840487673553467651e-01	0.000000000000000000e+00
6.026028267438666717e+02	8.846442667438264573e-01	0.000000000000000000e+00
6.030225361850667696e+02	8.852315149577704156e-01	0.000000000000000000e+00
6.034422456262667538e+02	8.858106792280182606e-01	0.000000000000000000e+00
6.038619550674667380e+02	8.863814289601406049e-01	0.000000000000000000e+00
6.042816645086667222e+02	8.869430377104812191e-01	0.000000000000000000e+00
6.047013739498667064e+02	8.874971403606159992e-01	0.000000000000000000e+00
6.051210833910668043e+02	8.880439005609764846e-01	0.000000000000000000e+00
6.055407928322667885e+02	8.885834797810393537e-01	0.000000000000000000e+00
6.059605022734667727e+02	8.891160372021008618e-01	0.000000000000000000e+00
6.063802117146667570e+02	8.896410293423030469e-01	0.000000000000000000e+00
6.067999211558667412e+02	8.901582887893114693e-01	0.000000000000000000e+00
6.072196305970667254e+02	8.906690695580314898e-01	0.000000000000000000e+00
6.076393400382667096e+02	8.911735193229936014e-01	0.000000000000000000e+00
6.080590494794666938e+02	8.916717828584912464e-01	0.000000000000000000e+00
6.084787589206666780e+02	8.921640020504802981e-01	0.000000000000000000e+00
6.088984683618667759e+02	8.926491067653198330e-01	0.000000000000000000e+00
6.093181778030667601e+02	8.931281038622687074e-01	0.000000000000000000e+00
6.097378872442667443e+02	8.936015408298096929e-01	0.000000000000000000e+00
6.101575966854667286e+02	8.940695459167942172e-01	0.000000000000000000e+00
6.105773061266667128e+02	8.945322444835914766e-01	0.000000000000000000e+00
6.109970155678666970e+02	8.949893161388560170e-01	0.000000000000000000e+00
6.114167250090667949e+02	8.954403195280924432e-01	0.000000000000000000e+00
6.118364344502667791e+02	8.958864471437555377e-01	0.000000000000000000e+00
6.122561438914667633e+02	8.963278107851090359e-01	0.000000000000000000e+00
6.126758533326667475e+02	8.967645195751539067e-01	0.000000000000000000e+00
6.130955627738667317e+02	8.971966566589545389e-01	0.000000000000000000e+00
6.135152722150667159e+02	8.976230287537664276e-01	0.000000000000000000e+00
6.139349816562667002e+02	8.980451242809769363e-01	0.000000000000000000e+00
6.143546910974666844e+02	8.984630396200627978e-01	0.000000000000000000e+00
6.147744005386666686e+02	8.988768687640151800e-01	0.000000000000000000e+00
6.151941099798667665e+02	8.992867033813826128e-01	0.000000000000000000e+00
6.156138194210667507e+02	8.996915263820259856e-01	0.000000000000000000e+00
6.160335288622667349e+02	9.000924563875786211e-01	0.000000000000000000e+00
6.164532383034667191e+02	9.004897114730462393e-01	0.000000000000000000e+00
6.168729477446667033e+02	9.008833719211891689e-01	0.000000000000000000e+00
6.172926571858668012e+02	9.012735159942150132e-01	0.000000000000000000e+00
6.177123666270667854e+02	9.016591800839859339e-01	0.000000000000000000e+00
6.181320760682667697e+02	9.020414283252772281e-01	0.000000000000000000e+00
6.185517855094667539e+02	9.024204352828875120e-01	0.000000000000000000e+00
6.189714949506667381e+02	9.027962690346639230e-01	0.000000000000000000e+00
6.193912043918667223e+02	9.031689346374063287e-01	0.000000000000000000e+00
6.198109138330667065e+02	9.035375657433952767e-01	0.000000000000000000e+00
6.202306232742666907e+02	9.039032659890432475e-01	0.000000000000000000e+00
6.206503327154666749e+02	9.042660942322816586e-01	0.000000000000000000e+00
6.210700421566667728e+02	9.046261078374274733e-01	0.000000000000000000e+00
6.214897515978667570e+02	9.049830414926325339e-01	0.000000000000000000e+00
6.219094610390667413e+02	9.053366210602936670e-01	0.000000000000000000e+00
6.223291704802667255e+02	9.056875915076211259e-01	0.000000000000000000e+00
6.227488799214667097e+02	9.060360021512222639e-01	0.000000000000000000e+00
6.231685893626666939e+02	9.063819010738050075e-01	0.000000000000000000e+00
6.235882988038667918e+02	9.067246888202539212e-01	0.000000000000000000e+00
6.240080082450667760e+02	9.070648053878020978e-01	0.000000000000000000e+00
6.244277176862667602e+02	9.074025832021594962e-01	0.000000000000000000e+00
6.248474271274667444e+02	9.077380634138980664e-01	0.000000000000000000e+00
6.252671365686667286e+02	9.080711362346612914e-01	0.000000000000000000e+00
6.256868460098667128e+02	9.084012723193537475e-01	0.000000000000000000e+00
6.261065554510666971e+02	9.087292604525099016e-01	0.000000000000000000e+00
6.265262648922666813e+02	9.090551357177611980e-01	0.000000000000000000e+00
6.269459743334666655e+02	9.093789323764002175e-01	0.000000000000000000e+00
6.273656837746667634e+02	9.097000679840473447e-01	0.000000000000000000e+00
6.277853932158667476e+02	9.100189956637518840e-01	0.000000000000000000e+00
6.282051026570667318e+02	9.103359692325490027e-01	0.000000000000000000e+00
6.286248120982667160e+02	9.106510178702034164e-01	0.000000000000000000e+00
6.290445215394667002e+02	9.109638543007891887e-01	0.000000000000000000e+00
6.294642309806667981e+02	9.112743496589960079e-01	0.000000000000000000e+00
6.298839404218667823e+02	9.115830269734633839e-01	0.000000000000000000e+00
6.303036498630667666e+02	9.118899110989275858e-01	0.000000000000000000e+00
6.307233593042667508e+02	9.121949257981205594e-01	0.000000000000000000e+00
6.311430687454667350e+02	9.124975283637761780e-01	0.000000000000000000e+00
6.315627781866667192e+02	9.127984294075033311e-01	0.000000000000000000e+00
6.319824876278667034e+02	9.130976501599517015e-01	0.000000000000000000e+00
6.324021970690666876e+02	9.133952114603258732e-01	0.000000000000000000e+00
6.328219065102666718e+02	9.136904277784627659e-01	0.000000000000000000e+00
6.332416159514667697e+02	9.139839989700643264e-01	0.000000000000000000e+00
6.336613253926667539e+02	9.142759868378559363e-01	0.000000000000000000e+00
6.340810348338667382e+02	9.145664093330441169e-01	0.000000000000000000e+00
6.345007442750667224e+02	9.148546775098490569e-01	0.000000000000000000e+00
6.349204537162667066e+02	9.151413030390874725e-01	0.000000000000000000e+00
6.353401631574666908e+02	9.154264289968208068e-01	0.000000000000000000e+00
6.357598725986667887e+02	9.157100709995150689e-01	0.000000000000000000e+00
6.361795820398667729e+02	9.159916824752687425e-01	0.000000000000000000e+00
6.365992914810667571e+02	9.162716949815832290e-01	0.000000000000000000e+00
6.370190009222667413e+02	9.165502809475183366e-01	0.000000000000000000e+00
6.374387103634667255e+02	9.168274541388563570e-01	0.000000000000000000e+00
6.378584198046667098e+02	9.171026623940434774e-01	0.000000000000000000e+00
6.382781292458666940e+02	9.173763528934225642e-01	0.000000000000000000e+00
6.386978386870666782e+02	9.176486814166706640e-01	0.000000000000000000e+00
6.391175481282666624e+02	9.179196602920929315e-01	0.000000000000000000e+00
6.395372575694666466e+02	9.181886886989371055e-01	0.000000000000000000e+00
6.399569670106667445e+02	9.184563156755196633e-01	0.000000000000000000e+00
6.403766764518667287e+02	9.187226387738506306e-01	0.000000000000000000e+00
6.407963858930667129e+02	9.189876599103228294e-01	0.000000000000000000e+00
6.412160953342668108e+02	9.192507185334763964e-01	0.000000000000000000e+00
6.416358047754667950e+02	9.195125161264396940e-01	0.000000000000000000e+00
6.420555142166667792e+02	9.197730632104895721e-01	0.000000000000000000e+00
6.424752236578667635e+02	9.200322299983948460e-01	0.000000000000000000e+00
6.428949330990667477e+02	9.202896255474888321e-01	0.000000000000000000e+00
6.433146425402667319e+02	9.205458107809028068e-01	0.000000000000000000e+00
6.437343519814667161e+02	9.208007956181775144e-01	0.000000000000000000e+00
6.441540614226667003e+02	9.210542864310528044e-01	0.000000000000000000e+00
6.445737708638666845e+02	9.213062272603983471e-01	0.000000000000000000e+00
6.449934803050666687e+02	9.215570062829149256e-01	0.000000000000000000e+00
6.454131897462666529e+02	9.218066329744044607e-01	0.000000000000000000e+00
6.458328991874667508e+02	9.220546210131833620e-01	0.000000000000000000e+00
6.462526086286667351e+02	9.223013088268930959e-01	0.000000000000000000e+00
6.466723180698667193e+02	9.225468821485643955e-01	0.000000000000000000e+00
6.470920275110667035e+02	9.227912977901135960e-01	0.000000000000000000e+00
6.475117369522668014e+02	9.230340087680104499e-01	0.000000000000000000e+00
6.479314463934667856e+02	9.232756431098246841e-01	0.000000000000000000e+00
6.483511558346667698e+02	9.235162098441452860e-01	0.000000000000000000e+00
6.487708652758667540e+02	9.237554141133161867e-01	0.000000000000000000e+00
6.491905747170667382e+02	9.239932252793015000e-01	0.000000000000000000e+00
6.496102841582667224e+02	9.242300070378008936e-01	0.000000000000000000e+00
6.500299935994667067e+02	9.244657681774651747e-01	0.000000000000000000e+00
6.504497030406666909e+02	9.246999446273415080e-01	0.000000000000000000e+00
6.508694124818666751e+02	9.249330603251341154e-01	0.000000000000000000e+00
6.512891219230666593e+02	9.251651942973132536e-01	0.000000000000000000e+00
6.517088313642666435e+02	9.253961259975512776e-01	0.000000000000000000e+00
6.521285408054667414e+02	9.256256979123541617e-01	0.000000000000000000e+00
6.525482502466667256e+02	9.258543279045827745e-01	0.000000000000000000e+00
6.529679596878667098e+02	9.260820244790666234e-01	0.000000000000000000e+00
6.533876691290668077e+02	9.263082591669321575e-01	0.000000000000000000e+00
6.538073785702667919e+02	9.265335123176550169e-01	0.000000000000000000e+00
6.542270880114667762e+02	9.267578728258746290e-01	0.000000000000000000e+00
6.546467974526667604e+02	9.269810956893926868e-01	0.000000000000000000e+00
6.550665068938667446e+02	9.272031033187949634e-01	0.000000000000000000e+00
6.554862163350667288e+02	9.274242600853151997e-01	0.000000000000000000e+00
6.559059257762667130e+02	9.276445718838743915e-01	0.000000000000000000e+00
6.563256352174666972e+02	9.278634695397129928e-01	0.000000000000000000e+00
6.567453446586666814e+02	9.280815590665585368e-01	0.000000000000000000e+00
6.571650540998666656e+02	9.282988484477768809e-01	0.000000000000000000e+00
6.575847635410666499e+02	9.285149923758500012e-01	0.000000000000000000e+00
6.580044729822667477e+02	9.287301551597176852e-01	0.000000000000000000e+00
6.584241824234667320e+02	9.289445612191429280e-01	0.000000000000000000e+00
6.588438918646667162e+02	9.291580654543346585e-01	0.000000000000000000e+00
6.592636013058667004e+02	9.293704456472268172e-01	0.000000000000000000e+00
6.596833107470667983e+02	9.295821131764193668e-01	0.000000000000000000e+00
6.601030201882667825e+02	9.297930752766230267e-01	0.000000000000000000e+00
6.605227296294667667e+02	9.300028386111934831e-01	0.000000000000000000e+00
6.609424390706667509e+02	9.302119153741368329e-01	0.000000000000000000e+00
6.613621485118667351e+02	9.304203309195893112e-01	0.000000000000000000e+00
6.617818579530667193e+02	9.306277514696789099e-01	0.000000000000000000e+00
6.622015673942667036e+02	9.308343875593533268e-01	0.000000000000000000e+00
6.626212768354666878e+02	9.310404067869328948e-01	0.000000000000000000e+00
6.630409862766666720e+02	9.312456091775634937e-01	0.000000000000000000e+00
6.634606957178666562e+02	9.314499562667637456e-01	0.000000000000000000e+00
6.638804051590666404e+02	9.316537307331506090e-01	0.000000000000000000e+00
6.643001146002667383e+02	9.318568421299782134e-01	0.000000000000000000e+00
6.647198240414667225e+02	9.320590526328176306e-01	0.000000000000000000e+00
6.651395334826667067e+02	9.322607343585730399e-01	0.000000000000000000e+00
6.655592429238668046e+02	9.324618838081560890e-01	0.000000000000000000e+00
6.659789523650667888e+02	9.326621099691025929e-01	0.000000000000000000e+00
6.663986618062667731e+02	9.328618505168415620e-01	0.000000000000000000e+00
6.668183712474667573e+02	9.330611103636277104e-01	0.000000000000000000e+00
6.672380806886667415e+02	9.332595611364800092e-01	0.000000000000000000e+00
6.676577901298667257e+02	9.334575106400564426e-01	0.000000000000000000e+00
6.680774995710667099e+02	9.336550211013435741e-01	0.000000000000000000e+00
6.684972090122666941e+02	9.338518357622402899e-01	0.000000000000000000e+00
6.689169184534666783e+02	9.340481419238066962e-01	0.000000000000000000e+00
6.693366278946666625e+02	9.342440494083088520e-01	0.000000000000000000e+00
6.697563373358666468e+02	9.344393573428806388e-01	0.000000000000000000e+00
6.701760467770667447e+02	9.346341644143990601e-01	0.000000000000000000e+00
6.705957562182667289e+02	9.348286116086174102e-01	0.000000000000000000e+00
6.710154656594667131e+02	9.350225402749587911e-01	0.000000000000000000e+00
6.714351751006666973e+02	9.352159880403259073e-01	0.000000000000000000e+00
6.718548845418667952e+02	9.354091129053441200e-01	0.000000000000000000e+00
6.722745939830667794e+02	9.356017868559576289e-01	0.000000000000000000e+00
6.726943034242667636e+02	9.357940096292631793e-01	0.000000000000000000e+00
6.731140128654667478e+02	9.359859444185594235e-01	0.000000000000000000e+00
6.735337223066667320e+02	9.361774842960888243e-01	0.000000000000000000e+00
6.739534317478667163e+02	9.363686099507574356e-01	0.000000000000000000e+00
6.743731411890667005e+02	9.365594802632769555e-01	0.000000000000000000e+00
6.747928506302666847e+02	9.367500017805964196e-01	0.000000000000000000e+00
6.752125600714666689e+02	9.369401508232318987e-01	0.000000000000000000e+00
6.756322695126666531e+02	9.371300747049839952e-01	0.000000000000000000e+00
6.760519789538666373e+02	9.373196876203793160e-01	0.000000000000000000e+00
6.764716883950667352e+02	9.375089723220488835e-01	0.000000000000000000e+00
6.768913978362667194e+02	9.376980594283711445e-01	0.000000000000000000e+00
6.773111072774667036e+02	9.378868665266280047e-01	0.000000000000000000e+00
6.777308167186668015e+02	9.380753901231428937e-01	0.000000000000000000e+00
6.781505261598667857e+02	9.382637409525502736e-01	0.000000000000000000e+00
6.785702356010667700e+02	9.384518370427584744e-01	0.000000000000000000e+00
6.789899450422667542e+02	9.386396930141918116e-01	0.000000000000000000e+00
6.794096544834667384e+02	9.388273982233988901e-01	0.000000000000000000e+00
6.798293639246667226e+02	9.390148691642082879e-01	0.000000000000000000e+00
6.802490733658667068e+02	9.392021406025139463e-01	0.000000000000000000e+00
6.806687828070666910e+02	9.393892804108092687e-01	0.000000000000000000e+00
6.810884922482666752e+02	9.395762021737034120e-01	0.000000000000000000e+00
6.815082016894666594e+02	9.397629612458190396e-01	0.000000000000000000e+00
6.819279111306666437e+02	9.399496049354899574e-01	0.000000000000000000e+00
6.823476205718667416e+02	9.401360427163969469e-01	0.000000000000000000e+00
6.827673300130667258e+02	9.403223502287062496e-01	0.000000000000000000e+00
6.831870394542667100e+02	9.405085557466951185e-01	0.000000000000000000e+00
6.836067488954666942e+02	9.406945631359308058e-01	0.000000000000000000e+00
6.840264583366667921e+02	9.408804682043935275e-01	0.000000000000000000e+00
6.844461677778667763e+02	9.410662766569700688e-01	0.000000000000000000e+00
6.848658772190667605e+02	9.412519000889706389e-01	0.000000000000000000e+00
6.852855866602667447e+02	9.414374399176463903e-01	0.000000000000000000e+00
6.857052961014667289e+02	9.416228749572083112e-01	0.000000000000000000e+00
6.861250055426667132e+02	9.418081534521012266e-01	0.000000000000000000e+00
6.865447149838666974e+02	9.419933532212223515e-01	0.000000000000000000e+00
6.869644244250666816e+02	9.421784362607242835e-01	0.000000000000000000e+00
6.873841338662666658e+02	9.423633855313360286e-01	0.000000000000000000e+00
6.878038433074666500e+02	9.425482583945116177e-01	0.000000000000000000e+00
6.882235527486666342e+02	9.427329969296130985e-01	0.000000000000000000e+00
6.886432621898667321e+02	9.429176205807540123e-01	0.000000000000000000e+00
6.890629716310667163e+02	9.431021677693609551e-01	0.000000000000000000e+00
6.894826810722667005e+02	9.432865549221659540e-01	0.000000000000000000e+00
6.899023905134667984e+02	9.434708446330628551e-01	0.000000000000000000e+00
6.903220999546667827e+02	9.436550489245362217e-01	0.000000000000000000e+00
6.907418093958667669e+02	9.438390698314215177e-01	0.000000000000000000e+00
6.911615188370667511e+02	9.440230056412511894e-01	0.000000000000000000e+00
6.915812282782667353e+02	9.442068205431308758e-01	0.000000000000000000e+00
6.920009377194667195e+02	9.443904632361008744e-01	0.000000000000000000e+00
6.924206471606667037e+02	9.445740139269040991e-01	0.000000000000000000e+00
6.928403566018666879e+02	9.447573953301530159e-01	0.000000000000000000e+00
6.932600660430666721e+02	9.449406193573234303e-01	0.000000000000000000e+00
6.936797754842666563e+02	9.451237429272821844e-01	0.000000000000000000e+00
6.940994849254666406e+02	9.453066316113443168e-01	0.000000000000000000e+00
6.945191943666667385e+02	9.454893860111128756e-01	0.000000000000000000e+00
6.949389038078667227e+02	9.456720014172685929e-01	0.000000000000000000e+00
6.953586132490667069e+02	9.458543519181955572e-01	0.000000000000000000e+00
6.957783226902666911e+02	9.460365758434400307e-01	0.000000000000000000e+00
6.961980321314667890e+02	9.462185815207038164e-01	0.000000000000000000e+00
6.966177415726667732e+02	9.464003444207685911e-01	0.000000000000000000e+00
6.970374510138667574e+02	9.465819678315580132e-01	0.000000000000000000e+00
6.974571604550667416e+02	9.467632672965329288e-01	0.000000000000000000e+00
6.978768698962667258e+02	9.469443646185842223e-01	0.000000000000000000e+00
6.982965793374667101e+02	9.471252702883075081e-01	0.000000000000000000e+00
6.987162887786666943e+02	9.473057914343226971e-01	0.000000000000000000e+00
6.991359982198666785e+02	9.474861372686944616e-01	0.000000000000000000e+00
6.995557076610666627e+02	9.476661652126938673e-01	0.000000000000000000e+00
6.999754171022666469e+02	9.478458571762045093e-01	0.000000000000000000e+00
7.003951265434666311e+02	9.480253585276883221e-01	0.000000000000000000e+00
7.008148359846667290e+02	9.482043773180798274e-01	0.000000000000000000e+00
7.012345454258667132e+02	9.483831406199350056e-01	0.000000000000000000e+00
7.016542548670666974e+02	9.485616014915484451e-01	0.000000000000000000e+00
7.020739643082667953e+02	9.487395636072790683e-01	0.000000000000000000e+00
7.024936737494667796e+02	9.489172931962950308e-01	0.000000000000000000e+00
7.029133831906667638e+02	9.490945238640248194e-01	0.000000000000000000e+00
7.033330926318667480e+02	9.492713581173006787e-01	0.000000000000000000e+00
7.037528020730667322e+02	9.494479135928307612e-01	0.000000000000000000e+00
7.041725115142667164e+02	9.496237826783551217e-01	0.000000000000000000e+00
7.045922209554667006e+02	9.497993746647268587e-01	0.000000000000000000e+00
7.050119303966666848e+02	9.499744527664184535e-01	0.000000000000000000e+00
7.054316398378666690e+02	9.501489773870620548e-01	0.000000000000000000e+00
7.058513492790666533e+02	9.503232096901539361e-01	0.000000000000000000e+00
7.062710587202666375e+02	9.504966327999611053e-01	0.000000000000000000e+00
7.066907681614667354e+02	9.506696920674265749e-01	0.000000000000000000e+00
7.071104776026667196e+02	9.508422182334765882e-01	0.000000000000000000e+00
7.075301870438667038e+02	9.510140267327299446e-01	0.000000000000000000e+00
7.079498964850666880e+02	9.511854984090452048e-01	0.000000000000000000e+00
7.083696059262667859e+02	9.513560867870497484e-01	0.000000000000000000e+00
7.087893153674667701e+02	9.515261973474335999e-01	0.000000000000000000e+00
7.092090248086667543e+02	9.516957431258336042e-01	0.000000000000000000e+00
7.096287342498667385e+02	9.518644117339717381e-01	0.000000000000000000e+00
7.100484436910667227e+02	9.520327002190194232e-01	0.000000000000000000e+00
7.104681531322667070e+02	9.522000096487055476e-01	0.000000000000000000e+00
7.108878625734666912e+02	9.523667433686147099e-01	0.000000000000000000e+00
7.113075720146666754e+02	9.525328578245157995e-01	0.000000000000000000e+00
7.117272814558666596e+02	9.526979543518163673e-01	0.000000000000000000e+00
7.121469908970666438e+02	9.528626300150765394e-01	0.000000000000000000e+00
7.125667003382666280e+02	9.530261985670137603e-01	0.000000000000000000e+00
7.129864097794667259e+02	9.531891239912064773e-01	0.000000000000000000e+00
7.134061192206667101e+02	9.533513409600832267e-01	0.000000000000000000e+00
7.138258286618666943e+02	9.535124336656527477e-01	0.000000000000000000e+00
7.142455381030666786e+02	9.536730685124971130e-01	0.000000000000000000e+00
7.146652475442667765e+02	9.538324241669683401e-01	0.000000000000000000e+00
7.150849569854667607e+02	9.539911152106491654e-01	0.000000000000000000e+00
7.155046664266667449e+02	9.541489610837173840e-01	0.000000000000000000e+00
7.159243758678667291e+02	9.543056273232175535e-01	0.000000000000000000e+00
7.163440853090667133e+02	9.544618034316935118e-01	0.000000000000000000e+00
7.167637947502666975e+02	9.546164721425277611e-01	0.000000000000000000e+00
7.171835041914666817e+02	9.547705164296640401e-01	0.000000000000000000e+00
7.176032136326666659e+02	9.549235183320785580e-01	0.000000000000000000e+00
7.180229230738666502e+02	9.550753527626816286e-01	0.000000000000000000e+00
7.184426325150666344e+02	9.552266362615667861e-01	0.000000000000000000e+00
7.188623419562667323e+02	9.553761842900169166e-01	0.000000000000000000e+00
7.192820513974667165e+02	9.555251909265222166e-01	0.000000000000000000e+00
7.197017608386667007e+02	9.556728851322535689e-01	0.000000000000000000e+00
7.201214702798666849e+02	9.558195072674137149e-01	0.000000000000000000e+00
7.205411797210667828e+02	9.559653319947110095e-01	0.000000000000000000e+00
7.209608891622667670e+02	9.561094980102060603e-01	0.000000000000000000e+00
7.213805986034667512e+02	9.562531045994651091e-01	0.000000000000000000e+00
7.218003080446667354e+02	9.563950450120413116e-01	0.000000000000000000e+00
7.222200174858667197e+02	9.565361059398075350e-01	0.000000000000000000e+00
7.226397269270667039e+02	9.566760335453836639e-01	0.000000000000000000e+00
7.230594363682666881e+02	9.568144833751558442e-01	0.000000000000000000e+00
7.234791458094666723e+02	9.569523525941799891e-01	0.000000000000000000e+00
7.238988552506666565e+02	9.570881286246702979e-01	0.000000000000000000e+00
7.243185646918666407e+02	9.572233167309847079e-01	0.000000000000000000e+00
7.247382741330666249e+02	9.573569375864436903e-01	0.000000000000000000e+00
7.251579835742667228e+02	9.574893769152891254e-01	0.000000000000000000e+00
7.255776930154667070e+02	9.576208106051740110e-01	0.000000000000000000e+00
7.259974024566666913e+02	9.577504461653632006e-01	0.000000000000000000e+00
7.264171118978666755e+02	9.578794917375895723e-01	0.000000000000000000e+00
7.268368213390667734e+02	9.580064328425355047e-01	0.000000000000000000e+00
7.272565307802667576e+02	9.581326113654500265e-01	0.000000000000000000e+00
7.276762402214667418e+02	9.582572503983388668e-01	0.000000000000000000e+00
7.280959496626667260e+02	9.583805154492459621e-01	0.000000000000000000e+00
7.285156591038667102e+02	9.585028175929759531e-01	0.000000000000000000e+00
7.289353685450666944e+02	9.586231263865162555e-01	0.000000000000000000e+00
7.293550779862666786e+02	9.587428407143717690e-01	0.000000000000000000e+00
7.297747874274666628e+02	9.588603722010975439e-01	0.000000000000000000e+00
7.301944968686666471e+02	9.589770850339252029e-01	0.000000000000000000e+00
7.306142063098666313e+02	9.590921867185103755e-01	0.000000000000000000e+00
7.310339157510667292e+02	9.592058647364293256e-01	0.000000000000000000e+00
7.314536251922667134e+02	9.593185097243220882e-01	0.000000000000000000e+00
7.318733346334666976e+02	9.594291235662951722e-01	0.000000000000000000e+00
7.322930440746666818e+02	9.595391519032238081e-01	0.000000000000000000e+00
7.327127535158667797e+02	9.596468114361915713e-01	0.000000000000000000e+00
7.331324629570667639e+02	9.597537493184308266e-01	0.000000000000000000e+00
7.335521723982667481e+02	9.598588845356665900e-01	0.000000000000000000e+00
7.339718818394667323e+02	9.599627125394112337e-01	0.000000000000000000e+00
7.343915912806667166e+02	9.600653054204500991e-01	0.000000000000000000e+00
7.348113007218667008e+02	9.601660082298154597e-01	0.000000000000000000e+00
7.352310101630666850e+02	9.602660430819139892e-01	0.000000000000000000e+00
7.356507196042666692e+02	9.603636095061180988e-01	0.000000000000000000e+00
7.360704290454666534e+02	9.604606147919695358e-01	0.000000000000000000e+00
7.364901384866666376e+02	9.605554959722196751e-01	0.000000000000000000e+00
7.369098479278666218e+02	9.606493634059516395e-01	0.000000000000000000e+00
7.373295573690667197e+02	9.607416537331007200e-01	0.000000000000000000e+00
7.377492668102667039e+02	9.608323820394223391e-01	0.000000000000000000e+00
7.381689762514666882e+02	9.609220753871586806e-01	0.000000000000000000e+00
7.385886856926666724e+02	9.610096673323522687e-01	0.000000000000000000e+00
7.390083951338667703e+02	9.610967316404009919e-01	0.000000000000000000e+00
7.394281045750667545e+02	9.611812223392139920e-01	0.000000000000000000e+00
7.398478140162667387e+02	9.612651666002649531e-01	0.000000000000000000e+00
7.402675234574667229e+02	9.613470564630627324e-01	0.000000000000000000e+00
7.406872328986667071e+02	9.614278928147895753e-01	0.000000000000000000e+00
7.411069423398666913e+02	9.615071853676007141e-01	0.000000000000000000e+00
7.415266517810666755e+02	9.615849297256910955e-01	0.000000000000000000e+00
7.419463612222666598e+02	9.616616308671297464e-01	0.000000000000000000e+00
7.423660706634666440e+02	9.617363028244680923e-01	0.000000000000000000e+00
7.427857801046666282e+02	9.618104207943561912e-01	0.000000000000000000e+00
7.432054895458666124e+02	9.618820435059047824e-01	0.000000000000000000e+00
7.436251989870667103e+02	9.619532033924687031e-01	0.000000000000000000e+00
7.440449084282666945e+02	9.620221888996403070e-01	0.000000000000000000e+00
7.444646178694666787e+02	9.620903410093125663e-01	0.000000000000000000e+00
7.448843273106667766e+02	9.621567816799183603e-01	0.000000000000000000e+00
7.453040367518667608e+02	9.622219568867843575e-01	0.000000000000000000e+00
7.457237461930667450e+02	9.622858698537061217e-01	0.000000000000000000e+00
7.461434556342667292e+02	9.623481020663032792e-01	0.000000000000000000e+00
7.465631650754667135e+02	9.624095065274119731e-01	0.000000000000000000e+00
7.469828745166666977e+02	9.624688325140297041e-01	0.000000000000000000e+00
7.474025839578666819e+02	9.625277496524886622e-01	0.000000000000000000e+00
7.478222933990666661e+02	9.625842088539888763e-01	0.000000000000000000e+00
7.482420028402666503e+02	9.626402825451806367e-01	0.000000000000000000e+00
7.486617122814666345e+02	9.626942960808649863e-01	0.000000000000000000e+00
7.490814217226666187e+02	9.627475624998066417e-01	0.000000000000000000e+00
7.495011311638667166e+02	9.627991632529020460e-01	0.000000000000000000e+00
7.499208406050667008e+02	9.628496670332766794e-01	0.000000000000000000e+00
7.503405500462666851e+02	9.628988831654148317e-01	0.000000000000000000e+00
7.507602594874666693e+02	9.629466708701857058e-01	0.000000000000000000e+00
7.511799689286667672e+02	9.629935320054614500e-01	0.000000000000000000e+00
7.515996783698667514e+02	9.630386518926828954e-01	0.000000000000000000e+00
7.520193878110667356e+02	9.630831889882728314e-01	0.000000000000000000e+00
7.524390972522667198e+02	9.631256907674897727e-01	0.000000000000000000e+00
7.528588066934667040e+02	9.631678840317372536e-01	0.000000000000000000e+00
7.532785161346666882e+02	9.632078705559677934e-01	0.000000000000000000e+00
7.536982255758666724e+02	9.632475143692982300e-01	0.000000000000000000e+00
7.541179350170666567e+02	9.632852763079601255e-01	0.000000000000000000e+00
7.545376444582666409e+02	9.633224224536193203e-01	0.000000000000000000e+00
7.549573538994666251e+02	9.633579946401940042e-01	0.000000000000000000e+00
7.553770633406666093e+02	9.633926954667603182e-01	0.000000000000000000e+00
7.557967727818667072e+02	9.634261133000652233e-01	0.000000000000000000e+00
7.562164822230666914e+02	9.634584214484498421e-01	0.000000000000000000e+00
7.566361916642666756e+02	9.634897207156755128e-01	0.000000000000000000e+00
7.570559011054667735e+02	9.635196888407554505e-01	0.000000000000000000e+00
7.574756105466667577e+02	9.635489055330331842e-01	0.000000000000000000e+00
7.578953199878667419e+02	9.635765860206897404e-01	0.000000000000000000e+00
7.583150294290667262e+02	9.636037561413623997e-01	0.000000000000000000e+00
7.587347388702667104e+02	9.636292008217156591e-01	0.000000000000000000e+00
7.591544483114666946e+02	9.636543601875062759e-01	0.000000000000000000e+00
7.595741577526666788e+02	9.636776200451656615e-01	0.000000000000000000e+00
7.599938671938666630e+02	9.637006854381341414e-01	0.000000000000000000e+00
7.604135766350666472e+02	9.637219289626062224e-01	0.000000000000000000e+00
7.608332860762666314e+02	9.637428738004160111e-01	0.000000000000000000e+00
7.612529955174666156e+02	9.637622108102145146e-01	0.000000000000000000e+00
7.616727049586667135e+02	9.637810828334697488e-01	0.000000000000000000e+00
7.620924143998666977e+02	9.637985462762772570e-01	0.000000000000000000e+00
7.625121238410666820e+02	9.638153914387248555e-01	0.000000000000000000e+00
7.629318332822666662e+02	9.638310129829242845e-01	0.000000000000000000e+00
7.633515427234667641e+02	9.638458751649894296e-01	0.000000000000000000e+00
7.637712521646667483e+02	9.638596849632576902e-01	0.000000000000000000e+00
7.641909616058667325e+02	9.638726056874137305e-01	0.000000000000000000e+00
7.646106710470667167e+02	9.638846321350462709e-01	0.000000000000000000e+00
7.650303804882667009e+02	9.638956502838766927e-01	0.000000000000000000e+00
7.654500899294666851e+02	9.639059197721733252e-01	0.000000000000000000e+00
7.658697993706666693e+02	9.639150713099985390e-01	0.000000000000000000e+00
7.662895088118666536e+02	9.639236079750643782e-01	0.000000000000000000e+00
7.667092182530666378e+02	9.639309256739919674e-01	0.000000000000000000e+00
7.671289276942666220e+02	9.639377511413034227e-01	0.000000000000000000e+00
7.675486371354666062e+02	9.639432643125659395e-01	0.000000000000000000e+00
7.679683465766667041e+02	9.639483974376954478e-01	0.000000000000000000e+00
7.683880560178666883e+02	9.639521316691329611e-01	0.000000000000000000e+00
7.688077654590666725e+02	9.639555882750197036e-01	0.000000000000000000e+00
7.692274749002667704e+02	9.639575651755523111e-01	0.000000000000000000e+00
7.696471843414667546e+02	9.639593577867341390e-01	0.000000000000000000e+00
7.700668937826667388e+02	9.639595947386675467e-01	0.000000000000000000e+00
7.704866032238667231e+02	9.639597323129076578e-01	0.000000000000000000e+00
7.709063126650667073e+02	9.639582422328947242e-01	0.000000000000000000e+00
7.713260221062666915e+02	9.639566822479632702e-01	0.000000000000000000e+00
7.717457315474666757e+02	9.639535210001171084e-01	0.000000000000000000e+00
7.721654409886666599e+02	9.639502488836980687e-01	0.000000000000000000e+00
7.725851504298666441e+02	9.639454353581490276e-01	0.000000000000000000e+00
7.730048598710666283e+02	9.639404539515752379e-01	0.000000000000000000e+00
7.734245693122666125e+02	9.639339801190216495e-01	0.000000000000000000e+00
7.738442787534667104e+02	9.639272872187917285e-01	0.000000000000000000e+00
7.742639881946666947e+02	9.639191401183441199e-01	0.000000000000000000e+00
7.746836976358666789e+02	9.639107282918859543e-01	0.000000000000000000e+00
7.751034070770666631e+02	9.639008897569844025e-01	0.000000000000000000e+00
7.755231165182667610e+02	9.638907461711130331e-01	0.000000000000000000e+00
7.759428259594667452e+02	9.638791925563042762e-01	0.000000000000000000e+00
7.763625354006667294e+02	9.638672988190372104e-01	0.000000000000000000e+00
7.767822448418667136e+02	9.638540007281756195e-01	0.000000000000000000e+00
7.772019542830666978e+02	9.638403327445408397e-01	0.000000000000000000e+00
7.776216637242666820e+02	9.638252547609803544e-01	0.000000000000000000e+00
7.780413731654666663e+02	9.638097826034085491e-01	0.000000000000000000e+00
7.784610826066666505e+02	9.637928830227898702e-01	0.000000000000000000e+00
7.788807920478666347e+02	9.637755708166620972e-01	0.000000000000000000e+00
7.793005014890666189e+02	9.637568013829004299e-01	0.000000000000000000e+00
7.797202109302666031e+02	9.637376072077746825e-01	0.000000000000000000e+00
7.801399203714667010e+02	9.637169128528696449e-01	0.000000000000000000e+00
7.805596298126666852e+02	9.636957886598676026e-01	0.000000000000000000e+00
7.809793392538666694e+02	9.636731072481821148e-01	0.000000000000000000e+00
7.813990486950667673e+02	9.636499987939836087e-01	0.000000000000000000e+00
7.818187581362667515e+02	9.636252608716472379e-01	0.000000000000000000e+00
7.822384675774667357e+02	9.636001076694874490e-01	0.000000000000000000e+00
7.826581770186667200e+02	9.635732362195927880e-01	0.000000000000000000e+00
7.830778864598667042e+02	9.635459715076087894e-01	0.000000000000000000e+00
7.834975959010666884e+02	9.635168817118949791e-01	0.000000000000000000e+00
7.839173053422666726e+02	9.634874324391220490e-01	0.000000000000000000e+00
7.843370147834666568e+02	9.634560314468421094e-01	0.000000000000000000e+00
7.847567242246666410e+02	9.634243182771028424e-01	0.000000000000000000e+00
7.851764336658666252e+02	9.633905049817980126e-01	0.000000000000000000e+00
7.855961431070666094e+02	9.633564423156737444e-01	0.000000000000000000e+00
7.860158525482667073e+02	9.633201071405761429e-01	0.000000000000000000e+00
7.864355619894666916e+02	9.632836031555837009e-01	0.000000000000000000e+00
7.868552714306666758e+02	9.632446278484053659e-01	0.000000000000000000e+00
7.872749808718666600e+02	9.632055845574573061e-01	0.000000000000000000e+00
7.876946903130667579e+02	9.631638419953134633e-01	0.000000000000000000e+00
7.881143997542667421e+02	9.631220994331696206e-01	0.000000000000000000e+00
7.885341091954667263e+02	9.630775093286950694e-01	0.000000000000000000e+00
7.889538186366667105e+02	9.630328633339334532e-01	0.000000000000000000e+00
7.893735280778666947e+02	9.629853743757826878e-01	0.000000000000000000e+00
7.897932375190666789e+02	9.629376795435006242e-01	0.000000000000000000e+00
7.902129469602666632e+02	9.628871663966855898e-01	0.000000000000000000e+00
7.906326564014666474e+02	9.628362679347319819e-01	0.000000000000000000e+00
7.910523658426666316e+02	9.627825993685856787e-01	0.000000000000000000e+00
7.914720752838666158e+02	9.627283329508382614e-01	0.000000000000000000e+00
7.918917847250666000e+02	9.626713720016213394e-01	0.000000000000000000e+00
7.923114941662666979e+02	9.626135636353626568e-01	0.000000000000000000e+00
7.927312036074666821e+02	9.625531677869196834e-01	0.000000000000000000e+00
7.931509130486666663e+02	9.624916336951120366e-01	0.000000000000000000e+00
7.935706224898667642e+02	9.624276550771521110e-01	0.000000000000000000e+00
7.939903319310667484e+02	9.623622015964450327e-01	0.000000000000000000e+00
7.944100413722667327e+02	9.622944871999323802e-01	0.000000000000000000e+00
7.948297508134667169e+02	9.622249106952268649e-01	0.000000000000000000e+00
7.952494602546667011e+02	9.621533026042775605e-01	0.000000000000000000e+00
7.956691696958666853e+02	9.620793894006683944e-01	0.000000000000000000e+00
7.960888791370666695e+02	9.620037250402646567e-01	0.000000000000000000e+00
7.965085885782666537e+02	9.619252513731908483e-01	0.000000000000000000e+00
7.969282980194666379e+02	9.618453637719388549e-01	0.000000000000000000e+00
7.973480074606666221e+02	9.617620957563698392e-01	0.000000000000000000e+00
7.977677169018666063e+02	9.616778138234327589e-01	0.000000000000000000e+00
7.981874263430667042e+02	9.615895074429042788e-01	0.000000000000000000e+00
7.986071357842666885e+02	9.615006562581499550e-01	0.000000000000000000e+00
7.990268452254666727e+02	9.614070573744645243e-01	0.000000000000000000e+00
7.994465546666666569e+02	9.613134584907789826e-01	0.000000000000000000e+00
