wavelength_nm	ideal_target_transmittance	cvae_target_transmittance	tandem_response_transmittance
3.7973712158e+02	9.9577432992e-01	8.5581922531e-01	8.5819244385e-01
3.8015682983e+02	9.9575894866e-01	8.5654670000e-01	8.5946494341e-01
3.8057653809e+02	9.9574348338e-01	8.5744917393e-01	8.5968530178e-01
3.8099624634e+02	9.9572793348e-01	8.5760676861e-01	8.6004066467e-01
3.8141595459e+02	9.9571229833e-01	8.5836070776e-01	8.6104971170e-01
3.8183566284e+02	9.9569657731e-01	8.5848844051e-01	8.6110794544e-01
3.8225537109e+02	9.9568076980e-01	8.5914450884e-01	8.6195844412e-01
3.8267507935e+02	9.9566487516e-01	8.5931342840e-01	8.6254000664e-01
3.8309478760e+02	9.9564889275e-01	8.5990279913e-01	8.6265277863e-01
3.8351449585e+02	9.9563282192e-01	8.6027526855e-01	8.6343997717e-01
3.8393420410e+02	9.9561666202e-01	8.6037516594e-01	8.6395812035e-01
3.8435391235e+02	9.9560041239e-01	8.6070287228e-01	8.6420226097e-01
3.8477362061e+02	9.9558407237e-01	8.6031162739e-01	8.6387205124e-01
3.8519332886e+02	9.9556764129e-01	8.6068528891e-01	8.6409342289e-01
3.8561303711e+02	9.9555111846e-01	8.6074721813e-01	8.6385500431e-01
3.8603274536e+02	9.9553450321e-01	8.6042052507e-01	8.6430686712e-01
3.8645245361e+02	9.9551779485e-01	8.6007136106e-01	8.6426019669e-01
3.8687216187e+02	9.9550099267e-01	8.6020904779e-01	8.6357563734e-01
3.8729187012e+02	9.9548409599e-01	8.5964924097e-01	8.6319702864e-01
3.8771157837e+02	9.9546710408e-01	8.5903662443e-01	8.6281049252e-01
3.8813131714e+02	9.9545001500e-01	8.5835796595e-01	8.6268693209e-01
3.8855102539e+02	9.9543283049e-01	8.5811465979e-01	8.6175817251e-01
3.8897073364e+02	9.9541554859e-01	8.5722172260e-01	8.6142396927e-01
3.8939044189e+02	9.9539816857e-01	8.5689413548e-01	8.6060863733e-01
3.8981015015e+02	9.9538068968e-01	8.5605788231e-01	8.5944080353e-01
3.9022985840e+02	9.9536311117e-01	8.5532581806e-01	8.5885995626e-01
3.9064956665e+02	9.9534543229e-01	8.5369026661e-01	8.5774517059e-01
3.9106927490e+02	9.9532765227e-01	8.5277074575e-01	8.5644644499e-01
3.9148898315e+02	9.9530977033e-01	8.5166645050e-01	8.5510957241e-01
3.9190869141e+02	9.9529178571e-01	8.5003978014e-01	8.5394638777e-01
3.9232839966e+02	9.9527369761e-01	8.4851229191e-01	8.5279774666e-01
3.9274810791e+02	9.9525550524e-01	8.4732478857e-01	8.5167950392e-01
3.9316781616e+02	9.9523720779e-01	8.4576475620e-01	8.4990060329e-01
3.9358752441e+02	9.9521880446e-01	8.4448736906e-01	8.4828740358e-01
3.9400723267e+02	9.9520029444e-01	8.4267777205e-01	8.4669023752e-01
3.9442694092e+02	9.9518167689e-01	8.4084814787e-01	8.4486502409e-01
3.9484664917e+02	9.9516295098e-01	8.3918768167e-01	8.4338504076e-01
3.9526635742e+02	9.9514411587e-01	8.3724147081e-01	8.4136426449e-01
3.9568606567e+02	9.9512517071e-01	8.3567154408e-01	8.3948957920e-01
3.9610577393e+02	9.9510611465e-01	8.3420503139e-01	8.3751398325e-01
3.9652548218e+02	9.9508694682e-01	8.3186310530e-01	8.3512979746e-01
3.9694519043e+02	9.9506766634e-01	8.3022636175e-01	8.3293068409e-01
3.9736489868e+02	9.9504827234e-01	8.2809865475e-01	8.3104604483e-01
3.9778460693e+02	9.9502876391e-01	8.2611060143e-01	8.2907342911e-01
3.9820431519e+02	9.9500914016e-01	8.2386106253e-01	8.2742071152e-01
3.9862402344e+02	9.9498940018e-01	8.2261544466e-01	8.2479792833e-01
3.9904376221e+02	9.9496954161e-01	8.2057231665e-01	8.2223820686e-01
3.9946347046e+02	9.9494956640e-01	8.1853699684e-01	8.1993192434e-01
3.9988317871e+02	9.9492947218e-01	8.1647557020e-01	8.1796801090e-01
4.0030288696e+02	9.9490925800e-01	8.1451457739e-01	8.1522363424e-01
4.0072259521e+02	9.9488892291e-01	8.1311702728e-01	8.1350362301e-01
4.0114230347e+02	9.9486846594e-01	8.1067490578e-01	8.1136232615e-01
4.0156201172e+02	9.9484788612e-01	8.0840760469e-01	8.0924028158e-01
4.0198171997e+02	9.9482718247e-01	8.0686479807e-01	8.0690449476e-01
4.0240142822e+02	9.9480635399e-01	8.0470353365e-01	8.0469691753e-01
4.0282113647e+02	9.9478539967e-01	8.0327677727e-01	8.0262738466e-01
4.0324084473e+02	9.9476431851e-01	8.0038839579e-01	8.0052638054e-01
4.0366055298e+02	9.9474310947e-01	7.9869967699e-01	7.9880213737e-01
4.0408026123e+02	9.9472177154e-01	7.9520392418e-01	7.9657220840e-01
4.0449996948e+02	9.9470030365e-01	7.9548901320e-01	7.9503607750e-01
4.0491967773e+02	9.9467870476e-01	7.9458856583e-01	7.9335516691e-01
4.0533938599e+02	9.9465697379e-01	7.8996390104e-01	7.9073852301e-01
4.0575909424e+02	9.9463510968e-01	7.8530091047e-01	7.8894561529e-01
4.0617880249e+02	9.9461311133e-01	7.8599280119e-01	7.8695797920e-01
4.0659851074e+02	9.9459097764e-01	7.8601652384e-01	7.8599429131e-01
4.0701821899e+02	9.9456870751e-01	7.8224343061e-01	7.8438991308e-01
4.0743792725e+02	9.9454629981e-01	7.8450149298e-01	7.8182154894e-01
4.0785763550e+02	9.9452375341e-01	7.8570133448e-01	7.8022050858e-01
4.0827734375e+02	9.9450106717e-01	7.7831000090e-01	7.7819329500e-01
4.0869705200e+02	9.9447823992e-01	7.7799355984e-01	7.7655023336e-01
4.0911676025e+02	9.9445527050e-01	7.7592098713e-01	7.7557641268e-01
4.0953649902e+02	9.9443215604e-01	7.7559989691e-01	7.7371758223e-01
4.0995620728e+02	9.9440889871e-01	7.7506852150e-01	7.7210795879e-01
4.1037591553e+02	9.9438549563e-01	7.7401465178e-01	7.7029556036e-01
4.1079562378e+02	9.9436194558e-01	7.6863211393e-01	7.6887178421e-01
4.1121533203e+02	9.9433824733e-01	7.7110838890e-01	7.6853269339e-01
4.1163504028e+02	9.9431439964e-01	7.7256798744e-01	7.6731455326e-01
4.1205474854e+02	9.9429040124e-01	7.7238208055e-01	7.6582360268e-01
4.1247445679e+02	9.9426625088e-01	7.7052074671e-01	7.6358669996e-01
4.1289416504e+02	9.9424194726e-01	7.6760095358e-01	7.6307672262e-01
4.1331387329e+02	9.9421748909e-01	7.6664912701e-01	7.6114374399e-01
4.1373358154e+02	9.9419287506e-01	7.6499360800e-01	7.6055109501e-01
4.1415328979e+02	9.9416810385e-01	7.6403713226e-01	7.6002264023e-01
4.1457299805e+02	9.9414317411e-01	7.6194852591e-01	7.5825840235e-01
4.1499270630e+02	9.9411808449e-01	7.6124310493e-01	7.5694960356e-01
4.1541241455e+02	9.9409283363e-01	7.6065301895e-01	7.5617623329e-01
4.1583212280e+02	9.9406742014e-01	7.5956046581e-01	7.5495666265e-01
4.1625183105e+02	9.9404184263e-01	7.5658929348e-01	7.5428700447e-01
4.1667153931e+02	9.9401609968e-01	7.5793105364e-01	7.5377857685e-01
4.1709124756e+02	9.9399018987e-01	7.5777900219e-01	7.5201129913e-01
4.1751095581e+02	9.9396411176e-01	7.5524717569e-01	7.5174880028e-01
4.1793066406e+02	9.9393786388e-01	7.5397413969e-01	7.5112587214e-01
4.1835037231e+02	9.9391144477e-01	7.5065273046e-01	7.5068068504e-01
4.1877008057e+02	9.9388485294e-01	7.5187462568e-01	7.4907141924e-01
4.1918978882e+02	9.9385808687e-01	7.5045180321e-01	7.4933135509e-01
4.1960949707e+02	9.9383114505e-01	7.5026565790e-01	7.4861603975e-01
4.2002920532e+02	9.9380402594e-01	7.5030481815e-01	7.4835640192e-01
4.2044894409e+02	9.9377672599e-01	7.4906110764e-01	7.4782961607e-01
4.2086865234e+02	9.9374924759e-01	7.4871319532e-01	7.4724078178e-01
4.2128836060e+02	9.9372158719e-01	7.4918860197e-01	7.4710106850e-01
4.2170806885e+02	9.9369374317e-01	7.4781250954e-01	7.4740642309e-01
4.2212777710e+02	9.9366571390e-01	7.4865210056e-01	7.4666512012e-01
4.2254748535e+02	9.9363749775e-01	7.4637973309e-01	7.4570000172e-01
4.2296719360e+02	9.9360909305e-01	7.4989145994e-01	7.4528902769e-01
4.2338690186e+02	9.9358049812e-01	7.4732851982e-01	7.4576342106e-01
4.2380661011e+02	9.9355171126e-01	7.4990779161e-01	7.4456280470e-01
4.2422631836e+02	9.9352273076e-01	7.4790871143e-01	7.4511528015e-01
4.2464602661e+02	9.9349355487e-01	7.4762713909e-01	7.4428218603e-01
4.2506573486e+02	9.9346418185e-01	7.4676668644e-01	7.4395644665e-01
4.2548544312e+02	9.9343460991e-01	7.4791163206e-01	7.4227231741e-01
4.2590515137e+02	9.9340483727e-01	7.4725341797e-01	7.4292773008e-01
4.2632485962e+02	9.9337486209e-01	7.4577182531e-01	7.4201691151e-01
4.2674456787e+02	9.9334468255e-01	7.4619203806e-01	7.4231696129e-01
4.2716427612e+02	9.9331429679e-01	7.4733680487e-01	7.4227547646e-01
4.2758398438e+02	9.9328370293e-01	7.4553066492e-01	7.4196088314e-01
4.2800369263e+02	9.9325289907e-01	7.4226826429e-01	7.4151325226e-01
4.2842340088e+02	9.9322188329e-01	7.4375319481e-01	7.4235314131e-01
4.2884310913e+02	9.9319065364e-01	7.4367767572e-01	7.4216282368e-01
4.2926281738e+02	9.9315920816e-01	7.4323773384e-01	7.4164479971e-01
4.2968252563e+02	9.9312754485e-01	7.4373120070e-01	7.4228090048e-01
4.3010223389e+02	9.9309566172e-01	7.4161034822e-01	7.4225980043e-01
4.3052194214e+02	9.9306355671e-01	7.3785638809e-01	7.4221944809e-01
4.3094165039e+02	9.9303122778e-01	7.4132001400e-01	7.4253094196e-01
4.3136138916e+02	9.9299867046e-01	7.4091964960e-01	7.4292546511e-01
4.3178109741e+02	9.9296588739e-01	7.4042880535e-01	7.4252092838e-01
4.3220080566e+02	9.9293287407e-01	7.4292093515e-01	7.4360972643e-01
4.3262051392e+02	9.9289962834e-01	7.4059367180e-01	7.4355399609e-01
4.3304022217e+02	9.9286614804e-01	7.4307936430e-01	7.4352234602e-01
4.3345993042e+02	9.9283243094e-01	7.4543535709e-01	7.4436187744e-01
4.3387963867e+02	9.9279847481e-01	7.4483942986e-01	7.4507778883e-01
4.3429934692e+02	9.9276427741e-01	7.4545788765e-01	7.4593025446e-01
4.3471905518e+02	9.9272983644e-01	7.4672454596e-01	7.4657356739e-01
4.3513876343e+02	9.9269514958e-01	7.4734562635e-01	7.4649053812e-01
4.3555847168e+02	9.9266021450e-01	7.4863594770e-01	7.4755543470e-01
4.3597817993e+02	9.9262502884e-01	7.5014799833e-01	7.4757534266e-01
4.3639788818e+02	9.9258959018e-01	7.5108277798e-01	7.4809879065e-01
4.3681759644e+02	9.9255389612e-01	7.5224167109e-01	7.4886953831e-01
4.3723730469e+02	9.9251794419e-01	7.5275099277e-01	7.4921870232e-01
4.3765701294e+02	9.9248173191e-01	7.6649498940e-01	7.4931383133e-01
4.3807672119e+02	9.9244525677e-01	7.4914062023e-01	7.5145339966e-01
4.3849642944e+02	9.9240851622e-01	7.5433272123e-01	7.5125426054e-01
4.3891613770e+02	9.9237150769e-01	7.5713777542e-01	7.5281208754e-01
4.3933584595e+02	9.9233422858e-01	7.5736910105e-01	7.5296455622e-01
4.3975555420e+02	9.9229667625e-01	7.5835001469e-01	7.5518947840e-01
4.4017526245e+02	9.9225884802e-01	7.5958633423e-01	7.5567954779e-01
4.4059497070e+02	9.9222074119e-01	7.6190418005e-01	7.5636661053e-01
4.4101467896e+02	9.9218235304e-01	7.6081472635e-01	7.5768214464e-01
4.4143438721e+02	9.9214368078e-01	7.6115566492e-01	7.5901657343e-01
4.4185412598e+02	9.9210471879e-01	7.6203876734e-01	7.5996702909e-01
4.4227383423e+02	9.9206546987e-01	7.6219362020e-01	7.6066946983e-01
4.4269354248e+02	9.9202592834e-01	7.6272565126e-01	7.6136767864e-01
4.4311325073e+02	9.9198609130e-01	7.6206642389e-01	7.6283371449e-01
4.4353295898e+02	9.9194595579e-01	7.6374101639e-01	7.6333248615e-01
4.4395266724e+02	9.9190551883e-01	7.6347523928e-01	7.6450234652e-01
4.4437237549e+02	9.9186477742e-01	7.6509737968e-01	7.6469939947e-01
4.4479208374e+02	9.9182372848e-01	7.6523494720e-01	7.6600664854e-01
4.4521179199e+02	9.9178236893e-01	7.6472610235e-01	7.6687878370e-01
4.4563150024e+02	9.9174069564e-01	7.6414746046e-01	7.6765394211e-01
4.4605120850e+02	9.9169870543e-01	7.6530438662e-01	7.6817762852e-01
4.4647091675e+02	9.9165639509e-01	7.5947797298e-01	7.6960813999e-01
4.4689062500e+02	9.9161376137e-01	7.6317107677e-01	7.7050250769e-01
4.4731033325e+02	9.9157080097e-01	7.6741892099e-01	7.7246773243e-01
4.4773004150e+02	9.9152751056e-01	7.6821053028e-01	7.7205163240e-01
4.4814974976e+02	9.9148388675e-01	7.6924157143e-01	7.7256608009e-01
4.4856945801e+02	9.9143992613e-01	7.7008044720e-01	7.7376174927e-01
4.4898916626e+02	9.9139562522e-01	7.7088946104e-01	7.7407234907e-01
4.4940887451e+02	9.9135098053e-01	7.6995146275e-01	7.7437943220e-01
4.4982858276e+02	9.9130598848e-01	7.7212309837e-01	7.7576881647e-01
4.5024829102e+02	9.9126064549e-01	7.7455371618e-01	7.7648562193e-01
4.5066799927e+02	9.9121494790e-01	7.7304220200e-01	7.7710604668e-01
4.5108770752e+02	9.9116889201e-01	7.7309989929e-01	7.7791589499e-01
4.5150741577e+02	9.9112247408e-01	7.7379572392e-01	7.7877497673e-01
4.5192712402e+02	9.9107569033e-01	7.7646541595e-01	7.7986943722e-01
4.5234683228e+02	9.9102853689e-01	7.7438491583e-01	7.7995514870e-01
4.5276657104e+02	9.9098100643e-01	7.7343964577e-01	7.8080397844e-01
4.5318627930e+02	9.9093310189e-01	7.7598977089e-01	7.8234744072e-01
4.5360598755e+02	9.9088481584e-01	7.7724975348e-01	7.8245764971e-01
4.5402569580e+02	9.9083614424e-01	7.7779364586e-01	7.8275501728e-01
4.5444540405e+02	9.9078708297e-01	7.7706682682e-01	7.8337031603e-01
4.5486511230e+02	9.9073762789e-01	7.7759838104e-01	7.8434467316e-01
4.5528482056e+02	9.9068777478e-01	7.8418171406e-01	7.8568875790e-01
4.5570452881e+02	9.9063751936e-01	7.8366535902e-01	7.8627067804e-01
4.5612423706e+02	9.9058685733e-01	7.8393328190e-01	7.8633862734e-01
4.5654394531e+02	9.9053578428e-01	7.8331559896e-01	7.8674823046e-01
4.5696365356e+02	9.9048429577e-01	7.8362435102e-01	7.8733313084e-01
4.5738336182e+02	9.9043238731e-01	7.8568691015e-01	7.8766411543e-01
4.5780307007e+02	9.9038005433e-01	7.8568571806e-01	7.8852897882e-01
4.5822277832e+02	9.9032729220e-01	7.8680485487e-01	7.8843361139e-01
4.5864248657e+02	9.9027409623e-01	7.8793901205e-01	7.8949522972e-01
4.5906219482e+02	9.9022046167e-01	7.8846895695e-01	7.8929847479e-01
4.5948190308e+02	9.9016638370e-01	7.8912746906e-01	7.8975212574e-01
4.5990161133e+02	9.9011185743e-01	7.8804045916e-01	7.9051142931e-01
4.6032131958e+02	9.9005687792e-01	7.8987187147e-01	7.9148459435e-01
4.6074102783e+02	9.9000144014e-01	7.8992146254e-01	7.9068988562e-01
4.6116073608e+02	9.8994553900e-01	7.8834033012e-01	7.9171699286e-01
4.6158044434e+02	9.8988916934e-01	7.9003876448e-01	7.9241317511e-01
4.6200015259e+02	9.8983232594e-01	7.8925538063e-01	7.9256564379e-01
4.6241986084e+02	9.8977500348e-01	7.9274749756e-01	7.9226028919e-01
4.6283956909e+02	9.8971719659e-01	7.9092228413e-01	7.9231810570e-01
4.6325927734e+02	9.8965889981e-01	7.9407954216e-01	7.9274618626e-01
4.6367901611e+02	9.8960010332e-01	7.9058831930e-01	7.9276275635e-01
4.6409872437e+02	9.8954081006e-01	7.9200619459e-01	7.9311788082e-01
4.6451843262e+02	9.8948101008e-01	7.9065430164e-01	7.9377424717e-01
4.6493814087e+02	9.8942069761e-01	7.9184842110e-01	7.9337036610e-01
4.6535784912e+02	9.8935986680e-01	7.8949147463e-01	7.9331427813e-01
4.6577755737e+02	9.8929851172e-01	7.9105216265e-01	7.9362434149e-01
4.6619726562e+02	9.8923662634e-01	7.9715895653e-01	7.9332131147e-01
4.6661697388e+02	9.8917420456e-01	7.9181885719e-01	7.9375106096e-01
4.6703668213e+02	9.8911124019e-01	7.9237920046e-01	7.9324448109e-01
4.6745639038e+02	9.8904772694e-01	7.9165250063e-01	7.9399502277e-01
4.6787609863e+02	9.8898365844e-01	7.9150384665e-01	7.9272902012e-01
4.6829580688e+02	9.8891902823e-01	7.9140543938e-01	7.9313200712e-01
4.6871551514e+02	9.8885382973e-01	7.9176950455e-01	7.9330009222e-01
4.6913522339e+02	9.8878805630e-01	7.9200279713e-01	7.9301083088e-01
4.6955493164e+02	9.8872170118e-01	7.9186052084e-01	7.9185974598e-01
4.6997463989e+02	9.8865475753e-01	7.9173648357e-01	7.9253250360e-01
4.7039434814e+02	9.8858721837e-01	7.9179871082e-01	7.9219287634e-01
4.7081405640e+02	9.8851907667e-01	7.9131728411e-01	7.9192215204e-01
4.7123376465e+02	9.8845032525e-01	7.9253774881e-01	7.9215544462e-01
4.7165347290e+02	9.8838095686e-01	7.9305803776e-01	7.9252547026e-01
4.7207318115e+02	9.8831096411e-01	7.9239290953e-01	7.9169487953e-01
4.7249288940e+02	9.8824033953e-01	7.9186958075e-01	7.9114264250e-01
4.7291259766e+02	9.8816907551e-01	7.9157024622e-01	7.9126977921e-01
4.7333230591e+02	9.8809716434e-01	7.9194152355e-01	7.9047560692e-01
4.7375201416e+02	9.8802459821e-01	7.9131042957e-01	7.8992861509e-01
4.7417175293e+02	9.8795136380e-01	7.9245352745e-01	7.8981709480e-01
4.7459146118e+02	9.8787746371e-01	7.9210567474e-01	7.8976207972e-01
4.7501116943e+02	9.8780288445e-01	7.9130673409e-01	7.8932076693e-01
4.7543087769e+02	9.8772761770e-01	7.9102683067e-01	7.8892838955e-01
4.7585058594e+02	9.8765165503e-01	7.8958827257e-01	7.8859484196e-01
4.7627029419e+02	9.8757498786e-01	7.8722423315e-01	7.8908574581e-01
4.7669000244e+02	9.8749760749e-01	7.9343038797e-01	7.8787076473e-01
4.7710971069e+02	9.8741950510e-01	7.8903782368e-01	7.8830432892e-01
4.7752941895e+02	9.8734067169e-01	7.9063326120e-01	7.8734177351e-01
4.7794912720e+02	9.8726109818e-01	7.8760105371e-01	7.8722238541e-01
4.7836883545e+02	9.8718077530e-01	7.8803062439e-01	7.8645330667e-01
4.7878854370e+02	9.8709969365e-01	7.8850018978e-01	7.8547698259e-01
4.7920825195e+02	9.8701784369e-01	7.8830093145e-01	7.8576266766e-01
4.7962796021e+02	9.8693521573e-01	7.8755128384e-01	7.8486514091e-01
4.8004766846e+02	9.8685179993e-01	7.8759086132e-01	7.8501713276e-01
4.8046737671e+02	9.8676758626e-01	7.8618758917e-01	7.8470236063e-01
4.8088708496e+02	9.8668256459e-01	7.8682196140e-01	7.8399664164e-01
4.8130679321e+02	9.8659672458e-01	7.8628289700e-01	7.8348338604e-01
4.8172650146e+02	9.8651005575e-01	7.8613620996e-01	7.8277772665e-01
4.8214620972e+02	9.8642254744e-01	7.8542083502e-01	7.8259223700e-01
4.8256591797e+02	9.8633418883e-01	7.8174173832e-01	7.8178375959e-01
4.8298562622e+02	9.8624496891e-01	7.8449994326e-01	7.8239661455e-01
4.8340533447e+02	9.8615487652e-01	7.8260272741e-01	7.8093028069e-01
4.8382504272e+02	9.8606390029e-01	7.7971702814e-01	7.8112167120e-01
4.8424475098e+02	9.8597202867e-01	7.8310978413e-01	7.7993768454e-01
4.8466445923e+02	9.8587924995e-01	7.8047412634e-01	7.7937966585e-01
4.8508419800e+02	9.8578554534e-01	7.8206431866e-01	7.7903455496e-01
4.8550390625e+02	9.8569091635e-01	7.8144878149e-01	7.7857613564e-01
4.8592361450e+02	9.8559534390e-01	7.8078353405e-01	7.7799409628e-01
4.8634332275e+02	9.8549881545e-01	7.7985084057e-01	7.7806055546e-01
4.8676303101e+02	9.8540131827e-01	7.8003954887e-01	7.7789825201e-01
4.8718273926e+02	9.8530283944e-01	7.7901637554e-01	7.7724039555e-01
4.8760244751e+02	9.8520336578e-01	7.7914887667e-01	7.7678340673e-01
4.8802215576e+02	9.8510288394e-01	7.7710694075e-01	7.7691990137e-01
4.8844186401e+02	9.8500138030e-01	7.7790617943e-01	7.7628505230e-01
4.8886157227e+02	9.8489884103e-01	7.7598589659e-01	7.7647101879e-01
4.8928128052e+02	9.8479525209e-01	7.7573627234e-01	7.7543759346e-01
4.8970098877e+02	9.8469059916e-01	7.7677386999e-01	7.7518922091e-01
4.9012069702e+02	9.8458486769e-01	7.6934188604e-01	7.7513670921e-01
4.9054040527e+02	9.8447804291e-01	7.7455276251e-01	7.7438718081e-01
4.9096011353e+02	9.8437010977e-01	7.7451115847e-01	7.7425897121e-01
4.9137982178e+02	9.8426105295e-01	7.7340525389e-01	7.7394908667e-01
4.9179953003e+02	9.8415085691e-01	7.7444404364e-01	7.7398777008e-01
4.9221923828e+02	9.8403950579e-01	7.7342838049e-01	7.7358734608e-01
4.9263894653e+02	9.8392698350e-01	7.7699488401e-01	7.7272659540e-01
4.9305865479e+02	9.8381327363e-01	7.7463364601e-01	7.7168357372e-01
4.9347836304e+02	9.8369835952e-01	7.7049350739e-01	7.7184528112e-01
4.9389807129e+02	9.8358222420e-01	7.7209442854e-01	7.7152752876e-01
4.9431777954e+02	9.8346485040e-01	7.7200031281e-01	7.7076935768e-01
4.9473748779e+02	9.8334622055e-01	7.7157866955e-01	7.7109199762e-01
4.9515719604e+02	9.8322631676e-01	7.7041482925e-01	7.7069646120e-01
4.9557690430e+02	9.8310512085e-01	7.7089756727e-01	7.7056401968e-01
4.9599664307e+02	9.8298260532e-01	7.7012753487e-01	7.6985597610e-01
4.9641635132e+02	9.8285876915e-01	7.6973712444e-01	7.7000409365e-01
4.9683605957e+02	9.8273358427e-01	7.6870435476e-01	7.6943641901e-01
4.9725576782e+02	9.8260703116e-01	7.6570516825e-01	7.6879376173e-01
4.9767547607e+02	9.8247908991e-01	7.6928102970e-01	7.6845824718e-01
4.9809518433e+02	9.8234974028e-01	7.6939016581e-01	7.6867705584e-01
4.9851489258e+02	9.8221896165e-01	7.6880025864e-01	7.6818943024e-01
4.9893460083e+02	9.8208673302e-01	7.6786005497e-01	7.6835811138e-01
4.9935430908e+02	9.8195303301e-01	7.6680505276e-01	7.6811486483e-01
4.9977401733e+02	9.8181783985e-01	7.6833486557e-01	7.6791906357e-01
5.0019372559e+02	9.8168113137e-01	7.6127266884e-01	7.6719933748e-01
5.0061343384e+02	9.8154288497e-01	7.6790392399e-01	7.6743865013e-01
5.0103314209e+02	9.8140307766e-01	7.6793473959e-01	7.6768738031e-01
5.0145285034e+02	9.8126168599e-01	7.6697683334e-01	7.6713913679e-01
5.0187255859e+02	9.8111868610e-01	7.6596862078e-01	7.6757305861e-01
5.0229226685e+02	9.8097405367e-01	7.6422518492e-01	7.6758879423e-01
5.0271197510e+02	9.8082776391e-01	7.6559799910e-01	7.6742982864e-01
5.0313168335e+02	9.8067979159e-01	7.6685339212e-01	7.6766085625e-01
5.0355139160e+02	9.8053011096e-01	7.6714223623e-01	7.6693010330e-01
5.0397109985e+02	9.8037869582e-01	7.6540607214e-01	7.6683324575e-01
5.0439080811e+02	9.8022551945e-01	7.6534050703e-01	7.6687562466e-01
5.0481051636e+02	9.8007055461e-01	7.6579248905e-01	7.6641678810e-01
5.0523022461e+02	9.7991377355e-01	7.6442062855e-01	7.6686757803e-01
5.0564993286e+02	9.7975514798e-01	7.6498842239e-01	7.6615536213e-01
5.0606964111e+02	9.7959464906e-01	7.6409232616e-01	7.6669895649e-01
5.0648937988e+02	9.7943223550e-01	7.6417464018e-01	7.6589977741e-01
5.0690908813e+02	9.7926790095e-01	7.6327562332e-01	7.6609641314e-01
5.0732879639e+02	9.7910160309e-01	7.6409292221e-01	7.6609778404e-01
5.0774850464e+02	9.7893331076e-01	7.6636242867e-01	7.6518326998e-01
5.0816821289e+02	9.7876299218e-01	7.6578849554e-01	7.6496005058e-01
5.0858792114e+02	9.7859061492e-01	7.6397502422e-01	7.6481312513e-01
5.0900762939e+02	9.7841614594e-01	7.6549088955e-01	7.6477849483e-01
5.0942733765e+02	9.7823955150e-01	7.6198232174e-01	7.6544916630e-01
5.0984704590e+02	9.7806079721e-01	7.5987654924e-01	7.6456063986e-01
5.1026675415e+02	9.7787984798e-01	7.6132714748e-01	7.6563739777e-01
5.1068646240e+02	9.7769666799e-01	7.6177883148e-01	7.6532530785e-01
5.1110617065e+02	9.7751122074e-01	7.5963336229e-01	7.6471132040e-01
5.1152587891e+02	9.7732346893e-01	7.6260280609e-01	7.6499897242e-01
5.1194558716e+02	9.7713337454e-01	7.6017838717e-01	7.6569634676e-01
5.1236529541e+02	9.7694089875e-01	7.5865930319e-01	7.6545804739e-01
5.1278503418e+02	9.7674598767e-01	7.5998032093e-01	7.6597666740e-01
5.1320471191e+02	9.7654864366e-01	7.6009190083e-01	7.6494932175e-01
5.1362445068e+02	9.7634876802e-01	7.6017582417e-01	7.6556050777e-01
5.1404412842e+02	9.7614637675e-01	7.5876331329e-01	7.6554137468e-01
5.1446386719e+02	9.7594136795e-01	7.5855380297e-01	7.6592087746e-01
5.1488354492e+02	9.7573375733e-01	7.6158541441e-01	7.6544338465e-01
5.1530328369e+02	9.7552343962e-01	7.5943654776e-01	7.6557087898e-01
5.1572296143e+02	9.7531043020e-01	7.6117712259e-01	7.6566922665e-01
5.1614270020e+02	9.7509462032e-01	7.5407546759e-01	7.6582819223e-01
5.1656237793e+02	9.7487602496e-01	7.5751984119e-01	7.6662296057e-01
5.1698211670e+02	9.7465453173e-01	7.5877004862e-01	7.6561784744e-01
5.1740179443e+02	9.7443015520e-01	7.5632077456e-01	7.6529532671e-01
5.1782153320e+02	9.7420277914e-01	7.5779300928e-01	7.6627939939e-01
5.1824121094e+02	9.7397241766e-01	7.5725722313e-01	7.6566058397e-01
5.1866094971e+02	9.7373895056e-01	7.5774043798e-01	7.6509714127e-01
5.1908062744e+02	9.7350239139e-01	7.5720447302e-01	7.6494109631e-01
5.1950036621e+02	9.7326261582e-01	7.5677573681e-01	7.6532161236e-01
5.1992004395e+02	9.7301963679e-01	7.5712931156e-01	7.6539999247e-01
5.2033978271e+02	9.7277332562e-01	7.5767022371e-01	7.6516598463e-01
5.2075946045e+02	9.7252369462e-01	7.5512254238e-01	7.6489716768e-01
5.2117919922e+02	9.7227061053e-01	7.5683486462e-01	7.6500427723e-01
5.2159887695e+02	9.7201408495e-01	7.5788652897e-01	7.6465690136e-01
5.2201861572e+02	9.7175397985e-01	7.5533407927e-01	7.6521331072e-01
5.2243829346e+02	9.7149030606e-01	7.5652003288e-01	7.6503098011e-01
5.2285803223e+02	9.7122292054e-01	7.5760543346e-01	7.6589179039e-01
5.2327777100e+02	9.7095179355e-01	7.5739735365e-01	7.6538836956e-01
5.2369744873e+02	9.7067689592e-01	7.5392806530e-01	7.6610487700e-01
5.2411718750e+02	9.7039807673e-01	7.5686806440e-01	7.6512259245e-01
5.2453686523e+02	9.7011534443e-01	7.5805938244e-01	7.6554900408e-01
5.2495660400e+02	9.6982854246e-01	7.5578325987e-01	7.6565039158e-01
5.2537628174e+02	9.6953767819e-01	7.5647324324e-01	7.6542145014e-01
5.2579602051e+02	9.6924258917e-01	7.5889503956e-01	7.6447850466e-01
5.2621569824e+02	9.6894328158e-01	7.5695091486e-01	7.6530945301e-01
5.2663543701e+02	9.6863958679e-01	7.5744521618e-01	7.6480728388e-01
5.2705511475e+02	9.6833150965e-01	7.5752359629e-01	7.6488035917e-01
5.2747485352e+02	9.6801887507e-01	7.5883924961e-01	7.6512610912e-01
5.2789453125e+02	9.6770168645e-01	7.5833833218e-01	7.6500880718e-01
5.2831427002e+02	9.6737976190e-01	7.5914412737e-01	7.6550155878e-01
5.2873394775e+02	9.6705310325e-01	7.5469768047e-01	7.6560163498e-01
5.2915368652e+02	9.6672152145e-01	7.5951999426e-01	7.6555854082e-01
5.2957336426e+02	9.6638501662e-01	7.5967365503e-01	7.6512116194e-01
5.2999310303e+02	9.6604339219e-01	7.6015943289e-01	7.6524478197e-01
5.3041278076e+02	9.6569664643e-01	7.6139116287e-01	7.6611429453e-01
5.3083251953e+02	9.6534457485e-01	7.6202034950e-01	7.6602458954e-01
5.3125219727e+02	9.6498717367e-01	7.6231044531e-01	7.6493632793e-01
5.3167193604e+02	9.6462423011e-01	7.6139652729e-01	7.6450109482e-01
5.3209161377e+02	9.6425573816e-01	7.6266938448e-01	7.6484978199e-01
5.3251135254e+02	9.6388147626e-01	7.6199030876e-01	7.6540791988e-01
5.3293103027e+02	9.6350143601e-01	7.6266014576e-01	7.6412755251e-01
5.3335076904e+02	9.6311538662e-01	7.6283705235e-01	7.6544004679e-01
5.3377050781e+02	9.6272325959e-01	7.6294153929e-01	7.6536422968e-01
5.3419018555e+02	9.6232498680e-01	7.6238399744e-01	7.6417160034e-01
5.3460992432e+02	9.6192032267e-01	7.6112300158e-01	7.6448637247e-01
5.3502960205e+02	9.6150925179e-01	7.6295274496e-01	7.6513534784e-01
5.3544934082e+02	9.6109151804e-01	7.6326215267e-01	7.6469320059e-01
5.3586901855e+02	9.6066710279e-01	7.7122533321e-01	7.6488590240e-01
5.3628875732e+02	9.6023573878e-01	7.6172405481e-01	7.6412135363e-01
5.3670843506e+02	9.5979740387e-01	7.6414555311e-01	7.6523524523e-01
5.3712817383e+02	9.5935181905e-01	7.6319062710e-01	7.6591360569e-01
5.3754785156e+02	9.5889895836e-01	7.6490056515e-01	7.6460021734e-01
5.3796759033e+02	9.5843853036e-01	7.6466423273e-01	7.6618289948e-01
5.3838726807e+02	9.5797050496e-01	7.6961445808e-01	7.6750576496e-01
5.3880700684e+02	9.5749457758e-01	7.6329880953e-01	7.6748442650e-01
5.3922668457e+02	9.5701071362e-01	7.6086127758e-01	7.5688171387e-01
5.3964642334e+02	9.5651859460e-01	7.6914632320e-01	7.6058280468e-01
5.4006610107e+02	9.5601818104e-01	7.6188606024e-01	7.6164239645e-01
5.4048583984e+02	9.5550913972e-01	7.6215922832e-01	7.6121336222e-01
5.4090551758e+02	9.5499142588e-01	7.6183432341e-01	7.6236635447e-01
5.4132525635e+02	9.5446469069e-01	7.6212167740e-01	7.6154732704e-01
5.4174493408e+02	9.5392888362e-01	7.6183891296e-01	7.6219320297e-01
5.4216467285e+02	9.5338363931e-01	7.6239138842e-01	7.6125001907e-01
5.4258435059e+02	9.5282890098e-01	7.6309597492e-01	7.6130390167e-01
5.4300408936e+02	9.5226428572e-01	7.6428461075e-01	7.6145970821e-01
5.4342376709e+02	9.5168972994e-01	7.5959193707e-01	7.6139092445e-01
5.4384350586e+02	9.5110483214e-01	7.6212555170e-01	7.6198017597e-01
5.4426324463e+02	9.5050943396e-01	7.6302224398e-01	7.6256990433e-01
5.4468292236e+02	9.4990337620e-01	7.6516139507e-01	7.6209622622e-01
5.4510266113e+02	9.4928622722e-01	7.6349413395e-01	7.6223039627e-01
5.4552233887e+02	9.4865790374e-01	7.6312226057e-01	7.6229000092e-01
5.4594207764e+02	9.4801795245e-01	7.6148176193e-01	7.6273500919e-01
5.4636175537e+02	9.4736628098e-01	7.6273304224e-01	7.6215118170e-01
5.4678149414e+02	9.4670241295e-01	7.6124602556e-01	7.6221156120e-01
5.4720117188e+02	9.4602624610e-01	7.6184910536e-01	7.6364463568e-01
5.4762091064e+02	9.4533727953e-01	7.6192337275e-01	7.6354777813e-01
5.4804058838e+02	9.4463540021e-01	7.6129299402e-01	7.6260542870e-01
5.4846032715e+02	9.4392008107e-01	7.6485943794e-01	7.6251977682e-01
5.4888000488e+02	9.4319119742e-01	7.6228833199e-01	7.6311397552e-01
5.4929974365e+02	9.4244819428e-01	7.6162236929e-01	7.6304292679e-01
5.4971942139e+02	9.4169093426e-01	7.6183891296e-01	7.6298660040e-01
5.5013916016e+02	9.4091883263e-01	7.6037591696e-01	7.6320213079e-01
5.5055883789e+02	9.4013173816e-01	7.6182043552e-01	7.6299417019e-01
5.5097857666e+02	9.3932903434e-01	7.6227074862e-01	7.6260709763e-01
5.5139825439e+02	9.3851055491e-01	7.5819981098e-01	7.6300191879e-01
5.5181799316e+02	9.3767564940e-01	7.6213639975e-01	7.6269072294e-01
5.5223767090e+02	9.3682413518e-01	7.6184719801e-01	7.6305454969e-01
5.5265740967e+02	9.3595532546e-01	7.6121705770e-01	7.6354926825e-01
5.5307708740e+02	9.3506901979e-01	7.6624381542e-01	7.6191073656e-01
5.5349682617e+02	9.3416449252e-01	7.6148879528e-01	7.6254886389e-01
5.5391650391e+02	9.3324152380e-01	7.5965595245e-01	7.6239961386e-01
5.5433624268e+02	9.3229934635e-01	7.6078361273e-01	7.6180642843e-01
5.5475592041e+02	9.3133771917e-01	7.6136785746e-01	7.6124596596e-01
5.5517565918e+02	9.3035583040e-01	7.6017028093e-01	7.6160681248e-01
5.5559539795e+02	9.2935326864e-01	7.6038980484e-01	7.6171243191e-01
5.5601507568e+02	9.2832961619e-01	7.6008582115e-01	7.6188439131e-01
5.5643481445e+02	9.2728398818e-01	7.5936055183e-01	7.6207178831e-01
5.5685449219e+02	9.2621608196e-01	7.5895655155e-01	7.6144611835e-01
5.5727423096e+02	9.2512495948e-01	7.5656527281e-01	7.6106160879e-01
5.5769390869e+02	9.2401028944e-01	7.5883412361e-01	7.6064443588e-01
5.5811364746e+02	9.2287107665e-01	7.5844055414e-01	7.6036530733e-01
5.5853332520e+02	9.2170695854e-01	7.5724756718e-01	7.6042258739e-01
5.5895306396e+02	9.2051687849e-01	7.5402474403e-01	7.6015996933e-01
5.5937274170e+02	9.1930043977e-01	7.5732344389e-01	7.6154482365e-01
5.5979248047e+02	9.1805651967e-01	7.5803554058e-01	7.6202869415e-01
5.6021215820e+02	9.1678468419e-01	7.5614136457e-01	7.6078736782e-01
5.6063189697e+02	9.1548373941e-01	7.5682860613e-01	7.6163983345e-01
5.6105157471e+02	9.1415321062e-01	7.5618183613e-01	7.5991332531e-01
5.6147131348e+02	9.1279182718e-01	7.5676995516e-01	7.6002639532e-01
5.6189099121e+02	9.1139906988e-01	7.5528317690e-01	7.5999820232e-01
5.6231072998e+02	9.0997358535e-01	7.5510770082e-01	7.5806617737e-01
5.6273040771e+02	9.0851480575e-01	7.5526797771e-01	7.5848942995e-01
5.6315014648e+02	9.0702128842e-01	7.5578647852e-01	7.5938361883e-01
5.6356982422e+02	9.0549241233e-01	7.5518643856e-01	7.5872915983e-01
5.6398956299e+02	9.0392663844e-01	7.5558263063e-01	7.5806295872e-01
5.6440924072e+02	9.0232328755e-01	7.5497829914e-01	7.5815671682e-01
5.6482897949e+02	9.0068071644e-01	7.5787663460e-01	7.5760233402e-01
5.6524865723e+02	8.9899818227e-01	7.5380146503e-01	7.5655448437e-01
5.6566839600e+02	8.9727392920e-01	7.5486987829e-01	7.5620436668e-01
5.6608813477e+02	8.9550688467e-01	7.5434035063e-01	7.5726991892e-01
5.6650781250e+02	8.9369595133e-01	7.5461411476e-01	7.5559425354e-01
5.6692755127e+02	8.9183918683e-01	7.5478124619e-01	7.5450229645e-01
5.6734722900e+02	8.8993566182e-01	7.5513648987e-01	7.5560313463e-01
5.6776696777e+02	8.8798329669e-01	7.5448107719e-01	7.5367665291e-01
5.6818664551e+02	8.8598107488e-01	7.5557613373e-01	7.5523561239e-01
5.6860638428e+02	8.8392676812e-01	7.5691008568e-01	7.5416314602e-01
5.6902606201e+02	8.8181926443e-01	7.5185388327e-01	7.5396251678e-01
5.6944580078e+02	8.7965617443e-01	7.5333619118e-01	7.5226014853e-01
5.6986547852e+02	8.7743628174e-01	7.5321924686e-01	7.5171172619e-01
5.7028521729e+02	8.7515702237e-01	7.5228661299e-01	7.5126171112e-01
5.7070489502e+02	8.7281706571e-01	7.5279384851e-01	7.4981838465e-01
5.7112463379e+02	8.7041365846e-01	7.5267469883e-01	7.4906402826e-01
5.7154431152e+02	8.6794534514e-01	7.5820791721e-01	7.4814116955e-01
5.7196405029e+02	8.6540916718e-01	7.4749547243e-01	7.4783897400e-01
5.7238372803e+02	8.6280353261e-01	7.5123524666e-01	7.4641287327e-01
5.7280346680e+02	8.6012526033e-01	7.4796974659e-01	7.4587160349e-01
5.7322314453e+02	8.5737260933e-01	7.4817901850e-01	7.4387353659e-01
5.7364288330e+02	8.5454215724e-01	7.4646425247e-01	7.4394416809e-01
5.7406256104e+02	8.5163200045e-01	7.5746417046e-01	7.4173539877e-01
5.7448229980e+02	8.4863845519e-01	7.4074470997e-01	7.4010503292e-01
5.7490197754e+02	8.4555944068e-01	7.4241900444e-01	7.3865473270e-01
5.7532171631e+02	8.4239099002e-01	7.4084407091e-01	7.3919308186e-01
5.7574139404e+02	8.3913082969e-01	7.3795992136e-01	7.3658692837e-01
5.7616113281e+02	8.3577468647e-01	7.3782122135e-01	7.3458796740e-01
5.7658087158e+02	8.3231956777e-01	7.3517274857e-01	7.3400413990e-01
5.7700054932e+02	8.2876239867e-01	7.3474156857e-01	7.3251867294e-01
5.7742028809e+02	8.2509839962e-01	7.3227214813e-01	7.3016631603e-01
5.7783996582e+02	8.2132474103e-01	7.2897261381e-01	7.2915285826e-01
5.7825970459e+02	8.1743627258e-01	7.2475367785e-01	7.2681331635e-01
5.7867938232e+02	8.1342991066e-01	7.2314208746e-01	7.2296750546e-01
5.7909912109e+02	8.0930010619e-01	7.1982830763e-01	7.1965289116e-01
5.7951879883e+02	8.0504350290e-01	7.1473979950e-01	7.1433645487e-01
5.7993853760e+02	8.0065412412e-01	7.1216797829e-01	7.1487706900e-01
5.8035821533e+02	7.9612832250e-01	7.0883381367e-01	7.1641802788e-01
5.8077795410e+02	7.9145966460e-01	7.0665699244e-01	7.1305477619e-01
5.8119763184e+02	7.8664419432e-01	7.0929914713e-01	7.0915704966e-01
5.8161737061e+02	7.8167499265e-01	6.9895118475e-01	7.0541536808e-01
5.8203704834e+02	7.7654777880e-01	6.9180887938e-01	7.0224845409e-01
5.8245678711e+02	7.7125512067e-01	6.8854272366e-01	6.9894886017e-01
5.8287646484e+02	7.6579239973e-01	6.8421274424e-01	6.9327825308e-01
5.8329620361e+02	7.6015164594e-01	6.7316800356e-01	6.8967616558e-01
5.8371588135e+02	7.5432789447e-01	6.7301797867e-01	6.8493229151e-01
5.8413562012e+02	7.4831261695e-01	6.6726571321e-01	6.7948126793e-01
5.8455529785e+02	7.4210050033e-01	6.6130125523e-01	6.7375344038e-01
5.8497503662e+02	7.3568244433e-01	6.5425336361e-01	6.6865259409e-01
5.8539471436e+02	7.2905279512e-01	6.5418064594e-01	6.6389155388e-01
5.8581445312e+02	7.2220187699e-01	6.4245796204e-01	6.5609174967e-01
5.8623413086e+02	7.1512371577e-01	6.3054138422e-01	6.5017706156e-01
5.8665386963e+02	7.0780807089e-01	6.1555528641e-01	6.4148014784e-01
5.8707354736e+02	7.0024868588e-01	6.2146437168e-01	6.3433110714e-01
5.8749328613e+02	6.9243478524e-01	6.1398112774e-01	6.2593191862e-01
5.8791302490e+02	6.8435869785e-01	6.0694563389e-01	6.1872404814e-01
5.8833270264e+02	6.7601275086e-01	6.0261160135e-01	6.0876399279e-01
5.8875244141e+02	6.6738548172e-01	5.9012258053e-01	5.9738856554e-01
5.8917211914e+02	6.5847026734e-01	5.8221966028e-01	5.8781296015e-01
5.8959185791e+02	6.4925531798e-01	5.5756109953e-01	5.7690292597e-01
5.9001153564e+02	6.3973409915e-01	5.6109821796e-01	5.6333422661e-01
5.9043127441e+02	6.2989465616e-01	5.5246132612e-01	5.5197805166e-01
5.9085095215e+02	6.1973075717e-01	5.4467278719e-01	5.3945010900e-01
5.9127069092e+02	6.0923050938e-01	5.3297156096e-01	5.2660131454e-01
5.9169036865e+02	5.9838826972e-01	5.2746343613e-01	5.1441001892e-01
5.9211010742e+02	5.8719251491e-01	5.0972020626e-01	4.9969381094e-01
5.9252978516e+02	5.7563856559e-01	4.9650025368e-01	4.8487150669e-01
5.9294952393e+02	5.6371567482e-01	4.8462659121e-01	4.6971529722e-01
5.9336920166e+02	5.5142060914e-01	4.5838516951e-01	4.5325240493e-01
5.9378894043e+02	5.3874392406e-01	4.6280309558e-01	4.3786627054e-01
5.9420861816e+02	5.2568444080e-01	4.4337937236e-01	4.1900959611e-01
5.9462835693e+02	5.1223468309e-01	4.2640548944e-01	4.0060397983e-01
5.9504803467e+02	4.9839628071e-01	4.1640579700e-01	3.8403448462e-01
5.9546777344e+02	4.8416454961e-01	3.7867695093e-01	3.6592376232e-01
5.9588745117e+02	4.6954484176e-01	3.8186705112e-01	3.4587872028e-01
5.9630718994e+02	4.5453626074e-01	3.6534222960e-01	3.2740524411e-01
5.9672686768e+02	4.3914896052e-01	3.4823125601e-01	3.0769580603e-01
5.9714660645e+02	4.2338700170e-01	3.3206656575e-01	2.8751048446e-01
5.9756628418e+02	4.0726657840e-01	3.0931422114e-01	2.6991611719e-01
5.9798602295e+02	3.9079803614e-01	2.6695489883e-01	2.5217506289e-01
5.9840576172e+02	3.7400251008e-01	2.8042212129e-01	2.2746601701e-01
5.9882543945e+02	3.5690546967e-01	2.6497539878e-01	2.1769878268e-01
5.9924517822e+02	3.3952941137e-01	2.5228950381e-01	1.9820080698e-01
5.9966485596e+02	3.2191171960e-01	2.3388731480e-01	1.8136487901e-01
6.0008459473e+02	3.0408481557e-01	2.1864010394e-01	1.6611336172e-01
6.0050427246e+02	2.8609694114e-01	2.0479647815e-01	1.5263597667e-01
6.0092401123e+02	2.6799171955e-01	1.8829655647e-01	1.4102706313e-01
6.0134368896e+02	2.4982926298e-01	1.7879706621e-01	1.2985627353e-01
6.0176342773e+02	2.3166528684e-01	1.6701479256e-01	1.1926497519e-01
6.0218310547e+02	2.1357224737e-01	1.5618695319e-01	1.1178736389e-01
6.0260284424e+02	1.9561819515e-01	1.4552140236e-01	1.0400377959e-01
6.0302252197e+02	1.7788758650e-01	1.3614064455e-01	1.0135486722e-01
6.0344226074e+02	1.6046011676e-01	1.2696167827e-01	9.4810701907e-02
6.0386193848e+02	1.4343079709e-01	1.0033144802e-01	8.7883643806e-02
6.0428167725e+02	1.2688907532e-01	1.1232990026e-01	8.3991333842e-02
6.0470135498e+02	1.1093773841e-01	1.0607832670e-01	8.0501973629e-02
6.0512109375e+02	9.5672707801e-02	9.9921025336e-02	7.4126273394e-02
6.0554077148e+02	8.1200325767e-02	9.5369495451e-02	7.5754098594e-02
6.0596051025e+02	6.7618299279e-02	9.0500019491e-02	7.0108570158e-02
6.0638018799e+02	5.5030960777e-02	7.0943064988e-02	6.9943420589e-02
6.0679992676e+02	4.3531917827e-02	8.0521635711e-02	6.7458741367e-02
6.0721960449e+02	3.3216943570e-02	8.2988195121e-02	6.7153856158e-02
6.0763934326e+02	2.4168950749e-02	8.0212824047e-02	6.6465742886e-02
6.0805902100e+02	1.6468253352e-02	7.7158093452e-02	6.5902017057e-02
6.0847875977e+02	1.0180499666e-02	7.5448490679e-02	6.5513260663e-02
6.0889849854e+02	5.3635460323e-03	7.4720017612e-02	6.4952492714e-02
6.0931817627e+02	2.0618891599e-03	7.9021953046e-02	6.6552668810e-02
6.0973791504e+02	3.0518917224e-04	7.5164049864e-02	6.6325999796e-02
6.1015759277e+02	1.1036773868e-04	7.5639128685e-02	6.7215368152e-02
6.1057733154e+02	1.4791941235e-03	7.7956967056e-02	6.9081872702e-02
6.1099700928e+02	4.3984680043e-03	7.9935885966e-02	7.0983916521e-02
6.1141674805e+02	8.8419012662e-03	8.2794167101e-02	7.3823615909e-02
6.1183642578e+02	1.4767365799e-02	8.1003829837e-02	7.4561171234e-02
6.1225616455e+02	2.2122961969e-02	8.5193611681e-02	7.9471498728e-02
6.1267584229e+02	3.0841350215e-02	8.8285751641e-02	8.4112778306e-02
6.1309558105e+02	4.0849667302e-02	9.0443827212e-02	8.6333483458e-02
6.1351525879e+02	5.2060996916e-02	9.8384775221e-02	9.2004992068e-02
6.1393499756e+02	6.4387620532e-02	1.0317894816e-01	9.7425982356e-02
6.1435467529e+02	7.7729744271e-02	1.0194237530e-01	1.0268236697e-01
6.1477441406e+02	9.1991472441e-02	9.4736456871e-02	1.1157447100e-01
6.1519409180e+02	1.0706699183e-01	1.1253713071e-01	1.1643376201e-01
6.1561383057e+02	1.2285863254e-01	1.2117894739e-01	1.2293372303e-01
6.1603350830e+02	1.3926080206e-01	1.2897522748e-01	1.3332186639e-01
6.1645324707e+02	1.5617953387e-01	1.3642729819e-01	1.4126311243e-01
6.1687292480e+02	1.7351454366e-01	1.4791181684e-01	1.4884439111e-01
6.1729266357e+02	1.9117973814e-01	1.5258143842e-01	1.5865042806e-01
6.1771234131e+02	2.0908381916e-01	1.6344220936e-01	1.6975797713e-01
6.1813208008e+02	2.2715131177e-01	1.7193472385e-01	1.7763189971e-01
6.1855175781e+02	2.4530216113e-01	1.8187768757e-01	1.8738125265e-01
6.1897149658e+02	2.6347292380e-01	1.9199120998e-01	1.9849179685e-01
6.1939117432e+02	2.8159578850e-01	2.0301918685e-01	2.1057753265e-01
6.1981091309e+02	2.9961964960e-01	2.1166664362e-01	2.2075116634e-01
6.2023065186e+02	3.1749152785e-01	2.2546370327e-01	2.3063890636e-01
6.2065032959e+02	3.3516438001e-01	2.3402535915e-01	2.4058888853e-01
6.2107006836e+02	3.5260445433e-01	2.4300408363e-01	2.5198626518e-01
6.2148974609e+02	3.6977308228e-01	2.5684314966e-01	2.6460918784e-01
6.2190948486e+02	3.8664660925e-01	2.5288844109e-01	2.7448081970e-01
6.2232916260e+02	4.0319608447e-01	2.7761539817e-01	2.8538623452e-01
6.2274890137e+02	4.1940650939e-01	2.6074656844e-01	2.9619625211e-01
6.2316857910e+02	4.3525723076e-01	2.9812586308e-01	3.0654931068e-01
6.2358831787e+02	4.5074042732e-01	3.1041958928e-01	3.1677633524e-01
6.2400799561e+02	4.6584232718e-01	3.1834840775e-01	3.2646709681e-01
6.2442773438e+02	4.8056087878e-01	3.2689052820e-01	3.3354696631e-01
6.2484741211e+02	4.9488786826e-01	3.4239220619e-01	3.4525042772e-01
6.2526715088e+02	5.0882574210e-01	3.4729763865e-01	3.5465353727e-01
6.2568682861e+02	5.2237066361e-01	3.5235917568e-01	3.6303809285e-01
6.2610656738e+02	5.3552847256e-01	3.5966834426e-01	3.7172710896e-01
6.2652624512e+02	5.4829869202e-01	3.6923685670e-01	3.7934330106e-01
6.2694598389e+02	5.6068962504e-01	3.8821953535e-01	3.8695454597e-01
6.2736566162e+02	5.7270330210e-01	3.8277927041e-01	3.9422482252e-01
6.2778540039e+02	5.8434972684e-01	3.8847255707e-01	4.0129446983e-01
6.2820507812e+02	5.9563273980e-01	3.9622732997e-01	4.1028931737e-01
6.2862481689e+02	6.0656343424e-01	4.0464055538e-01	4.1708561778e-01
6.2904449463e+02	6.1714690172e-01	4.1254433990e-01	4.2423510551e-01
6.2946423340e+02	6.2739484622e-01	4.1783893108e-01	4.3005588651e-01
6.2988391113e+02	6.3731317067e-01	4.2569717765e-01	4.3775966763e-01
6.3030364990e+02	6.4691382245e-01	4.2767316103e-01	4.4418457150e-01
6.3072338867e+02	6.5620450528e-01	4.3162271380e-01	4.4978582859e-01
6.3114306641e+02	6.6519314801e-01	4.3926939368e-01	4.5778921247e-01
6.3156280518e+02	6.7389157092e-01	4.3233093619e-01	4.6210318804e-01
6.3198248291e+02	6.8230639565e-01	4.5109099150e-01	4.6719479561e-01
6.3240222168e+02	6.9044913247e-01	4.5515510440e-01	4.7401937842e-01
6.3282189941e+02	6.9832635195e-01	4.5999717712e-01	4.8035305738e-01
6.3324163818e+02	7.0594913726e-01	4.6403789520e-01	4.8334059119e-01
6.3366131592e+02	7.1332389172e-01	4.6996819973e-01	4.8902741075e-01
6.3408105469e+02	7.2046119500e-01	4.7407782078e-01	4.9360269308e-01
6.3450073242e+02	7.2736720336e-01	4.7935965657e-01	4.9768781662e-01
6.3492047119e+02	7.3405194763e-01	4.8401883245e-01	5.0358092785e-01
6.3534014893e+02	7.4052128509e-01	4.8839583993e-01	5.0915122032e-01
6.3575988770e+02	7.4678467577e-01	4.9437507987e-01	5.1320707798e-01
6.3617956543e+02	7.5284764714e-01	4.9807712436e-01	5.1649808884e-01
6.3659930420e+02	7.5871908372e-01	5.0269460678e-01	5.2007734776e-01
6.3701898193e+02	7.6440416810e-01	5.0771540403e-01	5.2787649632e-01
6.3743872070e+02	7.6991121700e-01	5.1271879673e-01	5.3039348125e-01
6.3785839844e+02	7.7524506458e-01	5.1575273275e-01	5.3509259224e-01
6.3827813721e+02	7.8041347621e-01	5.2058929205e-01	5.4058641195e-01
6.3869781494e+02	7.8542094233e-01	5.2360534668e-01	5.4400157928e-01
6.3911755371e+02	7.9027469928e-01	5.3379708529e-01	5.4836833477e-01
6.3953723145e+02	7.9497890424e-01	5.3485494852e-01	5.5067479610e-01
6.3995697021e+02	7.9954029055e-01	5.3855454922e-01	5.5629569292e-01
6.4037664795e+02	8.0396269642e-01	5.4162269831e-01	5.6034272909e-01
6.4079638672e+02	8.0825238035e-01	5.4564142227e-01	5.6634026766e-01
6.4121612549e+02	8.1241347423e-01	5.4958522320e-01	5.6749022007e-01
6.4163580322e+02	8.1645000290e-01	5.5365896225e-01	5.7120162249e-01
6.4205554199e+02	8.2036756711e-01	5.5814480782e-01	5.7623678446e-01
6.4247521973e+02	8.2416928336e-01	5.6579667330e-01	5.7902318239e-01
6.4289495850e+02	8.2786035010e-01	5.6657427549e-01	5.8346223831e-01
6.4331463623e+02	8.3144362751e-01	5.7000291348e-01	5.8706122637e-01
6.4373437500e+02	8.3492393981e-01	5.7188552618e-01	5.9080535173e-01
6.4415405273e+02	8.3830390927e-01	5.7616758347e-01	5.9413379431e-01
6.4457379150e+02	8.4158801289e-01	5.7873868942e-01	5.9792655706e-01
6.4499346924e+02	8.4477865287e-01	5.8296298981e-01	6.0094994307e-01
6.4541320801e+02	8.4787998462e-01	5.8538770676e-01	6.0537934303e-01
6.4583288574e+02	8.5089420738e-01	5.8783495426e-01	6.0744488239e-01
6.4625262451e+02	8.5382517911e-01	5.9243792295e-01	6.0971933603e-01
6.4667230225e+02	8.5667491229e-01	5.9411787987e-01	6.1330205202e-01
6.4709204102e+02	8.5944699008e-01	5.9794247150e-01	6.1720150709e-01
6.4751171875e+02	8.6214325339e-01	6.0117298365e-01	6.1979019642e-01
6.4793145752e+02	8.6476703170e-01	6.0473340750e-01	6.2270927429e-01
6.4835113525e+02	8.6732000852e-01	6.0780566931e-01	6.2607318163e-01
6.4877087402e+02	8.6980527929e-01	6.1347472668e-01	6.2965393066e-01
6.4919055176e+02	8.7222438331e-01	6.1112451553e-01	6.3246947527e-01
6.4961029053e+02	8.7458020012e-01	6.1441832781e-01	6.3566166162e-01
6.5002996826e+02	8.7687413700e-01	6.1937147379e-01	6.4056271315e-01
6.5044970703e+02	8.7910887437e-01	6.1856430769e-01	6.4122092724e-01
6.5086938477e+02	8.8128569875e-01	6.2567800283e-01	6.4402002096e-01
6.5128912354e+02	8.8340710689e-01	6.2588989735e-01	6.4771443605e-01
6.5170880127e+02	8.8547427489e-01	6.2842273712e-01	6.5002292395e-01
6.5212854004e+02	8.8748953010e-01	6.3687741756e-01	6.5288108587e-01
6.5254827881e+02	8.8945422976e-01	6.3541728258e-01	6.5571707487e-01
6.5296795654e+02	8.9136969863e-01	6.3762938976e-01	6.5713870525e-01
6.5338769531e+02	8.9323803419e-01	6.4065992832e-01	6.6000419855e-01
6.5380737305e+02	8.9506017622e-01	6.4237529039e-01	6.6214555502e-01
6.5422711182e+02	8.9683808358e-01	6.4642208815e-01	6.6306310892e-01
6.5464678955e+02	8.9857261545e-01	6.4779049158e-01	6.6623872519e-01
6.5506652832e+02	9.0026560267e-01	6.4968538284e-01	6.6939896345e-01
6.5548620605e+02	9.0191783079e-01	6.5148252249e-01	6.6972845793e-01
6.5590594482e+02	9.0353101235e-01	6.5563672781e-01	6.7267560959e-01
6.5632562256e+02	9.0510586559e-01	6.5777802467e-01	6.7423647642e-01
6.5674536133e+02	9.0664399369e-01	6.6041994095e-01	6.7708742619e-01
6.5716503906e+02	9.0814605337e-01	6.6306102276e-01	6.7973500490e-01
6.5758477783e+02	9.0961354662e-01	6.6537189484e-01	6.8162339926e-01
6.5800445557e+02	9.1104707394e-01	6.6766262054e-01	6.8287169933e-01
6.5842419434e+02	9.1244804365e-01	6.7026656866e-01	6.8557351828e-01
6.5884387207e+02	9.1381700483e-01	6.7214101553e-01	6.8725854158e-01
6.5926361084e+02	9.1515527904e-01	6.7369818687e-01	6.8836522102e-01
6.5968328857e+02	9.1646336832e-01	6.7674458027e-01	6.9163805246e-01
6.6010302734e+02	9.1774251382e-01	6.7846411467e-01	6.9186055660e-01
6.6052270508e+02	9.1899317455e-01	6.8098795414e-01	6.9536286592e-01
6.6094244385e+02	9.2021651706e-01	6.8313652277e-01	6.9628810883e-01
6.6136212158e+02	9.2141296097e-01	6.8523865938e-01	6.9830828905e-01
6.6178186035e+02	9.2258360361e-01	6.8778711557e-01	6.9903475046e-01
6.6220153809e+02	9.2372882852e-01	6.8919503689e-01	7.0200705528e-01
6.6262127686e+02	9.2484966872e-01	6.9151645899e-01	7.0362597704e-01
6.6304101562e+02	9.2594663255e-01	6.9345271587e-01	7.0506191254e-01
6.6346069336e+02	9.2702021982e-01	6.9543826580e-01	7.0685225725e-01
6.6388043213e+02	9.2807137544e-01	6.9752430916e-01	7.0812946558e-01
6.6430010986e+02	9.2910040552e-01	6.9944268465e-01	7.0969951153e-01
6.6471984863e+02	9.3010820133e-01	7.0113527775e-01	7.1158140898e-01
6.6513952637e+02	9.3109504241e-01	7.0254063606e-01	7.1360754967e-01
6.6555926514e+02	9.3206177007e-01	7.0451050997e-01	7.1475744247e-01
6.6597894287e+02	9.3300863951e-01	7.0674854517e-01	7.1774005890e-01
6.6639868164e+02	9.3393644545e-01	7.0775139332e-01	7.1878504753e-01
6.6681835938e+02	9.3484542077e-01	7.0971316099e-01	7.2090673447e-01
6.6723809814e+02	9.3573631676e-01	7.1131610870e-01	7.2249668837e-01
6.6765777588e+02	9.3660934580e-01	7.1341419220e-01	7.2450888157e-01
6.6807751465e+02	9.3746521864e-01	7.1509742737e-01	7.2572529316e-01
6.6849719238e+02	9.3830412885e-01	7.1641552448e-01	7.2833156586e-01
6.6891693115e+02	9.3912674930e-01	7.1932834387e-01	7.3138481379e-01
6.6933660889e+02	9.3993325630e-01	7.2050768137e-01	7.3265576363e-01
6.6975634766e+02	9.4072428733e-01	7.2211468220e-01	7.3469847441e-01
6.7017602539e+02	9.4150000282e-01	7.2311717272e-01	7.3649662733e-01
6.7059576416e+02	9.4226100714e-01	7.2435694933e-01	7.3805642128e-01
6.7101544189e+02	9.4300744615e-01	7.2617703676e-01	7.4020808935e-01
6.7143518066e+02	9.4373989320e-01	7.2775274515e-01	7.4216210842e-01
6.7185485840e+02	9.4445848078e-01	7.2964996099e-01	7.4359917641e-01
6.7227459717e+02	9.4516375319e-01	7.2995638847e-01	7.4567538500e-01
6.7269427490e+02	9.4585583061e-01	7.3239398003e-01	7.4714833498e-01
6.7311401367e+02	9.4653523010e-01	7.3370569944e-01	7.4967569113e-01
6.7353375244e+02	9.4720215662e-01	7.3579967022e-01	7.5083702803e-01
6.7395343018e+02	9.4785681342e-01	7.3701018095e-01	7.5227659941e-01
6.7437316895e+02	9.4849967986e-01	7.3819577694e-01	7.5449472666e-01
6.7479284668e+02	9.4913084948e-01	7.3986160755e-01	7.5691998005e-01
6.7521258545e+02	9.4975077839e-01	7.4126666784e-01	7.5728547573e-01
6.7563226318e+02	9.5035955096e-01	7.4276959896e-01	7.5919222832e-01
6.7605200195e+02	9.5095760146e-01	7.4387258291e-01	7.6055306196e-01
6.7647167969e+02	9.5154500580e-01	7.4548661709e-01	7.6224660873e-01
6.7689141846e+02	9.5212217770e-01	7.4762046337e-01	7.6398938894e-01
6.7731109619e+02	9.5268918530e-01	7.4833554029e-01	7.6585125923e-01
6.7773083496e+02	9.5324642298e-01	7.5038629770e-01	7.6709514856e-01
6.7815051270e+02	9.5379395173e-01	7.5169235468e-01	7.6889872551e-01
6.7857025146e+02	9.5433214772e-01	7.5333410501e-01	7.6959890127e-01
6.7898992920e+02	9.5486106535e-01	7.5432348251e-01	7.7207267284e-01
6.7940966797e+02	9.5538106363e-01	7.5574785471e-01	7.7277350426e-01
6.7982934570e+02	9.5589219090e-01	7.5702255964e-01	7.7441835403e-01
6.8024908447e+02	9.5639478999e-01	7.5865167379e-01	7.7516996861e-01
6.8066876221e+02	9.5688890365e-01	7.6000332832e-01	7.7650827169e-01
6.8108850098e+02	9.5737485946e-01	7.6161438227e-01	7.7783554792e-01
6.8150817871e+02	9.5785269501e-01	7.6262420416e-01	7.7970331907e-01
6.8192791748e+02	9.5832272348e-01	7.6411396265e-01	7.8096532822e-01
6.8234759521e+02	9.5878497772e-01	7.6532381773e-01	7.8182160854e-01
6.8276733398e+02	9.5923975731e-01	7.6726245880e-01	7.8358763456e-01
6.8318701172e+02	9.5968709073e-01	7.6897263527e-01	7.8466427326e-01
6.8360675049e+02	9.6012726468e-01	7.6973873377e-01	7.8593116999e-01
6.8402642822e+02	9.6056030364e-01	7.7133411169e-01	7.8642821312e-01
6.8444616699e+02	9.6098648215e-01	7.7310258150e-01	7.8791469336e-01
6.8486590576e+02	9.6140588148e-01	7.7403593063e-01	7.8880000114e-01
6.8528558350e+02	9.6181858314e-01	7.7488023043e-01	7.9119747877e-01
6.8570532227e+02	9.6222484463e-01	7.7721315622e-01	7.9212832451e-01
6.8612500000e+02	9.6262468173e-01	7.7837419510e-01	7.9364746809e-01
6.8654473877e+02	9.6301834130e-01	7.7935117483e-01	7.9434823990e-01
6.8696441650e+02	9.6340583612e-01	7.8028625250e-01	7.9619193077e-01
6.8738415527e+02	9.6378740301e-01	7.8240567446e-01	7.9641371965e-01
6.8780383301e+02	9.6416305198e-01	7.8354895115e-01	7.9830896854e-01
6.8822357178e+02	9.6453301030e-01	7.8457307816e-01	7.9985374212e-01
6.8864324951e+02	9.6489728544e-01	7.8635191917e-01	8.0065727234e-01
6.8906298828e+02	9.6525609563e-01	7.8771555424e-01	8.0133169889e-01
6.8948266602e+02	9.6560944600e-01	7.8831827641e-01	8.0323231220e-01
6.8990240479e+02	9.6595754617e-01	7.8955382109e-01	8.0449658632e-01
6.9032208252e+02	9.6630039914e-01	7.9137843847e-01	8.0587607622e-01
6.9074182129e+02	9.6663820636e-01	7.9218548536e-01	8.0636364222e-01
6.9116149902e+02	9.6697096887e-01	7.9419684410e-01	8.0802822113e-01
6.9158123779e+02	9.6729888037e-01	7.9496067762e-01	8.0877017975e-01
6.9200091553e+02	9.6762194006e-01	7.9616552591e-01	8.1019425392e-01
6.9242065430e+02	9.6794033428e-01	7.9783594608e-01	8.1145024300e-01
6.9284033203e+02	9.6825406057e-01	7.9880148172e-01	8.1264513731e-01
6.9326007080e+02	9.6856329826e-01	8.0069714785e-01	8.1285876036e-01
6.9367974854e+02	9.6886804336e-01	8.0106616020e-01	8.1500810385e-01
6.9409948730e+02	9.6916846852e-01	8.0324929953e-01	8.1602942944e-01
6.9451916504e+02	9.6946456837e-01	8.0366802216e-01	8.1685078144e-01
6.9493890381e+02	9.6975650917e-01	8.0527365208e-01	8.1769907475e-01
6.9535864258e+02	9.7004432586e-01	8.0692207813e-01	8.1885975599e-01
6.9577832031e+02	9.7032805397e-01	8.0781477690e-01	8.2025200129e-01
6.9619805908e+02	9.7060785077e-01	8.0908381939e-01	8.2152688503e-01
6.9661773682e+02	9.7088370793e-01	8.1055831909e-01	8.2240730524e-01
6.9703747559e+02	9.7115577708e-01	8.1139343977e-01	8.2384675741e-01
6.9745715332e+02	9.7142404887e-01	8.1247919798e-01	8.2511538267e-01
6.9787689209e+02	9.7168866956e-01	8.1415408850e-01	8.2586020231e-01
6.9829656982e+02	9.7194962886e-01	8.1550854445e-01	8.2696890831e-01
6.9871630859e+02	9.7220706790e-01	8.1641089916e-01	8.2833105326e-01
6.9913598633e+02	9.7246097556e-01	8.1757903099e-01	8.2931023836e-01
6.9955572510e+02	9.7271148805e-01	8.1863141060e-01	8.3028119802e-01
6.9997540283e+02	9.7295859349e-01	8.1960618496e-01	8.3174234629e-01
7.0039514160e+02	9.7320242340e-01	8.2088971138e-01	8.3260852098e-01
7.0081481934e+02	9.7344296521e-01	8.2258248329e-01	8.3412432671e-01
7.0123455811e+02	9.7368034598e-01	8.2323265076e-01	8.3456856012e-01
7.0165423584e+02	9.7391455249e-01	8.2447111607e-01	8.3636277914e-01
7.0207397461e+02	9.7414570753e-01	8.2579606771e-01	8.3640134335e-01
7.0249365234e+02	9.7437379733e-01	8.2660531998e-01	8.3768570423e-01
7.0291339111e+02	9.7459894055e-01	8.2803106308e-01	8.3886879683e-01
7.0333306885e+02	9.7482112294e-01	8.2938623428e-01	8.4012275934e-01
7.0375280762e+02	9.7504045924e-01	8.2956373692e-01	8.4126144648e-01
7.0417248535e+02	9.7525693473e-01	8.3180928230e-01	8.4208226204e-01
7.0459222412e+02	9.7547066042e-01	8.3241599798e-01	8.4315407276e-01
7.0501190186e+02	9.7568162118e-01	8.3395057917e-01	8.4421920776e-01
7.0543164062e+02	9.7588992441e-01	8.3520752192e-01	8.4505009651e-01
7.0585137939e+02	9.7609558434e-01	8.3590877056e-01	8.4615898132e-01
7.0627105713e+02	9.7629861580e-01	8.3726030588e-01	8.4726345539e-01
7.0669079590e+02	9.7649912110e-01	8.3796900511e-01	8.4779697657e-01
7.0711047363e+02	9.7669708426e-01	8.3938866854e-01	8.4863734245e-01
7.0753021240e+02	9.7689260439e-01	8.4014612436e-01	8.4989655018e-01
7.0794989014e+02	9.7708566524e-01	8.4153509140e-01	8.5154646635e-01
7.0836962891e+02	9.7727636280e-01	8.4253585339e-01	8.5219758749e-01
7.0878930664e+02	9.7746468063e-01	8.4377664328e-01	8.5305583477e-01
7.0920904541e+02	9.7765071174e-01	8.4459519386e-01	8.5442274809e-01
7.0962872314e+02	9.7783443946e-01	8.4599608183e-01	8.5582250357e-01
7.1004846191e+02	9.7801595398e-01	8.4662586451e-01	8.5615277290e-01
7.1046813965e+02	9.7819523846e-01	8.4830456972e-01	8.5743403435e-01
7.1088787842e+02	9.7837238034e-01	8.4890246391e-01	8.5833954811e-01
7.1130755615e+02	9.7854736266e-01	8.5010033846e-01	8.5935968161e-01
7.1172729492e+02	9.7872027021e-01	8.5123294592e-01	8.6016601324e-01
7.1214697266e+02	9.7889108593e-01	8.5205417871e-01	8.6126160622e-01
7.1256671143e+02	9.7905989207e-01	8.5313910246e-01	8.6218321323e-01
7.1298638916e+02	9.7922667149e-01	8.5396385193e-01	8.6318039894e-01
7.1340612793e+02	9.7939150401e-01	8.5509127378e-01	8.6402547359e-01
7.1382580566e+02	9.7955437241e-01	8.5622942448e-01	8.6536931992e-01
7.1424554443e+02	9.7971535419e-01	8.5729241371e-01	8.6612206697e-01
7.1466522217e+02	9.7987443208e-01	8.5833960772e-01	8.6666154861e-01
7.1508496094e+02	9.8003168132e-01	8.5983449221e-01	8.6768919230e-01
7.1550463867e+02	9.8018708461e-01	8.6018592119e-01	8.6883741617e-01
7.1592437744e+02	9.8034071504e-01	8.6122393608e-01	8.6963808537e-01
7.1634405518e+02	9.8049255530e-01	8.6194407940e-01	8.7123084068e-01
7.1676379395e+02	9.8064267639e-01	8.6345368624e-01	8.7198495865e-01
7.1718353271e+02	9.8079108245e-01	8.6447608471e-01	8.7234795094e-01
7.1760321045e+02	9.8093777812e-01	8.6499273777e-01	8.7383300066e-01
7.1802294922e+02	9.8108283144e-01	8.6568981409e-01	8.7457418442e-01
7.1844262695e+02	9.8122622511e-01	8.6706638336e-01	8.7501490116e-01
7.1886236572e+02	9.8136802529e-01	8.6836093664e-01	8.7677985430e-01
7.1928204346e+02	9.8150821470e-01	8.6963462830e-01	8.7727773190e-01
7.1970178223e+02	9.8164685768e-01	8.6973184347e-01	8.7840455770e-01
7.2012145996e+02	9.8178393701e-01	8.7078696489e-01	8.7944370508e-01
7.2054119873e+02	9.8191951525e-01	8.7215733528e-01	8.8054281473e-01
7.2096087646e+02	9.8205357525e-01	8.7313508987e-01	8.8122147322e-01
7.2138061523e+02	9.8218617788e-01	8.7374991179e-01	8.8179349899e-01
7.2180029297e+02	9.8231730605e-01	8.7553322315e-01	8.8253360987e-01
7.2222003174e+02	9.8244701899e-01	8.7574744225e-01	8.8363593817e-01
7.2263970947e+02	9.8257529969e-01	8.7684136629e-01	8.8496875763e-01
7.2305944824e+02	9.8270220581e-01	8.7741601467e-01	8.8591486216e-01
7.2347912598e+02	9.8282772041e-01	8.7842810154e-01	8.8644152880e-01
7.2389886475e+02	9.8295189963e-01	8.7929868698e-01	8.8740450144e-01
7.2431854248e+02	9.8307472663e-01	8.8026958704e-01	8.8825082779e-01
7.2473828125e+02	9.8319625609e-01	8.8150483370e-01	8.8896238804e-01
7.2515795898e+02	9.8331647125e-01	8.8215076923e-01	8.8966995478e-01
7.2557769775e+02	9.8343542537e-01	8.8319128752e-01	8.9045244455e-01
7.2599737549e+02	9.8355310181e-01	8.8397163153e-01	8.9096868038e-01
7.2641711426e+02	9.8366955244e-01	8.8482034206e-01	8.9258646965e-01
7.2683679199e+02	9.8378476075e-01	8.8577693701e-01	8.9331179857e-01
7.2725653076e+02	9.8389877727e-01	8.8667297363e-01	8.9355868101e-01
7.2767626953e+02	9.8401160193e-01	8.8738179207e-01	8.9490848780e-01
7.2809594727e+02	9.8412323504e-01	8.8840484619e-01	8.9581853151e-01
7.2851568604e+02	9.8423372524e-01	8.8922131062e-01	8.9648890495e-01
7.2893536377e+02	9.8434305631e-01	8.8992965221e-01	8.9753174782e-01
7.2935510254e+02	9.8445127567e-01	8.9098864794e-01	8.9846497774e-01
7.2977478027e+02	9.8455836723e-01	8.9192754030e-01	8.9964300394e-01
7.3019451904e+02	9.8466437725e-01	8.9260393381e-01	9.0036720037e-01
7.3061419678e+02	9.8476928973e-01	8.9378249645e-01	9.0118658543e-01
7.3103393555e+02	9.8487314982e-01	8.9466357231e-01	9.0197020769e-01
7.3145361328e+02	9.8497594165e-01	8.9604008198e-01	9.0272015333e-01
7.3187335205e+02	9.8507770926e-01	8.9636611938e-01	9.0374672413e-01
7.3229302979e+02	9.8517843693e-01	8.9755409956e-01	9.0404683352e-01
7.3271276855e+02	9.8527816762e-01	8.9804059267e-01	9.0529203415e-01
7.3313244629e+02	9.8537688574e-01	8.9906615019e-01	9.0583372116e-01
7.3355218506e+02	9.8547463324e-01	8.9961910248e-01	9.0716838837e-01
7.3397186279e+02	9.8557139467e-01	9.0013051033e-01	9.0754991770e-01
7.3439160156e+02	9.8566721096e-01	9.0172624588e-01	9.0834194422e-01
7.3481127930e+02	9.8576206681e-01	9.0234619379e-01	9.0928149223e-01
7.3523101807e+02	9.8585600218e-01	9.0306538343e-01	9.0973615646e-01
7.3565069580e+02	9.8594900193e-01	9.0378451347e-01	9.1066443920e-01
7.3607043457e+02	9.8604110508e-01	9.0483540297e-01	9.1191536188e-01
7.3649011230e+02	9.8613229661e-01	9.0576553345e-01	9.1235607862e-01
7.3690985107e+02	9.8622261464e-01	9.0663737059e-01	9.1310930252e-01
7.3732952881e+02	9.8631204431e-01	9.0763568878e-01	9.1402649879e-01
7.3774926758e+02	9.8640062285e-01	9.0814805031e-01	9.1481178999e-01
7.3816900635e+02	9.8648834824e-01	9.0927493572e-01	9.1555482149e-01
7.3858868408e+02	9.8657521879e-01	9.1005980968e-01	9.1585206985e-01
7.3900842285e+02	9.8666127044e-01	9.1050881147e-01	9.1706597805e-01
7.3942810059e+02	9.8674648871e-01	9.1133034229e-01	9.1825586557e-01
7.3984783936e+02	9.8683090875e-01	9.1209042072e-01	9.1858357191e-01
7.4026751709e+02	9.8691451620e-01	9.1293239594e-01	9.1984444857e-01
7.4068725586e+02	9.8699734543e-01	9.1373187304e-01	9.2041468620e-01
7.4110693359e+02	9.8707938224e-01	9.1471999884e-01	9.2085045576e-01
7.4152667236e+02	9.8716066020e-01	9.1553592682e-01	9.2184996605e-01
7.4194635010e+02	9.8724116528e-01	9.1627746820e-01	9.2261558771e-01
7.4236608887e+02	9.8732093032e-01	9.1703212261e-01	9.2324817181e-01
7.4278576660e+02	9.8739994140e-01	9.1784542799e-01	9.2436134815e-01
7.4320550537e+02	9.8747823067e-01	9.1874593496e-01	9.2510604858e-01
7.4362518311e+02	9.8755578435e-01	9.1970306635e-01	9.2581748962e-01
7.4404492188e+02	9.8763263387e-01	9.2038279772e-01	9.2685735226e-01
7.4446459961e+02	9.8770876562e-01	9.2076164484e-01	9.2710524797e-01
7.4488433838e+02	9.8778421035e-01	9.2151123285e-01	9.2802906036e-01
7.4530401611e+02	9.8785895458e-01	9.2257934809e-01	9.2888212204e-01
7.4572375488e+02	9.8793302840e-01	9.2309647799e-01	9.2944949865e-01
7.4614343262e+02	9.8800641848e-01	9.2408967018e-01	9.3026757240e-01
7.4656317139e+02	9.8807915428e-01	9.2468059063e-01	9.3118208647e-01
7.4698284912e+02	9.8815122260e-01	9.2550736666e-01	9.3162387609e-01
7.4740258789e+02	9.8822265227e-01	9.2647063732e-01	9.3278712034e-01
7.4782226562e+02	9.8829343026e-01	9.2679095268e-01	9.3324780464e-01
7.4824200439e+02	9.8836358478e-01	9.2777144909e-01	9.3419927359e-01
7.4866168213e+02	9.8843310293e-01	9.2874348164e-01	9.3494331837e-01
7.4908142090e+02	9.8850201234e-01	9.2913734913e-01	9.3555903435e-01
7.4950115967e+02	9.8857031016e-01	9.2987883091e-01	9.3642902374e-01
7.4992083740e+02	9.8863799376e-01	9.3065357208e-01	9.3681377172e-01
7.5034057617e+02	9.8870508992e-01	9.3133306503e-01	9.3786829710e-01
7.5076025391e+02	9.8877158611e-01	9.3175148964e-01	9.3858885765e-01
7.5117999268e+02	9.8883750854e-01	9.3273931742e-01	9.3925654888e-01
7.5159967041e+02	9.8890284481e-01	9.3342185020e-01	9.4005918503e-01
7.5201940918e+02	9.8896762062e-01	9.3455630541e-01	9.4073897600e-01
7.5243908691e+02	9.8903182371e-01	9.3500930071e-01	9.4117426872e-01
7.5285882568e+02	9.8909547925e-01	9.3548685312e-01	9.4208908081e-01
7.5327850342e+02	9.8915857511e-01	9.3617624044e-01	9.4258004427e-01
7.5369824219e+02	9.8922113596e-01	9.3687224388e-01	9.4305294752e-01
7.5411791992e+02	9.8928314982e-01	9.3756103516e-01	9.4375276566e-01
7.5453765869e+02	9.8934464085e-01	9.3808650970e-01	9.4458276033e-01
7.5495733643e+02	9.8940559721e-01	9.3875116110e-01	9.4509482384e-01
7.5537707520e+02	9.8946604259e-01	9.3956410885e-01	9.4561392069e-01
7.5579675293e+02	9.8952596528e-01	9.3991857767e-01	9.4643497467e-01
7.5621649170e+02	9.8958538850e-01	9.4066995382e-01	9.4698679447e-01
7.5663616943e+02	9.8964430068e-01	9.4136434793e-01	9.4722580910e-01
7.5705590820e+02	9.8970272459e-01	9.4200187922e-01	9.4796234369e-01
7.5747558594e+02	9.8976064877e-01	9.4272410870e-01	9.4876778126e-01
7.5789532471e+02	9.8981809556e-01	9.4330555201e-01	9.4928336143e-01
7.5831500244e+02	9.8987505364e-01	9.4392716885e-01	9.4990122318e-01
7.5873474121e+02	9.8993154491e-01	9.4460219145e-01	9.5026731491e-01
7.5915441895e+02	9.8998755818e-01	9.4513052702e-01	9.5074474812e-01
7.5957415771e+02	9.9004311493e-01	9.4561678171e-01	9.5147436857e-01
7.5999389648e+02	9.9009821209e-01	9.4645965099e-01	9.5203185081e-01
7.6041357422e+02	9.9015284677e-01	9.4693332911e-01	9.5275545120e-01
7.6083331299e+02	9.9020703985e-01	9.4776016474e-01	9.5305728912e-01
7.6125299072e+02	9.9026078046e-01	9.4782871008e-01	9.5351260900e-01
7.6167272949e+02	9.9031408907e-01	9.4892144203e-01	9.5386320353e-01
7.6209240723e+02	9.9036695494e-01	9.4918292761e-01	9.5453554392e-01
7.6251214600e+02	9.9041939816e-01	9.4964879751e-01	9.5514696836e-01
7.6293182373e+02	9.9047140812e-01	9.5021605492e-01	9.5585149527e-01
7.6335156250e+02	9.9052300452e-01	9.5085024834e-01	9.5624339581e-01
7.6377124023e+02	9.9057417687e-01	9.5140224695e-01	9.5676636696e-01
7.6419097900e+02	9.9062494453e-01	9.5225578547e-01	9.5718222857e-01
7.6461065674e+02	9.9067529713e-01	9.5252221823e-01	9.5780360699e-01
7.6503039551e+02	9.9072525364e-01	9.5312881470e-01	9.5796877146e-01
7.6545007324e+02	9.9077480384e-01	9.5356905460e-01	9.5853561163e-01
7.6586981201e+02	9.9082396635e-01	9.5407664776e-01	9.5917350054e-01
7.6628948975e+02	9.9087273104e-01	9.5471441746e-01	9.5968735218e-01
7.6670922852e+02	9.9092111623e-01	9.5516741276e-01	9.6010386944e-01
7.6712890625e+02	9.9096911190e-01	9.5596921444e-01	9.6064561605e-01
7.6754864502e+02	9.9101673602e-01	9.5620220900e-01	9.6086090803e-01
7.6796832275e+02	9.9106397869e-01	9.5665788651e-01	9.6158510447e-01
7.6838806152e+02	9.9111085757e-01	9.5707821846e-01	9.6181863546e-01
7.6880773926e+02	9.9115736288e-01	9.5766508579e-01	9.6246904135e-01
7.6922747803e+02	9.9120351194e-01	9.5807164907e-01	9.6295112371e-01
7.6964715576e+02	9.9124929510e-01	9.5864099264e-01	9.6323442459e-01
7.7006689453e+02	9.9129472938e-01	9.5916777849e-01	9.6371644735e-01
7.7048663330e+02	9.9133981175e-01	9.5958429575e-01	9.6407926083e-01
7.7090631104e+02	9.9138453935e-01	9.6004617214e-01	9.6444481611e-01
7.7132604980e+02	9.9142892875e-01	9.6059280634e-01	9.6518462896e-01
7.7174572754e+02	9.9147297058e-01	9.6091836691e-01	9.6541970968e-01
7.7216546631e+02	9.9151668111e-01	9.6137726307e-01	9.6591973305e-01
7.7258514404e+02	9.9156005106e-01	9.6183133125e-01	9.6606433392e-01
7.7300488281e+02	9.9160309645e-01	9.6212732792e-01	9.6664887667e-01
7.7342456055e+02	9.9164580810e-01	9.6257817745e-01	9.6705305576e-01
7.7384429932e+02	9.9168820174e-01	9.6316385269e-01	9.6751904488e-01
7.7426397705e+02	9.9173026830e-01	9.6348476410e-01	9.6792238951e-01
7.7468371582e+02	9.9177202324e-01	9.6398103237e-01	9.6821469069e-01
7.7510339355e+02	9.9181345761e-01	9.6420872211e-01	9.6860057116e-01
7.7552313232e+02	9.9185458658e-01	9.6460276842e-01	9.6881735325e-01
7.7594281006e+02	9.9189540132e-01	9.6506863832e-01	9.6924901009e-01
7.7636254883e+02	9.9193591675e-01	9.6537894011e-01	9.6970516443e-01
7.7678222656e+02	9.9197612411e-01	9.6586710215e-01	9.6984261274e-01
7.7720196533e+02	9.9201603810e-01	9.6612530947e-01	9.7030240297e-01
7.7762164307e+02	9.9205565006e-01	9.6651035547e-01	9.7061812878e-01
7.7804138184e+02	9.9209497442e-01	9.6688842773e-01	9.7089058161e-01
7.7846105957e+02	9.9213400264e-01	9.6719354391e-01	9.7131079435e-01
7.7888079834e+02	9.9217274891e-01	9.6742033958e-01	9.7170311213e-01
7.7930047607e+02	9.9221120477e-01	9.6791082621e-01	9.7204655409e-01
7.7972021484e+02	9.9224938418e-01	9.6815621853e-01	9.7224909067e-01
7.8013989258e+02	9.9228727879e-01	9.6839743853e-01	9.7272962332e-01
7.8055963135e+02	9.9232490233e-01	9.6881437302e-01	9.7300660610e-01
7.8097930908e+02	9.9236224653e-01	9.6901202202e-01	9.7324401140e-01
7.8139904785e+02	9.9239932490e-01	9.6933490038e-01	9.7341644764e-01
7.8181878662e+02	9.9243613461e-01	9.6981412172e-01	9.7366589308e-01
7.8223846436e+02	9.9247267294e-01	9.6984094381e-01	9.7409307957e-01
7.8265820312e+02	9.9250895308e-01	9.7016888857e-01	9.7427791357e-01
7.8307788086e+02	9.9254496698e-01	9.7051447630e-01	9.7456860542e-01
7.8349761963e+02	9.9258072762e-01	9.7073686123e-01	9.7485911846e-01
7.8391729736e+02	9.9261622706e-01	9.7099846601e-01	9.7510033846e-01
7.8433703613e+02	9.9265147806e-01	9.7140932083e-01	9.7543585300e-01
7.8475671387e+02	9.9268647277e-01	9.7157448530e-01	9.7559469938e-01
7.8517645264e+02	9.9272122374e-01	9.7167640924e-01	9.7591495514e-01
7.8559613037e+02	9.9275572321e-01	9.7186422348e-01	9.7599381208e-01
7.8601586914e+02	9.9278998354e-01	9.7213798761e-01	9.7631102800e-01
7.8643554688e+02	9.9282399706e-01	9.7239911556e-01	9.7656619549e-01
7.8685528564e+02	9.9285777592e-01	9.7273874283e-01	9.7681635618e-01
7.8727496338e+02	9.9289131254e-01	9.7306537628e-01	9.7707706690e-01
7.8769470215e+02	9.9292461890e-01	9.7314238548e-01	9.7715389729e-01
7.8811437988e+02	9.9295768748e-01	9.7333848476e-01	9.7745698690e-01
7.8853411865e+02	9.9299053007e-01	9.7354871035e-01	9.7751593590e-01
7.8895379639e+02	9.9302313926e-01	9.7354227304e-01	9.7791606188e-01
7.8937353516e+02	9.9305552664e-01	9.7391551733e-01	9.7803783417e-01
7.8979321289e+02	9.9308768489e-01	9.7406476736e-01	9.7831720114e-01
7.9021295166e+02	9.9311962542e-01	9.7409689426e-01	9.7837078571e-01
7.9063262939e+02	9.9315134099e-01	9.7445869446e-01	9.7859644890e-01
7.9105236816e+02	9.9318284282e-01	9.7453868389e-01	9.7893607616e-01
7.9147204590e+02	9.9321412377e-01	9.7467559576e-01	9.7895330191e-01
7.9189178467e+02	9.9324519490e-01	9.7490590811e-01	9.7922521830e-01
7.9231152344e+02	9.9327605359e-01	9.7498375177e-01	9.7930604219e-01
7.9273120117e+02	9.9330669734e-01	9.7520476580e-01	9.7945052385e-01
7.9315093994e+02	9.9333713695e-01	9.7523659468e-01	9.7962278128e-01
7.9357061768e+02	9.9336736546e-01	9.7541105747e-01	9.7978514433e-01
7.9399035645e+02	9.9339739354e-01	9.7536182404e-01	9.7997450829e-01
7.9441003418e+02	9.9342721427e-01	9.7558093071e-01	9.8013693094e-01
7.9482977295e+02	9.9345683817e-01	9.7565257549e-01	9.8018217087e-01
7.9524945068e+02	9.9348625842e-01	9.7582882643e-01	9.8022603989e-01
7.9566918945e+02	9.9351548535e-01	9.7594833374e-01	9.8039102554e-01
7.9608886719e+02	9.9354451223e-01	9.7598809004e-01	9.8055189848e-01
7.9650860596e+02	9.9357334924e-01	9.7621774673e-01	9.8055189848e-01
7.9692828369e+02	9.9360198972e-01	9.7624707222e-01	9.8070931435e-01
7.9734802246e+02	9.9363044370e-01	9.7620028257e-01	9.8089474440e-01
7.9776770020e+02	9.9365870459e-01	9.7639799118e-01	9.8094546795e-01
7.9818743896e+02	9.9368678228e-01	9.7640752792e-01	9.8100340366e-01
7.9860711670e+02	9.9371467024e-01	9.7650527954e-01	9.8112136126e-01
7.9902685547e+02	9.9374237823e-01	9.7647798061e-01	9.8105090857e-01
7.9944653320e+02	9.9376989980e-01	9.7645926476e-01	9.8091286421e-01
