wavelength_nm	ideal_target_transmittance	cvae_target_transmittance	tandem_response_transmittance
3.7973711347e+02	9.1465711594e-01	9.2764812708e-01	9.3323677778e-01
3.8015682291e+02	9.1338145733e-01	9.2978030443e-01	9.3407136202e-01
3.8057653235e+02	9.1207706928e-01	9.3156450987e-01	9.3477195501e-01
3.8099624179e+02	9.1074305773e-01	9.3281072378e-01	9.3517255783e-01
3.8141595123e+02	9.0937864780e-01	9.3420511484e-01	9.3514335155e-01
3.8183566067e+02	9.0798282623e-01	9.3513727188e-01	9.3478631973e-01
3.8225537011e+02	9.0655475855e-01	9.3609392643e-01	9.3401610851e-01
3.8267507956e+02	9.0509343147e-01	9.3665707111e-01	9.3320554495e-01
3.8309478900e+02	9.0359777212e-01	9.3692046404e-01	9.3168640137e-01
3.8351449844e+02	9.0206682682e-01	9.3736469746e-01	9.3052929640e-01
3.8393420788e+02	9.0049946308e-01	9.3744033575e-01	9.2870479822e-01
3.8435391732e+02	8.9889460802e-01	9.3750929832e-01	9.2693042755e-01
3.8477362676e+02	8.9725100994e-01	9.3747520447e-01	9.2502778769e-01
3.8519333620e+02	8.9556753635e-01	9.3734687567e-01	9.2297023535e-01
3.8561304564e+02	8.9384293556e-01	9.3713337183e-01	9.2061609030e-01
3.8603275508e+02	8.9207583666e-01	9.3698090315e-01	9.1829597950e-01
3.8645246453e+02	8.9026492834e-01	9.3673276901e-01	9.1585338116e-01
3.8687217397e+02	8.8840883970e-01	9.3631416559e-01	9.1360449791e-01
3.8729188341e+02	8.8650608063e-01	9.3587219715e-01	9.1133540869e-01
3.8771159285e+02	8.8455516100e-01	9.3540662527e-01	9.0875810385e-01
3.8813130229e+02	8.8255453110e-01	9.3486529589e-01	9.0604579449e-01
3.8855101173e+02	8.8050252199e-01	9.3425995111e-01	9.0394580364e-01
3.8897072117e+02	8.7839740515e-01	9.3367296457e-01	9.0145164728e-01
3.8939043061e+02	8.7623751163e-01	9.3297868967e-01	8.9882743359e-01
3.8981014006e+02	8.7402099371e-01	9.3220716715e-01	8.9654976130e-01
3.9022984950e+02	8.7174588442e-01	9.3132984638e-01	8.9428007603e-01
3.9064955894e+02	8.6941033602e-01	9.3044972420e-01	8.9217662811e-01
3.9106926838e+02	8.6701214314e-01	9.2950522900e-01	8.8998973370e-01
3.9148897782e+02	8.6454933882e-01	9.2836380005e-01	8.8779431581e-01
3.9190868726e+02	8.6201959848e-01	9.2727988958e-01	8.8563865423e-01
3.9232839670e+02	8.5942059755e-01	9.2584913969e-01	8.8328230381e-01
3.9274810614e+02	8.5675007105e-01	9.2463576794e-01	8.8135319948e-01
3.9316781559e+02	8.5400539637e-01	9.2317503691e-01	8.7942874432e-01
3.9358752503e+02	8.5118401051e-01	9.2158979177e-01	8.7741512060e-01
3.9400723447e+02	8.4828323126e-01	9.1975307465e-01	8.7578952312e-01
3.9442694391e+02	8.4530025721e-01	9.1809153557e-01	8.7417036295e-01
3.9484665335e+02	8.4223222733e-01	9.1631996632e-01	8.7239521742e-01
3.9526636279e+02	8.3907598257e-01	9.1438913345e-01	8.7068736553e-01
3.9568607223e+02	8.3582842350e-01	9.1223216057e-01	8.6913746595e-01
3.9610578167e+02	8.3248627186e-01	9.1018515825e-01	8.6791402102e-01
3.9652549111e+02	8.2904613018e-01	9.0800106525e-01	8.6681902409e-01
3.9694520056e+02	8.2550436258e-01	9.0555316210e-01	8.6552196741e-01
3.9736491000e+02	8.2185733318e-01	9.0305119753e-01	8.6437338591e-01
3.9778461944e+02	8.1810116768e-01	9.0044301748e-01	8.6344498396e-01
3.9820432888e+02	8.1423181295e-01	8.9779073000e-01	8.6253941059e-01
3.9862403832e+02	8.1024521589e-01	8.9490610361e-01	8.6192363501e-01
3.9904374776e+02	8.0613696575e-01	8.9186030626e-01	8.6135244370e-01
3.9946345720e+02	8.0190253258e-01	8.8893586397e-01	8.6098998785e-01
3.9988316664e+02	7.9753726721e-01	8.8567370176e-01	8.6092156172e-01
4.0030287609e+02	7.9303634167e-01	8.8225001097e-01	8.6042910814e-01
4.0072258553e+02	7.8839457035e-01	8.7887454033e-01	8.6033487320e-01
4.0114229497e+02	7.8360682726e-01	8.7487500906e-01	8.6041963100e-01
4.0156200441e+02	7.7866762877e-01	8.7103301287e-01	8.6074125767e-01
4.0198171385e+02	7.7357125282e-01	8.6689811945e-01	8.6117136478e-01
4.0240142329e+02	7.6831191778e-01	8.6267387867e-01	8.6123418808e-01
4.0282113273e+02	7.6288342476e-01	8.5834491253e-01	8.6170434952e-01
4.0324084217e+02	7.5727957487e-01	8.5386353731e-01	8.6187481880e-01
4.0366055162e+02	7.5149369240e-01	8.4869611263e-01	8.6235535145e-01
4.0408026106e+02	7.4551916122e-01	8.4402048588e-01	8.6278921366e-01
4.0449997050e+02	7.3934894800e-01	8.3977705240e-01	8.6316776276e-01
4.0491967994e+02	7.3297578096e-01	8.3452725410e-01	8.6389774084e-01
4.0533938938e+02	7.2639226913e-01	8.2821714878e-01	8.6417365074e-01
4.0575909882e+02	7.1959078312e-01	8.2332634926e-01	8.6500597000e-01
4.0617880826e+02	7.1256339550e-01	8.1726408005e-01	8.6561632156e-01
4.0659851770e+02	7.0530194044e-01	8.1074029207e-01	8.6678391695e-01
4.0701822714e+02	6.9779825211e-01	8.0455952883e-01	8.6628252268e-01
4.0743793659e+02	6.9004374743e-01	7.9778122902e-01	8.6634814739e-01
4.0785764603e+02	6.8202972412e-01	7.9116046429e-01	8.6635071039e-01
4.0827735547e+02	6.7374747992e-01	7.8441500664e-01	8.6553806067e-01
4.0869706491e+02	6.6518795490e-01	7.7725768089e-01	8.6514723301e-01
4.0911677435e+02	6.5634214878e-01	7.6951843500e-01	8.6452221870e-01
4.0953648379e+02	6.4720088243e-01	7.6168751717e-01	8.6369878054e-01
4.0995619323e+02	6.3775509596e-01	7.5362271070e-01	8.6191833019e-01
4.1037590267e+02	6.2799555063e-01	7.4500596523e-01	8.6031895876e-01
4.1079561212e+02	6.1791330576e-01	7.3662477732e-01	8.5848981142e-01
4.1121532156e+02	6.0749942064e-01	7.2767144442e-01	8.5616081953e-01
4.1163503100e+02	5.9674525261e-01	7.1839892864e-01	8.5426574945e-01
4.1205474044e+02	5.8564245701e-01	7.0886099339e-01	8.5137248039e-01
4.1247444988e+02	5.7418304682e-01	6.9894564152e-01	8.4801733494e-01
4.1289415932e+02	5.6235969067e-01	6.8890732527e-01	8.4399449825e-01
4.1331386876e+02	5.5016559362e-01	6.7821323872e-01	8.4013831615e-01
4.1373357820e+02	5.3759485483e-01	6.6739535332e-01	8.3511030674e-01
4.1415328765e+02	5.2464252710e-01	6.5620356798e-01	8.2942599058e-01
4.1457299709e+02	5.1130479574e-01	6.4477086067e-01	8.2295334339e-01
4.1499270653e+02	4.9757921696e-01	6.3228279352e-01	8.1620603800e-01
4.1541241597e+02	4.8346498609e-01	6.2043988705e-01	8.0845499039e-01
4.1583212541e+02	4.6896305680e-01	6.0547369719e-01	7.9961174726e-01
4.1625183485e+02	4.5407646894e-01	5.9239304066e-01	7.9028910398e-01
4.1667154429e+02	4.3881073594e-01	5.7873296738e-01	7.7924591303e-01
4.1709125373e+02	4.2317393422e-01	5.6446975470e-01	7.6559036970e-01
4.1751096317e+02	4.0717726946e-01	5.5102264881e-01	7.5225132704e-01
4.1793067262e+02	3.9083522558e-01	5.3720951080e-01	7.3751652241e-01
4.1835038206e+02	3.7416604161e-01	5.2094280720e-01	7.1963661909e-01
4.1877009150e+02	3.5719200969e-01	5.0312179327e-01	7.0084005594e-01
4.1918980094e+02	3.3993986249e-01	4.8809877038e-01	6.8056136370e-01
4.1960951038e+02	3.2244110107e-01	4.7057378292e-01	6.5901929140e-01
4.2002921982e+02	3.0473241210e-01	4.5400762558e-01	6.3641721010e-01
4.2044892926e+02	2.8685587645e-01	4.3647238612e-01	6.1199569702e-01
4.2086863870e+02	2.6885929704e-01	4.1837719083e-01	5.8629769087e-01
4.2128834815e+02	2.5079649687e-01	3.9989039302e-01	5.6102079153e-01
4.2170805759e+02	2.3272725940e-01	3.8095599413e-01	5.3303569555e-01
4.2212776703e+02	2.1471762657e-01	3.6199820042e-01	5.0454807281e-01
4.2254747647e+02	1.9683966041e-01	3.4216299653e-01	4.7559762001e-01
4.2296718591e+02	1.7917139828e-01	3.2221469283e-01	4.4523510337e-01
4.2338689535e+02	1.6179648042e-01	3.0221667886e-01	4.1486859322e-01
4.2380660479e+02	1.4480368793e-01	2.8198271990e-01	3.8446739316e-01
4.2422631423e+02	1.2828628719e-01	2.6198115945e-01	3.5453826189e-01
4.2464602368e+02	1.1234125495e-01	2.4227558076e-01	3.2502636313e-01
4.2506573312e+02	9.7068250179e-02	2.2299893200e-01	2.9680126905e-01
4.2548544256e+02	8.2568436861e-02	2.0434348285e-01	2.6853120327e-01
4.2590515200e+02	6.8943135440e-02	1.8649931252e-01	2.4214947224e-01
4.2632486144e+02	5.6292388588e-02	1.6979525983e-01	2.1657244861e-01
4.2674457088e+02	4.4713295996e-02	1.5423697233e-01	1.9360415637e-01
4.2716428032e+02	3.4298397601e-02	1.3999597728e-01	1.7330707610e-01
4.2758398976e+02	2.5133943185e-02	1.2743891776e-01	1.5542732179e-01
4.2800369920e+02	1.7298232764e-02	1.1653871834e-01	1.3898520172e-01
4.2842340865e+02	1.0860003531e-02	1.0793482512e-01	1.2564139068e-01
4.2884311809e+02	5.8769760653e-03	1.0115139931e-01	1.1491440237e-01
4.2926282753e+02	2.3945856374e-03	1.0419976711e-01	1.0816919059e-01
4.2968253697e+02	4.4495885959e-04	1.0122168809e-01	1.0594810545e-01
4.3010224641e+02	4.6173427108e-05	1.0353942215e-01	1.0550472140e-01
4.3052195585e+02	1.2018388370e-03	1.0089144856e-01	1.0750855505e-01
4.3094166529e+02	3.9010103792e-03	1.0403751582e-01	1.0976398736e-01
4.3136137473e+02	8.1184441224e-03	1.0160942376e-01	1.1561509967e-01
4.3178108418e+02	1.3815177605e-02	1.1636234820e-01	1.2595461309e-01
4.3220079362e+02	2.0939417183e-02	1.3813215494e-01	1.4207559824e-01
4.3262050306e+02	2.9427688569e-02	1.5547433496e-01	1.6138641536e-01
4.3304021250e+02	3.9206210524e-02	1.7678238451e-01	1.8267716467e-01
4.3345992194e+02	5.0192423165e-02	1.9942954183e-01	2.0626334846e-01
4.3387963138e+02	6.2296651304e-02	2.2412385046e-01	2.3050355911e-01
4.3429934082e+02	7.5423784554e-02	2.4962523580e-01	2.5563189387e-01
4.3471905026e+02	8.9474976063e-02	2.7691629529e-01	2.8183490038e-01
4.3513875971e+02	1.0434928536e-01	3.0408060551e-01	3.0716326833e-01
4.3555846915e+02	1.1994522065e-01	3.3082035184e-01	3.3324813843e-01
4.3597817859e+02	1.3616214693e-01	3.5788998008e-01	3.5998314619e-01
4.3639788803e+02	1.5290157497e-01	3.8384810090e-01	3.8520553708e-01
4.3681759747e+02	1.7006820440e-01	4.0860959888e-01	4.0876665711e-01
4.3723730691e+02	1.8757086992e-01	4.3237733841e-01	4.3124580383e-01
4.3765701635e+02	2.0532323420e-01	4.5465630293e-01	4.5362433791e-01
4.3807672579e+02	2.2324442863e-01	4.7619244456e-01	4.7474804521e-01
4.3849643523e+02	2.4125930667e-01	4.9654608965e-01	4.9532148242e-01
4.3891614468e+02	2.5929880142e-01	5.1559871435e-01	5.1427227259e-01
4.3933585412e+02	2.7730000019e-01	5.3428071737e-01	5.3307151794e-01
4.3975556356e+02	2.9520609975e-01	5.5124163628e-01	5.5073153973e-01
4.4017527300e+02	3.1296631694e-01	5.6741100550e-01	5.6912064552e-01
4.4059498244e+02	3.3053573966e-01	5.8199882507e-01	5.8654069901e-01
4.4101469188e+02	3.4787502885e-01	5.9632265568e-01	6.0363727808e-01
4.4143440132e+02	3.6495018005e-01	6.0990619659e-01	6.1894601583e-01
4.4185411076e+02	3.8173213601e-01	6.2344509363e-01	6.3521772623e-01
4.4227382021e+02	3.9819642901e-01	6.3649940491e-01	6.4982807636e-01
4.4269352965e+02	4.1432288289e-01	6.4815616608e-01	6.6397500038e-01
4.4311323909e+02	4.3009519577e-01	6.5883255005e-01	6.7853128910e-01
4.4353294853e+02	4.4550064206e-01	6.7164748907e-01	6.9104170799e-01
4.4395265797e+02	4.6052962542e-01	6.8329596519e-01	7.0217502117e-01
4.4437236741e+02	4.7517544031e-01	6.9459289312e-01	7.2299474478e-01
4.4479207685e+02	4.8943388462e-01	7.0367878675e-01	7.2842341661e-01
4.4521178629e+02	5.0330299139e-01	7.1364665031e-01	7.4034500122e-01
4.4563149574e+02	5.1678282022e-01	7.2171062231e-01	7.5806707144e-01
4.4605120518e+02	5.2987504005e-01	7.2306996584e-01	7.6807111502e-01
4.4647091462e+02	5.4258280993e-01	7.3374795914e-01	7.7716654539e-01
4.4689062406e+02	5.5491054058e-01	7.4901431799e-01	7.9163837433e-01
4.4731033350e+02	5.6686383486e-01	7.5783896446e-01	8.0294668674e-01
4.4773004294e+02	5.7844901085e-01	7.6483601332e-01	8.1443744898e-01
4.4814975238e+02	5.8967316151e-01	7.7076804638e-01	8.2456743717e-01
4.4856946182e+02	6.0054403543e-01	7.7741038799e-01	8.3328390121e-01
4.4898917126e+02	6.1106985807e-01	7.8391891718e-01	8.4289449453e-01
4.4940888071e+02	6.2125903368e-01	7.9016149044e-01	8.4954226017e-01
4.4982859015e+02	6.3112056255e-01	7.9643225670e-01	8.5794878006e-01
4.5024829959e+02	6.4066326618e-01	8.0236512423e-01	8.6384916306e-01
4.5066800903e+02	6.4989638329e-01	8.0796986818e-01	8.7001389265e-01
4.5108771847e+02	6.5882903337e-01	8.1351029873e-01	8.7488162518e-01
4.5150742791e+02	6.6747033596e-01	8.1823599339e-01	8.8030135632e-01
4.5192713735e+02	6.7582952976e-01	8.2267403603e-01	8.8353925943e-01
4.5234684679e+02	6.8391549587e-01	8.2689887285e-01	8.8694727421e-01
4.5276655624e+02	6.9173723459e-01	8.3105140924e-01	8.9052230120e-01
4.5318626568e+02	6.9930350780e-01	8.3543825150e-01	8.9364594221e-01
4.5360597512e+02	7.0662283897e-01	8.3908021450e-01	8.9618635178e-01
4.5402568456e+02	7.1370369196e-01	8.4268373251e-01	8.9815002680e-01
4.5444539400e+02	7.2055429220e-01	8.4641426802e-01	9.0067577362e-01
4.5486510344e+02	7.2718262672e-01	8.4991186857e-01	9.0269041061e-01
4.5528481288e+02	7.3359650373e-01	8.5348612070e-01	9.0487670898e-01
4.5570452232e+02	7.3980343342e-01	8.5666137934e-01	9.0580350161e-01
4.5612423177e+02	7.4581080675e-01	8.5947793722e-01	9.0727162361e-01
4.5654394121e+02	7.5162571669e-01	8.6255937815e-01	9.0849679708e-01
4.5696365065e+02	7.5725501776e-01	8.6636352539e-01	9.0946805477e-01
4.5738336009e+02	7.6270538568e-01	8.6888951063e-01	9.1044342518e-01
4.5780306953e+02	7.6798325777e-01	8.7171298265e-01	9.0995681286e-01
4.5822277897e+02	7.7309483290e-01	8.7489956617e-01	9.1038066149e-01
4.5864248841e+02	7.7804607153e-01	8.7730604410e-01	9.1001743078e-01
4.5906219785e+02	7.8284269571e-01	8.7966501713e-01	9.1091591120e-01
4.5948190729e+02	7.8749042749e-01	8.8186931610e-01	9.1004949808e-01
4.5990161674e+02	7.9199445248e-01	8.8362193108e-01	9.0954166651e-01
4.6032132618e+02	7.9636001587e-01	8.8557374477e-01	9.0852153301e-01
4.6074103562e+02	8.0059206486e-01	8.8877737522e-01	9.0975135565e-01
4.6116074506e+02	8.0469536781e-01	8.8994061947e-01	9.0836220980e-01
4.6158045450e+02	8.0867457390e-01	8.9206689596e-01	9.0762394667e-01
4.6200016394e+02	8.1253403425e-01	8.9421457052e-01	9.0745031834e-01
4.6241987338e+02	8.1627804041e-01	8.9629691839e-01	9.0690076351e-01
4.6283958282e+02	8.1991058588e-01	8.9778453112e-01	9.0586686134e-01
4.6325929227e+02	8.2343572378e-01	8.9964216948e-01	9.0535116196e-01
4.6367900171e+02	8.2685720921e-01	9.0129804611e-01	9.0435653925e-01
4.6409871115e+02	8.3017861843e-01	9.0253508091e-01	9.0359371901e-01
4.6451842059e+02	8.3340340853e-01	9.0442276001e-01	9.0334004164e-01
4.6493813003e+02	8.3653503656e-01	9.0587818623e-01	9.0285748243e-01
4.6535783947e+02	8.3957666159e-01	9.0706115961e-01	9.0210181475e-01
4.6577754891e+02	8.4253132343e-01	9.0854603052e-01	9.0166169405e-01
4.6619725835e+02	8.4540212154e-01	9.0976476669e-01	9.0104216337e-01
4.6661696780e+02	8.4819179773e-01	9.1073411703e-01	9.0031397343e-01
4.6703667724e+02	8.5090321302e-01	9.1199576855e-01	9.0003210306e-01
4.6745638668e+02	8.5353887081e-01	9.1287589073e-01	8.9923828840e-01
4.6787609612e+02	8.5610139370e-01	9.1378736496e-01	8.9867949486e-01
4.6829580556e+02	8.5859328508e-01	9.1464900970e-01	8.9768278599e-01
4.6871551500e+02	8.6101675034e-01	9.1555571556e-01	8.9708107710e-01
4.6913522444e+02	8.6337411404e-01	9.1640466452e-01	8.9613646269e-01
4.6955493388e+02	8.6566752195e-01	9.1751104593e-01	8.9510339499e-01
4.6997464332e+02	8.6789911985e-01	9.1815638542e-01	8.9430958033e-01
4.7039435277e+02	8.7007087469e-01	9.1877722740e-01	8.9393365383e-01
4.7081406221e+02	8.7218469381e-01	9.1939795017e-01	8.9303195477e-01
4.7123377165e+02	8.7424242496e-01	9.2007255554e-01	8.9284676313e-01
4.7165348109e+02	8.7624591589e-01	9.1998237371e-01	8.9120966196e-01
4.7207319053e+02	8.7819683552e-01	9.2086642981e-01	8.8982832432e-01
4.7249289997e+02	8.8009691238e-01	9.2162632942e-01	8.9025843143e-01
4.7291260941e+02	8.8194763660e-01	9.2185139656e-01	8.8959127665e-01
4.7333231885e+02	8.8375055790e-01	9.2341619730e-01	8.8910764456e-01
4.7375202830e+02	8.8550722599e-01	9.2328840494e-01	8.8762009144e-01
4.7417173774e+02	8.8721895218e-01	9.2337501049e-01	8.8797628880e-01
4.7459144718e+02	8.8888722658e-01	9.2345368862e-01	8.8840597868e-01
4.7501115662e+02	8.9051330090e-01	9.2387634516e-01	8.8689100742e-01
4.7543086606e+02	8.9209842682e-01	9.2405372858e-01	8.8579231501e-01
4.7585057550e+02	8.9364385605e-01	9.2388999462e-01	8.8529479504e-01
4.7627028494e+02	8.9515078068e-01	9.2437511683e-01	8.8450145721e-01
4.7668999438e+02	8.9662033319e-01	9.2406821251e-01	8.8361036777e-01
4.7710970383e+02	8.9805358648e-01	9.2450082302e-01	8.8339185715e-01
4.7752941327e+02	8.9945161343e-01	9.2436331511e-01	8.8047802448e-01
4.7794912271e+02	9.0081542730e-01	9.2438608408e-01	8.8241904974e-01
4.7836883215e+02	9.0214598179e-01	9.2441910505e-01	8.8159680367e-01
4.7878854159e+02	9.0344434977e-01	9.2456519604e-01	8.7997233868e-01
4.7920825103e+02	9.0471124649e-01	9.2483443022e-01	8.7980026007e-01
4.7962796047e+02	9.0594774485e-01	9.2494601011e-01	8.7885022163e-01
4.8004766991e+02	9.0715461969e-01	9.2515552044e-01	8.7850427628e-01
4.8046737935e+02	9.0833264589e-01	9.2534196377e-01	8.7765318155e-01
4.8088708880e+02	9.0948265791e-01	9.2551928759e-01	8.7678951025e-01
4.8130679824e+02	9.1060543060e-01	9.2567729950e-01	8.7677884102e-01
4.8172650768e+02	9.1170173883e-01	9.2581927776e-01	8.7591189146e-01
4.8214621712e+02	9.1277223825e-01	9.2605549097e-01	8.7553596497e-01
4.8256592656e+02	9.1381764412e-01	9.2611920834e-01	8.7505280972e-01
4.8298563600e+02	9.1483861208e-01	9.2632925510e-01	8.7437713146e-01
4.8340534544e+02	9.1583579779e-01	9.2635184526e-01	8.7434995174e-01
4.8382505488e+02	9.1680979729e-01	9.2640954256e-01	8.7374144793e-01
4.8424476433e+02	9.1776126623e-01	9.2652744055e-01	8.7315309048e-01
4.8466447377e+02	9.1869074106e-01	9.2671114206e-01	8.7290912867e-01
4.8508418321e+02	9.1959881783e-01	9.2663717270e-01	8.7234044075e-01
4.8550389265e+02	9.2048603296e-01	9.2668247223e-01	8.7239116430e-01
4.8592360209e+02	9.2135292292e-01	9.2683196068e-01	8.7192207575e-01
4.8634331153e+02	9.2219996452e-01	9.2715394497e-01	8.7157917023e-01
4.8676302097e+02	9.2302763462e-01	9.2650264502e-01	8.7138509750e-01
4.8718273041e+02	9.2383646965e-01	9.2623424530e-01	8.7107414007e-01
4.8760243986e+02	9.2462694645e-01	9.2530316114e-01	8.7097686529e-01
4.8802214930e+02	9.2539942265e-01	9.2600214481e-01	8.7050145864e-01
4.8844185874e+02	9.2615437508e-01	9.2630565166e-01	8.7011516094e-01
4.8886156818e+02	9.2689222097e-01	9.2592537403e-01	8.6969327927e-01
4.8928127762e+02	9.2761337757e-01	9.2629653215e-01	8.6832487583e-01
4.8970098706e+02	9.2831820250e-01	9.2575556040e-01	8.6781036854e-01
4.9012069650e+02	9.2900717258e-01	9.2567431927e-01	8.6820715666e-01
4.9054040594e+02	9.2968052626e-01	9.2417448759e-01	8.6723482609e-01
4.9096011538e+02	9.3033868074e-01	9.2430818081e-01	8.6778670549e-01
4.9137982483e+02	9.3098199368e-01	9.2476457357e-01	8.6580508947e-01
4.9179953427e+02	9.3161076307e-01	9.2466038465e-01	8.6610394716e-01
4.9221924371e+02	9.3222534657e-01	9.2449963093e-01	8.6540091038e-01
4.9263895315e+02	9.3282604218e-01	9.2431086302e-01	8.6515492201e-01
4.9305866259e+02	9.3341320753e-01	9.2411696911e-01	8.6548072100e-01
4.9347837203e+02	9.3398702145e-01	9.2415964603e-01	8.6474639177e-01
4.9389808147e+02	9.3454784155e-01	9.2395991087e-01	8.6407256126e-01
4.9431779091e+02	9.3509596586e-01	9.2388665676e-01	8.6338078976e-01
4.9473750036e+02	9.3563157320e-01	9.2376911640e-01	8.6267244816e-01
4.9515720980e+02	9.3615502119e-01	9.2351204157e-01	8.6235886812e-01
4.9557691924e+02	9.3666654825e-01	9.2338150740e-01	8.6162048578e-01
4.9599662868e+02	9.3716633320e-01	9.2335540056e-01	8.6147856712e-01
4.9641633812e+02	9.3765467405e-01	9.2317003012e-01	8.6191326380e-01
4.9683604756e+02	9.3813174963e-01	9.2304581404e-01	8.6091691256e-01
4.9725575700e+02	9.3859785795e-01	9.2298996449e-01	8.6048150063e-01
4.9767546644e+02	9.3905311823e-01	9.2213189602e-01	8.5976749659e-01
4.9809517589e+02	9.3949782848e-01	9.2142641544e-01	8.5977238417e-01
4.9851488533e+02	9.3993210793e-01	9.2081338167e-01	8.5935759544e-01
4.9893459477e+02	9.4035625458e-01	9.2089557648e-01	8.5883152485e-01
4.9935430421e+02	9.4077038765e-01	9.2099797726e-01	8.5871613026e-01
4.9977401365e+02	9.4117468596e-01	9.2098653316e-01	8.5774391890e-01
5.0019372309e+02	9.4156932831e-01	9.2083078623e-01	8.5758155584e-01
5.0061343253e+02	9.4195455313e-01	9.2101413012e-01	8.5627973080e-01
5.0103314197e+02	9.4233047962e-01	9.2024475336e-01	8.5714948177e-01
5.0145285141e+02	9.4269728661e-01	9.2012017965e-01	8.5707074404e-01
5.0187256086e+02	9.4305509329e-01	9.2015373707e-01	8.5590600967e-01
5.0229227030e+02	9.4340407848e-01	9.2073869705e-01	8.5531181097e-01
5.0271197974e+02	9.4374442101e-01	9.1838532686e-01	8.5416442156e-01
5.0313168918e+02	9.4407618046e-01	9.1866618395e-01	8.5335111618e-01
5.0355139862e+02	9.4439959526e-01	9.1952431202e-01	8.5141992569e-01
5.0397110806e+02	9.4471478462e-01	9.1937357187e-01	8.5122191906e-01
5.0439081750e+02	9.4502180815e-01	9.1964346170e-01	8.5127830505e-01
5.0481052694e+02	9.4532084465e-01	9.1883510351e-01	8.5048490763e-01
5.0523023639e+02	9.4561201334e-01	9.1894513369e-01	8.4854078293e-01
5.0564994583e+02	9.4589543343e-01	9.1822862625e-01	8.4859049320e-01
5.0606965527e+02	9.4617122412e-01	9.1793763638e-01	8.4860849380e-01
5.0648936471e+02	9.4643944502e-01	9.1739171743e-01	8.4659719467e-01
5.0690907415e+02	9.4670027494e-01	9.1732299328e-01	8.4654200077e-01
5.0732878359e+02	9.4695377350e-01	9.1766923666e-01	8.4603458643e-01
5.0774849303e+02	9.4720011950e-01	9.1737288237e-01	8.4493428469e-01
5.0816820247e+02	9.4743931293e-01	9.1754227877e-01	8.4508007765e-01
5.0858791192e+02	9.4767147303e-01	9.1692948341e-01	8.4321051836e-01
5.0900762136e+02	9.4789665937e-01	9.1677480936e-01	8.4278529882e-01
5.0942733080e+02	9.4811505079e-01	9.1676473618e-01	8.4224402905e-01
5.0984704024e+02	9.4832670689e-01	9.1648018360e-01	8.4246116877e-01
5.1026674968e+02	9.4853162766e-01	9.1618520021e-01	8.4101843834e-01
5.1068645912e+02	9.4872999191e-01	9.1591370106e-01	8.4101647139e-01
5.1110616856e+02	9.4892185926e-01	9.1571134329e-01	8.4132564068e-01
5.1152587800e+02	9.4910722971e-01	9.1546428204e-01	8.4075385332e-01
5.1194558744e+02	9.4928622246e-01	9.1535300016e-01	8.3929538727e-01
5.1236529689e+02	9.4945889711e-01	9.1528540850e-01	8.3881485462e-01
5.1278500633e+02	9.4962537289e-01	9.1504788399e-01	8.3856731653e-01
5.1320471577e+02	9.4978559017e-01	9.1511714458e-01	8.3782190084e-01
5.1362442521e+02	9.4993972778e-01	9.1480934620e-01	8.3713209629e-01
5.1404413465e+02	9.5008778572e-01	9.1495352983e-01	8.3647131920e-01
5.1446384409e+02	9.5022988319e-01	9.1486454010e-01	8.3547604084e-01
5.1488355353e+02	9.5036596060e-01	9.1484999657e-01	8.3467841148e-01
5.1530326297e+02	9.5049613714e-01	9.1500014067e-01	8.3412569761e-01
5.1572297242e+02	9.5062047243e-01	9.1500234604e-01	8.3267438412e-01
5.1614268186e+02	9.5073902607e-01	9.1497683525e-01	8.3166038990e-01
5.1656239130e+02	9.5085173845e-01	9.1492348909e-01	8.3070230484e-01
5.1698210074e+02	9.5095878839e-01	9.1496294737e-01	8.2955396175e-01
5.1740181018e+02	9.5106011629e-01	9.1511863470e-01	8.2828289270e-01
5.1782151962e+02	9.5115578175e-01	9.1502511501e-01	8.2771021128e-01
5.1824122906e+02	9.5124584436e-01	9.1413021088e-01	8.2513356209e-01
5.1866093850e+02	9.5133030415e-01	9.1375780106e-01	8.2702827454e-01
5.1908064795e+02	9.5140922070e-01	9.1421216726e-01	8.2511836290e-01
5.1950035739e+02	9.5148259401e-01	9.1489684582e-01	8.2599431276e-01
5.1992006683e+02	9.5155048370e-01	9.1429227591e-01	8.2437455654e-01
5.2033977627e+02	9.5161288977e-01	9.1427373886e-01	8.2224971056e-01
5.2075948571e+02	9.5166987181e-01	9.1440153122e-01	8.2386308908e-01
5.2117919515e+02	9.5172137022e-01	9.1537928581e-01	8.2260555029e-01
5.2159890459e+02	9.5176750422e-01	9.1465896368e-01	8.2200849056e-01
5.2201861403e+02	9.5180821419e-01	9.1545188427e-01	8.1588363647e-01
5.2243832347e+02	9.5184355974e-01	9.1397678852e-01	8.1957161427e-01
5.2285803292e+02	9.5187348127e-01	9.1363346577e-01	8.2049620152e-01
5.2327774236e+02	9.5189809799e-01	9.1379767656e-01	8.2067978382e-01
5.2369745180e+02	9.5191735029e-01	9.1363269091e-01	8.2033932209e-01
5.2411716124e+02	9.5193123817e-01	9.1367852688e-01	8.1902283430e-01
5.2453687068e+02	9.5193976164e-01	9.1333085299e-01	8.1805497408e-01
5.2495658012e+02	9.5194298029e-01	9.1289812326e-01	8.1725949049e-01
5.2537628956e+02	9.5194089413e-01	9.1313791275e-01	8.1665569544e-01
5.2579599900e+02	9.5193344355e-01	9.1323035955e-01	8.1532007456e-01
5.2621570845e+02	9.5192062855e-01	9.1323155165e-01	8.1476747990e-01
5.2663541789e+02	9.5190250874e-01	9.1303205490e-01	8.1352370977e-01
5.2705512733e+02	9.5187902451e-01	9.1295474768e-01	8.1283837557e-01
5.2747483677e+02	9.5185017586e-01	9.1313511133e-01	8.1140089035e-01
5.2789454621e+02	9.5181596279e-01	9.1305369139e-01	8.0999624729e-01
5.2831425565e+02	9.5177638531e-01	9.1299122572e-01	8.0924570560e-01
5.2873396509e+02	9.5173138380e-01	9.1281199455e-01	8.0879467726e-01
5.2915367453e+02	9.5168095827e-01	9.1277921200e-01	8.0842763186e-01
5.2957338398e+02	9.5162516832e-01	9.1282969713e-01	8.0716043711e-01
5.2999309342e+02	9.5156383514e-01	9.1281020641e-01	8.0597168207e-01
5.3041280286e+02	9.5149713755e-01	9.1283154488e-01	8.0515617132e-01
5.3083251230e+02	9.5142483711e-01	9.1268920898e-01	8.0442357063e-01
5.3125222174e+02	9.5134711266e-01	9.1270005703e-01	8.0338776112e-01
5.3167193118e+02	9.5126378536e-01	9.1278618574e-01	8.0286192894e-01
5.3209164062e+02	9.5117485523e-01	9.1302877665e-01	8.0219864845e-01
5.3251135006e+02	9.5108038187e-01	9.1225695610e-01	8.0169194937e-01
5.3293105950e+02	9.5098024607e-01	9.1195660830e-01	8.0044603348e-01
5.3335076895e+02	9.5087438822e-01	9.1296041012e-01	8.0070567131e-01
5.3377047839e+02	9.5076280832e-01	9.1260892153e-01	8.0268090963e-01
5.3419018783e+02	9.5064550638e-01	9.1152989864e-01	7.9900854826e-01
5.3460989727e+02	9.5052236319e-01	9.1159504652e-01	7.9681223631e-01
5.3502960671e+02	9.5039337873e-01	9.1195011139e-01	7.9324698448e-01
5.3544931615e+02	9.5025849342e-01	9.1138261557e-01	7.9791027308e-01
5.3586902559e+02	9.5011770725e-01	9.1095721722e-01	7.9904472828e-01
5.3628873503e+02	9.4997090101e-01	9.1226053238e-01	7.9291278124e-01
5.3670844448e+02	9.4981801510e-01	9.1056942940e-01	7.9449796677e-01
5.3712815392e+02	9.4965898991e-01	9.1124254465e-01	7.9282575846e-01
5.3754786336e+02	9.4949382544e-01	9.1133213043e-01	7.9284691811e-01
5.3796757280e+02	9.4932246208e-01	9.1112118959e-01	7.9185032845e-01
5.3838728224e+02	9.4914478064e-01	9.1123646498e-01	7.9083973169e-01
5.3880699168e+02	9.4896072149e-01	9.1117936373e-01	7.9080319405e-01
5.3922670112e+02	9.4877022505e-01	9.1118937731e-01	7.8990781307e-01
5.3964641056e+02	9.4857323170e-01	9.1096681356e-01	7.8887826204e-01
5.4006612001e+02	9.4836962223e-01	9.1076821089e-01	7.8767532110e-01
5.4048582945e+02	9.4815939665e-01	9.1049498320e-01	7.8819817305e-01
5.4090553889e+02	9.4794243574e-01	9.1081953049e-01	7.8790950775e-01
5.4132524833e+02	9.4771862030e-01	9.1050678492e-01	7.8625810146e-01
5.4174495777e+02	9.4748789072e-01	9.1041779518e-01	7.8663426638e-01
5.4216466721e+02	9.4725018740e-01	9.1032201052e-01	7.8574979305e-01
5.4258437665e+02	9.4700533152e-01	9.1007506847e-01	7.8511935472e-01
5.4300408609e+02	9.4675332308e-01	9.1007399559e-01	7.8515619040e-01
5.4342379553e+02	9.4649404287e-01	9.0997880697e-01	7.8450292349e-01
5.4384350498e+02	9.4622731209e-01	9.0977817774e-01	7.8465920687e-01
5.4426321442e+02	9.4595313072e-01	9.0963476896e-01	7.8381603956e-01
5.4468292386e+02	9.4567126036e-01	9.0958148241e-01	7.8377056122e-01
5.4510263330e+02	9.4538170099e-01	9.0964996815e-01	7.8300720453e-01
5.4552234274e+02	9.4508433342e-01	9.0936928988e-01	7.8293395042e-01
5.4594205218e+02	9.4477891922e-01	9.0951484442e-01	7.8227144480e-01
5.4636176162e+02	9.4446545839e-01	9.0945762396e-01	7.8240549564e-01
5.4678147106e+02	9.4414377213e-01	9.0927207470e-01	7.8182792664e-01
5.4720118051e+02	9.4381374121e-01	9.0899956226e-01	7.8143566847e-01
5.4762088995e+02	9.4347518682e-01	9.0880793333e-01	7.8080564737e-01
5.4804059939e+02	9.4312798977e-01	9.0937370062e-01	7.8000235558e-01
5.4846030883e+02	9.4277203083e-01	9.0948581696e-01	7.8031760454e-01
5.4888001827e+02	9.4240713120e-01	9.0806251764e-01	7.8324639797e-01
5.4929972771e+02	9.4203311205e-01	9.0794092417e-01	7.8041911125e-01
5.4971943715e+02	9.4164979458e-01	9.0682780743e-01	7.7639991045e-01
5.5013914659e+02	9.4125711918e-01	9.0806913376e-01	7.8020149469e-01
5.5055885604e+02	9.4085484743e-01	9.0763306618e-01	7.7935630083e-01
5.5097856548e+02	9.4044274092e-01	9.0718948841e-01	7.7395802736e-01
5.5139827492e+02	9.4002068043e-01	9.0758061409e-01	7.7512532473e-01
5.5181798436e+02	9.3958854675e-01	9.0786790848e-01	7.7633428574e-01
5.5223769380e+02	9.3914598227e-01	9.0676999092e-01	7.7682560682e-01
5.5265740324e+02	9.3869292736e-01	9.0678608418e-01	7.7525734901e-01
5.5307711268e+02	9.3822908401e-01	9.0756225586e-01	7.7468734980e-01
5.5349682212e+02	9.3775427341e-01	9.0645545721e-01	7.7475607395e-01
5.5391653156e+02	9.3726831675e-01	9.0610855818e-01	7.7508223057e-01
5.5433624101e+02	9.3677091599e-01	9.0678137541e-01	7.7419823408e-01
5.5475595045e+02	9.3626183271e-01	9.0669304132e-01	7.7479255199e-01
5.5517565989e+02	9.3574088812e-01	9.0613389015e-01	7.7472591400e-01
5.5559536933e+02	9.3520778418e-01	9.0605014563e-01	7.7302122116e-01
5.5601507877e+02	9.3466228247e-01	9.0593260527e-01	7.7332800627e-01
5.5643478821e+02	9.3410408497e-01	9.0585082769e-01	7.7325183153e-01
5.5685449765e+02	9.3353301287e-01	9.0550905466e-01	7.7277135849e-01
5.5727420709e+02	9.3294864893e-01	9.0552628040e-01	7.7230191231e-01
5.5769391654e+02	9.3235075474e-01	9.0532690287e-01	7.7177774906e-01
5.5811362598e+02	9.3173909187e-01	9.0511071682e-01	7.7199870348e-01
5.5853333542e+02	9.3111330271e-01	9.0499275923e-01	7.7174878120e-01
5.5895304486e+02	9.3047297001e-01	9.0476083755e-01	7.7088576555e-01
5.5937275430e+02	9.2981791496e-01	9.0458357334e-01	7.7082163095e-01
5.5979246374e+02	9.2914772034e-01	9.0430998802e-01	7.7049160004e-01
5.6021217318e+02	9.2846208811e-01	9.0409749746e-01	7.6959782839e-01
5.6063188262e+02	9.2776054144e-01	9.0386176109e-01	7.6978278160e-01
5.6105159207e+02	9.2704278231e-01	9.0359342098e-01	7.6911401749e-01
5.6147130151e+02	9.2630839348e-01	9.0323966742e-01	7.6891434193e-01
5.6189101095e+02	9.2555701733e-01	9.0312469006e-01	7.6860505342e-01
5.6231072039e+02	9.2478817701e-01	9.0278202295e-01	7.6872467995e-01
5.6273042983e+02	9.2400151491e-01	9.0265899897e-01	7.6810145378e-01
5.6315013927e+02	9.2319655418e-01	9.0234434605e-01	7.6868528128e-01
5.6356984871e+02	9.2237275839e-01	9.0221089125e-01	7.6785141230e-01
5.6398955815e+02	9.2152976990e-01	9.0185821056e-01	7.6824980974e-01
5.6440926759e+02	9.2066705227e-01	9.0212404728e-01	7.6752388477e-01
5.6482897704e+02	9.1978406906e-01	9.0210086107e-01	7.6775866747e-01
5.6524868648e+02	9.1888040304e-01	9.0150725842e-01	7.6774138212e-01
5.6566839592e+02	9.1795533895e-01	9.0166664124e-01	7.6704639196e-01
5.6608810536e+02	9.1700851917e-01	9.0020257235e-01	7.6639717817e-01
5.6650781480e+02	9.1603916883e-01	9.0122157335e-01	7.6832145452e-01
5.6692752424e+02	9.1504687071e-01	9.0100550652e-01	7.6946806908e-01
5.6734723368e+02	9.1403084993e-01	8.9974451065e-01	7.6716411114e-01
5.6776694312e+02	9.1299057007e-01	8.9866036177e-01	7.6665818691e-01
5.6818665257e+02	9.1192531586e-01	9.0006434917e-01	7.6664990187e-01
5.6860636201e+02	9.1083443165e-01	9.0051579475e-01	7.7087610960e-01
5.6902607145e+02	9.0971720219e-01	8.9989566803e-01	7.6980364323e-01
5.6944578089e+02	9.0857285261e-01	8.9868432283e-01	7.6917344332e-01
5.6986549033e+02	9.0740066767e-01	8.9868366718e-01	7.6858663559e-01
5.7028519977e+02	9.0619987249e-01	8.9918994904e-01	7.6931142807e-01
5.7070490921e+02	9.0496957302e-01	8.9844667912e-01	7.6884037256e-01
5.7112461865e+02	9.0370899439e-01	8.9826101065e-01	7.6833981276e-01
5.7154432810e+02	9.0241724253e-01	8.9821857214e-01	7.7020317316e-01
5.7196403754e+02	9.0109342337e-01	8.9813500643e-01	7.6935780048e-01
5.7238374698e+02	8.9973652363e-01	8.9747160673e-01	7.6937317848e-01
5.7280345642e+02	8.9834570885e-01	8.9732128382e-01	7.6997697353e-01
5.7322316586e+02	8.9691978693e-01	8.9680093527e-01	7.6962071657e-01
5.7364287530e+02	8.9545786381e-01	8.9586287737e-01	7.6915383339e-01
5.7406258474e+02	8.9395874739e-01	8.9565616846e-01	7.6964759827e-01
5.7448229418e+02	8.9242136478e-01	8.9496105909e-01	7.7079415321e-01
5.7490200362e+02	8.9084458351e-01	8.9463168383e-01	7.7022433281e-01
5.7532171307e+02	8.8922709227e-01	8.9377868176e-01	7.7065914869e-01
5.7574142251e+02	8.8756763935e-01	8.9325749874e-01	7.7066963911e-01
5.7616113195e+02	8.8586503267e-01	8.9267146587e-01	7.7110290527e-01
5.7658084139e+02	8.8411778212e-01	8.9217048883e-01	7.7162033319e-01
5.7700055083e+02	8.8232451677e-01	8.9145165682e-01	7.7114897966e-01
5.7742026027e+02	8.8048380613e-01	8.9047324657e-01	7.7203023434e-01
5.7783996971e+02	8.7859410048e-01	8.8997256756e-01	7.7184540033e-01
5.7825967915e+02	8.7665385008e-01	8.8907825947e-01	7.7193582058e-01
5.7867938860e+02	8.7466138601e-01	8.8833379745e-01	7.7181839943e-01
5.7909909804e+02	8.7261497974e-01	8.8736939430e-01	7.7217090130e-01
5.7951880748e+02	8.7051290274e-01	8.8645726442e-01	7.7167731524e-01
5.7993851692e+02	8.6835330725e-01	8.8542044163e-01	7.7234834433e-01
5.8035822636e+02	8.6613428593e-01	8.8445776701e-01	7.7190965414e-01
5.8077793580e+02	8.6385381222e-01	8.8378894329e-01	7.7128738165e-01
5.8119764524e+02	8.6150985956e-01	8.8256424665e-01	7.7144938707e-01
5.8161735468e+02	8.5910022259e-01	8.8127952814e-01	7.7189534903e-01
5.8203706413e+02	8.5662269592e-01	8.8000488281e-01	7.7144265175e-01
5.8245677357e+02	8.5407501459e-01	8.7883967161e-01	7.7074486017e-01
5.8287648301e+02	8.5145467520e-01	8.7668842077e-01	7.7061772346e-01
5.8329619245e+02	8.4875917435e-01	8.7425309420e-01	7.6963144541e-01
5.8371590189e+02	8.4598588943e-01	8.7496775389e-01	7.6943343878e-01
5.8413561133e+02	8.4313207865e-01	8.7288218737e-01	7.6929104328e-01
5.8455532077e+02	8.4019500017e-01	8.7076562643e-01	7.6855498552e-01
5.8497503021e+02	8.3717161417e-01	8.6975806952e-01	7.6835149527e-01
5.8539473965e+02	8.3405888081e-01	8.6625027657e-01	7.6756155491e-01
5.8581444910e+02	8.3085364103e-01	8.6513978243e-01	7.6515269279e-01
5.8623415854e+02	8.2755249739e-01	8.6564683914e-01	7.6626986265e-01
5.8665386798e+02	8.2415205240e-01	8.6208671331e-01	7.6411616802e-01
5.8707357742e+02	8.2064867020e-01	8.5895675421e-01	7.6600521803e-01
5.8749328686e+02	8.1703859568e-01	8.5656166077e-01	7.6070600748e-01
5.8791299630e+02	8.1331801414e-01	8.5485583544e-01	7.6165199280e-01
5.8833270574e+02	8.0948281288e-01	8.5250341892e-01	7.6014596224e-01
5.8875241518e+02	8.0552875996e-01	8.4859633446e-01	7.5987446308e-01
5.8917212463e+02	8.0145150423e-01	8.4656137228e-01	7.5997501612e-01
5.8959183407e+02	7.9724645615e-01	8.4459429979e-01	7.5848829746e-01
5.9001154351e+02	7.9290890694e-01	8.4096145630e-01	7.5680327415e-01
5.9043125295e+02	7.8843390942e-01	8.3706164360e-01	7.5680524111e-01
5.9085096239e+02	7.8381639719e-01	8.3407199383e-01	7.5374937057e-01
5.9127067183e+02	7.7905100584e-01	8.3101397753e-01	7.5250393152e-01
5.9169038127e+02	7.7413219213e-01	8.2672768831e-01	7.5036299229e-01
5.9211009071e+02	7.6905429363e-01	8.2334488630e-01	7.4897146225e-01
5.9252980016e+02	7.6381134987e-01	8.1930899620e-01	7.4731844664e-01
5.9294950960e+02	7.5839722157e-01	8.1542968750e-01	7.4460816383e-01
5.9336921904e+02	7.5280547142e-01	8.1046688557e-01	7.4342417717e-01
5.9378892848e+02	7.4702954292e-01	8.0667340755e-01	7.3887640238e-01
5.9420863792e+02	7.4106252193e-01	8.0130898952e-01	7.3674786091e-01
5.9462834736e+02	7.3489749432e-01	7.9677927494e-01	7.3316901922e-01
5.9504805680e+02	7.2852706909e-01	7.9162007570e-01	7.3041135073e-01
5.9546776624e+02	7.2194373608e-01	7.8633952141e-01	7.2636210918e-01
5.9588747568e+02	7.1513974667e-01	7.8040015697e-01	7.2285366058e-01
5.9630718513e+02	7.0810717344e-01	7.7480536699e-01	7.1850347519e-01
5.9672689457e+02	7.0083785057e-01	7.6886022091e-01	7.1465939283e-01
5.9714660401e+02	6.9332337379e-01	7.6274973154e-01	7.1008706093e-01
5.9756631345e+02	6.8555521965e-01	7.5614374876e-01	7.0542949438e-01
5.9798602289e+02	6.7752468586e-01	7.4890160561e-01	6.9994813204e-01
5.9840573233e+02	6.6922277212e-01	7.4129551649e-01	6.9517344236e-01
5.9882544177e+02	6.6064053774e-01	7.3919683695e-01	6.8886870146e-01
5.9924515121e+02	6.5176892281e-01	7.3371416330e-01	6.8340092897e-01
5.9966486066e+02	6.4259874821e-01	7.2269517183e-01	6.7672890425e-01
6.0008457010e+02	6.3312083483e-01	7.0685875416e-01	6.6992115974e-01
6.0050427954e+02	6.2332606316e-01	6.9371813536e-01	6.6280150414e-01
6.0092398898e+02	6.1320537329e-01	6.8565881252e-01	6.5423566103e-01
6.0134369842e+02	6.0274994373e-01	6.7675870657e-01	6.4573001862e-01
6.0176340786e+02	5.9195113182e-01	6.6736358404e-01	6.3704299927e-01
6.0218311730e+02	5.8080071211e-01	6.5666788816e-01	6.2757122517e-01
6.0260282674e+02	5.6929087639e-01	6.4347696304e-01	6.1892074347e-01
6.0302253619e+02	5.5741429329e-01	6.3248908520e-01	6.0951179266e-01
6.0344224563e+02	5.4516446590e-01	6.2542861700e-01	5.9854388237e-01
6.0386195507e+02	5.3253573179e-01	6.1154776812e-01	5.8616495132e-01
6.0428166451e+02	5.1952338219e-01	6.0025119781e-01	5.7473093271e-01
6.0470137395e+02	5.0612396002e-01	5.8444738388e-01	5.5845916271e-01
6.0512108339e+02	4.9233543873e-01	5.7149749994e-01	5.5016505718e-01
6.0554079283e+02	4.7815746069e-01	5.6103777885e-01	5.3557831049e-01
6.0596050227e+02	4.6359151602e-01	5.4118251801e-01	5.2137798071e-01
6.0638021171e+02	4.4864135981e-01	5.2662628889e-01	5.0698053837e-01
6.0679992116e+02	4.3331313133e-01	5.1036816835e-01	4.9180525541e-01
6.0721963060e+02	4.1761577129e-01	4.9666592479e-01	4.7590845823e-01
6.0763934004e+02	4.0156134963e-01	4.7941407561e-01	4.6057301760e-01
6.0805904948e+02	3.8516545296e-01	4.6421119571e-01	4.4387921691e-01
6.0847875892e+02	3.6844736338e-01	4.4788116217e-01	4.2780762911e-01
6.0889846836e+02	3.5143065453e-01	4.3278181553e-01	4.1089367867e-01
6.0931817780e+02	3.3414340019e-01	4.1616350412e-01	3.9424714446e-01
6.0973788724e+02	3.1661853194e-01	4.0002277493e-01	3.7756821513e-01
6.1015759669e+02	2.9889428616e-01	3.8340029120e-01	3.5998469591e-01
6.1057730613e+02	2.8101441264e-01	3.6670747399e-01	3.4302875400e-01
6.1099701557e+02	2.6302844286e-01	3.4971907735e-01	3.2646104693e-01
6.1141672501e+02	2.4499191344e-01	3.3401167393e-01	3.0808314681e-01
6.1183643445e+02	2.2696647048e-01	3.1667235494e-01	2.9212820530e-01
6.1225614389e+02	2.0901992917e-01	3.0081033707e-01	2.7566364408e-01
6.1267585333e+02	1.9122616947e-01	2.8485170007e-01	2.5914126635e-01
6.1309556277e+02	1.7366494238e-01	2.6984161139e-01	2.4365326762e-01
6.1351527222e+02	1.5642145276e-01	2.5430858135e-01	2.2747181356e-01
6.1393498166e+02	1.3958594203e-01	2.4014927447e-01	2.1308977902e-01
6.1435469110e+02	1.2325291336e-01	2.2595664859e-01	1.9886305928e-01
6.1477440054e+02	1.0752028972e-01	2.1235665679e-01	1.8491578102e-01
6.1519410998e+02	9.2488355935e-02	2.0068271458e-01	1.7216028273e-01
6.1561381942e+02	7.8258536756e-02	1.8990185857e-01	1.5972769260e-01
6.1603352886e+02	6.4932003617e-02	1.7914515734e-01	1.4870814979e-01
6.1645323830e+02	5.2608180791e-02	1.5415652096e-01	1.3710972667e-01
6.1687294774e+02	4.1383083910e-02	1.3199886680e-01	1.2744127214e-01
6.1729265719e+02	3.1347651035e-02	1.1759420484e-01	1.1818313599e-01
6.1771236663e+02	2.2586055100e-02	1.1332681030e-01	1.1059265584e-01
6.1813207607e+02	1.5174021944e-02	1.1008439958e-01	1.0282538086e-01
6.1855178551e+02	9.1772777960e-03	1.0874881595e-01	9.4831183553e-02
6.1897149495e+02	4.6501345932e-03	1.0873643309e-01	8.6292006075e-02
6.1939120439e+02	1.6342931194e-03	1.1087611318e-01	8.1064939499e-02
6.1981091383e+02	1.5789348981e-04	1.1333008856e-01	7.5797960162e-02
6.2023062327e+02	2.3487089493e-04	1.1108797044e-01	7.2195470333e-02
6.2065033272e+02	1.8646314275e-03	1.1178817600e-01	6.8799890578e-02
6.2107004216e+02	5.0320671871e-03	1.1011815071e-01	6.6125370562e-02
6.2148975160e+02	9.7079081461e-03	1.1334640533e-01	6.4438343048e-02
6.2190946104e+02	1.5849398449e-02	1.1212582141e-01	6.3787654042e-02
6.2232917048e+02	2.3401260376e-02	1.1470571905e-01	6.3106007874e-02
6.2274887992e+02	3.2296922058e-02	1.1101558805e-01	6.2759816647e-02
6.2316858936e+02	4.2459934950e-02	1.1859221756e-01	6.5463036299e-02
6.2358829880e+02	5.3805559874e-02	1.1476116627e-01	6.6998437047e-02
6.2400800825e+02	6.6242426634e-02	1.1931543052e-01	7.0747591555e-02
6.2442771769e+02	7.9674214125e-02	1.1676087976e-01	7.4446961284e-02
6.2484742713e+02	9.4001382589e-02	1.2623870373e-01	7.8808471560e-02
6.2526713657e+02	1.0912273824e-01	1.2948437035e-01	8.4809377789e-02
6.2568684601e+02	1.2493696809e-01	1.3841703534e-01	9.1785773635e-02
6.2610655545e+02	1.4134399593e-01	1.4737953246e-01	9.9279776216e-02
6.2652626489e+02	1.5824623406e-01	1.6039292514e-01	1.0741662979e-01
6.2694597433e+02	1.7554952204e-01	1.6971349716e-01	1.1574029177e-01
6.2736568377e+02	1.9316413999e-01	1.8221198022e-01	1.2732189894e-01
6.2778539322e+02	2.1100530028e-01	1.9780878723e-01	1.3844510913e-01
6.2820510266e+02	2.2899380326e-01	2.1357665956e-01	1.5010547638e-01
6.2862481210e+02	2.4705632031e-01	2.2769168019e-01	1.6360475123e-01
6.2904452154e+02	2.6512557268e-01	2.4653749168e-01	1.7682577670e-01
6.2946423098e+02	2.8314045072e-01	2.6267889142e-01	1.9185070693e-01
6.2988394042e+02	3.0104595423e-01	2.8147357702e-01	2.0669364929e-01
6.3030364986e+02	3.1879299879e-01	2.9888162017e-01	2.2149042785e-01
6.3072335930e+02	3.3633837104e-01	3.1910219789e-01	2.3718743026e-01
6.3114306875e+02	3.5364431143e-01	3.3584421873e-01	2.5265005231e-01
6.3156277819e+02	3.7067824602e-01	3.5493448377e-01	2.6857292652e-01
6.3198248763e+02	3.8741245866e-01	3.7321749330e-01	2.8509706259e-01
6.3240219707e+02	4.0382382274e-01	3.9057472348e-01	2.9967606068e-01
6.3282190651e+02	4.1989326477e-01	4.0654778481e-01	3.1542006135e-01
6.3324161595e+02	4.3560552597e-01	4.2179787159e-01	3.3005440235e-01
6.3366132539e+02	4.5094880462e-01	4.4093376398e-01	3.4475588799e-01
6.3408103483e+02	4.6591436863e-01	4.6106159687e-01	3.5909637809e-01
6.3450074428e+02	4.8049622774e-01	4.7563958168e-01	3.7376943231e-01
6.3492045372e+02	4.9469080567e-01	4.9220722914e-01	3.8568741083e-01
6.3534016316e+02	5.0849676132e-01	5.0121790171e-01	3.9860156178e-01
6.3575987260e+02	5.2191460133e-01	5.1633435488e-01	4.0948849916e-01
6.3617958204e+02	5.3494638205e-01	5.2652794123e-01	4.2174404860e-01
6.3659929148e+02	5.4759573936e-01	5.3655189276e-01	4.3068006635e-01
6.3701900092e+02	5.5986726284e-01	5.6126892567e-01	4.4411361217e-01
6.3743871036e+02	5.7176685333e-01	5.6760662794e-01	4.5820337534e-01
6.3785841980e+02	5.8330094814e-01	5.7379144430e-01	4.6119329333e-01
6.3827812925e+02	5.9447693825e-01	5.8991855383e-01	4.7000163794e-01
6.3869783869e+02	6.0530257225e-01	6.0186606646e-01	4.7903281450e-01
6.3911754813e+02	6.1578613520e-01	6.0453283787e-01	4.8876437545e-01
6.3953725757e+02	6.2593626976e-01	6.1971038580e-01	4.9631142616e-01
6.3995696701e+02	6.3576185703e-01	6.2962990999e-01	5.0000572205e-01
6.4037667645e+02	6.4527183771e-01	6.3020366430e-01	5.1046550274e-01
6.4079638589e+02	6.5447533131e-01	6.4063572884e-01	5.1303833723e-01
6.4121609533e+02	6.6338151693e-01	6.4676487446e-01	5.1983886957e-01
6.4163580478e+02	6.7199951410e-01	6.5393531322e-01	5.2546745539e-01
6.4205551422e+02	6.8033838272e-01	6.6063463688e-01	5.3219872713e-01
6.4247522366e+02	6.8840718269e-01	6.6717272997e-01	5.3524458408e-01
6.4289493310e+02	6.9621467590e-01	6.6969126463e-01	5.4072177410e-01
6.4331464254e+02	7.0376956463e-01	6.7654240131e-01	5.4508852959e-01
6.4373435198e+02	7.1108043194e-01	6.7872518301e-01	5.4955095053e-01
6.4415406142e+02	7.1815556288e-01	6.8328773975e-01	5.5380016565e-01
6.4457377086e+02	7.2500318289e-01	6.8727618456e-01	5.5824464560e-01
6.4499348031e+02	7.3163115978e-01	6.9090110064e-01	5.6193941832e-01
6.4541318975e+02	7.3804718256e-01	6.9403827190e-01	5.6415736675e-01
6.4583289919e+02	7.4425882101e-01	6.9754964113e-01	5.6812107563e-01
6.4625260863e+02	7.5027328730e-01	6.9984310865e-01	5.7193791866e-01
6.4667231807e+02	7.5609755516e-01	7.0312625170e-01	5.7444173098e-01
6.4709202751e+02	7.6173853874e-01	7.0549851656e-01	5.7765662670e-01
6.4751173695e+02	7.6720279455e-01	7.0817697048e-01	5.8093619347e-01
6.4793144639e+02	7.7249664068e-01	7.1042251587e-01	5.8424937725e-01
6.4835115583e+02	7.7762627602e-01	7.1335339546e-01	5.8674418926e-01
6.4877086528e+02	7.8259754181e-01	7.1522223949e-01	5.8966714144e-01
6.4919057472e+02	7.8741616011e-01	7.1760445833e-01	5.9240818024e-01
6.4961028416e+02	7.9208761454e-01	7.1987462044e-01	5.9433329105e-01
6.5002999360e+02	7.9661732912e-01	7.2170603275e-01	5.9649115801e-01
6.5044970304e+02	8.0101025105e-01	7.2401237488e-01	5.9901076555e-01
6.5086941248e+02	8.0527132750e-01	7.2600495815e-01	6.0148930550e-01
6.5128912192e+02	8.0940532684e-01	7.2793072462e-01	6.0338646173e-01
6.5170883136e+02	8.1341677904e-01	7.2952234745e-01	6.0663980246e-01
6.5212854081e+02	8.1730997562e-01	7.3166435957e-01	6.0802948475e-01
6.5254825025e+02	8.2108920813e-01	7.3357552290e-01	6.0941672325e-01
6.5296795969e+02	8.2475852966e-01	7.3512059450e-01	6.1145734787e-01
6.5338766913e+02	8.2832175493e-01	7.3715341091e-01	6.1360287666e-01
6.5380737857e+02	8.3178263903e-01	7.3895484209e-01	6.1478561163e-01
6.5422708801e+02	8.3514481783e-01	7.4067264795e-01	6.1646878719e-01
6.5464679745e+02	8.3841162920e-01	7.4209719896e-01	6.1918473244e-01
6.5506650689e+02	8.4158647060e-01	7.4367672205e-01	6.2108725309e-01
6.5548621634e+02	8.4467256069e-01	7.4542927742e-01	6.2191992998e-01
6.5590592578e+02	8.4767287970e-01	7.4670732021e-01	6.2338167429e-01
6.5632563522e+02	8.5059040785e-01	7.4836027622e-01	6.2489759922e-01
6.5674534466e+02	8.5342800617e-01	7.4989068508e-01	6.2706917524e-01
6.5716505410e+02	8.5618829727e-01	7.5110679865e-01	6.2874943018e-01
6.5758476354e+02	8.5887402296e-01	7.5260841846e-01	6.3009124994e-01
6.5800447298e+02	8.6148762703e-01	7.5386703014e-01	6.3150203228e-01
6.5842418242e+02	8.6403149366e-01	7.5551456213e-01	6.3240152597e-01
6.5884389186e+02	8.6650794744e-01	7.5711250305e-01	6.3421577215e-01
6.5926360131e+02	8.6891931295e-01	7.5814908743e-01	6.3622945547e-01
6.5968331075e+02	8.7126767635e-01	7.5933122635e-01	6.3716757298e-01
6.6010302019e+02	8.7355512381e-01	7.5990438461e-01	6.3879024982e-01
6.6052272963e+02	8.7578362226e-01	7.6061522961e-01	6.3912218809e-01
6.6094243907e+02	8.7795507908e-01	7.6111459732e-01	6.4110529423e-01
6.6136214851e+02	8.8007134199e-01	7.6174783707e-01	6.4273244143e-01
6.6178185795e+02	8.8213419914e-01	7.6212412119e-01	6.4296543598e-01
6.6220156739e+02	8.8414537907e-01	7.6259064674e-01	6.4462584257e-01
6.6262127684e+02	8.8610643148e-01	7.6326984167e-01	6.4646112919e-01
6.6304098628e+02	8.8801902533e-01	7.6376670599e-01	6.4836794138e-01
6.6346069572e+02	8.8988465071e-01	7.6438224316e-01	6.4872699976e-01
6.6388040516e+02	8.9170479774e-01	7.6455831528e-01	6.5028470755e-01
6.6430011460e+02	8.9348083735e-01	7.6499867439e-01	6.5176492929e-01
6.6471982404e+02	8.9521414042e-01	7.6566338539e-01	6.5244364738e-01
6.6513953348e+02	8.9690601826e-01	7.6610082388e-01	6.5377020836e-01
6.6555924292e+02	8.9855772257e-01	7.6645761728e-01	6.5468615294e-01
6.6597895237e+02	9.0017050505e-01	7.6690840721e-01	6.5578502417e-01
6.6639866181e+02	9.0174555779e-01	7.6705759764e-01	6.5648585558e-01
6.6681837125e+02	9.0328395367e-01	7.6746577024e-01	6.5899550915e-01
6.6723808069e+02	9.0478682518e-01	7.6792234182e-01	6.5885543823e-01
6.6765779013e+02	9.0625518560e-01	7.6824587584e-01	6.5971994400e-01
6.6807749957e+02	9.0769004822e-01	7.6869958639e-01	6.6136032343e-01
6.6849720901e+02	9.0909242630e-01	7.6899063587e-01	6.6248250008e-01
6.6891691845e+02	9.1046327353e-01	7.6955038309e-01	6.6302913427e-01
6.6933662789e+02	9.1180348396e-01	7.6986044645e-01	6.6440927982e-01
6.6975633734e+02	9.1311395168e-01	7.7005064487e-01	6.6501277685e-01
6.7017604678e+02	9.1439551115e-01	7.7046710253e-01	6.6567146778e-01
6.7059575622e+02	9.1564899683e-01	7.7082443237e-01	6.6691726446e-01
6.7101546566e+02	9.1687518358e-01	7.7120131254e-01	6.6757857800e-01
6.7143517510e+02	9.1807484627e-01	7.7145618200e-01	6.6875731945e-01
6.7185488454e+02	9.1924870014e-01	7.7182376385e-01	6.6994386911e-01
6.7227459398e+02	9.2039752007e-01	7.7216148376e-01	6.7080378532e-01
6.7269430342e+02	9.2152202129e-01	7.7255260944e-01	6.7066007853e-01
6.7311401287e+02	9.2262274027e-01	7.7290934324e-01	6.7196476460e-01
6.7353372231e+02	9.2370045185e-01	7.7317863703e-01	6.7279839516e-01
6.7395343175e+02	9.2475575209e-01	7.7343457937e-01	6.7380225658e-01
6.7437314119e+02	9.2578917742e-01	7.7376079559e-01	6.7462629080e-01
6.7479285063e+02	9.2680138350e-01	7.7396380901e-01	6.7520797253e-01
6.7521256007e+02	9.2779296637e-01	7.7437645197e-01	6.7642122507e-01
6.7563226951e+02	9.2876434326e-01	7.7465569973e-01	6.7649585009e-01
6.7605197895e+02	9.2971616983e-01	7.7484726906e-01	6.7809212208e-01
6.7647168840e+02	9.3064898252e-01	7.7502888441e-01	6.7841577530e-01
6.7689139784e+02	9.3156313896e-01	7.7532911301e-01	6.7898267508e-01
6.7731110728e+02	9.3245923519e-01	7.7555000782e-01	6.7925804853e-01
6.7773081672e+02	9.3333762884e-01	7.7581667900e-01	6.8087446690e-01
6.7815052616e+02	9.3419891596e-01	7.7604275942e-01	6.8125742674e-01
6.7857023560e+02	9.3504345417e-01	7.7608221769e-01	6.8178910017e-01
6.7898994504e+02	9.3587166071e-01	7.7625942230e-01	6.8268436193e-01
6.7940965448e+02	9.3668395281e-01	7.7643877268e-01	6.8339633942e-01
6.7982936392e+02	9.3748080730e-01	7.7669435740e-01	6.8380278349e-01
6.8024907337e+02	9.3826246262e-01	7.7702832222e-01	6.8464654684e-01
6.8066878281e+02	9.3902939558e-01	7.7704292536e-01	6.8575745821e-01
6.8108849225e+02	9.3978196383e-01	7.7740216255e-01	6.8624043465e-01
6.8150820169e+02	9.4052052498e-01	7.7764475346e-01	6.8692809343e-01
6.8192791113e+02	9.4124537706e-01	7.7768421173e-01	6.8769329786e-01
6.8234762057e+02	9.4195687771e-01	7.7783697844e-01	6.8820822239e-01
6.8276733001e+02	9.4265532494e-01	7.7813100815e-01	6.8928343058e-01
6.8318703945e+02	9.4334107637e-01	7.7810364962e-01	6.8962830305e-01
6.8360674890e+02	9.4401443005e-01	7.7838701010e-01	6.8969190121e-01
6.8402645834e+02	9.4467562437e-01	7.7861392498e-01	6.9088208675e-01
6.8444616778e+02	9.4532501698e-01	7.7871429920e-01	6.9124269485e-01
6.8486587722e+02	9.4596284628e-01	7.7879077196e-01	6.9248712063e-01
6.8528558666e+02	9.4658941031e-01	7.7903228998e-01	6.9241219759e-01
6.8570529610e+02	9.4720488787e-01	7.7902877331e-01	6.9304084778e-01
6.8612500554e+02	9.4780963659e-01	7.7929627895e-01	6.9400459528e-01
6.8654471498e+02	9.4840389490e-01	7.7935117483e-01	6.9485932589e-01
6.8696442443e+02	9.4898784161e-01	7.7939116955e-01	6.9480532408e-01
6.8738413387e+02	9.4956177473e-01	7.7946466208e-01	6.9547545910e-01
6.8780384331e+02	9.5012587309e-01	7.7951979637e-01	6.9630432129e-01
6.8822355275e+02	9.5068031549e-01	7.7959460020e-01	6.9695734978e-01
6.8864326219e+02	9.5122545958e-01	7.7957433462e-01	6.9727104902e-01
6.8906297163e+02	9.5176136494e-01	7.7970182896e-01	6.9862025976e-01
6.8948268107e+02	9.5228838921e-01	7.7975499630e-01	6.9855606556e-01
6.8990239051e+02	9.5280659199e-01	7.7993834019e-01	6.9912004471e-01
6.9032209995e+02	9.5331621170e-01	7.7990686893e-01	6.9974148273e-01
6.9074180940e+02	9.5381742716e-01	7.7998489141e-01	7.0006811619e-01
6.9116151884e+02	9.5431041718e-01	7.7995198965e-01	7.0069581270e-01
6.9158122828e+02	9.5479542017e-01	7.8002446890e-01	7.0171916485e-01
6.9200093772e+02	9.5527255535e-01	7.8006744385e-01	7.0199745893e-01
6.9242064716e+02	9.5574200153e-01	7.8006523848e-01	7.0248478651e-01
6.9284035660e+02	9.5620387793e-01	7.8015476465e-01	7.0302885771e-01
6.9326006604e+02	9.5665842295e-01	7.8012633324e-01	7.0346343517e-01
6.9367977548e+02	9.5710575581e-01	7.8020375967e-01	7.0418500900e-01
6.9409948493e+02	9.5754605532e-01	7.8025555611e-01	7.0473617315e-01
6.9451919437e+02	9.5797944069e-01	7.8041166067e-01	7.0569640398e-01
6.9493890381e+02	9.5840603113e-01	7.8036916256e-01	7.0609313250e-01
6.9535861325e+02	9.5882594585e-01	7.8038853407e-01	7.0680296421e-01
6.9577832269e+02	9.5923942327e-01	7.8045248985e-01	7.0741581917e-01
6.9619803213e+02	9.5964652300e-01	7.8049820662e-01	7.0824974775e-01
6.9661774157e+02	9.6004742384e-01	7.8057736158e-01	7.0778208971e-01
6.9703745101e+02	9.6044218540e-01	7.8065574169e-01	7.0849931240e-01
6.9745716046e+02	9.6083098650e-01	7.8062862158e-01	7.0938837528e-01
6.9787686990e+02	9.6121388674e-01	7.8067243099e-01	7.0995318890e-01
6.9829657934e+02	9.6159112453e-01	7.8057408333e-01	7.1070963144e-01
6.9871628878e+02	9.6196264029e-01	7.8083473444e-01	7.1177744865e-01
6.9913599822e+02	9.6232867241e-01	7.8067857027e-01	7.1180355549e-01
6.9955570766e+02	9.6268934011e-01	7.8073608875e-01	7.1302342415e-01
6.9997541710e+02	9.6304464340e-01	7.8069239855e-01	7.1322685480e-01
7.0039512654e+02	9.6339482069e-01	7.8076690435e-01	7.1342629194e-01
7.0081483598e+02	9.6373981237e-01	7.8076434135e-01	7.1427083015e-01
7.0123454543e+02	9.6407985687e-01	7.8087633848e-01	7.1463447809e-01
7.0165425487e+02	9.6441495419e-01	7.8080880642e-01	7.1560400724e-01
7.0207396431e+02	9.6474528313e-01	7.8068101406e-01	7.1617335081e-01
7.0249367375e+02	9.6507090330e-01	7.8057330847e-01	7.1652883291e-01
7.0291338319e+02	9.6539187431e-01	7.8057998419e-01	7.1709334850e-01
7.0333309263e+02	9.6570831537e-01	7.8062981367e-01	7.1764278412e-01
7.0375280207e+02	9.6602028608e-01	7.8051698208e-01	7.1813571453e-01
7.0417251151e+02	9.6632790565e-01	7.8059148788e-01	7.1841496229e-01
7.0459222096e+02	9.6663123369e-01	7.8042101860e-01	7.1900308132e-01
7.0501193040e+02	9.6693032980e-01	7.8047662973e-01	7.1939194202e-01
7.0543163984e+02	9.6722525358e-01	7.8046363592e-01	7.1992516518e-01
7.0585134928e+02	9.6751618385e-01	7.8039765358e-01	7.2083556652e-01
7.0627105872e+02	9.6780312061e-01	7.8035724163e-01	7.2158563137e-01
7.0669076816e+02	9.6808618307e-01	7.8027820587e-01	7.2162544727e-01
7.0711047760e+02	9.6836531162e-01	7.8022569418e-01	7.2244083881e-01
7.0753018704e+02	9.6864074469e-01	7.8013902903e-01	7.2301626205e-01
7.0794989649e+02	9.6891248226e-01	7.8007006645e-01	7.2314620018e-01
7.0836960593e+02	9.6918052435e-01	7.7992367744e-01	7.2405463457e-01
7.0878931537e+02	9.6944504976e-01	7.7993327379e-01	7.2426271439e-01
7.0920902481e+02	9.6970605850e-01	7.7979922295e-01	7.2507303953e-01
7.0962873425e+02	9.6996361017e-01	7.7974539995e-01	7.2568994761e-01
7.1004844369e+02	9.7021782398e-01	7.7963274717e-01	7.2586375475e-01
7.1046815313e+02	9.7046864033e-01	7.7970480919e-01	7.2683888674e-01
7.1088786257e+02	9.7071623802e-01	7.7965241671e-01	7.2749918699e-01
7.1130757201e+02	9.7096061707e-01	7.7959901094e-01	7.2772181034e-01
7.1172728146e+02	9.7120183706e-01	7.7940392494e-01	7.2849339247e-01
7.1214699090e+02	9.7143995762e-01	7.7932757139e-01	7.2897964716e-01
7.1256670034e+02	9.7167503834e-01	7.7931582928e-01	7.2955965996e-01
7.1298640978e+02	9.7190707922e-01	7.7926695347e-01	7.2978687286e-01
7.1340611922e+02	9.7213619947e-01	7.7918535471e-01	7.3050421476e-01
7.1382582866e+02	9.7236245871e-01	7.7897059917e-01	7.3065358400e-01
7.1424553810e+02	9.7258585691e-01	7.7884179354e-01	7.3150521517e-01
7.1466524754e+02	9.7280645370e-01	7.7886193991e-01	7.3236793280e-01
7.1508495699e+02	9.7302430868e-01	7.7864384651e-01	7.3238992691e-01
7.1550466643e+02	9.7323948145e-01	7.7856159210e-01	7.3314404488e-01
7.1592437587e+02	9.7345197201e-01	7.7845215797e-01	7.3334449530e-01
7.1634408531e+02	9.7366183996e-01	7.7832633257e-01	7.3398715258e-01
7.1676379475e+02	9.7386914492e-01	7.7815383673e-01	7.3433983326e-01
7.1718350419e+02	9.7407388687e-01	7.7801740170e-01	7.3471409082e-01
7.1760321363e+02	9.7427618504e-01	7.7783036232e-01	7.3500335217e-01
7.1802292307e+02	9.7447597980e-01	7.7781856060e-01	7.3564445972e-01
7.1844263252e+02	9.7467344999e-01	7.7758556604e-01	7.3586940765e-01
7.1886234196e+02	9.7486847639e-01	7.7738833427e-01	7.3613590002e-01
7.1928205140e+02	9.7506117821e-01	7.7727562189e-01	7.3695492744e-01
7.1970176084e+02	9.7525161505e-01	7.7716803551e-01	7.3744630814e-01
7.2012147028e+02	9.7543978691e-01	7.7693754435e-01	7.3754322529e-01
7.2054117972e+02	9.7562575340e-01	7.7682536840e-01	7.3828119040e-01
7.2096088916e+02	9.7580951452e-01	7.7662503719e-01	7.3867493868e-01
7.2138059860e+02	9.7599112988e-01	7.7638280392e-01	7.3952174187e-01
7.2180030804e+02	9.7617059946e-01	7.7623099089e-01	7.3981946707e-01
7.2222001749e+02	9.7634804249e-01	7.7608871460e-01	7.3973983526e-01
7.2263972693e+02	9.7652339935e-01	7.7596533298e-01	7.4034094810e-01
7.2305943637e+02	9.7669672966e-01	7.7570533752e-01	7.4100136757e-01
7.2347914581e+02	9.7686809301e-01	7.7553832531e-01	7.4141448736e-01
7.2389885525e+02	9.7703748941e-01	7.7526086569e-01	7.4113214016e-01
7.2431856469e+02	9.7720491886e-01	7.7530568838e-01	7.4213558435e-01
7.2473827413e+02	9.7737050056e-01	7.7496385574e-01	7.4253040552e-01
7.2515798357e+02	9.7753417492e-01	7.7480047941e-01	7.4299806356e-01
7.2557769302e+02	9.7769600153e-01	7.7463179827e-01	7.4316561222e-01
7.2599740246e+02	9.7785604000e-01	7.7441442013e-01	7.4376720190e-01
7.2641711190e+02	9.7801429033e-01	7.7419304848e-01	7.4453157187e-01
7.2683682134e+02	9.7817081213e-01	7.7400332689e-01	7.4445641041e-01
7.2725653078e+02	9.7832554579e-01	7.7380627394e-01	7.4479007721e-01
7.2767624022e+02	9.7847861052e-01	7.7359855175e-01	7.4577766657e-01
7.2809594966e+02	9.7862994671e-01	7.7335256338e-01	7.4552065134e-01
7.2851565910e+02	9.7877967358e-01	7.7325063944e-01	7.4603122473e-01
7.2893536855e+02	9.7892773151e-01	7.7292716503e-01	7.4656605721e-01
7.2935507799e+02	9.7907418013e-01	7.7274560928e-01	7.4677771330e-01
7.2977478743e+02	9.7921907902e-01	7.7252870798e-01	7.4761933088e-01
7.3019449687e+02	9.7936242819e-01	7.7238982916e-01	7.4835765362e-01
7.3061420631e+02	9.7950416803e-01	7.7204680443e-01	7.4887245893e-01
7.3103391575e+02	9.7964441776e-01	7.7188199759e-01	7.4856400490e-01
7.3145362519e+02	9.7978317738e-01	7.7164822817e-01	7.4912947416e-01
7.3187333463e+02	9.7992050648e-01	7.7142882347e-01	7.4950855970e-01
7.3229304407e+02	9.8005634546e-01	7.7119755745e-01	7.4984842539e-01
7.3271275352e+02	9.8019075394e-01	7.7088832855e-01	7.5033092499e-01
7.3313246296e+02	9.8032373190e-01	7.7072280645e-01	7.5094515085e-01
7.3355217240e+02	9.8045533895e-01	7.7048557997e-01	7.5090402365e-01
7.3397188184e+02	9.8058557510e-01	7.7020573616e-01	7.5146591663e-01
7.3439159128e+02	9.8071444035e-01	7.6995420456e-01	7.5173085928e-01
7.3481130072e+02	9.8084193468e-01	7.6976865530e-01	7.5251972675e-01
7.3523101016e+02	9.8096817732e-01	7.6948976517e-01	7.5286996365e-01
7.3565071960e+02	9.8109310865e-01	7.6925790310e-01	7.5267112255e-01
7.3607042905e+02	9.8121672869e-01	7.6902121305e-01	7.5325524807e-01
7.3649013849e+02	9.8133915663e-01	7.6874166727e-01	7.5374817848e-01
7.3690984793e+02	9.8146027327e-01	7.6846933365e-01	7.5406688452e-01
7.3732955737e+02	9.8158019781e-01	7.6828038692e-01	7.5460839272e-01
7.3774926681e+02	9.8169887066e-01	7.6796406507e-01	7.5519210100e-01
7.3816897625e+02	9.8181641102e-01	7.6775562763e-01	7.5503379107e-01
7.3858868569e+02	9.8193275928e-01	7.6755762100e-01	7.5575453043e-01
7.3900839513e+02	9.8204791546e-01	7.6726764441e-01	7.5557893515e-01
7.3942810458e+02	9.8216193914e-01	7.6703333855e-01	7.5614678860e-01
7.3984781402e+02	9.8227483034e-01	7.6674741507e-01	7.5663506985e-01
7.4026752346e+02	9.8238658905e-01	7.6637184620e-01	7.5709736347e-01
7.4068723290e+02	9.8249727488e-01	7.6612943411e-01	7.5738501549e-01
7.4110694234e+02	9.8260688782e-01	7.6580053568e-01	7.5817877054e-01
7.4152665178e+02	9.8271536827e-01	7.6557248831e-01	7.5831651688e-01
7.4194636122e+02	9.8282283545e-01	7.6522481441e-01	7.5902050734e-01
7.4236607066e+02	9.8292922974e-01	7.6504194736e-01	7.5890827179e-01
7.4278578010e+02	9.8303461075e-01	7.6462799311e-01	7.5950545073e-01
7.4320548955e+02	9.8313897848e-01	7.6438087225e-01	7.5943845510e-01
7.4362519899e+02	9.8324239254e-01	7.6420259476e-01	7.6016587019e-01
7.4404490843e+02	9.8334473372e-01	7.6394277811e-01	7.6041543484e-01
7.4446461787e+02	9.8344612122e-01	7.6366961002e-01	7.6075196266e-01
7.4488432731e+02	9.8354655504e-01	7.6343905926e-01	7.6103168726e-01
7.4530403675e+02	9.8364603519e-01	7.6309794188e-01	7.6136684418e-01
7.4572374619e+02	9.8374462128e-01	7.6281517744e-01	7.6210355759e-01
7.4614345563e+02	9.8384219408e-01	7.6257646084e-01	7.6201605797e-01
7.4656316508e+02	9.8393893242e-01	7.6227223873e-01	7.6215797663e-01
7.4698287452e+02	9.8403471708e-01	7.6197606325e-01	7.6289713383e-01
7.4740258396e+02	9.8412960768e-01	7.6170426607e-01	7.6290512085e-01
7.4782229340e+02	9.8422360420e-01	7.6146131754e-01	7.6365000010e-01
7.4824200284e+02	9.8431676626e-01	7.6107120514e-01	7.6368606091e-01
7.4866171228e+02	9.8440903425e-01	7.6077020168e-01	7.6442694664e-01
7.4908142172e+02	9.8450046778e-01	7.6056849957e-01	7.6454067230e-01
7.4950113116e+02	9.8459106684e-01	7.6030975580e-01	7.6475483179e-01
7.4992084061e+02	9.8468083143e-01	7.5997453928e-01	7.6534730196e-01
7.5034055005e+02	9.8476976156e-01	7.5974094868e-01	7.6544624567e-01
7.5076025949e+02	9.8485791683e-01	7.5943255424e-01	7.6551973820e-01
7.5117996893e+02	9.8494523764e-01	7.5912302732e-01	7.6616364717e-01
7.5159967837e+02	9.8503184319e-01	7.5883966684e-01	7.6630043983e-01
7.5201938781e+02	9.8511761427e-01	7.5862866640e-01	7.6687860489e-01
7.5243909725e+02	9.8520261049e-01	7.5831228495e-01	7.6743358374e-01
7.5285880669e+02	9.8528683186e-01	7.5794690847e-01	7.6725500822e-01
7.5327851613e+02	9.8537033796e-01	7.5773704052e-01	7.6744580269e-01
7.5369822558e+02	9.8545312881e-01	7.5742149353e-01	7.6796013117e-01
7.5411793502e+02	9.8553514481e-01	7.5705420971e-01	7.6854401827e-01
7.5453764446e+02	9.8561644554e-01	7.5680881739e-01	7.6855552197e-01
7.5495735390e+02	9.8569703102e-01	7.5647658110e-01	7.6863372326e-01
7.5537706334e+02	9.8577690125e-01	7.5620746613e-01	7.6890385151e-01
7.5579677278e+02	9.8585605621e-01	7.5586426258e-01	7.6989412308e-01
7.5621648222e+02	9.8593455553e-01	7.5566208363e-01	7.6967221498e-01
7.5663619166e+02	9.8601233959e-01	7.5530284643e-01	7.7022618055e-01
7.5705590111e+02	9.8608946800e-01	7.5497561693e-01	7.7014440298e-01
7.5747561055e+02	9.8616594076e-01	7.5467169285e-01	7.7043431997e-01
7.5789531999e+02	9.8624175787e-01	7.5443440676e-01	7.7105087042e-01
7.5831502943e+02	9.8631691933e-01	7.5407618284e-01	7.7128523588e-01
7.5873473887e+02	9.8639142513e-01	7.5384819508e-01	7.7130889893e-01
7.5915444831e+02	9.8646527529e-01	7.5351417065e-01	7.7191221714e-01
7.5957415775e+02	9.8653852940e-01	7.5319176912e-01	7.7217614651e-01
7.5999386719e+02	9.8661118746e-01	7.5291717052e-01	7.7267307043e-01
7.6041357664e+02	9.8668318987e-01	7.5257962942e-01	7.7286463976e-01
7.6083328608e+02	9.8675459623e-01	7.5231635571e-01	7.7331352234e-01
7.6125299552e+02	9.8682540655e-01	7.5208568573e-01	7.7337270975e-01
7.6167270496e+02	9.8689562082e-01	7.5170701742e-01	7.7363073826e-01
7.6209241440e+02	9.8696523905e-01	7.5145882368e-01	7.7390563488e-01
7.6251212384e+02	9.8703432083e-01	7.5116574764e-01	7.7395623922e-01
7.6293183328e+02	9.8710280657e-01	7.5093936920e-01	7.7451473475e-01
7.6335154272e+02	9.8717069626e-01	7.5059193373e-01	7.7454018593e-01
7.6377125216e+02	9.8723804951e-01	7.5031149387e-01	7.7512335777e-01
7.6419096161e+02	9.8730486631e-01	7.4998772144e-01	7.7522200346e-01
7.6461067105e+02	9.8737108707e-01	7.4968969822e-01	7.7548992634e-01
7.6503038049e+02	9.8743677139e-01	7.4940949678e-01	7.7617681026e-01
7.6545008993e+02	9.8750197887e-01	7.4899780750e-01	7.7654552460e-01
7.6586979937e+02	9.8756659031e-01	7.4873453379e-01	7.7628868818e-01
7.6628950881e+02	9.8763072491e-01	7.4850338697e-01	7.7652883530e-01
7.6670921825e+02	9.8769432306e-01	7.4819433689e-01	7.7706658840e-01
7.6712892769e+02	9.8775744438e-01	7.4786967039e-01	7.7729314566e-01
7.6754863714e+02	9.8781996965e-01	7.4762040377e-01	7.7766704559e-01
7.6796834658e+02	9.8788207769e-01	7.4732369184e-01	7.7803176641e-01
7.6838805602e+02	9.8794364929e-01	7.4699807167e-01	7.7852958441e-01
7.6880776546e+02	9.8800474405e-01	7.4672245979e-01	7.7844893932e-01
7.6922747490e+02	9.8806536198e-01	7.4643170834e-01	7.7923613787e-01
7.6964718434e+02	9.8812550306e-01	7.4609982967e-01	7.7911090851e-01
7.7006689378e+02	9.8818510771e-01	7.4581480026e-01	7.7919447422e-01
7.7048660322e+02	9.8824429512e-01	7.4557888508e-01	7.7982121706e-01
7.7090631267e+02	9.8830300570e-01	7.4528503418e-01	7.7998447418e-01
7.7132602211e+02	9.8836129904e-01	7.4494695663e-01	7.8020715714e-01
7.7174573155e+02	9.8841911554e-01	7.4462348223e-01	7.8069573641e-01
7.7216544099e+02	9.8847645521e-01	7.4428713322e-01	7.8056150675e-01
7.7258515043e+02	9.8853337765e-01	7.4407827854e-01	7.8121715784e-01
7.7300485987e+02	9.8858982325e-01	7.4377840757e-01	7.8138518333e-01
7.7342456931e+02	9.8864585161e-01	7.4347907305e-01	7.8147053719e-01
7.7384427875e+02	9.8870146275e-01	7.4324637651e-01	7.8212076426e-01
7.7426398819e+02	9.8875665665e-01	7.4293035269e-01	7.8218042850e-01
7.7468369764e+02	9.8881137371e-01	7.4267303944e-01	7.8245365620e-01
7.7510340708e+02	9.8886573315e-01	7.4232375622e-01	7.8252738714e-01
7.7552311652e+02	9.8891961575e-01	7.4207985401e-01	7.8354710340e-01
7.7594282596e+02	9.8897314072e-01	7.4184614420e-01	7.8336459398e-01
7.7636253540e+02	9.8902624846e-01	7.4146348238e-01	7.8391289711e-01
7.7678224484e+02	9.8907893896e-01	7.4128699303e-01	7.8376793861e-01
7.7720195428e+02	9.8913127184e-01	7.4100339413e-01	7.8394830227e-01
7.7762166372e+02	9.8918318748e-01	7.4074190855e-01	7.8406280279e-01
7.7804137317e+02	9.8923468590e-01	7.4043649435e-01	7.8513228893e-01
7.7846108261e+02	9.8928582668e-01	7.4019306898e-01	7.8503262997e-01
7.7888079205e+02	9.8933660984e-01	7.3992300034e-01	7.8509616852e-01
7.7930050149e+02	9.8938697577e-01	7.3967707157e-01	7.8566235304e-01
7.7972021093e+02	9.8943698406e-01	7.3945522308e-01	7.8562313318e-01
7.8013992037e+02	9.8948663473e-01	7.3917257786e-01	7.8565192223e-01
7.8055962981e+02	9.8953592777e-01	7.3893696070e-01	7.8606301546e-01
7.8097933925e+02	9.8958480358e-01	7.3876607418e-01	7.8621697426e-01
7.8139904870e+02	9.8963338137e-01	7.3853009939e-01	7.8663891554e-01
7.8181875814e+02	9.8968154192e-01	7.3825514317e-01	7.8703498840e-01
7.8223846758e+02	9.8972940445e-01	7.3807299137e-01	7.8734672070e-01
7.8265817702e+02	9.8977690935e-01	7.3788738251e-01	7.8774577379e-01
7.8307788646e+02	9.8982405663e-01	7.3762065172e-01	7.8766900301e-01
7.8349759590e+02	9.8987090588e-01	7.3737537861e-01	7.8769743443e-01
7.8391730534e+02	9.8991733789e-01	7.3721086979e-01	7.8824585676e-01
7.8433701478e+02	9.8996347189e-01	7.3695600033e-01	7.8814738989e-01
7.8475672422e+02	9.9000930786e-01	7.3681622744e-01	7.8830546141e-01
7.8517643367e+02	9.9005478621e-01	7.3652833700e-01	7.8881090879e-01
7.8559614311e+02	9.9009996653e-01	7.3632097244e-01	7.8901225328e-01
7.8601585255e+02	9.9014478922e-01	7.3614311218e-01	7.8937405348e-01
7.8643556199e+02	9.9018931389e-01	7.3587316275e-01	7.8931593895e-01
7.8685527143e+02	9.9023348093e-01	7.3572170734e-01	7.8956180811e-01
7.8727498087e+02	9.9027740955e-01	7.3552256823e-01	7.8946542740e-01
7.8769469031e+02	9.9032098055e-01	7.3527562618e-01	7.8978914022e-01
7.8811439975e+02	9.9036425352e-01	7.3512601852e-01	7.8995138407e-01
7.8853410920e+02	9.9040722847e-01	7.3493087292e-01	7.9014223814e-01
7.8895381864e+02	9.9044990540e-01	7.3470413685e-01	7.9051810503e-01
7.8937352808e+02	9.9049228430e-01	7.3445969820e-01	7.9109793901e-01
7.8979323752e+02	9.9053436518e-01	7.3430269957e-01	7.9098099470e-01
7.9021294696e+02	9.9057614803e-01	7.3413211107e-01	7.9118657112e-01
7.9063265640e+02	9.9061763287e-01	7.3388075829e-01	7.9116994143e-01
7.9105236584e+02	9.9065881968e-01	7.3373353481e-01	7.9153311253e-01
7.9147207528e+02	9.9069976807e-01	7.3350572586e-01	7.9175144434e-01
7.9189178473e+02	9.9074041843e-01	7.3330765963e-01	7.9225414991e-01
7.9231149417e+02	9.9078077078e-01	7.3316150904e-01	7.9236245155e-01
7.9273120361e+02	9.9082088470e-01	7.3295783997e-01	7.9268771410e-01
7.9315091305e+02	9.9086070061e-01	7.3274803162e-01	7.9262572527e-01
7.9357062249e+02	9.9090021849e-01	7.3254781961e-01	7.9310661554e-01
7.9399033193e+02	9.9093949795e-01	7.3241966963e-01	7.9302728176e-01
7.9441004137e+02	9.9097853899e-01	7.3214596510e-01	7.9297739267e-01
7.9482975081e+02	9.9101728201e-01	7.3199009895e-01	7.9352349043e-01
7.9524946025e+02	9.9105578661e-01	7.3178434372e-01	7.9348307848e-01
7.9566916970e+02	9.9109399319e-01	7.3162180185e-01	7.9384750128e-01
7.9608887914e+02	9.9113196135e-01	7.3135179281e-01	7.9388821125e-01
7.9650858858e+02	9.9116969109e-01	7.3116761446e-01	7.9405903816e-01
7.9692829802e+02	9.9120718241e-01	7.3103940487e-01	7.9462438822e-01
7.9734800746e+02	9.9124437571e-01	7.3078447580e-01	7.9451119900e-01
7.9776771690e+02	9.9128133059e-01	7.3063528538e-01	7.9508113861e-01
7.9818742634e+02	9.9131804705e-01	7.3041969538e-01	7.9530882835e-01
7.9860713578e+02	9.9135458469e-01	7.3023229837e-01	7.9527872801e-01
7.9902684523e+02	9.9139082432e-01	7.3007750511e-01	7.9520803690e-01
7.9944655467e+02	9.9142682552e-01	7.2982269526e-01	7.9559111595e-01
