candidate_index	condition_order_code	valid	candidate_spectrum_valid	candidate_spectrum_maximum_absolute_error_nm	candidate_spectrum_summed_absolute_error_nm	peak1_wavelength_nm	peak2_wavelength_nm	peak1_signed_error_nm	peak2_signed_error_nm	maximum_absolute_error_nm	summed_absolute_error_nm	mean_absolute_error_nm	peak1_transmittance	peak2_transmittance	worst_valley_transmittance	peak1_fwhm_nm	peak2_fwhm_nm	widest_fwhm_nm	peak1_prominence	peak2_prominence	minimum_prominence	valley_transmittance_imbalance	peak1_fwhm_to_ideal_ratio	peak2_fwhm_to_ideal_ratio	shape_gate_passed	shape_minimax_score	inside_position_window	selected
0.0000000000e+00	0.0000000000e+00	1.0000000000e+00	1.0000000000e+00	5.6499458267e+00	9.1790312092e+00	4.4521178629e+02	5.0355139862e+02	-4.7882137061e+00	3.5513986207e+00	4.7882137061e+00	8.3396123268e+00	4.1698061634e+00	1.0320328921e-01	1.4743605256e-01	1.4743605256e-01	1.9013027429e+01	2.0608904526e+01	2.0608904526e+01	8.0226940662e-01	7.0883205533e-01	7.0883205533e-01	4.4232763350e-02	5.9137305772e-01	1.0542054961e+00	1.0000000000e+00	1.1675055494e+00	1.0000000000e+00	0.0000000000e+00
1.0000000000e+00	0.0000000000e+00	1.0000000000e+00	1.0000000000e+00	5.6499458267e+00	1.0018450092e+01	4.4395265797e+02	5.0523023639e+02	-6.0473420297e+00	5.2302363855e+00	6.0473420297e+00	1.1277578415e+01	5.6387892076e+00	2.6685109735e-01	3.8268038630e-01	3.8268038630e-01	1.3580526429e+01	1.5052125824e+01	1.5052125824e+01	6.6750863194e-01	5.2347847819e-01	5.2347847819e-01	1.1582928896e-01	4.2240287454e-01	7.6996007966e-01	0.0000000000e+00	1.9134019315e+00	1.0000000000e+00	0.0000000000e+00
2.0000000000e+00	0.0000000000e+00	1.0000000000e+00	1.0000000000e+00	5.6499458267e+00	9.5987406504e+00	4.4395265797e+02	5.0523023639e+02	-6.0473420297e+00	5.2302363855e+00	6.0473420297e+00	1.1277578415e+01	5.6387892076e+00	2.4382412434e-01	2.9747572541e-01	2.9747572541e-01	1.4020229009e+01	1.4818189376e+01	1.4818189376e+01	6.8700748682e-01	6.0852536559e-01	6.0852536559e-01	5.3651601076e-02	4.3607919518e-01	7.5799354895e-01	0.0000000000e+00	1.6112022995e+00	1.0000000000e+00	0.0000000000e+00
3.0000000000e+00	0.0000000000e+00	1.0000000000e+00	1.0000000000e+00	3.1316891795e+00	6.2410651208e+00	4.4605120518e+02	5.0564994583e+02	-3.9487948237e+00	5.6499458267e+00	5.6499458267e+00	9.5987406504e+00	4.7993703252e+00	2.5526186451e-02	2.7705932036e-02	2.7705932036e-02	2.8318255029e+01	2.7819125920e+01	2.8318255029e+01	8.5550812818e-01	6.8542066775e-01	6.8542066775e-01	2.1797455847e-03	8.8079886953e-01	1.4230293223e+00	1.0000000000e+00	1.2086552064e+00	1.0000000000e+00	0.0000000000e+00
4.0000000000e+00	0.0000000000e+00	1.0000000000e+00	1.0000000000e+00	5.6499458267e+00	9.5987406504e+00	4.4395265797e+02	5.0523023639e+02	-6.0473420297e+00	5.2302363855e+00	6.0473420297e+00	1.1277578415e+01	5.6387892076e+00	2.9759284854e-01	3.4809368849e-01	3.4809368849e-01	1.2872131219e+01	1.4059409667e+01	1.4059409667e+01	6.3859274983e-01	5.6418097019e-01	5.6418097019e-01	5.0500839949e-02	4.0036925349e-01	7.1917975666e-01	0.0000000000e+00	1.7404684424e+00	1.0000000000e+00	0.0000000000e+00
5.0000000000e+00	0.0000000000e+00	1.0000000000e+00	1.0000000000e+00	3.5290853825e+00	5.8213556796e+00	4.4605120518e+02	5.0355139862e+02	-3.9487948237e+00	3.5513986207e+00	3.9487948237e+00	7.5001934444e+00	3.7500967222e+00	5.8260295540e-02	1.0797530413e-01	1.0797530413e-01	2.1412714311e+01	2.5889590723e+01	2.5889590723e+01	8.3801039681e-01	7.0537430048e-01	7.0537430048e-01	4.9715008587e-02	6.6601189019e-01	1.3243279766e+00	1.0000000000e+00	9.5425174230e-01	1.0000000000e+00	0.0000000000e+00
6.0000000000e+00	0.0000000000e+00	1.0000000000e+00	1.0000000000e+00	5.6499458267e+00	9.5987406504e+00	4.4521178629e+02	5.0564994583e+02	-4.7882137061e+00	5.6499458267e+00	5.6499458267e+00	1.0438159533e+01	5.2190797664e+00	1.7217348516e-01	1.9429731369e-01	1.9429731369e-01	1.5696261572e+01	1.6405153237e+01	1.6405153237e+01	7.4798102677e-01	6.9930350780e-01	6.9930350780e-01	2.2123828530e-02	4.8820979380e-01	8.3917137295e-01	0.0000000000e+00	1.4622577320e+00	1.0000000000e+00	0.0000000000e+00
7.0000000000e+00	0.0000000000e+00	1.0000000000e+00	1.0000000000e+00	6.4670514709e+00	1.2116997298e+01	4.4395265797e+02	5.0523023639e+02	-6.0473420297e+00	5.2302363855e+00	6.0473420297e+00	1.1277578415e+01	5.6387892076e+00	2.7045270801e-01	3.1756502390e-01	3.1756502390e-01	1.3622593947e+01	1.4285259401e+01	1.4285259401e+01	6.6204771399e-01	5.9037119150e-01	5.9037119150e-01	4.7112315893e-02	4.2371132459e-01	7.3073262842e-01	0.0000000000e+00	1.6465390726e+00	1.0000000000e+00	0.0000000000e+00
8.0000000000e+00	0.0000000000e+00	1.0000000000e+00	1.0000000000e+00	6.0473420297e+00	9.5987406504e+00	4.4395265797e+02	5.0523023639e+02	-6.0473420297e+00	5.2302363855e+00	6.0473420297e+00	1.1277578415e+01	5.6387892076e+00	4.9765139818e-01	6.2313473225e-01	6.2313473225e-01	1.0829620703e+01	1.2705664909e+01	1.2705664909e+01	4.6103644371e-01	2.9322177172e-01	2.9322177172e-01	1.2548333406e-01	3.3683988165e-01	6.4993176910e-01	0.0000000000e+00	3.1156736612e+00	1.0000000000e+00	0.0000000000e+00
9.0000000000e+00	0.0000000000e+00	1.0000000000e+00	1.0000000000e+00	4.0033713209e+00	5.0142000563e+00	4.4982859015e+02	5.0355139862e+02	-1.7140985293e-01	3.5513986207e+00	3.5513986207e+00	3.7228084736e+00	1.8614042368e+00	9.1141145676e-03	2.6904925704e-02	2.6904925704e-02	4.2317068961e+01	3.4173013247e+01	4.2317068961e+01	8.5669478960e-01	4.1643704474e-01	4.1643704474e-01	1.7790811136e-02	1.3162119793e+00	1.7480491666e+00	0.0000000000e+00	2.1372833332e+00	1.0000000000e+00	0.0000000000e+00
1.0000000000e+01	0.0000000000e+00	1.0000000000e+00	1.0000000000e+00	5.6499458267e+00	1.0018450092e+01	4.4521178629e+02	5.0355139862e+02	-4.7882137061e+00	3.5513986207e+00	4.7882137061e+00	8.3396123268e+00	4.1698061634e+00	1.0307927430e-01	1.5543533862e-01	1.5543533862e-01	1.8294811779e+01	1.9850435335e+01	1.9850435335e+01	8.0467633903e-01	7.0468674600e-01	7.0468674600e-01	5.2356064320e-02	5.6903398591e-01	1.0154075877e+00	1.0000000000e+00	1.2313314688e+00	1.0000000000e+00	0.0000000000e+00
1.1000000000e+01	0.0000000000e+00	1.0000000000e+00	1.0000000000e+00	6.0473420297e+00	1.1697287856e+01	4.4395265797e+02	5.0523023639e+02	-6.0473420297e+00	5.2302363855e+00	6.0473420297e+00	1.1277578415e+01	5.6387892076e+00	2.6139196754e-01	3.6318260431e-01	3.6318260431e-01	1.4004136531e+01	1.5110889962e+01	1.5110889962e+01	6.7068544030e-01	5.4141092300e-01	5.4141092300e-01	1.0179063678e-01	4.3557866163e-01	7.7296603651e-01	0.0000000000e+00	1.8159130216e+00	1.0000000000e+00	0.0000000000e+00
1.2000000000e+01	0.0000000000e+00	1.0000000000e+00	1.0000000000e+00	3.1093759413e+00	5.4016462384e+00	4.4605120518e+02	5.0355139862e+02	-3.9487948237e+00	3.5513986207e+00	3.9487948237e+00	7.5001934444e+00	3.7500967222e+00	3.6112189293e-02	5.8591827750e-02	5.8591827750e-02	2.5205234548e+01	2.8027321438e+01	2.8027321438e+01	8.5251247883e-01	7.0345939696e-01	7.0345939696e-01	2.2479638457e-02	7.8397281447e-01	1.4336791294e+00	1.0000000000e+00	1.2390832270e+00	1.0000000000e+00	1.0000000000e+00
1.3000000000e+01	0.0000000000e+00	1.0000000000e+00	1.0000000000e+00	6.0473420297e+00	1.1697287856e+01	4.4521178629e+02	5.0355139862e+02	-4.7882137061e+00	3.5513986207e+00	4.7882137061e+00	8.3396123268e+00	4.1698061634e+00	1.3649486005e-01	1.7264868319e-01	1.7264868319e-01	1.7868654885e+01	1.8496718350e+01	1.8496718350e+01	7.7387680113e-01	7.0112077892e-01	7.0112077892e-01	3.6153823137e-02	5.5577898449e-01	9.4616102080e-01	1.0000000000e+00	1.2692029014e+00	1.0000000000e+00	0.0000000000e+00
1.4000000000e+01	0.0000000000e+00	1.0000000000e+00	1.0000000000e+00	5.6499458267e+00	9.5987406504e+00	4.4521178629e+02	5.0355139862e+02	-4.7882137061e+00	3.5513986207e+00	4.7882137061e+00	8.3396123268e+00	4.1698061634e+00	1.8777756393e-01	1.9576498866e-01	1.9576498866e-01	1.5579885468e+01	1.6305317917e+01	1.6305317917e+01	7.3266549408e-01	6.9849923253e-01	6.9849923253e-01	7.9874247313e-03	4.8459008134e-01	8.3406450553e-01	0.0000000000e+00	1.4725997676e+00	1.0000000000e+00	0.0000000000e+00
1.5000000000e+01	0.0000000000e+00	1.0000000000e+00	1.0000000000e+00	5.6499458267e+00	7.9199028856e+00	4.4982859015e+02	5.0732878359e+02	-1.7140985293e-01	7.3287835915e+00	7.3287835915e+00	7.5001934444e+00	3.7500967222e+00	1.3009102084e-02	1.5584218316e-02	1.5584218316e-02	3.8113690909e+01	3.2822200104e+01	3.8113690909e+01	8.5632893350e-01	5.1214040536e-01	5.1214040536e-01	2.5751162320e-03	1.1854719096e+00	1.6789511397e+00	0.0000000000e+00	1.9398603992e+00	0.0000000000e+00	0.0000000000e+00
1.6000000000e+01	0.0000000000e+00	1.0000000000e+00	1.0000000000e+00	5.6499458267e+00	9.5987406504e+00	4.4479207685e+02	5.0523023639e+02	-5.2079231473e+00	5.2302363855e+00	5.2302363855e+00	1.0438159533e+01	5.2190797664e+00	3.6680451035e-01	3.9720517397e-01	3.9720517397e-01	1.2058490161e+01	1.4342963856e+01	1.4342963856e+01	5.7431438565e-01	5.2125370502e-01	5.2125370502e-01	3.0400663614e-02	3.7506211068e-01	7.3368437938e-01	0.0000000000e+00	1.9860258698e+00	1.0000000000e+00	0.0000000000e+00
1.7000000000e+01	0.0000000000e+00	1.0000000000e+00	1.0000000000e+00	5.6499458267e+00	9.1790312092e+00	4.4605120518e+02	5.0355139862e+02	-3.9487948237e+00	3.5513986207e+00	3.9487948237e+00	7.5001934444e+00	3.7500967222e+00	6.4398944378e-02	1.0630936176e-01	1.0630936176e-01	2.1532100157e+01	2.5283488639e+01	2.5283488639e+01	8.3167839050e-01	7.1220498532e-01	7.1220498532e-01	4.1910417378e-02	6.6972521639e-01	1.2933240896e+00	1.0000000000e+00	9.4364223887e-01	1.0000000000e+00	0.0000000000e+00
1.8000000000e+01	0.0000000000e+00	1.0000000000e+00	1.0000000000e+00	6.4670514709e+00	9.5987406504e+00	4.4521178629e+02	5.0523023639e+02	-4.7882137061e+00	5.2302363855e+00	5.2302363855e+00	1.0018450092e+01	5.0092250458e+00	7.5394725800e-01	5.8895629644e-01	7.5394725800e-01	2.0551720911e+01	1.3144007994e+01	2.0551720911e+01	1.7571938038e-01	3.7376505136e-01	1.7571938038e-01	1.6499096155e-01	6.3923192042e-01	6.7235429471e-01	0.0000000000e+00	3.7697362900e+00	1.0000000000e+00	0.0000000000e+00
1.9000000000e+01	0.0000000000e+00	1.0000000000e+00	1.0000000000e+00	5.6499458267e+00	9.5987406504e+00	4.4395265797e+02	5.0523023639e+02	-6.0473420297e+00	5.2302363855e+00	6.0473420297e+00	1.1277578415e+01	5.6387892076e+00	2.6390632987e-01	3.1324011087e-01	3.1324011087e-01	1.3662028996e+01	1.4605577821e+01	1.4605577821e+01	6.6848018765e-01	5.9510952234e-01	5.9510952234e-01	4.9333781004e-02	4.2493789547e-01	7.4711784862e-01	0.0000000000e+00	1.6430345844e+00	1.0000000000e+00	0.0000000000e+00
2.0000000000e+01	0.0000000000e+00	1.0000000000e+00	1.0000000000e+00	3.1316891795e+00	4.5622273560e+00	4.4982859015e+02	5.0355139862e+02	-1.7140985293e-01	3.5513986207e+00	3.5513986207e+00	3.7228084736e+00	1.8614042368e+00	9.9129443988e-03	1.8405020237e-02	1.8405020237e-02	3.7663809403e+01	3.2965212051e+01	3.7663809403e+01	8.5570051614e-01	4.8048236966e-01	4.8048236966e-01	8.4920758381e-03	1.1714789880e+00	1.6862666174e+00	0.0000000000e+00	1.9607617639e+00	1.0000000000e+00	0.0000000000e+00
2.1000000000e+01	0.0000000000e+00	1.0000000000e+00	1.0000000000e+00	4.3685042649e+00	6.6607745620e+00	4.4605120518e+02	5.0355139862e+02	-3.9487948237e+00	3.5513986207e+00	3.9487948237e+00	7.5001934444e+00	3.7500967222e+00	4.3594606221e-02	7.2756797075e-02	7.2756797075e-02	2.4335496231e+01	2.7943405991e+01	2.7943405991e+01	8.4706925601e-01	7.0506098866e-01	7.0506098866e-01	2.9162190855e-02	7.5692084656e-01	1.4293866099e+00	1.0000000000e+00	1.2268188854e+00	1.0000000000e+00	0.0000000000e+00
2.2000000000e+01	0.0000000000e+00	1.0000000000e+00	1.0000000000e+00	6.0473420297e+00	1.1697287856e+01	4.4521178629e+02	5.0523023639e+02	-4.7882137061e+00	5.2302363855e+00	5.2302363855e+00	1.0018450092e+01	5.0092250458e+00	5.1432335377e-01	5.8881753683e-01	5.8881753683e-01	1.1152950802e+01	1.2770496043e+01	1.2770496043e+01	4.4316279888e-01	3.2995659113e-01	3.2995659113e-01	7.4494183064e-02	3.4689660252e-01	6.5324807045e-01	0.0000000000e+00	2.9440876842e+00	1.0000000000e+00	0.0000000000e+00
2.3000000000e+01	0.0000000000e+00	1.0000000000e+00	1.0000000000e+00	5.6499458267e+00	8.7593217680e+00	4.4605120518e+02	5.0564994583e+02	-3.9487948237e+00	5.6499458267e+00	5.6499458267e+00	9.5987406504e+00	4.7993703252e+00	2.2576296702e-02	2.5581128895e-02	2.5581128895e-02	2.9049399866e+01	2.8316325434e+01	2.9049399866e+01	8.5783741437e-01	6.6498666257e-01	6.6498666257e-01	3.0048321933e-03	9.0354008522e-01	1.4484625257e+00	1.0000000000e+00	1.2813215019e+00	1.0000000000e+00	0.0000000000e+00
2.4000000000e+01	0.0000000000e+00	1.0000000000e+00	1.0000000000e+00	5.6499458267e+00	9.1790312092e+00	4.4605120518e+02	5.0355139862e+02	-3.9487948237e+00	3.5513986207e+00	3.9487948237e+00	7.5001934444e+00	3.7500967222e+00	7.3812782764e-02	7.6033562422e-02	7.6033562422e-02	2.0624815109e+01	2.0946900680e+01	2.0946900680e+01	8.2495069504e-01	7.5511893630e-01	7.5511893630e-01	2.2207796574e-03	6.4150541104e-01	1.0714949838e+00	1.0000000000e+00	1.0242702542e+00	1.0000000000e+00	0.0000000000e+00
2.5000000000e+01	0.0000000000e+00	1.0000000000e+00	1.0000000000e+00	5.6499458267e+00	8.7593217680e+00	4.4605120518e+02	5.0355139862e+02	-3.9487948237e+00	3.5513986207e+00	3.9487948237e+00	7.5001934444e+00	3.7500967222e+00	2.0211657509e-02	3.1056573614e-02	3.1056573614e-02	3.1666878323e+01	3.1492796700e+01	3.1666878323e+01	8.5775462724e-01	5.9567804076e-01	5.9567804076e-01	1.0844916105e-02	9.8495301352e-01	1.6109482834e+00	0.0000000000e+00	1.7455665239e+00	1.0000000000e+00	0.0000000000e+00
2.6000000000e+01	0.0000000000e+00	1.0000000000e+00	1.0000000000e+00	5.6499458267e+00	9.1790312092e+00	4.4605120518e+02	5.0355139862e+02	-3.9487948237e+00	3.5513986207e+00	3.9487948237e+00	7.5001934444e+00	3.7500967222e+00	9.3878693879e-02	9.5283716917e-02	9.5283716917e-02	1.9450662701e+01	1.9626075513e+01	1.9626075513e+01	8.0947291106e-01	7.5243386626e-01	7.5243386626e-01	1.4050230384e-03	6.0498507770e-01	1.0039309292e+00	1.0000000000e+00	1.1286140637e+00	1.0000000000e+00	0.0000000000e+00
2.7000000000e+01	0.0000000000e+00	1.0000000000e+00	1.0000000000e+00	5.6499458267e+00	1.0018450092e+01	4.4395265797e+02	5.0523023639e+02	-6.0473420297e+00	5.2302363855e+00	6.0473420297e+00	1.1277578415e+01	5.6387892076e+00	2.4157887697e-01	3.3733981848e-01	3.3733981848e-01	1.4143925078e+01	1.5338867824e+01	1.5338867824e+01	6.8948024511e-01	5.6644511223e-01	5.6644511223e-01	9.5760941505e-02	4.3992658471e-01	7.8462776823e-01	0.0000000000e+00	1.6866990924e+00	1.0000000000e+00	0.0000000000e+00
2.8000000000e+01	0.0000000000e+00	1.0000000000e+00	1.0000000000e+00	5.6499458267e+00	9.1790312092e+00	4.4605120518e+02	5.0355139862e+02	-3.9487948237e+00	3.5513986207e+00	3.9487948237e+00	7.5001934444e+00	3.7500967222e+00	7.6598919928e-02	8.3792261779e-02	8.3792261779e-02	2.0212128462e+01	2.0605568231e+01	2.0605568231e+01	8.2355447859e-01	7.5312120467e-01	7.5312120467e-01	7.1933418512e-03	6.2866938242e-01	1.0540348348e+00	1.0000000000e+00	1.0609446216e+00	1.0000000000e+00	0.0000000000e+00
2.9000000000e+01	0.0000000000e+00	1.0000000000e+00	1.0000000000e+00	5.6499458267e+00	9.5987406504e+00	4.4521178629e+02	5.0355139862e+02	-4.7882137061e+00	3.5513986207e+00	4.7882137061e+00	8.3396123268e+00	4.1698061634e+00	1.3510338962e-01	1.6267742217e-01	1.6267742217e-01	1.7135552110e+01	1.7659926282e+01	1.7659926282e+01	7.7835638821e-01	7.1335361898e-01	7.1335361898e-01	2.7574032545e-02	5.3297686993e-01	9.0335666912e-01	1.0000000000e+00	1.3343518002e+00	1.0000000000e+00	0.0000000000e+00
3.0000000000e+01	0.0000000000e+00	1.0000000000e+00	1.0000000000e+00	5.6499458267e+00	9.5987406504e+00	4.4395265797e+02	5.0355139862e+02	-6.0473420297e+00	3.5513986207e+00	6.0473420297e+00	9.5987406504e+00	4.7993703252e+00	2.2982686758e-01	3.1337952614e-01	3.1337952614e-01	1.4478338011e+01	1.5465820465e+01	1.5465820465e+01	6.9927549362e-01	5.8921295404e-01	5.8921295404e-01	8.3552658558e-02	4.5032802126e-01	7.9112176560e-01	0.0000000000e+00	1.5704913678e+00	1.0000000000e+00	0.0000000000e+00
3.1000000000e+01	0.0000000000e+00	1.0000000000e+00	1.0000000000e+00	6.0473420297e+00	1.1697287856e+01	4.4395265797e+02	5.0523023639e+02	-6.0473420297e+00	5.2302363855e+00	6.0473420297e+00	1.1277578415e+01	5.6387892076e+00	3.3336144686e-01	3.8868910074e-01	3.8868910074e-01	1.2364875365e+01	1.3875823220e+01	1.3875823220e+01	6.0502487421e-01	5.2423000336e-01	5.2423000336e-01	5.5327653885e-02	3.8459178477e-01	7.0978877515e-01	0.0000000000e+00	1.9434455037e+00	1.0000000000e+00	0.0000000000e+00
3.2000000000e+01	0.0000000000e+00	1.0000000000e+00	1.0000000000e+00	5.6499458267e+00	1.0018450092e+01	4.4479207685e+02	5.0523023639e+02	-5.2079231473e+00	5.2302363855e+00	5.2302363855e+00	1.0438159533e+01	5.2190797664e+00	3.8455030322e-01	4.6159106493e-01	4.6159106493e-01	1.1695654230e+01	1.3317536650e+01	1.3317536650e+01	5.6178560853e-01	4.5389652252e-01	4.5389652252e-01	7.7040761709e-02	3.6377661737e-01	6.8123079092e-01	0.0000000000e+00	2.3079553246e+00	1.0000000000e+00	0.0000000000e+00
3.3000000000e+01	0.0000000000e+00	1.0000000000e+00	1.0000000000e+00	6.0473420297e+00	1.1697287856e+01	4.4521178629e+02	5.0355139862e+02	-4.7882137061e+00	3.5513986207e+00	4.7882137061e+00	8.3396123268e+00	4.1698061634e+00	1.1084052920e-01	1.4848275483e-01	1.4848275483e-01	1.9799541346e+01	2.1358731473e+01	2.1358731473e+01	7.9353639483e-01	7.0566378534e-01	7.0566378534e-01	3.7642225623e-02	6.1583644956e-01	1.0925613285e+00	1.0000000000e+00	1.0976101441e+00	1.0000000000e+00	0.0000000000e+00
3.4000000000e+01	0.0000000000e+00	1.0000000000e+00	1.0000000000e+00	5.6499458267e+00	9.5987406504e+00	4.4479207685e+02	5.0564994583e+02	-5.2079231473e+00	5.6499458267e+00	5.6499458267e+00	1.0857868974e+01	5.4289344870e+00	1.9146336615e-01	2.1856054664e-01	2.1856054664e-01	1.5189443635e+01	1.6009241080e+01	1.6009241080e+01	7.3132430017e-01	6.8076148629e-01	6.8076148629e-01	2.7097180486e-02	4.7244594587e-01	8.1891931293e-01	0.0000000000e+00	1.5072972975e+00	1.0000000000e+00	0.0000000000e+00
3.5000000000e+01	0.0000000000e+00	1.0000000000e+00	1.0000000000e+00	3.1316891795e+00	6.2410651208e+00	4.4605120518e+02	5.0355139862e+02	-3.9487948237e+00	3.5513986207e+00	3.9487948237e+00	7.5001934444e+00	3.7500967222e+00	5.6100193411e-02	5.8344975114e-02	5.8344975114e-02	2.2427252168e+01	2.2948594997e+01	2.2948594997e+01	8.3688866720e-01	7.4698965251e-01	7.4698965251e-01	2.2447817028e-03	6.9756764094e-01	1.1738874787e+00	1.0000000000e+00	8.6409245446e-01	1.0000000000e+00	0.0000000000e+00
3.6000000000e+01	0.0000000000e+00	1.0000000000e+00	1.0000000000e+00	6.0473420297e+00	9.5987406504e+00	4.4521178629e+02	5.0523023639e+02	-4.7882137061e+00	5.2302363855e+00	5.2302363855e+00	1.0018450092e+01	5.0092250458e+00	5.8138561249e-01	6.7391872406e-01	6.7391872406e-01	1.0811863538e+01	1.3345882269e+01	1.3345882269e+01	3.8031512499e-01	2.4669402838e-01	2.4669402838e-01	9.2533111572e-02	3.3628757040e-01	6.8268075193e-01	0.0000000000e+00	3.3695936203e+00	1.0000000000e+00	0.0000000000e+00
3.7000000000e+01	0.0000000000e+00	1.0000000000e+00	1.0000000000e+00	3.1316891795e+00	6.2410651208e+00	4.4605120518e+02	5.0564994583e+02	-3.9487948237e+00	5.6499458267e+00	5.6499458267e+00	9.5987406504e+00	4.7993703252e+00	3.5829927772e-02	3.8928471506e-02	3.8928471506e-02	2.4947978806e+01	2.5161035363e+01	2.5161035363e+01	8.5130915418e-01	7.3262099177e-01	7.3262099177e-01	3.0985437334e-03	7.7597124214e-01	1.2870602478e+00	1.0000000000e+00	8.2017213655e-01	1.0000000000e+00	0.0000000000e+00
3.8000000000e+01	0.0000000000e+00	1.0000000000e+00	1.0000000000e+00	6.0473420297e+00	9.5987406504e+00	4.4395265797e+02	5.0523023639e+02	-6.0473420297e+00	5.2302363855e+00	6.0473420297e+00	1.1277578415e+01	5.6387892076e+00	4.9859702587e-01	6.2625432014e-01	6.2625432014e-01	1.0807481777e+01	1.2702516170e+01	1.2702516170e+01	4.6007651091e-01	2.8962075710e-01	2.8962075710e-01	1.2765729427e-01	3.3615128200e-01	6.4977070197e-01	0.0000000000e+00	3.1312716007e+00	1.0000000000e+00	0.0000000000e+00
3.9000000000e+01	0.0000000000e+00	1.0000000000e+00	1.0000000000e+00	6.4670514709e+00	1.2116997298e+01	4.4395265797e+02	5.0523023639e+02	-6.0473420297e+00	5.2302363855e+00	6.0473420297e+00	1.1277578415e+01	5.6387892076e+00	3.1374981999e-01	3.6445564032e-01	3.6445564032e-01	1.2689374437e+01	1.3974357989e+01	1.3974357989e+01	6.2337037921e-01	5.4732596874e-01	5.4732596874e-01	5.0705820322e-02	3.9468486486e-01	7.1482911558e-01	0.0000000000e+00	1.8222782016e+00	1.0000000000e+00	0.0000000000e+00
4.0000000000e+01	0.0000000000e+00	1.0000000000e+00	1.0000000000e+00	3.1316891795e+00	6.2410651208e+00	4.7291260941e+02	5.0690907415e+02	2.2912609413e+01	6.9090741503e+00	2.2912609413e+01	2.9821683563e+01	1.4910841782e+01	1.0751240700e-01	2.1859321743e-02	1.0751240700e-01	2.3436965772e+01	7.3696422380e+01	7.3696422380e+01	2.3459924012e-01	8.7008103356e-01	2.3459924012e-01	8.5653085262e-02	7.2897334021e-01	3.7697866674e+00	0.0000000000e+00	7.9136761927e+00	0.0000000000e+00	0.0000000000e+00
4.1000000000e+01	0.0000000000e+00	1.0000000000e+00	1.0000000000e+00	3.1316891795e+00	4.5622273560e+00	4.4982859015e+02	5.0355139862e+02	-1.7140985293e-01	3.5513986207e+00	3.5513986207e+00	3.7228084736e+00	1.8614042368e+00	1.0600644164e-02	1.7500562593e-02	1.7500562593e-02	3.6859319341e+01	3.2709064495e+01	3.6859319341e+01	8.5584680457e-01	4.9750568159e-01	4.9750568159e-01	6.8999184296e-03	1.1464564739e+00	1.6731639238e+00	0.0000000000e+00	1.9233254965e+00	1.0000000000e+00	0.0000000000e+00
4.2000000000e+01	0.0000000000e+00	1.0000000000e+00	1.0000000000e+00	3.1316891795e+00	6.2410651208e+00	4.4605120518e+02	5.0564994583e+02	-3.9487948237e+00	5.6499458267e+00	5.6499458267e+00	9.5987406504e+00	4.7993703252e+00	2.5292979553e-02	2.8025068343e-02	2.8025068343e-02	2.7933552058e+01	2.7609186275e+01	2.7933552058e+01	8.5726512782e-01	6.8873652071e-01	6.8873652071e-01	2.7320887893e-03	8.6883323318e-01	1.4122902979e+00	1.0000000000e+00	1.1779722797e+00	1.0000000000e+00	0.0000000000e+00
4.3000000000e+01	0.0000000000e+00	1.0000000000e+00	1.0000000000e+00	5.6499458267e+00	1.0018450092e+01	4.4521178629e+02	5.0355139862e+02	-4.7882137061e+00	3.5513986207e+00	4.7882137061e+00	8.3396123268e+00	4.1698061634e+00	1.7917837203e-01	2.5510114431e-01	2.5510114431e-01	1.5428191613e+01	1.6676319929e+01	1.6676319929e+01	7.4245922267e-01	6.3756132126e-01	6.3756132126e-01	7.5922772288e-02	4.7987186068e-01	8.5304233912e-01	0.0000000000e+00	1.4860803981e+00	1.0000000000e+00	0.0000000000e+00
4.4000000000e+01	0.0000000000e+00	1.0000000000e+00	1.0000000000e+00	6.4670514709e+00	1.2116997298e+01	4.4395265797e+02	5.0523023639e+02	-6.0473420297e+00	5.2302363855e+00	6.0473420297e+00	1.1277578415e+01	5.6387892076e+00	1.9710984826e-01	2.2805556655e-01	2.2805556655e-01	1.5143526660e+01	1.5848952284e+01	1.5848952284e+01	7.2690835595e-01	6.7288914323e-01	6.7288914323e-01	3.0945718288e-02	4.7101776397e-01	8.1072007412e-01	0.0000000000e+00	1.5113778172e+00	1.0000000000e+00	0.0000000000e+00
4.5000000000e+01	0.0000000000e+00	1.0000000000e+00	1.0000000000e+00	5.6499458267e+00	8.7593217680e+00	4.4605120518e+02	5.0564994583e+02	-3.9487948237e+00	5.6499458267e+00	5.6499458267e+00	9.5987406504e+00	4.7993703252e+00	4.7053493559e-02	5.3746253252e-02	5.3746253252e-02	2.3074206878e+01	2.3748878304e+01	2.3748878304e+01	8.4390940517e-01	7.4316802621e-01	7.4316802621e-01	6.6927596927e-03	7.1769024300e-01	1.2148243009e+00	1.0000000000e+00	8.0659930570e-01	1.0000000000e+00	0.0000000000e+00
4.6000000000e+01	0.0000000000e+00	1.0000000000e+00	1.0000000000e+00	5.6499458267e+00	8.7593217680e+00	4.4605120518e+02	5.0355139862e+02	-3.9487948237e+00	3.5513986207e+00	3.9487948237e+00	7.5001934444e+00	3.7500967222e+00	2.2947324440e-02	3.6131910980e-02	3.6131910980e-02	3.0552657287e+01	3.1216629595e+01	3.1216629595e+01	8.5684375651e-01	6.1672986299e-01	6.1672986299e-01	1.3184586540e-02	9.5029675988e-01	1.5968215315e+00	0.0000000000e+00	1.7052043758e+00	1.0000000000e+00	0.0000000000e+00
4.7000000000e+01	0.0000000000e+00	1.0000000000e+00	1.0000000000e+00	5.6499458267e+00	8.7593217680e+00	4.4605120518e+02	5.0564994583e+02	-3.9487948237e+00	5.6499458267e+00	5.6499458267e+00	9.5987406504e+00	4.7993703252e+00	4.4276513159e-02	4.2086452246e-02	4.4276513159e-02	2.2021779475e+01	2.7381443522e+01	2.7381443522e+01	7.2943141311e-01	8.4616646171e-01	7.2943141311e-01	2.1900609136e-03	6.8495599205e-01	1.4006405928e+00	1.0000000000e+00	1.1446874079e+00	1.0000000000e+00	0.0000000000e+00
4.8000000000e+01	0.0000000000e+00	1.0000000000e+00	1.0000000000e+00	5.6499458267e+00	9.1790312092e+00	4.4605120518e+02	5.0355139862e+02	-3.9487948237e+00	3.5513986207e+00	3.9487948237e+00	7.5001934444e+00	3.7500967222e+00	8.7374866009e-02	9.2815436423e-02	9.2815436423e-02	1.9541830824e+01	1.9779967898e+01	1.9779967898e+01	8.1515210867e-01	7.5475772470e-01	7.5475772470e-01	5.4405704141e-03	6.0782073194e-01	1.0118029730e+00	1.0000000000e+00	1.1205121945e+00	1.0000000000e+00	0.0000000000e+00
4.9000000000e+01	0.0000000000e+00	1.0000000000e+00	1.0000000000e+00	3.5290853825e+00	5.8213556796e+00	4.4605120518e+02	5.0355139862e+02	-3.9487948237e+00	3.5513986207e+00	3.9487948237e+00	7.5001934444e+00	3.7500967222e+00	7.0965021849e-02	1.1190283298e-01	1.1190283298e-01	2.1467467871e+01	2.5067758256e+01	2.5067758256e+01	8.2594141364e-01	7.1152096987e-01	7.1152096987e-01	4.0937811136e-02	6.6771492147e-01	1.2822888521e+00	1.0000000000e+00	9.4938593867e-01	1.0000000000e+00	0.0000000000e+00
5.0000000000e+01	1.0000000000e+00	1.0000000000e+00	1.0000000000e+00	4.8437995591e+01	6.0835555736e+01	4.0449997050e+02	4.5990161674e+02	-4.5500029503e+01	-4.0098383264e+01	4.5500029503e+01	8.5598412767e+01	4.2799206383e+01	2.9419139028e-01	3.0762079358e-01	3.0762079358e-01	1.5773331459e+01	2.1533792057e+01	2.1533792057e+01	6.6088947654e-01	5.4801943898e-01	5.4801943898e-01	1.3429403305e-02	4.9060694255e-01	1.1015161873e+00	0.0000000000e+00	1.5381039679e+00	0.0000000000e+00	0.0000000000e+00
5.1000000000e+01	1.0000000000e+00	1.0000000000e+00	1.0000000000e+00	4.8437995591e+01	5.8317299089e+01	4.0408026106e+02	4.8970098706e+02	-4.5919738944e+01	-1.0299012939e+01	4.5919738944e+01	5.6218751883e+01	2.8109375941e+01	2.1256493032e-01	1.5284106135e-01	2.1256493032e-01	1.4568406040e+01	1.9741353931e+01	1.9741353931e+01	6.9335074723e-01	7.8530022502e-01	6.9335074723e-01	5.9723868966e-02	4.5312945863e-01	1.0098277561e+00	0.0000000000e+00	1.5624872611e+00	0.0000000000e+00	0.0000000000e+00
5.2000000000e+01	1.0000000000e+00	1.0000000000e+00	1.0000000000e+00	4.8437995591e+01	5.8317299089e+01	4.0408026106e+02	4.8970098706e+02	-4.5919738944e+01	-1.0299012939e+01	4.5919738944e+01	5.6218751883e+01	2.8109375941e+01	2.6181975007e-01	2.0206007361e-01	2.6181975007e-01	1.4053802346e+01	1.8232462192e+01	1.8232462192e+01	6.5066793561e-01	7.3872825503e-01	6.5066793561e-01	5.9759676456e-02	4.3712344585e-01	9.3264354858e-01	0.0000000000e+00	1.6082187261e+00	0.0000000000e+00	0.0000000000e+00
5.3000000000e+01	1.0000000000e+00	1.0000000000e+00	1.0000000000e+00	4.8437995591e+01	5.8317299089e+01	4.0449997050e+02	4.6032132618e+02	-4.5500029503e+01	-3.9678673823e+01	4.5500029503e+01	8.5178703325e+01	4.2589351663e+01	1.4557084441e-01	1.4134858549e-01	1.4557084441e-01	1.4737907136e+01	2.7584232209e+01	2.7584232209e+01	6.8077293038e-01	7.8658767045e-01	6.8077293038e-01	4.2222589254e-03	4.5840154809e-01	1.4110138248e+00	0.0000000000e+00	1.5474241483e+00	0.0000000000e+00	0.0000000000e+00
5.4000000000e+01	1.0000000000e+00	1.0000000000e+00	1.0000000000e+00	4.8437995591e+01	5.8317299089e+01	4.0408026106e+02	4.8928127762e+02	-4.5919738944e+01	-1.0718722380e+01	4.5919738944e+01	5.6638461324e+01	2.8319230662e+01	2.5407388806e-01	2.2915436327e-01	2.5407388806e-01	1.3973709361e+01	1.9155117199e+01	1.9155117199e+01	6.5476998687e-01	7.1434389055e-01	6.5476998687e-01	2.4919524789e-02	4.3463226796e-01	9.7984003969e-01	0.0000000000e+00	1.6153363773e+00	0.0000000000e+00	0.0000000000e+00
5.5000000000e+01	1.0000000000e+00	1.0000000000e+00	1.0000000000e+00	4.8437995591e+01	5.8317299089e+01	4.0408026106e+02	4.3010224641e+02	-4.5919738944e+01	-6.9897753589e+01	6.9897753589e+01	1.1581749253e+02	5.7908746267e+01	2.3877486587e-01	7.8119479120e-02	2.3877486587e-01	7.9186011580e+00	2.1108971350e+01	2.1108971350e+01	3.0539253354e-01	8.2649520785e-01	3.0539253354e-01	1.6065538675e-01	2.4629677716e-01	1.0797853707e+00	0.0000000000e+00	2.1534377796e+00	0.0000000000e+00	0.0000000000e+00
5.6000000000e+01	1.0000000000e+00	1.0000000000e+00	1.0000000000e+00	4.8437995591e+01	5.8317299089e+01	4.0408026106e+02	4.8970098706e+02	-4.5919738944e+01	-1.0299012939e+01	4.5919738944e+01	5.6218751883e+01	2.8109375941e+01	2.3837600648e-01	2.1526278555e-01	2.3837600648e-01	1.5017105463e+01	2.1339851902e+01	2.1339851902e+01	6.7514653504e-01	7.1949176490e-01	6.7514653504e-01	2.3113220930e-02	4.6708561321e-01	1.0915955835e+00	0.0000000000e+00	1.5226125337e+00	0.0000000000e+00	0.0000000000e+00
5.7000000000e+01	1.0000000000e+00	1.0000000000e+00	1.0000000000e+00	4.8437995591e+01	5.8317299089e+01	4.0408026106e+02	4.8928127762e+02	-4.5919738944e+01	-1.0718722380e+01	4.5919738944e+01	5.6638461324e+01	2.8319230662e+01	2.5645396113e-01	3.1998687983e-01	3.1998687983e-01	1.4732742566e+01	2.3663988760e+01	2.3663988760e+01	6.9191256166e-01	5.8562403917e-01	5.8562403917e-01	6.3532918692e-02	4.5824091154e-01	1.2104819535e+00	0.0000000000e+00	1.5999343991e+00	0.0000000000e+00	0.0000000000e+00
5.8000000000e+01	1.0000000000e+00	1.0000000000e+00	1.0000000000e+00	4.8437995591e+01	5.8317299089e+01	4.0408026106e+02	4.8928127762e+02	-4.5919738944e+01	-1.0718722380e+01	4.5919738944e+01	5.6638461324e+01	2.8319230662e+01	2.2672624886e-01	3.9785671234e-01	3.9785671234e-01	1.5027212650e+01	2.8536987701e+01	2.8536987701e+01	7.2377596796e-01	4.9874556065e-01	4.9874556065e-01	1.7113046348e-01	4.6739998283e-01	1.4597500434e+00	0.0000000000e+00	1.9892835617e+00	0.0000000000e+00	0.0000000000e+00
5.9000000000e+01	1.0000000000e+00	1.0000000000e+00	1.0000000000e+00	4.8437995591e+01	6.0835555736e+01	4.0491967994e+02	4.6116074506e+02	-4.5080320061e+01	-3.8839254941e+01	4.5080320061e+01	8.3919575002e+01	4.1959787501e+01	8.7297141552e-02	8.5175663233e-02	8.7297141552e-02	1.4853786166e+01	2.8575152803e+01	2.8575152803e+01	6.1896502972e-01	6.4702448249e-01	6.1896502972e-01	2.1214783192e-03	4.6200579981e-01	1.4617022995e+00	0.0000000000e+00	1.5371262863e+00	0.0000000000e+00	0.0000000000e+00
6.0000000000e+01	1.0000000000e+00	1.0000000000e+00	1.0000000000e+00	4.8437995591e+01	5.8317299089e+01	4.0449997050e+02	4.5990161674e+02	-4.5500029503e+01	-4.0098383264e+01	4.5500029503e+01	8.5598412767e+01	4.2799206383e+01	3.0528384447e-01	3.4043020010e-01	3.4043020010e-01	1.9648340627e+01	2.4190369434e+01	2.4190369434e+01	6.4893126488e-01	5.1637858152e-01	5.1637858152e-01	3.5146355629e-02	6.1113356721e-01	1.2374078582e+00	1.0000000000e+00	1.7021510005e+00	0.0000000000e+00	0.0000000000e+00
6.1000000000e+01	1.0000000000e+00	1.0000000000e+00	1.0000000000e+00	4.8437995591e+01	5.8317299089e+01	4.0408026106e+02	4.7501115662e+02	-4.5919738944e+01	-2.4988843381e+01	4.5919738944e+01	7.0908582325e+01	3.5454291162e+01	2.2055967152e-01	3.5867956281e-01	3.5867956281e-01	1.5280653508e+01	2.7881640978e+01	2.7881640978e+01	7.3120366037e-01	5.3352889419e-01	5.3352889419e-01	1.3811989129e-01	4.7528289868e-01	1.4262271496e+00	0.0000000000e+00	1.7933978140e+00	0.0000000000e+00	0.0000000000e+00
6.2000000000e+01	1.0000000000e+00	1.0000000000e+00	1.0000000000e+00	4.8437995591e+01	5.8317299089e+01	4.0408026106e+02	4.7417173774e+02	-4.5919738944e+01	-2.5828262263e+01	4.5919738944e+01	7.1748001207e+01	3.5874000604e+01	1.6869570315e-01	9.2555470765e-02	1.6869570315e-01	1.5322730125e+01	2.2093788446e+01	2.2093788446e+01	6.8556050956e-01	8.4883712977e-01	6.8556050956e-01	7.6140232384e-02	4.7659163173e-01	1.1301616338e+00	0.0000000000e+00	1.4954524808e+00	0.0000000000e+00	0.0000000000e+00
6.3000000000e+01	1.0000000000e+00	0.0000000000e+00	1.0000000000e+00	4.8437995591e+01	5.8317299089e+01	nan	nan	nan	nan	inf	inf	inf	nan	nan	nan	nan	nan	nan	nan	nan	nan	inf	nan	nan	0.0000000000e+00	inf	0.0000000000e+00	0.0000000000e+00
6.4000000000e+01	1.0000000000e+00	1.0000000000e+00	1.0000000000e+00	4.8437995591e+01	6.0835555736e+01	4.0408026106e+02	4.8970098706e+02	-4.5919738944e+01	-1.0299012939e+01	4.5919738944e+01	5.6218751883e+01	2.8109375941e+01	1.9834050536e-01	1.3618895411e-01	1.9834050536e-01	1.4839342215e+01	2.0289245550e+01	2.0289245550e+01	7.0470878482e-01	8.0078533292e-01	7.0470878482e-01	6.2151551247e-02	4.6155654132e-01	1.0378540083e+00	0.0000000000e+00	1.5384098819e+00	0.0000000000e+00	0.0000000000e+00
6.5000000000e+01	1.0000000000e+00	1.0000000000e+00	1.0000000000e+00	4.8437995591e+01	5.8317299089e+01	4.0491967994e+02	4.6116074506e+02	-4.5080320061e+01	-3.8839254941e+01	4.5080320061e+01	8.3919575002e+01	4.1959787501e+01	8.2599751651e-02	7.6299361885e-02	8.2599751651e-02	1.4356092976e+01	2.7804216452e+01	2.7804216452e+01	6.2542510778e-01	6.6371322423e-01	6.2542510778e-01	6.3003897667e-03	4.4652576408e-01	1.4222666596e+00	0.0000000000e+00	1.5813549598e+00	0.0000000000e+00	0.0000000000e+00
6.6000000000e+01	1.0000000000e+00	1.0000000000e+00	1.0000000000e+00	4.8437995591e+01	6.0835555736e+01	4.0408026106e+02	4.8928127762e+02	-4.5919738944e+01	-1.0718722380e+01	4.5919738944e+01	5.6638461324e+01	2.8319230662e+01	2.3190841079e-01	4.0593823791e-01	4.0593823791e-01	1.4938362184e+01	2.8479711889e+01	2.8479711889e+01	7.1887716651e-01	4.9148038030e-01	4.9148038030e-01	1.7402982712e-01	4.6463641600e-01	1.4568202187e+00	0.0000000000e+00	2.0296911895e+00	0.0000000000e+00	0.0000000000e+00
6.7000000000e+01	1.0000000000e+00	1.0000000000e+00	1.0000000000e+00	4.8437995591e+01	5.8317299089e+01	4.0449997050e+02	4.5906219785e+02	-4.5500029503e+01	-4.0937802147e+01	4.5500029503e+01	8.6437831649e+01	4.3218915825e+01	3.0725413561e-01	1.3402509689e-01	3.0725413561e-01	1.3586136503e+01	1.6771734257e+01	1.6771734257e+01	5.2587169409e-01	8.1556290388e-01	5.2587169409e-01	1.7322903872e-01	4.2257736788e-01	8.5792305993e-01	0.0000000000e+00	1.7322903872e+00	0.0000000000e+00	0.0000000000e+00
6.8000000000e+01	1.0000000000e+00	1.0000000000e+00	1.0000000000e+00	4.8437995591e+01	6.0835555736e+01	4.0408026106e+02	4.8928127762e+02	-4.5919738944e+01	-1.0718722380e+01	4.5919738944e+01	5.6638461324e+01	2.8319230662e+01	2.1195167303e-01	3.1560200453e-01	3.1560200453e-01	1.5239441360e+01	2.7178014535e+01	2.7178014535e+01	7.3569840193e-01	5.8124947548e-01	5.8124947548e-01	1.0365033150e-01	4.7400105369e-01	1.3902346075e+00	0.0000000000e+00	1.5780100226e+00	0.0000000000e+00	0.0000000000e+00
6.9000000000e+01	1.0000000000e+00	1.0000000000e+00	1.0000000000e+00	4.8437995591e+01	5.8317299089e+01	4.0408026106e+02	4.8970098706e+02	-4.5919738944e+01	-1.0299012939e+01	4.5919738944e+01	5.6218751883e+01	2.8109375941e+01	2.3288521171e-01	1.7654934525e-01	2.3288521171e-01	1.4262244380e+01	1.9064646408e+01	1.9064646408e+01	6.7600575089e-01	7.6326897740e-01	6.7600575089e-01	5.6335866451e-02	4.4360673757e-01	9.7521219523e-01	0.0000000000e+00	1.5896950355e+00	0.0000000000e+00	0.0000000000e+00
7.0000000000e+01	1.0000000000e+00	1.0000000000e+00	1.0000000000e+00	4.8437995591e+01	5.8317299089e+01	4.0617880826e+02	4.4647091462e+02	-4.3821191738e+01	-5.3529085383e+01	5.3529085383e+01	9.7350277120e+01	4.8675138560e+01	7.5024977326e-02	3.5367611796e-02	7.5024977326e-02	1.1437864008e+01	2.2809206151e+01	2.2809206151e+01	3.9985732734e-01	6.9412743673e-01	3.9985732734e-01	3.9657365531e-02	3.5575842076e-01	1.1667573332e+00	0.0000000000e+00	1.8406902264e+00	0.0000000000e+00	0.0000000000e+00
7.1000000000e+01	1.0000000000e+00	1.0000000000e+00	1.0000000000e+00	4.8437995591e+01	5.8317299089e+01	4.0408026106e+02	4.3094166529e+02	-4.5919738944e+01	-6.9058334707e+01	6.9058334707e+01	1.1497807365e+02	5.7489036825e+01	2.6694685221e-01	2.8613954782e-01	2.8613954782e-01	1.4496745668e+01	2.2500135632e+01	2.2500135632e+01	6.5763884783e-01	3.6961668730e-01	3.6961668730e-01	1.9192695618e-02	4.5090056513e-01	1.1509474759e+00	0.0000000000e+00	1.5688555282e+00	0.0000000000e+00	0.0000000000e+00
7.2000000000e+01	1.0000000000e+00	1.0000000000e+00	1.0000000000e+00	4.8437995591e+01	6.0835555736e+01	4.0408026106e+02	4.7501115662e+02	-4.5919738944e+01	-2.4988843381e+01	4.5919738944e+01	7.0908582325e+01	3.5454291162e+01	2.2803443670e-01	3.7877264619e-01	3.7877264619e-01	1.4973999359e+01	2.7687339644e+01	2.7687339644e+01	7.2395759821e-01	5.1576814055e-01	5.1576814055e-01	1.5073820949e-01	4.6574485942e-01	1.4162880704e+00	0.0000000000e+00	1.8938632309e+00	0.0000000000e+00	0.0000000000e+00
7.3000000000e+01	1.0000000000e+00	1.0000000000e+00	1.0000000000e+00	4.8437995591e+01	5.8317299089e+01	4.0408026106e+02	4.4521178629e+02	-4.5919738944e+01	-5.4788213706e+01	5.4788213706e+01	1.0070795265e+02	5.0353976325e+01	1.3166946173e-01	4.1808545589e-02	1.3166946173e-01	1.2205081863e+01	2.4502514421e+01	2.4502514421e+01	5.0615143776e-01	8.5604459047e-01	5.0615143776e-01	8.9860916138e-02	3.7962163616e-01	1.2533749835e+00	0.0000000000e+00	1.7725096110e+00	0.0000000000e+00	0.0000000000e+00
7.4000000000e+01	1.0000000000e+00	1.0000000000e+00	1.0000000000e+00	4.8437995591e+01	5.8317299089e+01	4.0449997050e+02	4.8970098706e+02	-4.5500029503e+01	-1.0299012939e+01	4.5500029503e+01	5.5799042441e+01	2.7899521221e+01	2.5196135044e-01	1.8166282773e-01	2.5196135044e-01	2.0047815227e+01	2.3533118987e+01	2.3533118987e+01	6.5465974808e-01	7.5384959579e-01	6.5465974808e-01	7.0298522711e-02	6.2355865396e-01	1.2037875834e+00	1.0000000000e+00	1.2598067522e+00	0.0000000000e+00	0.0000000000e+00
7.5000000000e+01	1.0000000000e+00	0.0000000000e+00	1.0000000000e+00	4.8437995591e+01	5.8317299089e+01	nan	nan	nan	nan	inf	inf	inf	nan	nan	nan	nan	nan	nan	nan	nan	nan	inf	nan	nan	0.0000000000e+00	inf	0.0000000000e+00	0.0000000000e+00
7.6000000000e+01	1.0000000000e+00	1.0000000000e+00	1.0000000000e+00	4.8437995591e+01	5.8317299089e+01	4.0449997050e+02	4.8970098706e+02	-4.5500029503e+01	-1.0299012939e+01	4.5500029503e+01	5.5799042441e+01	2.7899521221e+01	2.3974528909e-01	1.9254413247e-01	2.3974528909e-01	1.9601395741e+01	2.6756217627e+01	2.6756217627e+01	6.6634622216e-01	7.4104955792e-01	6.6634622216e-01	4.7201156616e-02	6.0967341357e-01	1.3686584670e+00	1.0000000000e+00	1.1987264454e+00	0.0000000000e+00	0.0000000000e+00
7.7000000000e+01	1.0000000000e+00	1.0000000000e+00	1.0000000000e+00	4.8437995591e+01	5.8317299089e+01	4.0408026106e+02	4.8970098706e+02	-4.5919738944e+01	-1.0299012939e+01	4.5919738944e+01	5.6218751883e+01	2.8109375941e+01	2.3976546526e-01	1.7854583263e-01	2.3976546526e-01	1.4277953334e+01	1.8805127846e+01	1.8805127846e+01	6.7047178745e-01	7.6091510057e-01	6.7047178745e-01	6.1219632626e-02	4.4409534215e-01	9.6193706483e-01	0.0000000000e+00	1.5882990224e+00	0.0000000000e+00	0.0000000000e+00
7.8000000000e+01	1.0000000000e+00	1.0000000000e+00	1.0000000000e+00	4.8437995591e+01	5.8317299089e+01	4.0408026106e+02	4.8970098706e+02	-4.5919738944e+01	-1.0299012939e+01	4.5919738944e+01	5.6218751883e+01	2.8109375941e+01	2.2978605330e-01	1.8971681595e-01	2.2978605330e-01	1.9075813889e+01	2.7192740762e+01	2.7192740762e+01	6.7525289953e-01	7.4288946390e-01	6.7525289953e-01	4.0069237351e-02	5.9332594086e-01	1.3909878969e+00	1.0000000000e+00	1.1619258833e+00	0.0000000000e+00	0.0000000000e+00
7.9000000000e+01	1.0000000000e+00	1.0000000000e+00	1.0000000000e+00	4.8437995591e+01	5.8317299089e+01	4.0408026106e+02	4.8970098706e+02	-4.5919738944e+01	-1.0299012939e+01	4.5919738944e+01	5.6218751883e+01	2.8109375941e+01	2.7416962385e-01	2.9739806056e-01	2.9739806056e-01	2.0067166472e+01	2.8073162425e+01	2.8073162425e+01	6.5944522619e-01	6.1957308650e-01	6.1957308650e-01	2.3228436708e-02	6.2416054679e-01	1.4360240295e+00	1.0000000000e+00	1.4869903028e+00	0.0000000000e+00	0.0000000000e+00
8.0000000000e+01	1.0000000000e+00	1.0000000000e+00	1.0000000000e+00	4.8437995591e+01	6.0835555736e+01	4.0408026106e+02	4.8970098706e+02	-4.5919738944e+01	-1.0299012939e+01	4.5919738944e+01	5.6218751883e+01	2.8109375941e+01	2.4086612463e-01	1.8250316381e-01	2.4086612463e-01	1.4207017131e+01	1.8776189459e+01	1.8776189459e+01	6.6927027702e-01	7.5729203224e-01	6.6927027702e-01	5.8362960815e-02	4.4188897289e-01	9.6045678204e-01	0.0000000000e+00	1.5946029346e+00	0.0000000000e+00	0.0000000000e+00
8.1000000000e+01	1.0000000000e+00	1.0000000000e+00	1.0000000000e+00	4.8437995591e+01	6.0835555736e+01	4.0408026106e+02	4.7501115662e+02	-4.5919738944e+01	-2.4988843381e+01	4.5919738944e+01	7.0908582325e+01	3.5454291162e+01	2.1434579790e-01	3.8253951073e-01	3.8253951073e-01	1.5214981961e+01	2.8747471452e+01	2.8747471452e+01	7.3592276871e-01	5.1066303253e-01	5.1066303253e-01	1.6819371283e-01	4.7324027902e-01	1.4705169003e+00	0.0000000000e+00	1.9126975536e+00	0.0000000000e+00	0.0000000000e+00
8.2000000000e+01	1.0000000000e+00	1.0000000000e+00	1.0000000000e+00	4.8437995591e+01	5.8317299089e+01	4.0408026106e+02	4.8928127762e+02	-4.5919738944e+01	-1.0718722380e+01	4.5919738944e+01	5.6638461324e+01	2.8319230662e+01	2.4678476155e-01	4.2288520932e-01	4.2288520932e-01	1.4719811470e+01	2.8177676686e+01	2.8177676686e+01	7.0463024080e-01	4.7673121095e-01	4.7673121095e-01	1.7610044777e-01	4.5783870825e-01	1.4413702383e+00	0.0000000000e+00	2.1144260466e+00	0.0000000000e+00	0.0000000000e+00
8.3000000000e+01	1.0000000000e+00	0.0000000000e+00	1.0000000000e+00	4.8437995591e+01	5.8317299089e+01	nan	nan	nan	nan	inf	inf	inf	nan	nan	nan	nan	nan	nan	nan	nan	nan	inf	nan	nan	0.0000000000e+00	inf	0.0000000000e+00	0.0000000000e+00
8.4000000000e+01	1.0000000000e+00	1.0000000000e+00	1.0000000000e+00	4.8437995591e+01	5.8317299089e+01	4.0408026106e+02	4.8970098706e+02	-4.5919738944e+01	-1.0299012939e+01	4.5919738944e+01	5.6218751883e+01	2.8109375941e+01	1.7208372056e-01	1.1297459900e-01	1.7208372056e-01	1.5309972088e+01	2.1649072006e+01	2.1649072006e+01	7.2609688342e-01	8.2261179388e-01	7.2609688342e-01	5.9109121561e-02	4.7619481121e-01	1.1074130925e+00	0.0000000000e+00	1.4965862537e+00	0.0000000000e+00	0.0000000000e+00
8.5000000000e+01	1.0000000000e+00	1.0000000000e+00	1.0000000000e+00	4.8437995591e+01	6.0835555736e+01	4.0449997050e+02	4.8970098706e+02	-4.5500029503e+01	-1.0299012939e+01	4.5500029503e+01	5.5799042441e+01	2.7899521221e+01	2.8934001923e-01	3.0133208632e-01	3.0133208632e-01	2.2057340383e+01	2.9016531468e+01	2.9016531468e+01	6.4411425591e-01	6.1451759934e-01	6.1451759934e-01	1.1992067099e-02	6.8606206329e-01	1.4842801039e+00	1.0000000000e+00	1.5066604316e+00	0.0000000000e+00	0.0000000000e+00
8.6000000000e+01	1.0000000000e+00	1.0000000000e+00	1.0000000000e+00	4.8437995591e+01	6.0835555736e+01	4.0408026106e+02	4.8928127762e+02	-4.5919738944e+01	-1.0718722380e+01	4.5919738944e+01	5.6638461324e+01	2.8319230662e+01	2.1120904386e-01	3.5043191910e-01	3.5043191910e-01	1.5269838853e+01	2.8190111574e+01	2.8190111574e+01	7.3755510151e-01	5.4453498125e-01	5.4453498125e-01	1.3922287524e-01	4.7494652428e-01	1.4420063191e+00	0.0000000000e+00	1.7521595955e+00	0.0000000000e+00	0.0000000000e+00
8.7000000000e+01	1.0000000000e+00	1.0000000000e+00	1.0000000000e+00	4.8437995591e+01	5.8317299089e+01	4.0449997050e+02	4.8970098706e+02	-4.5500029503e+01	-1.0299012939e+01	4.5500029503e+01	5.5799042441e+01	2.7899521221e+01	2.6446217299e-01	2.0123501122e-01	2.6446217299e-01	1.9767911414e+01	2.3170036297e+01	2.3170036297e+01	6.4602994919e-01	7.3509494960e-01	6.4602994919e-01	6.3227161765e-02	6.1485264571e-01	1.1852148462e+00	1.0000000000e+00	1.3223108649e+00	0.0000000000e+00	0.0000000000e+00
8.8000000000e+01	1.0000000000e+00	1.0000000000e+00	1.0000000000e+00	4.8437995591e+01	5.8317299089e+01	4.0408026106e+02	4.7501115662e+02	-4.5919738944e+01	-2.4988843381e+01	4.5919738944e+01	7.0908582325e+01	3.5454291162e+01	2.2550801933e-01	3.9402455091e-01	3.9402455091e-01	1.5052990123e+01	2.8351714608e+01	2.8351714608e+01	7.2575594485e-01	5.0106430054e-01	5.0106430054e-01	1.6851653159e-01	4.6820175430e-01	1.4502727850e+00	0.0000000000e+00	1.9701227546e+00	0.0000000000e+00	0.0000000000e+00
8.9000000000e+01	1.0000000000e+00	1.0000000000e+00	1.0000000000e+00	4.8437995591e+01	5.8317299089e+01	4.0408026106e+02	4.8928127762e+02	-4.5919738944e+01	-1.0718722380e+01	4.5919738944e+01	5.6638461324e+01	2.8319230662e+01	2.3244158924e-01	4.1203263402e-01	4.1203263402e-01	1.4954988934e+01	2.8620963387e+01	2.8620963387e+01	7.1859546006e-01	4.8516026139e-01	4.8516026139e-01	1.7959104478e-01	4.6515356732e-01	1.4640456443e+00	0.0000000000e+00	2.0601631701e+00	0.0000000000e+00	0.0000000000e+00
9.0000000000e+01	1.0000000000e+00	0.0000000000e+00	1.0000000000e+00	4.8437995591e+01	5.8317299089e+01	nan	nan	nan	nan	inf	inf	inf	nan	nan	nan	nan	nan	nan	nan	nan	nan	inf	nan	nan	0.0000000000e+00	inf	0.0000000000e+00	0.0000000000e+00
9.1000000000e+01	1.0000000000e+00	0.0000000000e+00	1.0000000000e+00	4.8437995591e+01	5.8317299089e+01	nan	nan	nan	nan	inf	inf	inf	nan	nan	nan	nan	nan	nan	nan	nan	nan	inf	nan	nan	0.0000000000e+00	inf	0.0000000000e+00	0.0000000000e+00
9.2000000000e+01	1.0000000000e+00	1.0000000000e+00	1.0000000000e+00	4.8437995591e+01	5.8317299089e+01	4.0408026106e+02	4.5948190729e+02	-4.5919738944e+01	-4.0518092705e+01	4.5919738944e+01	8.6437831649e+01	4.3218915825e+01	1.3710111380e-01	5.8961499482e-02	1.3710111380e-01	1.4455242283e+01	2.2639201014e+01	2.2639201014e+01	6.5084147453e-01	8.6343212053e-01	6.5084147453e-01	7.8139614314e-02	4.4960966165e-01	1.1580610752e+00	0.0000000000e+00	1.5725438239e+00	0.0000000000e+00	0.0000000000e+00
9.3000000000e+01	1.0000000000e+00	1.0000000000e+00	1.0000000000e+00	4.8437995591e+01	5.8317299089e+01	4.0408026106e+02	4.7375202830e+02	-4.5919738944e+01	-2.6247971705e+01	4.5919738944e+01	7.2167710648e+01	3.6083855324e+01	2.2948279977e-01	1.5727691352e-01	2.2948279977e-01	1.3663138513e+01	1.8374518082e+01	1.8374518082e+01	6.4502575994e-01	7.9904092848e-01	6.4502575994e-01	7.2205886245e-02	4.2497240540e-01	9.3991012112e-01	0.0000000000e+00	1.6429359846e+00	0.0000000000e+00	0.0000000000e+00
9.4000000000e+01	1.0000000000e+00	1.0000000000e+00	1.0000000000e+00	4.8437995591e+01	5.8317299089e+01	4.0449997050e+02	4.3052195585e+02	-4.5500029503e+01	-6.9478044148e+01	6.9478044148e+01	1.1497807365e+02	5.7489036825e+01	1.4911220968e-01	8.8001325727e-02	1.4911220968e-01	1.0153820699e+01	2.6877387797e+01	2.6877387797e+01	4.1923947632e-01	8.1112955511e-01	4.1923947632e-01	6.1110883951e-02	3.1582008793e-01	1.3748566742e+00	0.0000000000e+00	1.9547997488e+00	0.0000000000e+00	0.0000000000e+00
9.5000000000e+01	1.0000000000e+00	1.0000000000e+00	1.0000000000e+00	4.8437995591e+01	5.8317299089e+01	4.0408026106e+02	4.8928127762e+02	-4.5919738944e+01	-1.0718722380e+01	4.5919738944e+01	5.6638461324e+01	2.8319230662e+01	2.7082139254e-01	3.3833086491e-01	3.3833086491e-01	2.1631010193e+01	2.8927356529e+01	2.8927356529e+01	6.8284642696e-01	5.5398434401e-01	5.5398434401e-01	6.7509472370e-02	6.7280167175e-01	1.4797185460e+00	1.0000000000e+00	1.6916543245e+00	0.0000000000e+00	0.0000000000e+00
9.6000000000e+01	1.0000000000e+00	1.0000000000e+00	1.0000000000e+00	4.8437995591e+01	5.8317299089e+01	4.0617880826e+02	4.4647091462e+02	-4.3821191738e+01	-5.3529085383e+01	5.3529085383e+01	9.7350277120e+01	4.8675138560e+01	7.6772525907e-02	3.1178712845e-02	7.6772525907e-02	1.0885491201e+01	2.3810427306e+01	2.3810427306e+01	3.6723916233e-01	7.0135253668e-01	3.6723916233e-01	4.5593813062e-02	3.3857765368e-01	1.2179727116e+00	0.0000000000e+00	1.8897781324e+00	0.0000000000e+00	0.0000000000e+00
9.7000000000e+01	1.0000000000e+00	1.0000000000e+00	1.0000000000e+00	4.8437995591e+01	5.8317299089e+01	4.0449997050e+02	4.8970098706e+02	-4.5500029503e+01	-1.0299012939e+01	4.5500029503e+01	5.5799042441e+01	2.7899521221e+01	2.2702701390e-01	1.5759576857e-01	2.2702701390e-01	2.0036235779e+01	2.5818097824e+01	2.5818097824e+01	6.7515139282e-01	7.7604238689e-01	6.7515139282e-01	6.9431245327e-02	6.2319849179e-01	1.3206709066e+00	1.0000000000e+00	1.1351350695e+00	0.0000000000e+00	0.0000000000e+00
9.8000000000e+01	1.0000000000e+00	1.0000000000e+00	1.0000000000e+00	4.8437995591e+01	5.8317299089e+01	4.0408026106e+02	4.8970098706e+02	-4.5919738944e+01	-1.0299012939e+01	4.5919738944e+01	5.6218751883e+01	2.8109375941e+01	1.8251514435e-01	1.1571557075e-01	1.8251514435e-01	1.6709716450e+01	2.2767634368e+01	2.2767634368e+01	7.1507567167e-01	8.1624036282e-01	7.1507567167e-01	6.6799573600e-02	5.1973186004e-01	1.1646308154e+00	1.0000000000e+00	1.3721946856e+00	0.0000000000e+00	0.0000000000e+00
9.9000000000e+01	1.0000000000e+00	0.0000000000e+00	1.0000000000e+00	4.8437995591e+01	5.8317299089e+01	nan	nan	nan	nan	inf	inf	inf	nan	nan	nan	nan	nan	nan	nan	nan	nan	inf	nan	nan	0.0000000000e+00	inf	0.0000000000e+00	0.0000000000e+00
