# lambda  Re(T_ZminTE(0,0),ZmaxTE(0,0))    Im(T_ZminTE(0,0),ZmaxTE(0,0)), 
3.797371134666668127e+02	8.974078942943102266e-01	0.000000000000000000e+00
3.801568229078667969e+02	8.978945269067817314e-01	0.000000000000000000e+00
3.805765323490668379e+02	8.978466168778830303e-01	0.000000000000000000e+00
3.809962417902668221e+02	8.972972901797665601e-01	0.000000000000000000e+00
3.814159512314668063e+02	8.962808600194273057e-01	0.000000000000000000e+00
3.818356606726667906e+02	8.948323064928487280e-01	0.000000000000000000e+00
3.822553701138668316e+02	8.929867763849027584e-01	0.000000000000000000e+00
3.826750795550668158e+02	8.907791099385289346e-01	0.000000000000000000e+00
3.830947889962668000e+02	8.882433997017277205e-01	0.000000000000000000e+00
3.835144984374667843e+02	8.854125848652965036e-01	0.000000000000000000e+00
3.839342078786668253e+02	8.823180828959913402e-01	0.000000000000000000e+00
3.843539173198668095e+02	8.789894588004433240e-01	0.000000000000000000e+00
3.847736267610667937e+02	8.754541310629221362e-01	0.000000000000000000e+00
3.851933362022668348e+02	8.717371122070322054e-01	0.000000000000000000e+00
3.856130456434668190e+02	8.678599583034113385e-01	0.000000000000000000e+00
3.860327550846668032e+02	8.638427829165126193e-01	0.000000000000000000e+00
3.864524645258667874e+02	8.597027200026873262e-01	0.000000000000000000e+00
3.868721739670668285e+02	8.554530206440055240e-01	0.000000000000000000e+00
3.872918834082668127e+02	8.511036441637304106e-01	0.000000000000000000e+00
3.877115928494667969e+02	8.466611299013703240e-01	0.000000000000000000e+00
3.881313022906667811e+02	8.421284753098446929e-01	0.000000000000000000e+00
3.885510117318668222e+02	8.375050165487046838e-01	0.000000000000000000e+00
3.889707211730668064e+02	8.327863081932687095e-01	0.000000000000000000e+00
3.893904306142667906e+02	8.279639992489241651e-01	0.000000000000000000e+00
3.898101400554668317e+02	8.230257033609923445e-01	0.000000000000000000e+00
3.902298494966668159e+02	8.179548619592854619e-01	0.000000000000000000e+00
3.906495589378668001e+02	8.127306000971149524e-01	0.000000000000000000e+00
3.910692683790667843e+02	8.073275759697555731e-01	0.000000000000000000e+00
3.914889778202668253e+02	8.017158265681201268e-01	0.000000000000000000e+00
3.919086872614668096e+02	7.958606136881225535e-01	0.000000000000000000e+00
3.923283967026667938e+02	7.897222766291828178e-01	0.000000000000000000e+00
3.927481061438668348e+02	7.832561004332303511e-01	0.000000000000000000e+00
3.931678155850668190e+02	7.764122114936791164e-01	0.000000000000000000e+00
3.935875250262668033e+02	7.691355158467797493e-01	0.000000000000000000e+00
3.940072344674667875e+02	7.613637226472041997e-01	0.000000000000000000e+00
3.944269439086668285e+02	7.530273333113018941e-01	0.000000000000000000e+00
3.948466533498668127e+02	7.440592196705534400e-01	0.000000000000000000e+00
3.952663627910667969e+02	7.343839486054835053e-01	0.000000000000000000e+00
3.956860722322667812e+02	7.239220539124098242e-01	0.000000000000000000e+00
3.961057816734668222e+02	7.125908431589845771e-01	0.000000000000000000e+00
3.965254911146668064e+02	7.003054994895779872e-01	0.000000000000000000e+00
3.969452005558667906e+02	6.869805315412416125e-01	0.000000000000000000e+00
3.973649099970668317e+02	6.725316234638044621e-01	0.000000000000000000e+00
3.977846194382668159e+02	6.568779310959019790e-01	0.000000000000000000e+00
3.982043288794668001e+02	6.399448579349643618e-01	0.000000000000000000e+00
3.986240383206667843e+02	6.216673239099140824e-01	0.000000000000000000e+00
3.990437477618668254e+02	6.019935095904367373e-01	0.000000000000000000e+00
3.994634572030668096e+02	5.808890174063614520e-01	0.000000000000000000e+00
3.998831666442667938e+02	5.583260646184782239e-01	0.000000000000000000e+00
4.003028760854667780e+02	5.343097738118662843e-01	0.000000000000000000e+00
4.007225855266668191e+02	5.089132873533037671e-01	0.000000000000000000e+00
4.011422949678668033e+02	4.822212382613678683e-01	0.000000000000000000e+00
4.015620044090667875e+02	4.543574024910122522e-01	0.000000000000000000e+00
4.019817138502668286e+02	4.254865568343410009e-01	0.000000000000000000e+00
4.024014232914668128e+02	3.958146157622021155e-01	0.000000000000000000e+00
4.028211327326667970e+02	3.655866977964772890e-01	0.000000000000000000e+00
4.032408421738667812e+02	3.350828866411928453e-01	0.000000000000000000e+00
4.036605516150668223e+02	3.046245525636870344e-01	0.000000000000000000e+00
4.040802610562668065e+02	2.745567672174198948e-01	0.000000000000000000e+00
4.044999704974667907e+02	2.452168058394257333e-01	0.000000000000000000e+00
4.049196799386668317e+02	2.169359183940346159e-01	0.000000000000000000e+00
4.053393893798668159e+02	1.900261731878543636e-01	0.000000000000000000e+00
4.057590988210668002e+02	1.647681607767216561e-01	0.000000000000000000e+00
4.061788082622667844e+02	1.414017310205713529e-01	0.000000000000000000e+00
4.065985177034668254e+02	1.202187221240621912e-01	0.000000000000000000e+00
4.070182271446668096e+02	1.012525893501402124e-01	0.000000000000000000e+00
4.074379365858667938e+02	8.456270269899918146e-02	0.000000000000000000e+00
4.078576460270667781e+02	7.014885042641008650e-02	0.000000000000000000e+00
4.082773554682668191e+02	5.795535888504275285e-02	0.000000000000000000e+00
4.086970649094668033e+02	4.789572857016385216e-02	0.000000000000000000e+00
4.091167743506667875e+02	3.988703727201144134e-02	0.000000000000000000e+00
4.095364837918668286e+02	3.365223568122709813e-02	0.000000000000000000e+00
4.099561932330668128e+02	2.899768776269160547e-02	0.000000000000000000e+00
4.103759026742667970e+02	2.572929025348417997e-02	0.000000000000000000e+00
4.107956121154667812e+02	2.366674622409563680e-02	0.000000000000000000e+00
4.112153215566668223e+02	2.271485255238846895e-02	0.000000000000000000e+00
4.116350309978668065e+02	2.271137946804912752e-02	0.000000000000000000e+00
4.120547404390667907e+02	2.362540147692126710e-02	0.000000000000000000e+00
4.124744498802667749e+02	2.550829281482250646e-02	0.000000000000000000e+00
4.128941593214668160e+02	2.851648414774811749e-02	0.000000000000000000e+00
4.133138687626668002e+02	3.297429525093536345e-02	0.000000000000000000e+00
4.137335782038667844e+02	3.915434514646710940e-02	0.000000000000000000e+00
4.141532876450668255e+02	4.744263695097664102e-02	0.000000000000000000e+00
4.145729970862668097e+02	5.823828031173453046e-02	0.000000000000000000e+00
4.149927065274667939e+02	7.209640497009318916e-02	0.000000000000000000e+00
4.154124159686667781e+02	8.918070923475945877e-02	0.000000000000000000e+00
4.158321254098668192e+02	1.095249420180881561e-01	0.000000000000000000e+00
4.162518348510668034e+02	1.330392502245682784e-01	0.000000000000000000e+00
4.166715442922667876e+02	1.595864247575198847e-01	0.000000000000000000e+00
4.170912537334668286e+02	1.886086099027270147e-01	0.000000000000000000e+00
4.175109631746668128e+02	2.194707273951999882e-01	0.000000000000000000e+00
4.179306726158667971e+02	2.515912419433294911e-01	0.000000000000000000e+00
4.183503820570667813e+02	2.844012613652112109e-01	0.000000000000000000e+00
4.187700914982668223e+02	3.172944603829551680e-01	0.000000000000000000e+00
4.191898009394668065e+02	3.498321036248671079e-01	0.000000000000000000e+00
4.196095103806667908e+02	3.816730967595520219e-01	0.000000000000000000e+00
4.200292198218668318e+02	4.124472498105222207e-01	0.000000000000000000e+00
4.204489292630668160e+02	4.420577170040630999e-01	0.000000000000000000e+00
4.208686387042668002e+02	4.704018743696700144e-01	0.000000000000000000e+00
4.212883481454667844e+02	4.973583366920023008e-01	0.000000000000000000e+00
4.217080575866667687e+02	5.228973478776494099e-01	0.000000000000000000e+00
4.221277670278668097e+02	5.471035171520375329e-01	0.000000000000000000e+00
4.225474764690667939e+02	5.699974657567432601e-01	0.000000000000000000e+00
4.229671859102667781e+02	5.915074265763040628e-01	0.000000000000000000e+00
4.233868953514668192e+02	6.118127174070611130e-01	0.000000000000000000e+00
4.238066047926668034e+02	6.309654388416298110e-01	0.000000000000000000e+00
4.242263142338667876e+02	6.489268285435682015e-01	0.000000000000000000e+00
4.246460236750667718e+02	6.658276261216105052e-01	0.000000000000000000e+00
4.250657331162668129e+02	6.817456213179473590e-01	0.000000000000000000e+00
4.254854425574667971e+02	6.966661954676116597e-01	0.000000000000000000e+00
4.259051519986667813e+02	7.106710307545646144e-01	0.000000000000000000e+00
4.263248614398668224e+02	7.238466611739104994e-01	0.000000000000000000e+00
4.267445708810668066e+02	7.361851801949110818e-01	0.000000000000000000e+00
4.271642803222667908e+02	7.477449674453828798e-01	0.000000000000000000e+00
4.275839897634667750e+02	7.586072460389819971e-01	0.000000000000000000e+00
4.280036992046668161e+02	7.687618757255388902e-01	0.000000000000000000e+00
4.284234086458668003e+02	7.782631183693511367e-01	0.000000000000000000e+00
4.288431180870667845e+02	7.871791618002136337e-01	0.000000000000000000e+00
4.292628275282668255e+02	7.954930740549128743e-01	0.000000000000000000e+00
4.296825369694668098e+02	8.032672018536276548e-01	0.000000000000000000e+00
4.301022464106667940e+02	8.105526489571531767e-01	0.000000000000000000e+00
4.305219558518667782e+02	8.173237888592298495e-01	0.000000000000000000e+00
4.309416652930668192e+02	8.236573513115205136e-01	0.000000000000000000e+00
4.313613747342668034e+02	8.295793893742412495e-01	0.000000000000000000e+00
4.317810841754667877e+02	8.350747307236430217e-01	0.000000000000000000e+00
4.322007936166667719e+02	8.402169306073925537e-01	0.000000000000000000e+00
4.326205030578668129e+02	8.450065093307502773e-01	0.000000000000000000e+00
4.330402124990667971e+02	8.494616927190709044e-01	0.000000000000000000e+00
4.334599219402667813e+02	8.536293833867809600e-01	0.000000000000000000e+00
4.338796313814667656e+02	8.574962255002572808e-01	0.000000000000000000e+00
4.342993408226668066e+02	8.611082213506949801e-01	0.000000000000000000e+00
4.347190502638667908e+02	8.644812770662066992e-01	0.000000000000000000e+00
4.351387597050667750e+02	8.676157390511338718e-01	0.000000000000000000e+00
4.355584691462668161e+02	8.705541965806812277e-01	0.000000000000000000e+00
4.359781785874668003e+02	8.732903276720991315e-01	0.000000000000000000e+00
4.363978880286667845e+02	8.758529561262723417e-01	0.000000000000000000e+00
4.368175974698667687e+02	8.782566736764456650e-01	0.000000000000000000e+00
4.372373069110668098e+02	8.805031164731711435e-01	0.000000000000000000e+00
4.376570163522667940e+02	8.826225136157046514e-01	0.000000000000000000e+00
4.380767257934667782e+02	8.846095268419664759e-01	0.000000000000000000e+00
4.384964352346668193e+02	8.864885191260738484e-01	0.000000000000000000e+00
4.389161446758668035e+02	8.882649484068665391e-01	0.000000000000000000e+00
4.393358541170667877e+02	8.899470301103324932e-01	0.000000000000000000e+00
4.397555635582667719e+02	8.915507266428169819e-01	0.000000000000000000e+00
4.401752729994668130e+02	8.930736190831575216e-01	0.000000000000000000e+00
4.405949824406667972e+02	8.945350933956637274e-01	0.000000000000000000e+00
4.410146918818667814e+02	8.959335445862292024e-01	0.000000000000000000e+00
4.414344013230668224e+02	8.972815949273692526e-01	0.000000000000000000e+00
4.418541107642668067e+02	8.985824806043666291e-01	0.000000000000000000e+00
4.422738202054667909e+02	8.998422303589364013e-01	0.000000000000000000e+00
4.426935296466667751e+02	9.010672576734847228e-01	0.000000000000000000e+00
4.431132390878668161e+02	9.022594970846968820e-01	0.000000000000000000e+00
4.435329485290668003e+02	9.034266084846319655e-01	0.000000000000000000e+00
4.439526579702667846e+02	9.045682021178420573e-01	0.000000000000000000e+00
4.443723674114668256e+02	9.056915230495886648e-01	0.000000000000000000e+00
4.447920768526668098e+02	9.067961992767733514e-01	0.000000000000000000e+00
4.452117862938667940e+02	9.078872670104521925e-01	0.000000000000000000e+00
4.456314957350667783e+02	9.089651152286963853e-01	0.000000000000000000e+00
4.460512051762667625e+02	9.100327971100823365e-01	0.000000000000000000e+00
4.464709146174668035e+02	9.110910595737292672e-01	0.000000000000000000e+00
4.468906240586667877e+02	9.121416571870522016e-01	0.000000000000000000e+00
4.473103334998667719e+02	9.131853147588031572e-01	0.000000000000000000e+00
4.477300429410668130e+02	9.142229211144251577e-01	0.000000000000000000e+00
4.481497523822667972e+02	9.152550020488896543e-01	0.000000000000000000e+00
4.485694618234667814e+02	9.162818422665400808e-01	0.000000000000000000e+00
4.489891712646667656e+02	9.173037200613605169e-01	0.000000000000000000e+00
4.494088807058668067e+02	9.183204738731592931e-01	0.000000000000000000e+00
4.498285901470667909e+02	9.193321525136661787e-01	0.000000000000000000e+00
4.502482995882667751e+02	9.203382569942066826e-01	0.000000000000000000e+00
4.506680090294668162e+02	9.213386418986747595e-01	0.000000000000000000e+00
4.510877184706668004e+02	9.223325728951343727e-01	0.000000000000000000e+00
4.515074279118667846e+02	9.233197258426147913e-01	0.000000000000000000e+00
4.519271373530667688e+02	9.242992566609357086e-01	0.000000000000000000e+00
4.523468467942668099e+02	9.252706329773319194e-01	0.000000000000000000e+00
4.527665562354667941e+02	9.262330690065128103e-01	0.000000000000000000e+00
4.531862656766667783e+02	9.271857353256051093e-01	0.000000000000000000e+00
4.536059751178668193e+02	9.281281234722310591e-01	0.000000000000000000e+00
4.540256845590668036e+02	9.290589544966708635e-01	0.000000000000000000e+00
4.544453940002667878e+02	9.299782665673126392e-01	0.000000000000000000e+00
4.548651034414667720e+02	9.308841194431793920e-01	0.000000000000000000e+00
4.552848128826667562e+02	9.317774089554804462e-01	0.000000000000000000e+00
4.557045223238667973e+02	9.326552741497974308e-01	0.000000000000000000e+00
4.561242317650667815e+02	9.335197367817383851e-01	0.000000000000000000e+00
4.565439412062668225e+02	9.343669343920660841e-01	0.000000000000000000e+00
4.569636506474668067e+02	9.351995285183821727e-01	0.000000000000000000e+00
4.573833600886667909e+02	9.360142935959524513e-01	0.000000000000000000e+00
4.578030695298667752e+02	9.368128199960551461e-01	0.000000000000000000e+00
4.582227789710667594e+02	9.375933787961964194e-01	0.000000000000000000e+00
4.586424884122668004e+02	9.383561061148848470e-01	0.000000000000000000e+00
4.590621978534667846e+02	9.391011586851026882e-01	0.000000000000000000e+00
4.594819072946667688e+02	9.398268669668456976e-01	0.000000000000000000e+00
4.599016167358668099e+02	9.405356067011021448e-01	0.000000000000000000e+00
4.603213261770667941e+02	9.412236089279270024e-01	0.000000000000000000e+00
4.607410356182667783e+02	9.418946329846615839e-01	0.000000000000000000e+00
4.611607450594667625e+02	9.425458664637222927e-01	0.000000000000000000e+00
4.615804545006668036e+02	9.431791243890541576e-01	0.000000000000000000e+00
4.620001639418667878e+02	9.437941695864264791e-01	0.000000000000000000e+00
4.624198733830667720e+02	9.443902538110682254e-01	0.000000000000000000e+00
4.628395828242668131e+02	9.449699687302591800e-01	0.000000000000000000e+00
4.632592922654667973e+02	9.455299530739494918e-01	0.000000000000000000e+00
4.636790017066667815e+02	9.460741656437978708e-01	0.000000000000000000e+00
4.640987111478667657e+02	9.466009537415632780e-01	0.000000000000000000e+00
4.645184205890668068e+02	9.471113171105993711e-01	0.000000000000000000e+00
4.649381300302667910e+02	9.476066762627510798e-01	0.000000000000000000e+00
4.653578394714667752e+02	9.480851754097878725e-01	0.000000000000000000e+00
4.657775489126668162e+02	9.485500636352243164e-01	0.000000000000000000e+00
4.661972583538668005e+02	9.489999959326170798e-01	0.000000000000000000e+00
4.666169677950667847e+02	9.494363598544780514e-01	0.000000000000000000e+00
4.670366772362667689e+02	9.498604109943477036e-01	0.000000000000000000e+00
4.674563866774667531e+02	9.502707720452300277e-01	0.000000000000000000e+00
4.678760961186667942e+02	9.506702752792511868e-01	0.000000000000000000e+00
4.682958055598667784e+02	9.510582870257453525e-01	0.000000000000000000e+00
4.687155150010668194e+02	9.514356204681020390e-01	0.000000000000000000e+00
4.691352244422668036e+02	9.518038200570643204e-01	0.000000000000000000e+00
4.695549338834667878e+02	9.521617892418832163e-01	0.000000000000000000e+00
4.699746433246667721e+02	9.525116835480050836e-01	0.000000000000000000e+00
4.703943527658667563e+02	9.528537647420234347e-01	0.000000000000000000e+00
4.708140622070667973e+02	9.531879342214085726e-01	0.000000000000000000e+00
4.712337716482667815e+02	9.535158198819236874e-01	0.000000000000000000e+00
4.716534810894667658e+02	9.538372677359087115e-01	0.000000000000000000e+00
4.720731905306668068e+02	9.541529750944942601e-01	0.000000000000000000e+00
4.724928999718667910e+02	9.544639155032706990e-01	0.000000000000000000e+00
4.729126094130667752e+02	9.547698566838350720e-01	0.000000000000000000e+00
4.733323188542667594e+02	9.550718107123634670e-01	0.000000000000000000e+00
4.737520282954668005e+02	9.553703391360177655e-01	0.000000000000000000e+00
4.741717377366667847e+02	9.556652502582488884e-01	0.000000000000000000e+00
4.745914471778667689e+02	9.559575459384949125e-01	0.000000000000000000e+00
4.750111566190668100e+02	9.562475019824980826e-01	0.000000000000000000e+00
4.754308660602667942e+02	9.565351673626942830e-01	0.000000000000000000e+00
4.758505755014667784e+02	9.568212042590328315e-01	0.000000000000000000e+00
4.762702849426667626e+02	9.571058161384727869e-01	0.000000000000000000e+00
4.766899943838667468e+02	9.573891388501822863e-01	0.000000000000000000e+00
4.771097038250667879e+02	9.576715841940012242e-01	0.000000000000000000e+00
4.775294132662667721e+02	9.579533110605686907e-01	0.000000000000000000e+00
4.779491227074668132e+02	9.582344524443662248e-01	0.000000000000000000e+00
4.783688321486667974e+02	9.585152438279398446e-01	0.000000000000000000e+00
4.787885415898667816e+02	9.587957976119690917e-01	0.000000000000000000e+00
4.792082510310667658e+02	9.590762118613869180e-01	0.000000000000000000e+00
4.796279604722667500e+02	9.593565931272410863e-01	0.000000000000000000e+00
4.800476699134667911e+02	9.596369993969154910e-01	0.000000000000000000e+00
4.804673793546667753e+02	9.599174880843740487e-01	0.000000000000000000e+00
4.808870887958667595e+02	9.601980713262200373e-01	0.000000000000000000e+00
4.813067982370668005e+02	9.604787542300364800e-01	0.000000000000000000e+00
4.817265076782667848e+02	9.607595397055915809e-01	0.000000000000000000e+00
4.821462171194667690e+02	9.610403861801067871e-01	0.000000000000000000e+00
4.825659265606667532e+02	9.613212529626864455e-01	0.000000000000000000e+00
4.829856360018667942e+02	9.616020798197593145e-01	0.000000000000000000e+00
4.834053454430667784e+02	9.618827928819535522e-01	0.000000000000000000e+00
4.838250548842667627e+02	9.621633222212315761e-01	0.000000000000000000e+00
4.842447643254668037e+02	9.624435687086010383e-01	0.000000000000000000e+00
4.846644737666667879e+02	9.627233925102832712e-01	0.000000000000000000e+00
4.850841832078667721e+02	9.630027349183859497e-01	0.000000000000000000e+00
4.855038926490667563e+02	9.632814921121113372e-01	0.000000000000000000e+00
4.859236020902667974e+02	9.635594326348290162e-01	0.000000000000000000e+00
4.863433115314667816e+02	9.638365088750472376e-01	0.000000000000000000e+00
4.867630209726667658e+02	9.641126253972350790e-01	0.000000000000000000e+00
4.871827304138668069e+02	9.643875958385016434e-01	0.000000000000000000e+00
4.876024398550667911e+02	9.646611899505062038e-01	0.000000000000000000e+00
4.880221492962667753e+02	9.649334233473921829e-01	0.000000000000000000e+00
4.884418587374667595e+02	9.652041729012879046e-01	0.000000000000000000e+00
4.888615681786667437e+02	9.654731088728091271e-01	0.000000000000000000e+00
4.892812776198667848e+02	9.657401891981656217e-01	0.000000000000000000e+00
4.897009870610667690e+02	9.660053866617074325e-01	0.000000000000000000e+00
4.901206965022668101e+02	9.662685839809782573e-01	0.000000000000000000e+00
4.905404059434667943e+02	9.665293046071298244e-01	0.000000000000000000e+00
4.909601153846667785e+02	9.667877477068981262e-01	0.000000000000000000e+00
4.913798248258667627e+02	9.670438277584810782e-01	0.000000000000000000e+00
4.917995342670667469e+02	9.672974034337036287e-01	0.000000000000000000e+00
4.922192437082667880e+02	9.675480056732321810e-01	0.000000000000000000e+00
4.926389531494667722e+02	9.677959273659465511e-01	0.000000000000000000e+00
4.930586625906667564e+02	9.680410821703235857e-01	0.000000000000000000e+00
4.934783720318667974e+02	9.682833372443958586e-01	0.000000000000000000e+00
4.938980814730667817e+02	9.685222262737829269e-01	0.000000000000000000e+00
4.943177909142667659e+02	9.687581056671564772e-01	0.000000000000000000e+00
4.947375003554667501e+02	9.689909135432509535e-01	0.000000000000000000e+00
4.951572097966667911e+02	9.692205939572550166e-01	0.000000000000000000e+00
4.955769192378667753e+02	9.694465873477666751e-01	0.000000000000000000e+00
4.959966286790667596e+02	9.696693425023383828e-01	0.000000000000000000e+00
4.964163381202668006e+02	9.698888326621949441e-01	0.000000000000000000e+00
4.968360475614667848e+02	9.701050284568362159e-01	0.000000000000000000e+00
4.972557570026667690e+02	9.703175383967392875e-01	0.000000000000000000e+00
4.976754664438667533e+02	9.705265576976478403e-01	0.000000000000000000e+00
4.980951758850667943e+02	9.707322319098673491e-01	0.000000000000000000e+00
4.985148853262667785e+02	9.709345576355646878e-01	0.000000000000000000e+00
4.989345947674667627e+02	9.711334090309082789e-01	0.000000000000000000e+00
4.993543042086668038e+02	9.713285445605274182e-01	0.000000000000000000e+00
4.997740136498667880e+02	9.715203624439429086e-01	0.000000000000000000e+00
5.001937230910667722e+02	9.717088830110123254e-01	0.000000000000000000e+00
5.006134325322667564e+02	9.718941316043603340e-01	0.000000000000000000e+00
5.010331419734667406e+02	9.720758509881174403e-01	0.000000000000000000e+00
5.014528514146667817e+02	9.722541867720458919e-01	0.000000000000000000e+00
5.018725608558667659e+02	9.724293684156711803e-01	0.000000000000000000e+00
5.022922702970668070e+02	9.726014406267716739e-01	0.000000000000000000e+00
5.027119797382667912e+02	9.727704519932977023e-01	0.000000000000000000e+00
5.031316891794667754e+02	9.729361413015241711e-01	0.000000000000000000e+00
5.035513986206667596e+02	9.730987841061090604e-01	0.000000000000000000e+00
5.039711080618667438e+02	9.732585504827782064e-01	0.000000000000000000e+00
5.043908175030667849e+02	9.734155029714652851e-01	0.000000000000000000e+00
5.048105269442667691e+02	9.735697066959796420e-01	0.000000000000000000e+00
5.052302363854667533e+02	9.737210022416757926e-01	0.000000000000000000e+00
5.056499458266667943e+02	9.738695694823509275e-01	0.000000000000000000e+00
5.060696552678667786e+02	9.740156159912186640e-01	0.000000000000000000e+00
5.064893647090667628e+02	9.741592150925014737e-01	0.000000000000000000e+00
5.069090741502667470e+02	9.743004413839675415e-01	0.000000000000000000e+00
5.073287835914667880e+02	9.744393022526300907e-01	0.000000000000000000e+00
5.077484930326667723e+02	9.745757301652492322e-01	0.000000000000000000e+00
5.081682024738668133e+02	9.747100340518617401e-01	0.000000000000000000e+00
5.085879119150667975e+02	9.748422912092958859e-01	0.000000000000000000e+00
5.090076213562667817e+02	9.749725790028369588e-01	0.000000000000000000e+00
5.094273307974667659e+02	9.751009746610286300e-01	0.000000000000000000e+00
5.098470402386667502e+02	9.752274462060593896e-01	0.000000000000000000e+00
5.102667496798667344e+02	9.753520829652710944e-01	0.000000000000000000e+00
5.106864591210667754e+02	9.754750744451164968e-01	0.000000000000000000e+00
5.111061685622667596e+02	9.755964949516646723e-01	0.000000000000000000e+00
5.115258780034668007e+02	9.757164176805630529e-01	0.000000000000000000e+00
5.119455874446667849e+02	9.758349145613175457e-01	0.000000000000000000e+00
5.123652968858667691e+02	9.759520008462194696e-01	0.000000000000000000e+00
5.127850063270667533e+02	9.760677135323392317e-01	0.000000000000000000e+00
5.132047157682667375e+02	9.761822219787712474e-01	0.000000000000000000e+00
5.136244252094668354e+02	9.762955909843904490e-01	0.000000000000000000e+00
5.140441346506668197e+02	9.764078834039070509e-01	0.000000000000000000e+00
5.144638440918668039e+02	9.765191600491978097e-01	0.000000000000000000e+00
5.148835535330667881e+02	9.766294795996178779e-01	0.000000000000000000e+00
5.153032629742667723e+02	9.767388293575761660e-01	0.000000000000000000e+00
5.157229724154667565e+02	9.768473169846567661e-01	0.000000000000000000e+00
5.161426818566667407e+02	9.769550204207254618e-01	0.000000000000000000e+00
5.165623912978667249e+02	9.770619883261352223e-01	0.000000000000000000e+00
5.169821007390667091e+02	9.771682669093242346e-01	0.000000000000000000e+00
5.174018101802668070e+02	9.772738998930390331e-01	0.000000000000000000e+00
5.178215196214667912e+02	9.773789284887390849e-01	0.000000000000000000e+00
5.182412290626667755e+02	9.774833650772637439e-01	0.000000000000000000e+00
5.186609385038667597e+02	9.775872486844839893e-01	0.000000000000000000e+00
5.190806479450667439e+02	9.776906424859000966e-01	0.000000000000000000e+00
5.195003573862667281e+02	9.777935768379679704e-01	0.000000000000000000e+00
5.199200668274668260e+02	9.778960795892533975e-01	0.000000000000000000e+00
5.203397762686668102e+02	9.779981761019818087e-01	0.000000000000000000e+00
5.207594857098667944e+02	9.780998892800418787e-01	0.000000000000000000e+00
5.211791951510667786e+02	9.782012396031688484e-01	0.000000000000000000e+00
5.215989045922667628e+02	9.783022325544870057e-01	0.000000000000000000e+00
5.220186140334667471e+02	9.784028800071296050e-01	0.000000000000000000e+00
5.224383234746667313e+02	9.785032140898650699e-01	0.000000000000000000e+00
5.228580329158667155e+02	9.786032455077102732e-01	0.000000000000000000e+00
5.232777423570666997e+02	9.787029828230154882e-01	0.000000000000000000e+00
5.236974517982667976e+02	9.788024325217047350e-01	0.000000000000000000e+00
5.241171612394667818e+02	9.789015990834674108e-01	0.000000000000000000e+00
5.245368706806667660e+02	9.790004850555920068e-01	0.000000000000000000e+00
5.249565801218667502e+02	9.790990911301331590e-01	0.000000000000000000e+00
5.253762895630667344e+02	9.791974120486857114e-01	0.000000000000000000e+00
5.257959990042668323e+02	9.792954295009246302e-01	0.000000000000000000e+00
5.262157084454668166e+02	9.793931582000399150e-01	0.000000000000000000e+00
5.266354178866668008e+02	9.794905919618316359e-01	0.000000000000000000e+00
5.270551273278667850e+02	9.795877232025023140e-01	0.000000000000000000e+00
5.274748367690667692e+02	9.796845430292810963e-01	0.000000000000000000e+00
5.278945462102667534e+02	9.797810413321674794e-01	0.000000000000000000e+00
5.283142556514667376e+02	9.798772068765099208e-01	0.000000000000000000e+00
5.287339650926667218e+02	9.799730273961443361e-01	0.000000000000000000e+00
5.291536745338667060e+02	9.800684896868285811e-01	0.000000000000000000e+00
5.295733839750668039e+02	9.801635796997116845e-01	0.000000000000000000e+00
5.299930934162667882e+02	9.802582789694219700e-01	0.000000000000000000e+00
5.304128028574667724e+02	9.803525503725869505e-01	0.000000000000000000e+00
5.308325122986667566e+02	9.804464015596432436e-01	0.000000000000000000e+00
5.312522217398667408e+02	9.805398160121510109e-01	0.000000000000000000e+00
5.316719311810667250e+02	9.806327768485670893e-01	0.000000000000000000e+00
5.320916406222668229e+02	9.807252669117760835e-01	0.000000000000000000e+00
5.325113500634668071e+02	9.808172688549979812e-01	0.000000000000000000e+00
5.329310595046667913e+02	9.809087652258696721e-01	0.000000000000000000e+00
5.333507689458667755e+02	9.809997385485357269e-01	0.000000000000000000e+00
5.337704783870667598e+02	9.810901714035684673e-01	0.000000000000000000e+00
5.341901878282667440e+02	9.811800465055608989e-01	0.000000000000000000e+00
5.346098972694667282e+02	9.812693467782397372e-01	0.000000000000000000e+00
5.350296067106667124e+02	9.813580554269640821e-01	0.000000000000000000e+00
5.354493161518666966e+02	9.814461560084728475e-01	0.000000000000000000e+00
5.358690255930667945e+02	9.815336324977645965e-01	0.000000000000000000e+00
5.362887350342667787e+02	9.816204506483764414e-01	0.000000000000000000e+00
5.367084444754667629e+02	9.817065994267680784e-01	0.000000000000000000e+00
5.371281539166667471e+02	9.817920787187974785e-01	0.000000000000000000e+00
5.375478633578667313e+02	9.818768749250463834e-01	0.000000000000000000e+00
5.379675727990668292e+02	9.819609751562961009e-01	0.000000000000000000e+00
5.383872822402668135e+02	9.820443672800677204e-01	0.000000000000000000e+00
5.388069916814667977e+02	9.821270399637437309e-01	0.000000000000000000e+00
5.392267011226667819e+02	9.822089827142725937e-01	0.000000000000000000e+00
5.396464105638667661e+02	9.822901859143988723e-01	0.000000000000000000e+00
5.400661200050667503e+02	9.823706408554196967e-01	0.000000000000000000e+00
5.404858294462667345e+02	9.824503397664542392e-01	0.000000000000000000e+00
5.409055388874667187e+02	9.825292758402240922e-01	0.000000000000000000e+00
5.413252483286667029e+02	9.826074432553598692e-01	0.000000000000000000e+00
5.417449577698668008e+02	9.826848371952480177e-01	0.000000000000000000e+00
5.421646672110667851e+02	9.827614538634420471e-01	0.000000000000000000e+00
5.425843766522667693e+02	9.828372904956803602e-01	0.000000000000000000e+00
5.430040860934667535e+02	9.829123453685417733e-01	0.000000000000000000e+00
5.434237955346667377e+02	9.829866178047961256e-01	0.000000000000000000e+00
5.438435049758667219e+02	9.830601081755034887e-01	0.000000000000000000e+00
5.442632144170668198e+02	9.831328178989230393e-01	0.000000000000000000e+00
5.446829238582668040e+02	9.832047494363039819e-01	0.000000000000000000e+00
5.451026332994667882e+02	9.832759062846354592e-01	0.000000000000000000e+00
5.455223427406667724e+02	9.833462929664280594e-01	0.000000000000000000e+00
5.459420521818667567e+02	9.834159150166345009e-01	0.000000000000000000e+00
5.463617616230667409e+02	9.834847789667707785e-01	0.000000000000000000e+00
5.467814710642667251e+02	9.835528923263722190e-01	0.000000000000000000e+00
5.472011805054667093e+02	9.836202635618503942e-01	0.000000000000000000e+00
5.476208899466666935e+02	9.836869020728857826e-01	0.000000000000000000e+00
5.480405993878667914e+02	9.837528181664444427e-01	0.000000000000000000e+00
5.484603088290667756e+02	9.838180230285503702e-01	0.000000000000000000e+00
5.488800182702667598e+02	9.838825286939132386e-01	0.000000000000000000e+00
5.492997277114667440e+02	9.839463480135443030e-01	0.000000000000000000e+00
5.497194371526667283e+02	9.840094946204697157e-01	0.000000000000000000e+00
5.501391465938668262e+02	9.840719828936803637e-01	0.000000000000000000e+00
5.505588560350668104e+02	9.841338279204279171e-01	0.000000000000000000e+00
5.509785654762667946e+02	9.841950454570017603e-01	0.000000000000000000e+00
5.513982749174667788e+02	9.842556518881128147e-01	0.000000000000000000e+00
5.518179843586667630e+02	9.843156641850181465e-01	0.000000000000000000e+00
5.522376937998667472e+02	9.843750998625024895e-01	0.000000000000000000e+00
5.526574032410667314e+02	9.844339769348583458e-01	0.000000000000000000e+00
5.530771126822667156e+02	9.844923138709894550e-01	0.000000000000000000e+00
5.534968221234666998e+02	9.845501295487560922e-01	0.000000000000000000e+00
5.539165315646667977e+02	9.846074432087051909e-01	0.000000000000000000e+00
5.543362410058667820e+02	9.846642744073025311e-01	0.000000000000000000e+00
5.547559504470667662e+02	9.847206429697840102e-01	0.000000000000000000e+00
5.551756598882667504e+02	9.847765689427661062e-01	0.000000000000000000e+00
5.555953693294667346e+02	9.848320725467212267e-01	0.000000000000000000e+00
5.560150787706667188e+02	9.848871741284445092e-01	0.000000000000000000e+00
5.564347882118668167e+02	9.849418941136173222e-01	0.000000000000000000e+00
5.568544976530668009e+02	9.849962529595995830e-01	0.000000000000000000e+00
5.572742070942667851e+02	9.850502711085422636e-01	0.000000000000000000e+00
5.576939165354667693e+02	9.851039689409303302e-01	0.000000000000000000e+00
5.581136259766667536e+02	9.851573667296792403e-01	0.000000000000000000e+00
5.585333354178667378e+02	9.852104845948487233e-01	0.000000000000000000e+00
5.589530448590667220e+02	9.852633424591072941e-01	0.000000000000000000e+00
5.593727543002667062e+02	9.853159600040160004e-01	0.000000000000000000e+00
5.597924637414666904e+02	9.853683566272332106e-01	0.000000000000000000e+00
5.602121731826667883e+02	9.854205514007118305e-01	0.000000000000000000e+00
5.606318826238667725e+02	9.854725630299837613e-01	0.000000000000000000e+00
5.610515920650667567e+02	9.855244098145966580e-01	0.000000000000000000e+00
5.614713015062667409e+02	9.855761096097805929e-01	0.000000000000000000e+00
5.618910109474667252e+02	9.856276797894103492e-01	0.000000000000000000e+00
5.623107203886668231e+02	9.856791372103170801e-01	0.000000000000000000e+00
5.627304298298668073e+02	9.857304981780246056e-01	0.000000000000000000e+00
5.631501392710667915e+02	9.857817784139516482e-01	0.000000000000000000e+00
5.635698487122667757e+02	9.858329930241240824e-01	0.000000000000000000e+00
5.639895581534667599e+02	9.858841564694534876e-01	0.000000000000000000e+00
5.644092675946667441e+02	9.859352825376126450e-01	0.000000000000000000e+00
5.648289770358667283e+02	9.859863843165460606e-01	0.000000000000000000e+00
5.652486864770667125e+02	9.860374741696467105e-01	0.000000000000000000e+00
5.656683959182666968e+02	9.860885637126083347e-01	0.000000000000000000e+00
5.660881053594667947e+02	9.861396637920080144e-01	0.000000000000000000e+00
5.665078148006667789e+02	9.861907852659688167e-01	0.000000000000000000e+00
5.669275242418667631e+02	9.862419384542459033e-01	0.000000000000000000e+00
5.673472336830667473e+02	9.862931309616095321e-01	0.000000000000000000e+00
5.677669431242667315e+02	9.863443702404178781e-01	0.000000000000000000e+00
5.681866525654667157e+02	9.863956628763090873e-01	0.000000000000000000e+00
5.686063620066668136e+02	9.864470145772857856e-01	0.000000000000000000e+00
5.690260714478667978e+02	9.864984301645943754e-01	0.000000000000000000e+00
5.694457808890667820e+02	9.865499135653876817e-01	0.000000000000000000e+00
5.698654903302667663e+02	9.866014678071466371e-01	0.000000000000000000e+00
5.702851997714667505e+02	9.866530950138439060e-01	0.000000000000000000e+00
5.707049092126667347e+02	9.867047964038276886e-01	0.000000000000000000e+00
5.711246186538667189e+02	9.867565722893926194e-01	0.000000000000000000e+00
5.715443280950667031e+02	9.868084220780085625e-01	0.000000000000000000e+00
5.719640375362666873e+02	9.868603442751718857e-01	0.000000000000000000e+00
5.723837469774667852e+02	9.869123364888437999e-01	0.000000000000000000e+00
5.728034564186667694e+02	9.869643954354256898e-01	0.000000000000000000e+00
5.732231658598667536e+02	9.870165213188575315e-01	0.000000000000000000e+00
5.736428753010667378e+02	9.870687043467132327e-01	0.000000000000000000e+00
5.740625847422667221e+02	9.871209375585680013e-01	0.000000000000000000e+00
5.744822941834668200e+02	9.871732138433180204e-01	0.000000000000000000e+00
5.749020036246668042e+02	9.872255252387842628e-01	0.000000000000000000e+00
5.753217130658667884e+02	9.872778629469467493e-01	0.000000000000000000e+00
5.757414225070667726e+02	9.873302173504164836e-01	0.000000000000000000e+00
5.761611319482667568e+02	9.873825780300884425e-01	0.000000000000000000e+00
5.765808413894667410e+02	9.874349337839165575e-01	0.000000000000000000e+00
5.770005508306667252e+02	9.874872726467441852e-01	0.000000000000000000e+00
5.774202602718667094e+02	9.875395819111261186e-01	0.000000000000000000e+00
5.778399697130666937e+02	9.875918481490696399e-01	0.000000000000000000e+00
5.782596791542667916e+02	9.876440502295793511e-01	0.000000000000000000e+00
5.786793885954667758e+02	9.876961749910841970e-01	0.000000000000000000e+00
5.790990980366667600e+02	9.877482077026276119e-01	0.000000000000000000e+00
5.795188074778667442e+02	9.878001318539164632e-01	0.000000000000000000e+00
5.799385169190667284e+02	9.878519303349636571e-01	0.000000000000000000e+00
5.803582263602667126e+02	9.879035854634621305e-01	0.000000000000000000e+00
5.807779358014668105e+02	9.879550790126435666e-01	0.000000000000000000e+00
5.811976452426667947e+02	9.880063922395464493e-01	0.000000000000000000e+00
5.816173546838667789e+02	9.880575059136188498e-01	0.000000000000000000e+00
5.820370641250667632e+02	9.881084003455888887e-01	0.000000000000000000e+00
5.824567735662667474e+02	9.881590345420240284e-01	0.000000000000000000e+00
5.828764830074667316e+02	9.882093887036935698e-01	0.000000000000000000e+00
5.832961924486667158e+02	9.882594544506499989e-01	0.000000000000000000e+00
5.837159018898667000e+02	9.883092101350154923e-01	0.000000000000000000e+00
5.841356113310666842e+02	9.883586338093044432e-01	0.000000000000000000e+00
5.845553207722667821e+02	9.884077032571726429e-01	0.000000000000000000e+00
5.849750302134667663e+02	9.884563960239627356e-01	0.000000000000000000e+00
5.853947396546667505e+02	9.885046894469992074e-01	0.000000000000000000e+00
5.858144490958667348e+02	9.885525606855803948e-01	0.000000000000000000e+00
5.862341585370667190e+02	9.885999492765888963e-01	0.000000000000000000e+00
5.866538679782668169e+02	9.886468274217449226e-01	0.000000000000000000e+00
5.870735774194668011e+02	9.886932039559289676e-01	0.000000000000000000e+00
5.874932868606667853e+02	9.887390552998057691e-01	0.000000000000000000e+00
5.879129963018667695e+02	9.887843578641292153e-01	0.000000000000000000e+00
5.883327057430667537e+02	9.888290880782686365e-01	0.000000000000000000e+00
5.887524151842667379e+02	9.888732224180328823e-01	0.000000000000000000e+00
5.891721246254667221e+02	9.889167374327464399e-01	0.000000000000000000e+00
5.895918340666667063e+02	9.889595792090790649e-01	0.000000000000000000e+00
5.900115435078666906e+02	9.890016641978474077e-01	0.000000000000000000e+00
5.904312529490666748e+02	9.890430484215753104e-01	0.000000000000000000e+00
5.908509623902667727e+02	9.890837088068252791e-01	0.000000000000000000e+00
5.912706718314667569e+02	9.891236225106700974e-01	0.000000000000000000e+00
5.916903812726667411e+02	9.891627669437846881e-01	0.000000000000000000e+00
5.921100907138667253e+02	9.892011197925223431e-01	0.000000000000000000e+00
5.925298001550667095e+02	9.892386590399478985e-01	0.000000000000000000e+00
5.929495095962668074e+02	9.892752593074978229e-01	0.000000000000000000e+00
5.933692190374667916e+02	9.893109339047928552e-01	0.000000000000000000e+00
5.937889284786667758e+02	9.893457181889772079e-01	0.000000000000000000e+00
5.942086379198667601e+02	9.893795915515921635e-01	0.000000000000000000e+00
5.946283473610667443e+02	9.894125338110733026e-01	0.000000000000000000e+00
5.950480568022667285e+02	9.894445252279907566e-01	0.000000000000000000e+00
5.954677662434667127e+02	9.894755465191109600e-01	0.000000000000000000e+00
5.958874756846666969e+02	9.895054749006358952e-01	0.000000000000000000e+00
5.963071851258666811e+02	9.895342831952625984e-01	0.000000000000000000e+00
5.967268945670667790e+02	9.895620538297910107e-01	0.000000000000000000e+00
5.971466040082667632e+02	9.895887696981165993e-01	0.000000000000000000e+00
5.975663134494667474e+02	9.896144142479785799e-01	0.000000000000000000e+00
5.979860228906667317e+02	9.896389714883410127e-01	0.000000000000000000e+00
5.984057323318667159e+02	9.896624259956010583e-01	0.000000000000000000e+00
5.988254417730668138e+02	9.896845697415154186e-01	0.000000000000000000e+00
5.992451512142667980e+02	9.897055123696933965e-01	0.000000000000000000e+00
5.996648606554667822e+02	9.897252979416122365e-01	0.000000000000000000e+00
6.000845700966667664e+02	9.897439137995868164e-01	0.000000000000000000e+00
6.005042795378667506e+02	9.897613479130397129e-01	0.000000000000000000e+00
6.009239889790667348e+02	9.897775888778875819e-01	0.000000000000000000e+00
6.013436984202667190e+02	9.897925197785424345e-01	0.000000000000000000e+00
6.017634078614667033e+02	9.898060473604998188e-01	0.000000000000000000e+00
6.021831173026666875e+02	9.898183412916491397e-01	0.000000000000000000e+00
6.026028267438666717e+02	9.898293932850977805e-01	0.000000000000000000e+00
6.030225361850667696e+02	9.898391957059685664e-01	0.000000000000000000e+00
6.034422456262667538e+02	9.898477415643578414e-01	0.000000000000000000e+00
6.038619550674667380e+02	9.898549422295644939e-01	0.000000000000000000e+00
6.042816645086667222e+02	9.898606307683420757e-01	0.000000000000000000e+00
6.047013739498667064e+02	9.898650377160305158e-01	0.000000000000000000e+00
6.051210833910668043e+02	9.898681593879953278e-01	0.000000000000000000e+00
6.055407928322667885e+02	9.898699927366636508e-01	0.000000000000000000e+00
6.059605022734667727e+02	9.898705353389340988e-01	0.000000000000000000e+00
6.063802117146667570e+02	9.898696488069081978e-01	0.000000000000000000e+00
6.067999211558667412e+02	9.898672541588449114e-01	0.000000000000000000e+00
6.072196305970667254e+02	9.898635601441285736e-01	0.000000000000000000e+00
6.076393400382667096e+02	9.898585676694184876e-01	0.000000000000000000e+00
6.080590494794666938e+02	9.898522782274358223e-01	0.000000000000000000e+00
6.084787589206666780e+02	9.898446938801656048e-01	0.000000000000000000e+00
6.088984683618667759e+02	9.898355433871187659e-01	0.000000000000000000e+00
6.093181778030667601e+02	9.898250096017812139e-01	0.000000000000000000e+00
6.097378872442667443e+02	9.898131889031255293e-01	0.000000000000000000e+00
6.101575966854667286e+02	9.898000865530934833e-01	0.000000000000000000e+00
6.105773061266667128e+02	9.897857083189697258e-01	0.000000000000000000e+00
6.109970155678666970e+02	9.897699489866764733e-01	0.000000000000000000e+00
6.114167250090667949e+02	9.897526624655935690e-01	0.000000000000000000e+00
6.118364344502667791e+02	9.897341216529144114e-01	0.000000000000000000e+00
6.122561438914667633e+02	9.897143353122366261e-01	0.000000000000000000e+00
6.126758533326667475e+02	9.896933126307925210e-01	0.000000000000000000e+00
6.130955627738667317e+02	9.896710567624805721e-01	0.000000000000000000e+00
6.135152722150667159e+02	9.896472126949192871e-01	0.000000000000000000e+00
6.139349816562667002e+02	9.896221668037920027e-01	0.000000000000000000e+00
6.143546910974666844e+02	9.895959309821649175e-01	0.000000000000000000e+00
6.147744005386666686e+02	9.895685174520688632e-01	0.000000000000000000e+00
6.151941099798667665e+02	9.895399387441110584e-01	0.000000000000000000e+00
6.156138194210667507e+02	9.895098747025236063e-01	0.000000000000000000e+00
6.160335288622667349e+02	9.894786391485089760e-01	0.000000000000000000e+00
6.164532383034667191e+02	9.894462868705254932e-01	0.000000000000000000e+00
6.168729477446667033e+02	9.894128326610643898e-01	0.000000000000000000e+00
6.172926571858668012e+02	9.893782915203073181e-01	0.000000000000000000e+00
6.177123666270667854e+02	9.893423505622334080e-01	0.000000000000000000e+00
6.181320760682667697e+02	9.893053319502894682e-01	0.000000000000000000e+00
6.185517855094667539e+02	9.892672851224704189e-01	0.000000000000000000e+00
6.189714949506667381e+02	9.892282269214163204e-01	0.000000000000000000e+00
6.193912043918667223e+02	9.891881545814550369e-01	0.000000000000000000e+00
6.198109138330667065e+02	9.891467846392658636e-01	0.000000000000000000e+00
6.202306232742666907e+02	9.891044693239097185e-01	0.000000000000000000e+00
6.206503327154666749e+02	9.890612269548976210e-01	0.000000000000000000e+00
6.210700421566667728e+02	9.890170758733748402e-01	0.000000000000000000e+00
6.214897515978667570e+02	9.889719311006881508e-01	0.000000000000000000e+00
6.219094610390667413e+02	9.889257074209070186e-01	0.000000000000000000e+00
6.223291704802667255e+02	9.888786482752776053e-01	0.000000000000000000e+00
6.227488799214667097e+02	9.888307730156983277e-01	0.000000000000000000e+00
6.231685893626666939e+02	9.887821009238915160e-01	0.000000000000000000e+00
6.235882988038667918e+02	9.887324505000332220e-01	0.000000000000000000e+00
6.240080082450667760e+02	9.886819706136718011e-01	0.000000000000000000e+00
6.244277176862667602e+02	9.886307725085802245e-01	0.000000000000000000e+00
6.248474271274667444e+02	9.885788760153174648e-01	0.000000000000000000e+00
6.252671365686667286e+02	9.885262567600088257e-01	0.000000000000000000e+00
6.256868460098667128e+02	9.884727746010341098e-01	0.000000000000000000e+00
6.261065554510666971e+02	9.884186757784675370e-01	0.000000000000000000e+00
6.265262648922666813e+02	9.883639802947836728e-01	0.000000000000000000e+00
6.269459743334666655e+02	9.883087079417195442e-01	0.000000000000000000e+00
6.273656837746667634e+02	9.882527183323729369e-01	0.000000000000000000e+00
6.277853932158667476e+02	9.881961552545952543e-01	0.000000000000000000e+00
6.282051026570667318e+02	9.881390988908658191e-01	0.000000000000000000e+00
6.286248120982667160e+02	9.880815687899023869e-01	0.000000000000000000e+00
6.290445215394667002e+02	9.880235130992912618e-01	0.000000000000000000e+00
6.294642309806667981e+02	9.879649300218082963e-01	0.000000000000000000e+00
6.298839404218667823e+02	9.879059570758296216e-01	0.000000000000000000e+00
6.303036498630667666e+02	9.878466132391144905e-01	0.000000000000000000e+00
6.307233593042667508e+02	9.877868987233862086e-01	0.000000000000000000e+00
6.311430687454667350e+02	9.877267411948135178e-01	0.000000000000000000e+00
6.315627781866667192e+02	9.876662957119846098e-01	0.000000000000000000e+00
6.319824876278667034e+02	9.876055803854330017e-01	0.000000000000000000e+00
6.324021970690666876e+02	9.875446130096934283e-01	0.000000000000000000e+00
6.328219065102666718e+02	9.874833274389835935e-01	0.000000000000000000e+00
6.332416159514667697e+02	9.874218469585877012e-01	0.000000000000000000e+00
6.336613253926667539e+02	9.873601944636173355e-01	0.000000000000000000e+00
6.340810348338667382e+02	9.872983866135778275e-01	0.000000000000000000e+00
6.345007442750667224e+02	9.872364010493075437e-01	0.000000000000000000e+00
6.349204537162667066e+02	9.871743106438415349e-01	0.000000000000000000e+00
6.353401631574666908e+02	9.871121415370964769e-01	0.000000000000000000e+00
6.357598725986667887e+02	9.870499090522177887e-01	0.000000000000000000e+00
6.361795820398667729e+02	9.869876249779948596e-01	0.000000000000000000e+00
6.365992914810667571e+02	9.869253316834067924e-01	0.000000000000000000e+00
6.370190009222667413e+02	9.868630473288342309e-01	0.000000000000000000e+00
6.374387103634667255e+02	9.868007857463501065e-01	0.000000000000000000e+00
6.378584198046667098e+02	9.867385911733840276e-01	0.000000000000000000e+00
6.382781292458666940e+02	9.866764788972974820e-01	0.000000000000000000e+00
6.386978386870666782e+02	9.866144565337513495e-01	0.000000000000000000e+00
6.391175481282666624e+02	9.865525363176633755e-01	0.000000000000000000e+00
6.395372575694666466e+02	9.864908005589788642e-01	0.000000000000000000e+00
6.399569670106667445e+02	9.864292255417138611e-01	0.000000000000000000e+00
6.403766764518667287e+02	9.863678139166932590e-01	0.000000000000000000e+00
6.407963858930667129e+02	9.863065777054432770e-01	0.000000000000000000e+00
6.412160953342668108e+02	9.862456449423765426e-01	0.000000000000000000e+00
6.416358047754667950e+02	9.861849318321594948e-01	0.000000000000000000e+00
6.420555142166667792e+02	9.861244474586539077e-01	0.000000000000000000e+00
6.424752236578667635e+02	9.860642306082544328e-01	0.000000000000000000e+00
6.428949330990667477e+02	9.860043911005469397e-01	0.000000000000000000e+00
6.433146425402667319e+02	9.859448296900102937e-01	0.000000000000000000e+00
6.437343519814667161e+02	9.858855537690421889e-01	0.000000000000000000e+00
6.441540614226667003e+02	9.858266521913022773e-01	0.000000000000000000e+00
6.445737708638666845e+02	9.857681672414011498e-01	0.000000000000000000e+00
6.449934803050666687e+02	9.857100098976362412e-01	0.000000000000000000e+00
6.454131897462666529e+02	9.856521859342232128e-01	0.000000000000000000e+00
6.458328991874667508e+02	9.855948602371861211e-01	0.000000000000000000e+00
6.462526086286667351e+02	9.855379519926399379e-01	0.000000000000000000e+00
6.466723180698667193e+02	9.854814117979786570e-01	0.000000000000000000e+00
6.470920275110667035e+02	9.854252624260103621e-01	0.000000000000000000e+00
6.475117369522668014e+02	9.853697158895800001e-01	0.000000000000000000e+00
6.479314463934667856e+02	9.853145660186971577e-01	0.000000000000000000e+00
6.483511558346667698e+02	9.852598156243410621e-01	0.000000000000000000e+00
6.487708652758667540e+02	9.852055887091726305e-01	0.000000000000000000e+00
6.491905747170667382e+02	9.851519172362818155e-01	0.000000000000000000e+00
6.496102841582667224e+02	9.850986663159005952e-01	0.000000000000000000e+00
6.500299935994667067e+02	9.850458374958345198e-01	0.000000000000000000e+00
6.504497030406666909e+02	9.849936838010187046e-01	0.000000000000000000e+00
6.508694124818666751e+02	9.849419955933608195e-01	0.000000000000000000e+00
6.512891219230666593e+02	9.848907431858836548e-01	0.000000000000000000e+00
6.517088313642666435e+02	9.848400330392418356e-01	0.000000000000000000e+00
6.521285408054667414e+02	9.847899519605703977e-01	0.000000000000000000e+00
6.525482502466667256e+02	9.847403144553044108e-01	0.000000000000000000e+00
6.529679596878667098e+02	9.846911198385530639e-01	0.000000000000000000e+00
6.533876691290668077e+02	9.846426326543193941e-01	0.000000000000000000e+00
6.538073785702667919e+02	9.845946299431228566e-01	0.000000000000000000e+00
6.542270880114667762e+02	9.845470710285010307e-01	0.000000000000000000e+00
6.546467974526667604e+02	9.845000838690317613e-01	0.000000000000000000e+00
6.550665068938667446e+02	9.844537175399791229e-01	0.000000000000000000e+00
6.554862163350667288e+02	9.844077904220780439e-01	0.000000000000000000e+00
6.559059257762667130e+02	9.843623013771989338e-01	0.000000000000000000e+00
6.563256352174666972e+02	9.843175551558482894e-01	0.000000000000000000e+00
6.567453446586666814e+02	9.842732383152120734e-01	0.000000000000000000e+00
6.571650540998666656e+02	9.842293477660214451e-01	0.000000000000000000e+00
6.575847635410666499e+02	9.841860718708709266e-01	0.000000000000000000e+00
6.580044729822667477e+02	9.841433268014561087e-01	0.000000000000000000e+00
6.584241824234667320e+02	9.841009925736321495e-01	0.000000000000000000e+00
6.588438918646667162e+02	9.840591494579643550e-01	0.000000000000000000e+00
6.592636013058667004e+02	9.840179214264607177e-01	0.000000000000000000e+00
6.596833107470667983e+02	9.839770843016857338e-01	0.000000000000000000e+00
6.601030201882667825e+02	9.839366343783766400e-01	0.000000000000000000e+00
6.605227296294667667e+02	9.838968431923418301e-01	0.000000000000000000e+00
6.609424390706667509e+02	9.838574289826664820e-01	0.000000000000000000e+00
6.613621485118667351e+02	9.838183775711599743e-01	0.000000000000000000e+00
6.617818579530667193e+02	9.837798708943099601e-01	0.000000000000000000e+00
6.622015673942667036e+02	9.837417914707107247e-01	0.000000000000000000e+00
6.626212768354666878e+02	9.837040468713206254e-01	0.000000000000000000e+00
6.630409862766666720e+02	9.836667437695231220e-01	0.000000000000000000e+00
6.634606957178666562e+02	9.836298981912133810e-01	0.000000000000000000e+00
6.638804051590666404e+02	9.835933563216153752e-01	0.000000000000000000e+00
6.643001146002667383e+02	9.835571644358865884e-01	0.000000000000000000e+00
6.647198240414667225e+02	9.835214401696056319e-01	0.000000000000000000e+00
6.651395334826667067e+02	9.834859858024360690e-01	0.000000000000000000e+00
6.655592429238668046e+02	9.834508020963269592e-01	0.000000000000000000e+00
6.659789523650667888e+02	9.834160763141778228e-01	0.000000000000000000e+00
6.663986618062667731e+02	9.833815843880951979e-01	0.000000000000000000e+00
6.668183712474667573e+02	9.833473228386672149e-01	0.000000000000000000e+00
6.672380806886667415e+02	9.833134369260100316e-01	0.000000000000000000e+00
6.676577901298667257e+02	9.832797739180619834e-01	0.000000000000000000e+00
6.680774995710667099e+02	9.832463037650910342e-01	0.000000000000000000e+00
6.684972090122666941e+02	9.832131274074197291e-01	0.000000000000000000e+00
6.689169184534666783e+02	9.831801527541309538e-01	0.000000000000000000e+00
6.693366278946666625e+02	9.831473322422088490e-01	0.000000000000000000e+00
6.697563373358666468e+02	9.831147321388936655e-01	0.000000000000000000e+00
6.701760467770667447e+02	9.830822996931530833e-01	0.000000000000000000e+00
6.705957562182667289e+02	9.830499819405691397e-01	0.000000000000000000e+00
6.710154656594667131e+02	9.830178184932392149e-01	0.000000000000000000e+00
6.714351751006666973e+02	9.829857780038377957e-01	0.000000000000000000e+00
6.718548845418667952e+02	9.829538124726687753e-01	0.000000000000000000e+00
6.722745939830667794e+02	9.829219409547458319e-01	0.000000000000000000e+00
6.726943034242667636e+02	9.828901395552991360e-01	0.000000000000000000e+00
6.731140128654667478e+02	9.828583735259247556e-01	0.000000000000000000e+00
6.735337223066667320e+02	9.828266453103702283e-01	0.000000000000000000e+00
6.739534317478667163e+02	9.827949290043774822e-01	0.000000000000000000e+00
6.743731411890667005e+02	9.827632090413552790e-01	0.000000000000000000e+00
6.747928506302666847e+02	9.827314728795066845e-01	0.000000000000000000e+00
6.752125600714666689e+02	9.826996880084025721e-01	0.000000000000000000e+00
6.756322695126666531e+02	9.826678614047983373e-01	0.000000000000000000e+00
6.760519789538666373e+02	9.826359647486611060e-01	0.000000000000000000e+00
6.764716883950667352e+02	9.826039594299826874e-01	0.000000000000000000e+00
6.768913978362667194e+02	9.825718756175684243e-01	0.000000000000000000e+00
6.773111072774667036e+02	9.825396659774153774e-01	0.000000000000000000e+00
6.777308167186668015e+02	9.825072915005664820e-01	0.000000000000000000e+00
6.781505261598667857e+02	9.824748034137091857e-01	0.000000000000000000e+00
6.785702356010667700e+02	9.824421297423917565e-01	0.000000000000000000e+00
6.789899450422667542e+02	9.824092419099751394e-01	0.000000000000000000e+00
6.794096544834667384e+02	9.823762072915888099e-01	0.000000000000000000e+00
6.798293639246667226e+02	9.823429213865348952e-01	0.000000000000000000e+00
6.802490733658667068e+02	9.823093817898432834e-01	0.000000000000000000e+00
6.806687828070666910e+02	9.822756644284303951e-01	0.000000000000000000e+00
6.810884922482666752e+02	9.822416223419135894e-01	0.000000000000000000e+00
6.815082016894666594e+02	9.822072995598902789e-01	0.000000000000000000e+00
6.819279111306666437e+02	9.821727704474814136e-01	0.000000000000000000e+00
6.823476205718667416e+02	9.821378338954138698e-01	0.000000000000000000e+00
6.827673300130667258e+02	9.821026046072499627e-01	0.000000000000000000e+00
6.831870394542667100e+02	9.820671430089386034e-01	0.000000000000000000e+00
6.836067488954666942e+02	9.820311807681478822e-01	0.000000000000000000e+00
6.840264583366667921e+02	9.819949307706297148e-01	0.000000000000000000e+00
6.844461677778667763e+02	9.819584090602384574e-01	0.000000000000000000e+00
6.848658772190667605e+02	9.819213144810884364e-01	0.000000000000000000e+00
6.852855866602667447e+02	9.818839396028653521e-01	0.000000000000000000e+00
6.857052961014667289e+02	9.818462116085276969e-01	0.000000000000000000e+00
6.861250055426667132e+02	9.818079164814381699e-01	0.000000000000000000e+00
6.865447149838666974e+02	9.817693233875445236e-01	0.000000000000000000e+00
6.869644244250666816e+02	9.817302814826324164e-01	0.000000000000000000e+00
6.873841338662666658e+02	9.816907010064327421e-01	0.000000000000000000e+00
6.878038433074666500e+02	9.816508078876196031e-01	0.000000000000000000e+00
6.882235527486666342e+02	9.816103561563074287e-01	0.000000000000000000e+00
6.886432621898667321e+02	9.815694176637297375e-01	0.000000000000000000e+00
6.890629716310667163e+02	9.815281548064918038e-01	0.000000000000000000e+00
6.894826810722667005e+02	9.814862102599556382e-01	0.000000000000000000e+00
6.899023905134667984e+02	9.814438537102034843e-01	0.000000000000000000e+00
6.903220999546667827e+02	9.814011359906245069e-01	0.000000000000000000e+00
6.907418093958667669e+02	9.813576576679750030e-01	0.000000000000000000e+00
6.911615188370667511e+02	9.813138360137707572e-01	0.000000000000000000e+00
6.915812282782667353e+02	9.812695277209547706e-01	0.000000000000000000e+00
6.920009377194667195e+02	9.812245532573740103e-01	0.000000000000000000e+00
6.924206471606667037e+02	9.811792326859345437e-01	0.000000000000000000e+00
6.928403566018666879e+02	9.811332879883447600e-01	0.000000000000000000e+00
6.932600660430666721e+02	9.810867943269129254e-01	0.000000000000000000e+00
6.936797754842666563e+02	9.810399543758127061e-01	0.000000000000000000e+00
6.940994849254666406e+02	9.809923440109165060e-01	0.000000000000000000e+00
6.945191943666667385e+02	9.809443216693697343e-01	0.000000000000000000e+00
6.949389038078667227e+02	9.808958729032468682e-01	0.000000000000000000e+00
6.953586132490667069e+02	9.808466673168321215e-01	0.000000000000000000e+00
6.957783226902666911e+02	9.807971202927432408e-01	0.000000000000000000e+00
6.961980321314667890e+02	9.807469948012357275e-01	0.000000000000000000e+00
6.966177415726667732e+02	9.806962742321749804e-01	0.000000000000000000e+00
6.970374510138667574e+02	9.806452197896923240e-01	0.000000000000000000e+00
6.974571604550667416e+02	9.805934330793896203e-01	0.000000000000000000e+00
6.978768698962667258e+02	9.805412260134273028e-01	0.000000000000000000e+00
6.982965793374667101e+02	9.804886204069700462e-01	0.000000000000000000e+00
6.987162887786666943e+02	9.804352808629785976e-01	0.000000000000000000e+00
6.991359982198666785e+02	9.803816286291372473e-01	0.000000000000000000e+00
6.995557076610666627e+02	9.803274206782732758e-01	0.000000000000000000e+00
6.999754171022666469e+02	9.802726759424665870e-01	0.000000000000000000e+00
7.003951265434666311e+02	9.802176321988415042e-01	0.000000000000000000e+00
7.008148359846667290e+02	9.801618854024370942e-01	0.000000000000000000e+00
7.012345454258667132e+02	9.801057999730552472e-01	0.000000000000000000e+00
7.016542548670666974e+02	9.800493136926029525e-01	0.000000000000000000e+00
7.020739643082667953e+02	9.799922275699471941e-01	0.000000000000000000e+00
7.024936737494667796e+02	9.799348773462464024e-01	0.000000000000000000e+00
7.029133831906667638e+02	9.798769842509442718e-01	0.000000000000000000e+00
7.033330926318667480e+02	9.798187022301918514e-01	0.000000000000000000e+00
7.037528020730667322e+02	9.797601466983217877e-01	0.000000000000000000e+00
7.041725115142667164e+02	9.797009863375418792e-01	0.000000000000000000e+00
7.045922209554667006e+02	9.796416048229236173e-01	0.000000000000000000e+00
7.050119303966666848e+02	9.795818184937707951e-01	0.000000000000000000e+00
7.054316398378666690e+02	9.795216445388517101e-01	0.000000000000000000e+00
7.058513492790666533e+02	9.794612692263522380e-01	0.000000000000000000e+00
7.062710587202666375e+02	9.794003934577857340e-01	0.000000000000000000e+00
7.066907681614667354e+02	9.793393206043895516e-01	0.000000000000000000e+00
7.071104776026667196e+02	9.792779589825088005e-01	0.000000000000000000e+00
7.075301870438667038e+02	9.792162603631410223e-01	0.000000000000000000e+00
7.079498964850666880e+02	9.791544110302605741e-01	0.000000000000000000e+00
7.083696059262667859e+02	9.790922068068161899e-01	0.000000000000000000e+00
7.087893153674667701e+02	9.790298411065401218e-01	0.000000000000000000e+00
7.092090248086667543e+02	9.789672845401227175e-01	0.000000000000000000e+00
7.096287342498667385e+02	9.789044843300568344e-01	0.000000000000000000e+00
7.100484436910667227e+02	9.788415878865402986e-01	0.000000000000000000e+00
7.104681531322667070e+02	9.787784751373581615e-01	0.000000000000000000e+00
7.108878625734666912e+02	9.787152661300668743e-01	0.000000000000000000e+00
7.113075720146666754e+02	9.786519535824419469e-01	0.000000000000000000e+00
7.117272814558666596e+02	9.785885226311381579e-01	0.000000000000000000e+00
7.121469908970666438e+02	9.785250519870796193e-01	0.000000000000000000e+00
7.125667003382666280e+02	9.784615059805106263e-01	0.000000000000000000e+00
7.129864097794667259e+02	9.783979456591265222e-01	0.000000000000000000e+00
7.134061192206667101e+02	9.783343695688584418e-01	0.000000000000000000e+00
7.138258286618666943e+02	9.782708174294533210e-01	0.000000000000000000e+00
7.142455381030666786e+02	9.782072824206040629e-01	0.000000000000000000e+00
7.146652475442667765e+02	9.781438277195084741e-01	0.000000000000000000e+00
7.150849569854667607e+02	9.780804410231377366e-01	0.000000000000000000e+00
7.155046664266667449e+02	9.780171408068476513e-01	0.000000000000000000e+00
7.159243758678667291e+02	9.779540058211091402e-01	0.000000000000000000e+00
7.163440853090667133e+02	9.778909433613557356e-01	0.000000000000000000e+00
7.167637947502666975e+02	9.778281464238230969e-01	0.000000000000000000e+00
7.171835041914666817e+02	9.777654810320035583e-01	0.000000000000000000e+00
7.176032136326666659e+02	9.777030352366563593e-01	0.000000000000000000e+00
7.180229230738666502e+02	9.776408739981814477e-01	0.000000000000000000e+00
7.184426325150666344e+02	9.775788470425257337e-01	0.000000000000000000e+00
7.188623419562667323e+02	9.775172981257421734e-01	0.000000000000000000e+00
7.192820513974667165e+02	9.774559137846131618e-01	0.000000000000000000e+00
7.197017608386667007e+02	9.773949309120957274e-01	0.000000000000000000e+00
7.201214702798666849e+02	9.773343073452479546e-01	0.000000000000000000e+00
7.205411797210667828e+02	9.772739510305512578e-01	0.000000000000000000e+00
7.209608891622667670e+02	9.772141973024098816e-01	0.000000000000000000e+00
7.213805986034667512e+02	9.771546549268015358e-01	0.000000000000000000e+00
7.218003080446667354e+02	9.770957629696112035e-01	0.000000000000000000e+00
7.222200174858667197e+02	9.770372372733154842e-01	0.000000000000000000e+00
7.226397269270667039e+02	9.769791835483315756e-01	0.000000000000000000e+00
7.230594363682666881e+02	9.769217823930254063e-01	0.000000000000000000e+00
7.234791458094666723e+02	9.768646376290931466e-01	0.000000000000000000e+00
7.238988552506666565e+02	9.768084679395344638e-01	0.000000000000000000e+00
7.243185646918666407e+02	9.767525856518801675e-01	0.000000000000000000e+00
7.247382741330666249e+02	9.766974700951320809e-01	0.000000000000000000e+00
7.251579835742667228e+02	9.766429592327734444e-01	0.000000000000000000e+00
7.255776930154667070e+02	9.765889630471307203e-01	0.000000000000000000e+00
7.259974024566666913e+02	9.765359263001263113e-01	0.000000000000000000e+00
7.264171118978666755e+02	9.764832077417290312e-01	0.000000000000000000e+00
7.268368213390667734e+02	9.764316563284499706e-01	0.000000000000000000e+00
7.272565307802667576e+02	9.763805433216509178e-01	0.000000000000000000e+00
7.276762402214667418e+02	9.763303153637716836e-01	0.000000000000000000e+00
7.280959496626667260e+02	9.762809042063725906e-01	0.000000000000000000e+00
7.285156591038667102e+02	9.762320654749985227e-01	0.000000000000000000e+00
7.289353685450666944e+02	9.761844493787653620e-01	0.000000000000000000e+00
7.293550779862666786e+02	9.761372018677096918e-01	0.000000000000000000e+00
7.297747874274666628e+02	9.760913329272354888e-01	0.000000000000000000e+00
7.301944968686666471e+02	9.760459953416481538e-01	0.000000000000000000e+00
7.306142063098666313e+02	9.760017034867338737e-01	0.000000000000000000e+00
7.310339157510667292e+02	9.759583596389321825e-01	0.000000000000000000e+00
7.314536251922667134e+02	9.759157036767400761e-01	0.000000000000000000e+00
7.318733346334666976e+02	9.758744330437028047e-01	0.000000000000000000e+00
7.322930440746666818e+02	9.758335638414141755e-01	0.000000000000000000e+00
7.327127535158667797e+02	9.757943469018736105e-01	0.000000000000000000e+00
7.331324629570667639e+02	9.757556439792379743e-01	0.000000000000000000e+00
7.335521723982667481e+02	9.757182250576419413e-01	0.000000000000000000e+00
7.339718818394667323e+02	9.756817556154090409e-01	0.000000000000000000e+00
7.343915912806667166e+02	9.756461832902331155e-01	0.000000000000000000e+00
7.348113007218667008e+02	9.756120089881307189e-01	0.000000000000000000e+00
7.352310101630666850e+02	9.755783287517741931e-01	0.000000000000000000e+00
7.356507196042666692e+02	9.755465053639319484e-01	0.000000000000000000e+00
7.360704290454666534e+02	9.755151094871072903e-01	0.000000000000000000e+00
7.364901384866666376e+02	9.754853364820900152e-01	0.000000000000000000e+00
7.369098479278666218e+02	9.754563491210350712e-01	0.000000000000000000e+00
7.373295573690667197e+02	9.754285840026636345e-01	0.000000000000000000e+00
7.377492668102667039e+02	9.754020452125936602e-01	0.000000000000000000e+00
7.381689762514666882e+02	9.753763189590669569e-01	0.000000000000000000e+00
7.385886856926666724e+02	9.753522618037340219e-01	0.000000000000000000e+00
7.390083951338667703e+02	9.753286239721201678e-01	0.000000000000000000e+00
7.394281045750667545e+02	9.753070514532263813e-01	0.000000000000000000e+00
7.398478140162667387e+02	9.752859213755663559e-01	0.000000000000000000e+00
7.402675234574667229e+02	9.752664547087483982e-01	0.000000000000000000e+00
7.406872328986667071e+02	9.752478474593376800e-01	0.000000000000000000e+00
7.411069423398666913e+02	9.752304995869739423e-01	0.000000000000000000e+00
7.415266517810666755e+02	9.752144222602906476e-01	0.000000000000000000e+00
7.419463612222666598e+02	9.751992010626154839e-01	0.000000000000000000e+00
7.423660706634666440e+02	9.751856524929479741e-01	0.000000000000000000e+00
7.427857801046666282e+02	9.751725605673697839e-01	0.000000000000000000e+00
7.432054895458666124e+02	9.751615310584975660e-01	0.000000000000000000e+00
7.436251989870667103e+02	9.751508843840216434e-01	0.000000000000000000e+00
7.440449084282666945e+02	9.751420365653059585e-01	0.000000000000000000e+00
7.444646178694666787e+02	9.751338775061023645e-01	0.000000000000000000e+00
7.448843273106667766e+02	9.751271328619134371e-01	0.000000000000000000e+00
7.453040367518667608e+02	9.751214307730129427e-01	0.000000000000000000e+00
7.457237461930667450e+02	9.751167685834691845e-01	0.000000000000000000e+00
7.461434556342667292e+02	9.751134835351872310e-01	0.000000000000000000e+00
7.465631650754667135e+02	9.751108767125762355e-01	0.000000000000000000e+00
7.469828745166666977e+02	9.751099592777868752e-01	0.000000000000000000e+00
7.474025839578666819e+02	9.751093741555194594e-01	0.000000000000000000e+00
7.478222933990666661e+02	9.751107652105018841e-01	0.000000000000000000e+00
7.482420028402666503e+02	9.751124619493196644e-01	0.000000000000000000e+00
7.486617122814666345e+02	9.751157918743256214e-01	0.000000000000000000e+00
7.490814217226666187e+02	9.751197036804104545e-01	0.000000000000000000e+00
7.495011311638667166e+02	9.751249127662698912e-01	0.000000000000000000e+00
7.499208406050667008e+02	9.751309577675962847e-01	0.000000000000000000e+00
7.503405500462666851e+02	9.751379839830008889e-01	0.000000000000000000e+00
7.507602594874666693e+02	9.751460701556058375e-01	0.000000000000000000e+00
7.511799689286667672e+02	9.751548438843518074e-01	0.000000000000000000e+00
7.515996783698667514e+02	9.751648689253874513e-01	0.000000000000000000e+00
7.520193878110667356e+02	9.751753127777055274e-01	0.000000000000000000e+00
7.524390972522667198e+02	9.751871639951986692e-01	0.000000000000000000e+00
7.528588066934667040e+02	9.751992269204204922e-01	0.000000000000000000e+00
7.532785161346666882e+02	9.752127468440523472e-01	0.000000000000000000e+00
7.536982255758666724e+02	9.752264808294245357e-01	0.000000000000000000e+00
7.541179350170666567e+02	9.752413902584917693e-01	0.000000000000000000e+00
7.545376444582666409e+02	9.752566594310975168e-01	0.000000000000000000e+00
7.549573538994666251e+02	9.752728481036135877e-01	0.000000000000000000e+00
7.553770633406666093e+02	9.752895060968210794e-01	0.000000000000000000e+00
7.557967727818667072e+02	9.753068551193143643e-01	0.000000000000000000e+00
7.562164822230666914e+02	9.753247450465166724e-01	0.000000000000000000e+00
7.566361916642666756e+02	9.753431267426523332e-01	0.000000000000000000e+00
7.570559011054667735e+02	9.753620811902139476e-01	0.000000000000000000e+00
7.574756105466667577e+02	9.753813589572724041e-01	0.000000000000000000e+00
7.578953199878667419e+02	9.754011999971112790e-01	0.000000000000000000e+00
7.583150294290667262e+02	9.754212281707642651e-01	0.000000000000000000e+00
7.587347388702667104e+02	9.754417673929718369e-01	0.000000000000000000e+00
7.591544483114666946e+02	9.754623911209099330e-01	0.000000000000000000e+00
7.595741577526666788e+02	9.754834296867437304e-01	0.000000000000000000e+00
7.599938671938666630e+02	9.755045005750877518e-01	0.000000000000000000e+00
7.604135766350666472e+02	9.755258135272106834e-01	0.000000000000000000e+00
7.608332860762666314e+02	9.755471381899074590e-01	0.000000000000000000e+00
7.612529955174666156e+02	9.755685258905342216e-01	0.000000000000000000e+00
7.616727049586667135e+02	9.755898843241566087e-01	0.000000000000000000e+00
7.620924143998666977e+02	9.756111540994497622e-01	0.000000000000000000e+00
7.625121238410666820e+02	9.756323163683519040e-01	0.000000000000000000e+00
7.629318332822666662e+02	9.756532658749046405e-01	0.000000000000000000e+00
7.633515427234667641e+02	9.756739922585299096e-01	0.000000000000000000e+00
7.637712521646667483e+02	9.756944094208458429e-01	0.000000000000000000e+00
7.641909616058667325e+02	9.757144505823482916e-01	0.000000000000000000e+00
7.646106710470667167e+02	9.757341135428713175e-01	0.000000000000000000e+00
7.650303804882667009e+02	9.757532107191588810e-01	0.000000000000000000e+00
7.654500899294666851e+02	9.757718878013960095e-01	0.000000000000000000e+00
7.658697993706666693e+02	9.757897730146376514e-01	0.000000000000000000e+00
7.662895088118666536e+02	9.758072226999316978e-01	0.000000000000000000e+00
7.667092182530666378e+02	9.758236189905515889e-01	0.000000000000000000e+00
7.671289276942666220e+02	9.758395899090906989e-01	0.000000000000000000e+00
7.675486371354666062e+02	9.758542115901658320e-01	0.000000000000000000e+00
7.679683465766667041e+02	9.758684425267276641e-01	0.000000000000000000e+00
7.683880560178666883e+02	9.758809954597360559e-01	0.000000000000000000e+00
7.688077654590666725e+02	9.758932153748290927e-01	0.000000000000000000e+00
7.692274749002667704e+02	9.759033972665097645e-01	0.000000000000000000e+00
7.696471843414667546e+02	9.759133253333256430e-01	0.000000000000000000e+00
7.700668937826667388e+02	9.759208260535119361e-01	0.000000000000000000e+00
7.704866032238667231e+02	9.759281717113932331e-01	0.000000000000000000e+00
7.709063126650667073e+02	9.759326736314787309e-01	0.000000000000000000e+00
7.713260221062666915e+02	9.759370444157428048e-01	0.000000000000000000e+00
7.717457315474666757e+02	9.759383150080083169e-01	0.000000000000000000e+00
7.721654409886666599e+02	9.759393499635222735e-01	0.000000000000000000e+00
7.725851504298666441e+02	9.759371088541375361e-01	0.000000000000000000e+00
7.730048598710666283e+02	9.759344794333588702e-01	0.000000000000000000e+00
7.734245693122666125e+02	9.759283980083219845e-01	0.000000000000000000e+00
7.738442787534667104e+02	9.759217695737758547e-01	0.000000000000000000e+00
7.742639881946666947e+02	9.759115100177412350e-01	0.000000000000000000e+00
7.746836976358666789e+02	9.759005422574349442e-01	0.000000000000000000e+00
7.751034070770666631e+02	9.758857577168571495e-01	0.000000000000000000e+00
7.755231165182667610e+02	9.758701050766702689e-01	0.000000000000000000e+00
7.759428259594667452e+02	9.758504398428818893e-01	0.000000000000000000e+00
7.763625354006667294e+02	9.758297519751238935e-01	0.000000000000000000e+00
7.767822448418667136e+02	9.758048416878924991e-01	0.000000000000000000e+00
7.772019542830666978e+02	9.757787639152452064e-01	0.000000000000000000e+00
7.776216637242666820e+02	9.757482357870636003e-01	0.000000000000000000e+00
7.780413731654666663e+02	9.757164095808684712e-01	0.000000000000000000e+00
7.784610826066666505e+02	9.756798826424591953e-01	0.000000000000000000e+00
7.788807920478666347e+02	9.756419461144328897e-01	0.000000000000000000e+00
7.793005014890666189e+02	9.755990314818114850e-01	0.000000000000000000e+00
7.797202109302666031e+02	9.755546198880730158e-01	0.000000000000000000e+00
7.801399203714667010e+02	9.755049210513475622e-01	0.000000000000000000e+00
7.805596298126666852e+02	9.754536673075205888e-01	0.000000000000000000e+00
7.809793392538666694e+02	9.753967804418145482e-01	0.000000000000000000e+00
7.813990486950667673e+02	9.753383156480509575e-01	0.000000000000000000e+00
7.818187581362667515e+02	9.752738299467330618e-01	0.000000000000000000e+00
7.822384675774667357e+02	9.752077839212914823e-01	0.000000000000000000e+00
7.826581770186667200e+02	9.751352819515923809e-01	0.000000000000000000e+00
7.830778864598667042e+02	9.750612837715367798e-01	0.000000000000000000e+00
7.834975959010666884e+02	9.749803418528100174e-01	0.000000000000000000e+00
7.839173053422666726e+02	9.748980204004455974e-01	0.000000000000000000e+00
7.843370147834666568e+02	9.748082090049997595e-01	0.000000000000000000e+00
7.847567242246666410e+02	9.747171935184230085e-01	0.000000000000000000e+00
7.851764336658666252e+02	9.746180776950239544e-01	0.000000000000000000e+00
7.855961431070666094e+02	9.745179983212549635e-01	0.000000000000000000e+00
7.860158525482667073e+02	9.744091381411862374e-01	0.000000000000000000e+00
7.864355619894666916e+02	9.742996264901855330e-01	0.000000000000000000e+00
7.868552714306666758e+02	9.741805775157440506e-01	0.000000000000000000e+00
7.872749808718666600e+02	9.740612672136021999e-01	0.000000000000000000e+00
7.876946903130667579e+02	9.739315809888429154e-01	0.000000000000000000e+00
7.881143997542667421e+02	9.738018947640836309e-01	0.000000000000000000e+00
7.885341091954667263e+02	9.736613327918892669e-01	0.000000000000000000e+00
7.889538186366667105e+02	9.735205573553894487e-01	0.000000000000000000e+00
7.893735280778666947e+02	9.733690172981523947e-01	0.000000000000000000e+00
7.897932375190666789e+02	9.732166977173547506e-01	0.000000000000000000e+00
7.902129469602666632e+02	9.730538201183809299e-01	0.000000000000000000e+00
7.906326564014666474e+02	9.728894990452350289e-01	0.000000000000000000e+00
7.910523658426666316e+02	9.727149292090735422e-01	0.000000000000000000e+00
7.914720752838666158e+02	9.725381474563370432e-01	0.000000000000000000e+00
7.918917847250666000e+02	9.723515359908878608e-01	0.000000000000000000e+00
7.923114941662666979e+02	9.721618331285989401e-01	0.000000000000000000e+00
7.927312036074666821e+02	9.719628364747028293e-01	0.000000000000000000e+00
7.931509130486666663e+02	9.717597514461333574e-01	0.000000000000000000e+00
7.935706224898667642e+02	9.715480323926402040e-01	0.000000000000000000e+00
7.939903319310667484e+02	9.713311041489297581e-01	0.000000000000000000e+00
7.944100413722667327e+02	9.711063323313222639e-01	0.000000000000000000e+00
7.948297508134667169e+02	9.708751004840309173e-01	0.000000000000000000e+00
7.952494602546667011e+02	9.706369528646255906e-01	0.000000000000000000e+00
7.956691696958666853e+02	9.703909583551848517e-01	0.000000000000000000e+00
7.960888791370666695e+02	9.701391196830128072e-01	0.000000000000000000e+00
7.965085885782666537e+02	9.698779054681185841e-01	0.000000000000000000e+00
7.969282980194666379e+02	9.696120687166209784e-01	0.000000000000000000e+00
7.973480074606666221e+02	9.693351804684163797e-01	0.000000000000000000e+00
7.977677169018666063e+02	9.690550472491352707e-01	0.000000000000000000e+00
7.981874263430667042e+02	9.687620340689794274e-01	0.000000000000000000e+00
7.986071357842666885e+02	9.684673150195090008e-01	0.000000000000000000e+00
7.990268452254666727e+02	9.681577301640552635e-01	0.000000000000000000e+00
7.994465546666666569e+02	9.678481453086016373e-01	0.000000000000000000e+00
