wavelength_nm	ideal_target_transmittance	cvae_target_transmittance	tandem_response_transmittance
3.7973711347e+02	9.5080029964e-01	8.4796404839e-01	9.6080458164e-01
3.8015682291e+02	9.5027691126e-01	8.4410125017e-01	9.6081638336e-01
3.8057653235e+02	9.4974482059e-01	8.4063506126e-01	9.6063613892e-01
3.8099624179e+02	9.4920390844e-01	8.3708131313e-01	9.6013164520e-01
3.8141595123e+02	9.4865393639e-01	8.3384156227e-01	9.5955628157e-01
3.8183566067e+02	9.4809466600e-01	8.3099651337e-01	9.5846199989e-01
3.8225537011e+02	9.4752591848e-01	8.2812553644e-01	9.5727372169e-01
3.8267507956e+02	9.4694751501e-01	8.2537299395e-01	9.5568794012e-01
3.8309478900e+02	9.4635915756e-01	8.2225388288e-01	9.5381540060e-01
3.8351449844e+02	9.4576066732e-01	8.1952840090e-01	9.5214998722e-01
3.8393420788e+02	9.4515174627e-01	8.1690144539e-01	9.4980740547e-01
3.8435391732e+02	9.4453227520e-01	8.1427967548e-01	9.4724088907e-01
3.8477362676e+02	9.4390189648e-01	8.1159633398e-01	9.4486021996e-01
3.8519333620e+02	9.4326043129e-01	8.0906146765e-01	9.4223076105e-01
3.8561304564e+02	9.4260752201e-01	8.0628943443e-01	9.3933331966e-01
3.8603275508e+02	9.4194298983e-01	8.0377888680e-01	9.3653249741e-01
3.8645246453e+02	9.4126647711e-01	8.0142909288e-01	9.3339389563e-01
3.8687217397e+02	9.4057780504e-01	7.9895454645e-01	9.3033993244e-01
3.8729188341e+02	9.3987655640e-01	7.9660290480e-01	9.2690622807e-01
3.8771159285e+02	9.3916249275e-01	7.9475510120e-01	9.2374157906e-01
3.8813130229e+02	9.3843531609e-01	7.9253906012e-01	9.2006790638e-01
3.8855101173e+02	9.3769466877e-01	7.9079985619e-01	9.1663670540e-01
3.8897072117e+02	9.3694019318e-01	7.8899729252e-01	9.1276472807e-01
3.8939043061e+02	9.3617165089e-01	7.8769499063e-01	9.0938013792e-01
3.8981014006e+02	9.3538856506e-01	7.8657215834e-01	9.0567195415e-01
3.9022984950e+02	9.3459063768e-01	7.8539848328e-01	9.0161615610e-01
3.9064955894e+02	9.3377745152e-01	7.8475576639e-01	8.9767932892e-01
3.9106926838e+02	9.3294864893e-01	7.8384423256e-01	8.9348489046e-01
3.9148897782e+02	9.3210387230e-01	7.8362846375e-01	8.8907426596e-01
3.9190868726e+02	9.3124264479e-01	7.8345054388e-01	8.8490039110e-01
3.9232839670e+02	9.3036454916e-01	7.8369277716e-01	8.8029283285e-01
3.9274810614e+02	9.2946916819e-01	7.8362292051e-01	8.7622314692e-01
3.9316781559e+02	9.2855602503e-01	7.8400534391e-01	8.7205100060e-01
3.9358752503e+02	9.2762470245e-01	7.8477865458e-01	8.6737883091e-01
3.9400723447e+02	9.2667466402e-01	7.8538048267e-01	8.6260575056e-01
3.9442694391e+02	9.2570543289e-01	7.8631448746e-01	8.5805428028e-01
3.9484665335e+02	9.2471647263e-01	7.8725695610e-01	8.5349124670e-01
3.9526636279e+02	9.2370730639e-01	7.8846460581e-01	8.4852248430e-01
3.9568607223e+02	9.2267733812e-01	7.9012769461e-01	8.4361761808e-01
3.9610578167e+02	9.2162597179e-01	7.9152834415e-01	8.3948409557e-01
3.9652549111e+02	9.2055267096e-01	7.9327011108e-01	8.3444505930e-01
3.9694520056e+02	9.1945683956e-01	7.9505276680e-01	8.2948464155e-01
3.9736491000e+02	9.1833788157e-01	7.9672360420e-01	8.2487314939e-01
3.9778461944e+02	9.1719502211e-01	7.9912692308e-01	8.1988185644e-01
3.9820432888e+02	9.1602772474e-01	8.0098569393e-01	8.1484794617e-01
3.9862403832e+02	9.1483521461e-01	8.0356365442e-01	8.1011611223e-01
3.9904374776e+02	9.1361677647e-01	8.0586266518e-01	8.0599945784e-01
3.9946345720e+02	9.1237169504e-01	8.0842059851e-01	8.0083918571e-01
3.9988316664e+02	9.1109925508e-01	8.1107932329e-01	7.9581135511e-01
4.0030287609e+02	9.0979856253e-01	8.1363570690e-01	7.9012209177e-01
4.0072258553e+02	9.0846884251e-01	8.1634885073e-01	7.8503662348e-01
4.0114229497e+02	9.0710926056e-01	8.1906336546e-01	7.7954953909e-01
4.0156200441e+02	9.0571892262e-01	8.2184952497e-01	7.7421486378e-01
4.0198171385e+02	9.0429687500e-01	8.2395303249e-01	7.6926833391e-01
4.0240142329e+02	9.0284222364e-01	8.2669287920e-01	7.6410198212e-01
4.0282113273e+02	9.0135395527e-01	8.2928580046e-01	7.5930261612e-01
4.0324084217e+02	8.9983111620e-01	8.3175635338e-01	7.5415068865e-01
4.0366055162e+02	8.9827257395e-01	8.3388245106e-01	7.4937462807e-01
4.0408026106e+02	8.9667725563e-01	8.3580964804e-01	7.4442231655e-01
4.0449997050e+02	8.9504402876e-01	8.3865606785e-01	7.3947083950e-01
4.0491967994e+02	8.9337176085e-01	8.4066808224e-01	7.3533129692e-01
4.0533938938e+02	8.9165925980e-01	8.4145992994e-01	7.2803711891e-01
4.0575909882e+02	8.8990515471e-01	8.4288007021e-01	7.1826767921e-01
4.0617880826e+02	8.8810819387e-01	8.4421217442e-01	7.1664798260e-01
4.0659851770e+02	8.8626700640e-01	8.4490507841e-01	7.0931112766e-01
4.0701822714e+02	8.8438016176e-01	8.4641170502e-01	7.0410263538e-01
4.0743793659e+02	8.8244628906e-01	8.4650748968e-01	6.9850194454e-01
4.0785764603e+02	8.8046377897e-01	8.4673380852e-01	6.9272190332e-01
4.0827735547e+02	8.7843102217e-01	8.4736758471e-01	6.8812024593e-01
4.0869706491e+02	8.7634646893e-01	8.4746235609e-01	6.8266832829e-01
4.0911677435e+02	8.7420839071e-01	8.4692490101e-01	6.7713671923e-01
4.0953648379e+02	8.7201499939e-01	8.4660667181e-01	6.7220669985e-01
4.0995619323e+02	8.6976444721e-01	8.4596967697e-01	6.6684645414e-01
4.1037590267e+02	8.6745482683e-01	8.4543490410e-01	6.6180163622e-01
4.1079561212e+02	8.6508411169e-01	8.4433531761e-01	6.5710091591e-01
4.1121532156e+02	8.6265033484e-01	8.4298866987e-01	6.5173268318e-01
4.1163503100e+02	8.6015129089e-01	8.4177577496e-01	6.4580160379e-01
4.1205474044e+02	8.5758477449e-01	8.4051400423e-01	6.4123237133e-01
4.1247444988e+02	8.5494840145e-01	8.3839303255e-01	6.3583558798e-01
4.1289415932e+02	8.5223978758e-01	8.3664453030e-01	6.3051670790e-01
4.1331386876e+02	8.4945642948e-01	8.3431297541e-01	6.2541806698e-01
4.1373357820e+02	8.4659576416e-01	8.3159917593e-01	6.1966007948e-01
4.1415328765e+02	8.4365499020e-01	8.2881623507e-01	6.1497724056e-01
4.1457299709e+02	8.4063136578e-01	8.2561558485e-01	6.0977005959e-01
4.1499270653e+02	8.3752185106e-01	8.2221722603e-01	6.0465818644e-01
4.1541241597e+02	8.3432346582e-01	8.1824648380e-01	5.9763306379e-01
4.1583212541e+02	8.3103299141e-01	8.1380033493e-01	5.9580314159e-01
4.1625183485e+02	8.2764714956e-01	8.0872279406e-01	5.9046113491e-01
4.1667154429e+02	8.2416248322e-01	8.0404978991e-01	5.8550632000e-01
4.1709125373e+02	8.2057535648e-01	7.9775005579e-01	5.7821303606e-01
4.1751096317e+02	8.1688213348e-01	7.9209756851e-01	5.7200777531e-01
4.1793067262e+02	8.1307888031e-01	7.8661024570e-01	5.6707024574e-01
4.1835038206e+02	8.0916160345e-01	7.7862757444e-01	5.6022000313e-01
4.1877009150e+02	8.0512601137e-01	7.7183902264e-01	5.5625796318e-01
4.1918980094e+02	8.0096787214e-01	7.6433980465e-01	5.5286359787e-01
4.1960951038e+02	7.9668259621e-01	7.5565177202e-01	5.4698926210e-01
4.2002921982e+02	7.9226541519e-01	7.4595355988e-01	5.4118305445e-01
4.2044892926e+02	7.8771150112e-01	7.3704808950e-01	5.3524500132e-01
4.2086863870e+02	7.8301578760e-01	7.2655677795e-01	5.2777117491e-01
4.2128834815e+02	7.7817291021e-01	7.1601575613e-01	5.2365177870e-01
4.2170805759e+02	7.7317744493e-01	7.0469582081e-01	5.1736891270e-01
4.2212776703e+02	7.6802366972e-01	6.9332051277e-01	5.1175922155e-01
4.2254747647e+02	7.6270568371e-01	6.8113809824e-01	5.0544714928e-01
4.2296718591e+02	7.5721740723e-01	6.6872859001e-01	4.9791991711e-01
4.2338689535e+02	7.5155246258e-01	6.5543901920e-01	4.9106535316e-01
4.2380660479e+02	7.4570435286e-01	6.4183050394e-01	4.8310682178e-01
4.2422631423e+02	7.3966622353e-01	6.2768608332e-01	4.7641181946e-01
4.2464602368e+02	7.3343104124e-01	6.1254465580e-01	4.6905910969e-01
4.2506573312e+02	7.2699165344e-01	5.9820467234e-01	4.6108013391e-01
4.2548544256e+02	7.2034060955e-01	5.8314895630e-01	4.5316344500e-01
4.2590515200e+02	7.1347022057e-01	5.6789445877e-01	4.4501069188e-01
4.2632486144e+02	7.0637249947e-01	5.5207026005e-01	4.3710824847e-01
4.2674457088e+02	6.9903945923e-01	5.3617638350e-01	4.2892560363e-01
4.2716428032e+02	6.9146281481e-01	5.1963305473e-01	4.2002660036e-01
4.2758398976e+02	6.8363398314e-01	5.0400012732e-01	4.1082316637e-01
4.2800369920e+02	6.7554444075e-01	4.8811298609e-01	4.0383982658e-01
4.2842340865e+02	6.6718530655e-01	4.7087574005e-01	3.9343777299e-01
4.2884311809e+02	6.5854769945e-01	4.5546564460e-01	3.8253393769e-01
4.2926282753e+02	6.4962261915e-01	4.3705749512e-01	3.7267935276e-01
4.2968253697e+02	6.4040106535e-01	4.2164021730e-01	3.6068156362e-01
4.3010224641e+02	6.3087397814e-01	4.0640428662e-01	3.5179907084e-01
4.3052195585e+02	6.2103229761e-01	3.8831928372e-01	3.4597697854e-01
4.3094166529e+02	6.1086714268e-01	3.7500363588e-01	3.3566415310e-01
4.3136137473e+02	6.0036987066e-01	3.5783454776e-01	3.2797384262e-01
4.3178108418e+02	5.8953189850e-01	3.4332248569e-01	3.1569492817e-01
4.3220079362e+02	5.7834517956e-01	3.2624772191e-01	3.0348351598e-01
4.3262050306e+02	5.6680202484e-01	3.1078648567e-01	2.9162961245e-01
4.3304021250e+02	5.5489540100e-01	2.9532662034e-01	2.7822667360e-01
4.3345992194e+02	5.4261887074e-01	2.8076553345e-01	2.6641306281e-01
4.3387963138e+02	5.2996695042e-01	2.6580384374e-01	2.5587633252e-01
4.3429934082e+02	5.1693516970e-01	2.5165849924e-01	2.4413023889e-01
4.3471905026e+02	5.0352025032e-01	2.3708114028e-01	2.3301805556e-01
4.3513875971e+02	4.8972034454e-01	2.2362141311e-01	2.2202600539e-01
4.3555846915e+02	4.7553530335e-01	2.0979256928e-01	2.1123346686e-01
4.3597817859e+02	4.6096688509e-01	1.9649149477e-01	2.0002840459e-01
4.3639788803e+02	4.4601896405e-01	1.8381203711e-01	1.8977792561e-01
4.3681759747e+02	4.3069794774e-01	1.7129385471e-01	1.7973980308e-01
4.3723730691e+02	4.1501298547e-01	1.5922014415e-01	1.6913942993e-01
4.3765701635e+02	3.9897638559e-01	1.4725512266e-01	1.5839573741e-01
4.3807672579e+02	3.8260385394e-01	1.3642857969e-01	1.4873854816e-01
4.3849643523e+02	3.6591497064e-01	1.2571805716e-01	1.3831429183e-01
4.3891614468e+02	3.4893342853e-01	1.1568713188e-01	1.2839266658e-01
4.3933585412e+02	3.3168748021e-01	1.0590481758e-01	1.1874870211e-01
4.3975556356e+02	3.1421023607e-01	9.6838161349e-02	1.0930927843e-01
4.4017527300e+02	2.9653999209e-01	8.8550217450e-02	9.9888622761e-02
4.4059498244e+02	2.7872061729e-01	8.0631449819e-02	9.1008432209e-02
4.4101469188e+02	2.6080167294e-01	7.3365338147e-02	8.2866676152e-02
4.4143440132e+02	2.4283868074e-01	6.6667087376e-02	7.5055651367e-02
4.4185411076e+02	2.2489325702e-01	6.0520526022e-02	6.8078286946e-02
4.4227382021e+02	2.0703306794e-01	5.4934095591e-02	6.1534907669e-02
4.4269352965e+02	1.8933179975e-01	4.9768868834e-02	5.5592708290e-02
4.4311323909e+02	1.7186892033e-01	4.4952835888e-02	5.0329055637e-02
4.4353294853e+02	1.5472929180e-01	4.1840564460e-02	4.5172814280e-02
4.4395265797e+02	1.3800267875e-01	4.1929494590e-02	4.3859168887e-02
4.4437236741e+02	1.2178302556e-01	4.1420098394e-02	4.2889706790e-02
4.4479207685e+02	1.0616758466e-01	4.0355041623e-02	4.4003214687e-02
4.4521178629e+02	9.1255851090e-02	4.0974218398e-02	3.8771845400e-02
4.4563149574e+02	7.7148377895e-02	3.9328090847e-02	3.6711163819e-02
4.4605120518e+02	6.3945338130e-02	3.9492748678e-02	3.6849178374e-02
4.4647091462e+02	5.1745053381e-02	4.0954682976e-02	3.8835961372e-02
4.4689062406e+02	4.0642339736e-02	3.4578252584e-02	4.1569784284e-02
4.4731033350e+02	3.0726868659e-02	4.0752720088e-02	4.3017979711e-02
4.4773004294e+02	2.2081470117e-02	4.3963871896e-02	4.7720592469e-02
4.4814975238e+02	1.4780475758e-02	4.8081316054e-02	5.1145687699e-02
4.4856946182e+02	8.8881980628e-03	5.2328489721e-02	5.7166278362e-02
4.4898917126e+02	4.4575287029e-03	5.8622460812e-02	6.2934041023e-02
4.4940888071e+02	1.5287711285e-03	6.7522980273e-02	7.1835920215e-02
4.4982859015e+02	1.2871820945e-04	7.7292189002e-02	7.3702938855e-02
4.5024829959e+02	2.7003290597e-04	8.8321201503e-02	8.9541666210e-02
4.5066800903e+02	1.9509494305e-03	1.0065700859e-01	1.0200403631e-01
4.5108771847e+02	5.1553109661e-03	1.1529781669e-01	1.1665641516e-01
4.5150742791e+02	9.8529411480e-03	1.3178645074e-01	1.3753677905e-01
4.5192713735e+02	1.6000334173e-02	1.4992180467e-01	1.5634278953e-01
4.5234684679e+02	2.3541638628e-02	1.6925556958e-01	1.7886024714e-01
4.5276655624e+02	3.2409880310e-02	1.9011667371e-01	2.0129027963e-01
4.5318626568e+02	4.2528387159e-02	2.1100263298e-01	2.2681187093e-01
4.5360597512e+02	5.3812373430e-02	2.3131583631e-01	2.5168970227e-01
4.5402568456e+02	6.6170580685e-02	2.5219628215e-01	2.7700656652e-01
4.5444539400e+02	7.9506993294e-02	2.7190226316e-01	3.0168047547e-01
4.5486510344e+02	9.3722470105e-02	2.9056280851e-01	3.2594543695e-01
4.5528481288e+02	1.0871637613e-01	3.0858182907e-01	3.4866663814e-01
4.5570452232e+02	1.2438806146e-01	3.2607260346e-01	3.6901780963e-01
4.5612423177e+02	1.4063820243e-01	3.4276726842e-01	3.8861048222e-01
4.5654394121e+02	1.5737001598e-01	3.5778358579e-01	4.0756610036e-01
4.5696365065e+02	1.7449024320e-01	3.7256029248e-01	4.2478129268e-01
4.5738336009e+02	1.9191004336e-01	3.8695782423e-01	4.4106832147e-01
4.5780306953e+02	2.0954558253e-01	4.0451818705e-01	4.5627725124e-01
4.5822277897e+02	2.2731855512e-01	4.2260074615e-01	4.7199741006e-01
4.5864248841e+02	2.4515657127e-01	4.3740251660e-01	4.8520463705e-01
4.5906219785e+02	2.6299324632e-01	4.5121070743e-01	4.9396583438e-01
4.5948190729e+02	2.8076833487e-01	4.7005057335e-01	5.1618337631e-01
4.5990161674e+02	2.9842764139e-01	4.7760289907e-01	5.2763390541e-01
4.6032132618e+02	3.1592288613e-01	4.9910384417e-01	5.3633034229e-01
4.6074103562e+02	3.3321160078e-01	5.0930476189e-01	5.4690492153e-01
4.6116074506e+02	3.5025665164e-01	5.3016990423e-01	5.5748677254e-01
4.6158045450e+02	3.6702612042e-01	5.4581040144e-01	5.7224678993e-01
4.6200016394e+02	3.8349294662e-01	5.6259185076e-01	5.8245444298e-01
4.6241987338e+02	3.9963439107e-01	5.7989877462e-01	5.9510737658e-01
4.6283958282e+02	4.1543194652e-01	5.9485036135e-01	6.0700517893e-01
4.6325929227e+02	4.3087074161e-01	6.1023771763e-01	6.1853569746e-01
4.6367900171e+02	4.4593936205e-01	6.2427574396e-01	6.2936371565e-01
4.6409871115e+02	4.6062943339e-01	6.3777232170e-01	6.3890159130e-01
4.6451842059e+02	4.7493517399e-01	6.4999610186e-01	6.4945602417e-01
4.6493813003e+02	4.8885339499e-01	6.6166794300e-01	6.6004705429e-01
4.6535783947e+02	5.0238281488e-01	6.7347854376e-01	6.6909134388e-01
4.6577754891e+02	5.1552420855e-01	6.8403023481e-01	6.7925047874e-01
4.6619725835e+02	5.2827984095e-01	6.9385844469e-01	6.8704700470e-01
4.6661696780e+02	5.4065328836e-01	7.0356744528e-01	6.9555640221e-01
4.6703667724e+02	5.5264949799e-01	7.1200352907e-01	7.0408791304e-01
4.6745638668e+02	5.6427413225e-01	7.1994858980e-01	7.1099859476e-01
4.6787609612e+02	5.7553398609e-01	7.2813349962e-01	7.1760630608e-01
4.6829580556e+02	5.8643627167e-01	7.3476511240e-01	7.2418397665e-01
4.6871551500e+02	5.9698891640e-01	7.4131458998e-01	7.3071146011e-01
4.6913522444e+02	6.0720008612e-01	7.4708789587e-01	7.3641908169e-01
4.6955493388e+02	6.1707854271e-01	7.5264149904e-01	7.4266082048e-01
4.6997464332e+02	6.2663292885e-01	7.5825548172e-01	7.4817883968e-01
4.7039435277e+02	6.3587242365e-01	7.6355254650e-01	7.5434142351e-01
4.7081406221e+02	6.4480596781e-01	7.6706296206e-01	7.5977933407e-01
4.7123377165e+02	6.5344268084e-01	7.7100169659e-01	7.6355189085e-01
4.7165348109e+02	6.6179168224e-01	7.7565115690e-01	7.6867789030e-01
4.7207319053e+02	6.6986203194e-01	7.7918487787e-01	7.7424615622e-01
4.7249289997e+02	6.7766255140e-01	7.8407675028e-01	7.8106391430e-01
4.7291260941e+02	6.8520206213e-01	7.8803950548e-01	7.8616708517e-01
4.7333231885e+02	6.9248920679e-01	7.9271513224e-01	7.9219108820e-01
4.7375202830e+02	6.9953244925e-01	7.9473513365e-01	7.9725652933e-01
4.7417173774e+02	7.0634001493e-01	7.9896616936e-01	7.9622524977e-01
4.7459144718e+02	7.1292006969e-01	8.0004411936e-01	8.0307656527e-01
4.7501115662e+02	7.1928036213e-01	8.0303233862e-01	8.0771344900e-01
4.7543086606e+02	7.2542852163e-01	8.0502927303e-01	8.0923032761e-01
4.7585057550e+02	7.3137205839e-01	8.0808877945e-01	8.0748909712e-01
4.7627028494e+02	7.3711806536e-01	8.1038618088e-01	8.2346892357e-01
4.7668999438e+02	7.4267345667e-01	8.1199151278e-01	8.2006955147e-01
4.7710970383e+02	7.4804508686e-01	8.1496518850e-01	8.2367795706e-01
4.7752941327e+02	7.5323933363e-01	8.1696492434e-01	8.2622867823e-01
4.7794912271e+02	7.5826251507e-01	8.1922817230e-01	8.2925415039e-01
4.7836883215e+02	7.6312071085e-01	8.2097214460e-01	8.3157420158e-01
4.7878854159e+02	7.6781970263e-01	8.2330125570e-01	8.3432465792e-01
4.7920825103e+02	7.7236509323e-01	8.2507228851e-01	8.3696830273e-01
4.7962796047e+02	7.7676236629e-01	8.2719892263e-01	8.3825552464e-01
4.8004766991e+02	7.8101670742e-01	8.2885456085e-01	8.4022843838e-01
4.8046737935e+02	7.8513312340e-01	8.3090794086e-01	8.4246486425e-01
4.8088708880e+02	7.8911638260e-01	8.3289444447e-01	8.4598225355e-01
4.8130679824e+02	7.9297125340e-01	8.3465886116e-01	8.4826207161e-01
4.8172650768e+02	7.9670208693e-01	8.3627480268e-01	8.5027152300e-01
4.8214621712e+02	8.0031317472e-01	8.3796519041e-01	8.5226559639e-01
4.8256592656e+02	8.0380862951e-01	8.3948308229e-01	8.5406905413e-01
4.8298563600e+02	8.0719250441e-01	8.4130108356e-01	8.5574185848e-01
4.8340534544e+02	8.1046843529e-01	8.4282010794e-01	8.5789388418e-01
4.8382505488e+02	8.1364023685e-01	8.4412986040e-01	8.5886859894e-01
4.8424476433e+02	8.1671130657e-01	8.4530967474e-01	8.6175531149e-01
4.8466447377e+02	8.1968498230e-01	8.4654420614e-01	8.6329442263e-01
4.8508418321e+02	8.2256460190e-01	8.4817391634e-01	8.6476671696e-01
4.8550389265e+02	8.2535314560e-01	8.4944033623e-01	8.6576592922e-01
4.8592360209e+02	8.2805371284e-01	8.5041022301e-01	8.6755907536e-01
4.8634331153e+02	8.3066904545e-01	8.5255610943e-01	8.6922299862e-01
4.8676302097e+02	8.3320194483e-01	8.5376524925e-01	8.7029463053e-01
4.8718273041e+02	8.3565503359e-01	8.5478091240e-01	8.7087297440e-01
4.8760243986e+02	8.3803081512e-01	8.5452997684e-01	8.7006092072e-01
4.8802214930e+02	8.4033173323e-01	8.5566872358e-01	8.7322443724e-01
4.8844185874e+02	8.4256011248e-01	8.5840296745e-01	8.8070631027e-01
4.8886156818e+02	8.4471821785e-01	8.5968470573e-01	8.7654834986e-01
4.8928127762e+02	8.4680807590e-01	8.6124020815e-01	8.6744582653e-01
4.8970098706e+02	8.4883189201e-01	8.6076682806e-01	8.8309586048e-01
4.9012069650e+02	8.5079151392e-01	8.6256104708e-01	8.8412767649e-01
4.9054040594e+02	8.5268890858e-01	8.6330699921e-01	8.8033419847e-01
4.9096011538e+02	8.5452586412e-01	8.6362898350e-01	8.8344353437e-01
4.9137982483e+02	8.5630410910e-01	8.6407697201e-01	8.8309764862e-01
4.9179953427e+02	8.5802537203e-01	8.6585414410e-01	8.8492178917e-01
4.9221924371e+02	8.5969120264e-01	8.6657822132e-01	8.8641399145e-01
4.9263895315e+02	8.6130321026e-01	8.6775439978e-01	8.8659489155e-01
4.9305866259e+02	8.6286276579e-01	8.6841493845e-01	8.8729083538e-01
4.9347837203e+02	8.6437135935e-01	8.6907017231e-01	8.8777828217e-01
4.9389808147e+02	8.6583030224e-01	8.6967432499e-01	8.8760662079e-01
4.9431779091e+02	8.6724096537e-01	8.7042403221e-01	8.8896322250e-01
4.9473750036e+02	8.6860454082e-01	8.7103861570e-01	8.9028072357e-01
4.9515720980e+02	8.6992222071e-01	8.7225979567e-01	8.8990652561e-01
4.9557691924e+02	8.7119519711e-01	8.7246847153e-01	8.9046823978e-01
4.9599662868e+02	8.7242460251e-01	8.7335526943e-01	8.8991427422e-01
4.9641633812e+02	8.7361139059e-01	8.7409269810e-01	8.9009624720e-01
4.9683604756e+02	8.7475669384e-01	8.7487065792e-01	8.9124763012e-01
4.9725575700e+02	8.7586134672e-01	8.7532031536e-01	8.9200776815e-01
4.9767546644e+02	8.7692636251e-01	8.7596911192e-01	8.9249920845e-01
4.9809517589e+02	8.7795263529e-01	8.7669271231e-01	8.9272665977e-01
4.9851488533e+02	8.7894093990e-01	8.7700235844e-01	8.9261746407e-01
4.9893459477e+02	8.7989217043e-01	8.7738370895e-01	8.9289116859e-01
4.9935430421e+02	8.8080710173e-01	8.7771046162e-01	8.9383590221e-01
4.9977401365e+02	8.8168638945e-01	8.7828308344e-01	8.9382427931e-01
5.0019372309e+02	8.8253086805e-01	8.7885725498e-01	8.9423894882e-01
5.0061343253e+02	8.8334107399e-01	8.7954097986e-01	8.9432841539e-01
5.0103314197e+02	8.8411778212e-01	8.7861526012e-01	8.9508712292e-01
5.0145285141e+02	8.8486152887e-01	8.7854796648e-01	8.9532876015e-01
5.0187256086e+02	8.8557296991e-01	8.7906527519e-01	8.9513468742e-01
5.0229227030e+02	8.8625252247e-01	8.7909817696e-01	8.9503067732e-01
5.0271197974e+02	8.8690090179e-01	8.7826907635e-01	8.9500194788e-01
5.0313168918e+02	8.8751846552e-01	8.7881296873e-01	8.9386314154e-01
5.0355139862e+02	8.8810575008e-01	8.7949615717e-01	8.9326769114e-01
5.0397110806e+02	8.8866323233e-01	8.7908107042e-01	8.9405894279e-01
5.0439081750e+02	8.8919126987e-01	8.7875640392e-01	8.9356195927e-01
5.0481052694e+02	8.8969027996e-01	8.7923318148e-01	8.9265435934e-01
5.0523023639e+02	8.9016073942e-01	8.7884718180e-01	8.9319652319e-01
5.0564994583e+02	8.9060288668e-01	8.7873101234e-01	8.9442968369e-01
5.0606965527e+02	8.9101707935e-01	8.7838798761e-01	8.9427387714e-01
5.0648936471e+02	8.9140361547e-01	8.7722039223e-01	8.9241546392e-01
5.0690907415e+02	8.9176285267e-01	8.7811005116e-01	8.9362955093e-01
5.0732878359e+02	8.9209502935e-01	8.7735033035e-01	8.9123207331e-01
5.0774849303e+02	8.9240032434e-01	8.7718921900e-01	8.9057356119e-01
5.0816820247e+02	8.9267909527e-01	8.7627637386e-01	8.9196282625e-01
5.0858791192e+02	8.9293140173e-01	8.7602674961e-01	8.9146131277e-01
5.0900762136e+02	8.9315754175e-01	8.7523394823e-01	8.9183980227e-01
5.0942733080e+02	8.9335763454e-01	8.7457776070e-01	8.9089041948e-01
5.0984704024e+02	8.9353179932e-01	8.7502294779e-01	8.9005523920e-01
5.1026674968e+02	8.9368027449e-01	8.7437820435e-01	8.8981401920e-01
5.1068645912e+02	8.9380300045e-01	8.7415003777e-01	8.8884538412e-01
5.1110616856e+02	8.9390021563e-01	8.7374186516e-01	8.8884234428e-01
5.1152587800e+02	8.9397192001e-01	8.7310111523e-01	8.8788163662e-01
5.1194558744e+02	8.9401817322e-01	8.7281477451e-01	8.8861113787e-01
5.1236529689e+02	8.9403903484e-01	8.7241309881e-01	8.8846063614e-01
5.1278500633e+02	8.9403450489e-01	8.7201428413e-01	8.8862419128e-01
5.1320471577e+02	8.9400452375e-01	8.7171864510e-01	8.8829654455e-01
5.1362442521e+02	8.9394915104e-01	8.7174260616e-01	8.8741672039e-01
5.1404413465e+02	8.9386832714e-01	8.7107723951e-01	8.8778275251e-01
5.1446384409e+02	8.9376199245e-01	8.7094134092e-01	8.8699173927e-01
5.1488355353e+02	8.9363002777e-01	8.7066847086e-01	8.8638007641e-01
5.1530326297e+02	8.9347243309e-01	8.7043803930e-01	8.8649278879e-01
5.1572297242e+02	8.9328896999e-01	8.7014639378e-01	8.8542735577e-01
5.1614268186e+02	8.9307957888e-01	8.7016248703e-01	8.8544571400e-01
5.1656239130e+02	8.9284408092e-01	8.6933839321e-01	8.8478410244e-01
5.1698210074e+02	8.9258229733e-01	8.6883598566e-01	8.8452607393e-01
5.1740181018e+02	8.9229404926e-01	8.7000805140e-01	8.8402259350e-01
5.1782151962e+02	8.9197915792e-01	8.7033867836e-01	8.8335502148e-01
5.1824122906e+02	8.9163732529e-01	8.6692094803e-01	8.8246238232e-01
5.1866093850e+02	8.9126837254e-01	8.6709785461e-01	8.8005131483e-01
5.1908064795e+02	8.9087194204e-01	8.6607962847e-01	8.7579995394e-01
5.1950035739e+02	8.9044773579e-01	8.6609703302e-01	8.8064420223e-01
5.1992006683e+02	8.8999551535e-01	8.6503201723e-01	8.8558590412e-01
5.2033977627e+02	8.8951492310e-01	8.6358302832e-01	8.8032680750e-01
5.2075948571e+02	8.8900554180e-01	8.6287498474e-01	8.7565386295e-01
5.2117919515e+02	8.8846701384e-01	8.6197519302e-01	8.7348294258e-01
5.2159890459e+02	8.8789892197e-01	8.6021435261e-01	8.7125176191e-01
5.2201861403e+02	8.8730078936e-01	8.6048740149e-01	8.7791502476e-01
5.2243832347e+02	8.8667225838e-01	8.5948729515e-01	8.7317854166e-01
5.2285803292e+02	8.8601279259e-01	8.5771077871e-01	8.7203711271e-01
5.2327774236e+02	8.8532185555e-01	8.5718464851e-01	8.7133848667e-01
5.2369745180e+02	8.8459897041e-01	8.5526710749e-01	8.7039268017e-01
5.2411716124e+02	8.8384348154e-01	8.5396820307e-01	8.6880970001e-01
5.2453687068e+02	8.8305485249e-01	8.5226684809e-01	8.6592227221e-01
5.2495658012e+02	8.8223242760e-01	8.5078108311e-01	8.6453437805e-01
5.2537628956e+02	8.8137555122e-01	8.4885334969e-01	8.6223638058e-01
5.2579599900e+02	8.8048356771e-01	8.4682852030e-01	8.6051005125e-01
5.2621570845e+02	8.7955576181e-01	8.4551167488e-01	8.5843282938e-01
5.2663541789e+02	8.7859129906e-01	8.4378331900e-01	8.5619986057e-01
5.2705512733e+02	8.7758952379e-01	8.4153276682e-01	8.5392785072e-01
5.2747483677e+02	8.7654948235e-01	8.3848029375e-01	8.5146677494e-01
5.2789454621e+02	8.7547034025e-01	8.3621019125e-01	8.4848833084e-01
5.2831425565e+02	8.7435126305e-01	8.3349227905e-01	8.4545016289e-01
5.2873396509e+02	8.7319123745e-01	8.3121192455e-01	8.4265691042e-01
5.2915367453e+02	8.7198930979e-01	8.2854115963e-01	8.3857107162e-01
5.2957338398e+02	8.7074440718e-01	8.2563716173e-01	8.3535563946e-01
5.2999309342e+02	8.6945551634e-01	8.2275432348e-01	8.3230400085e-01
5.3041280286e+02	8.6812156439e-01	8.1933456659e-01	8.2910311222e-01
5.3083251230e+02	8.6674124002e-01	8.1598418951e-01	8.2529312372e-01
5.3125222174e+02	8.6531347036e-01	8.1119179726e-01	8.2154500484e-01
5.3167193118e+02	8.6383688450e-01	8.0841654539e-01	8.1701451540e-01
5.3209164062e+02	8.6231017113e-01	8.0324894190e-01	8.1297016144e-01
5.3251135006e+02	8.6073201895e-01	7.9999929667e-01	8.1093066931e-01
5.3293105950e+02	8.5910093784e-01	7.9707062244e-01	8.1112962961e-01
5.3335076895e+02	8.5741543770e-01	7.9388797283e-01	8.1005513668e-01
5.3377047839e+02	8.5567396879e-01	7.9060381651e-01	7.9297649860e-01
5.3419018783e+02	8.5387486219e-01	7.8362840414e-01	7.9185295105e-01
5.3460989727e+02	8.5201644897e-01	7.7941226959e-01	7.8595340252e-01
5.3502960671e+02	8.5009700060e-01	7.7467054129e-01	7.7727741003e-01
5.3544931615e+02	8.4811460972e-01	7.6997786760e-01	7.7365779877e-01
5.3586902559e+02	8.4606736898e-01	7.6309078932e-01	7.6385319233e-01
5.3628873503e+02	8.4395331144e-01	7.5795578957e-01	7.6001143456e-01
5.3670844448e+02	8.4177029133e-01	7.5171273947e-01	7.5722432137e-01
5.3712815392e+02	8.3951622248e-01	7.4705731869e-01	7.5121945143e-01
5.3754786336e+02	8.3718878031e-01	7.3973184824e-01	7.4530237913e-01
5.3796757280e+02	8.3478558064e-01	7.3518580198e-01	7.4100160599e-01
5.3838728224e+02	8.3230417967e-01	7.2852468491e-01	7.3572903872e-01
5.3880699168e+02	8.2974207401e-01	7.2091662884e-01	7.2832596302e-01
5.3922670112e+02	8.2709652185e-01	7.1467769146e-01	7.2223830223e-01
5.3964641056e+02	8.2436484098e-01	7.0752435923e-01	7.1631813049e-01
5.4006612001e+02	8.2154399157e-01	6.9959366322e-01	7.0889544487e-01
5.4048582945e+02	8.1863105297e-01	6.9285297394e-01	7.0085722208e-01
5.4090553889e+02	8.1562286615e-01	6.8484371901e-01	6.9356948137e-01
5.4132524833e+02	8.1251615286e-01	6.7709231377e-01	6.8611782789e-01
5.4174495777e+02	8.0930745602e-01	6.6861736774e-01	6.7907148600e-01
5.4216466721e+02	8.0599325895e-01	6.5992915630e-01	6.7119866610e-01
5.4258437665e+02	8.0256992579e-01	6.5116500854e-01	6.6483867168e-01
5.4300408609e+02	7.9903346300e-01	6.4243304729e-01	6.5675973892e-01
5.4342379553e+02	7.9537999630e-01	6.3309752941e-01	6.4868903160e-01
5.4384350498e+02	7.9160523415e-01	6.2314456701e-01	6.4175933599e-01
5.4426321442e+02	7.8770494461e-01	6.1292600632e-01	6.3362580538e-01
5.4468292386e+02	7.8367453814e-01	6.0321331024e-01	6.2568289042e-01
5.4510263330e+02	7.7950930595e-01	5.9208279848e-01	6.1763757467e-01
5.4552234274e+02	7.7520436049e-01	5.8116602898e-01	6.1002016068e-01
5.4594205218e+02	7.7075463533e-01	5.7033306360e-01	6.0109496117e-01
5.4636176162e+02	7.6615488529e-01	5.5878049135e-01	5.9377187490e-01
5.4678147106e+02	7.6139950752e-01	5.4668390751e-01	5.8598309755e-01
5.4720118051e+02	7.5648295879e-01	5.3718990088e-01	5.7686328888e-01
5.4762088995e+02	7.5139921904e-01	5.2559167147e-01	5.6844502687e-01
5.4804059939e+02	7.4614214897e-01	5.0981914997e-01	5.6394398212e-01
5.4846030883e+02	7.4070549011e-01	5.0021362305e-01	5.5387336016e-01
5.4888001827e+02	7.3508256674e-01	4.8201382160e-01	5.4645019770e-01
5.4929972771e+02	7.2926664352e-01	4.7463741899e-01	5.3886079788e-01
5.4971943715e+02	7.2325068712e-01	4.5553526282e-01	5.2539825439e-01
5.5013914659e+02	7.1702742577e-01	4.4587117434e-01	5.1888495684e-01
5.5055885604e+02	7.1058934927e-01	4.3214026093e-01	5.0469928980e-01
5.5097856548e+02	7.0392870903e-01	4.1606816649e-01	4.8340198398e-01
5.5139827492e+02	6.9703769684e-01	4.0459570289e-01	4.8156985641e-01
5.5181798436e+02	6.8990802765e-01	3.8679632545e-01	4.8670309782e-01
5.5223769380e+02	6.8253147602e-01	3.7313115597e-01	4.6994933486e-01
5.5265740324e+02	6.7489951849e-01	3.5842376947e-01	4.5258784294e-01
5.5307711268e+02	6.6700339317e-01	3.4396806359e-01	4.4524669647e-01
5.5349682212e+02	6.5883433819e-01	3.3002546430e-01	4.2999264598e-01
5.5391653156e+02	6.5038329363e-01	3.1386268139e-01	4.2141729593e-01
5.5433624101e+02	6.4164131880e-01	2.9947239161e-01	4.1004616022e-01
5.5475595045e+02	6.3259929419e-01	2.8600466251e-01	4.0070244670e-01
5.5517565989e+02	6.2324804068e-01	2.6988816261e-01	3.8782355189e-01
5.5559536933e+02	6.1357861757e-01	2.5611582398e-01	3.8026547432e-01
5.5601507877e+02	6.0358208418e-01	2.4217103422e-01	3.5807791352e-01
5.5643478821e+02	5.9324955940e-01	2.2827380896e-01	3.5150322318e-01
5.5685449765e+02	5.8257263899e-01	2.1468608081e-01	3.3895841241e-01
5.5727420709e+02	5.7154321671e-01	2.0139180124e-01	3.2930791378e-01
5.5769391654e+02	5.6015348434e-01	1.8902929127e-01	3.1632032990e-01
5.5811362598e+02	5.4839652777e-01	1.7578043044e-01	3.0310612917e-01
5.5853333542e+02	5.3626585007e-01	1.6425712407e-01	2.9069280624e-01
5.5895304486e+02	5.2375602722e-01	1.5323279798e-01	2.7794656157e-01
5.5937275430e+02	5.1086264849e-01	1.4206659794e-01	2.6495319605e-01
5.5979246374e+02	4.9758243561e-01	1.3168473542e-01	2.5106811523e-01
5.6021217318e+02	4.8391374946e-01	1.2159842253e-01	2.3898927867e-01
5.6063188262e+02	4.6985653043e-01	1.1216326803e-01	2.2723521292e-01
5.6105159207e+02	4.5541265607e-01	1.0290804505e-01	2.1461638808e-01
5.6147130151e+02	4.4058623910e-01	9.4248078763e-02	2.0178368688e-01
5.6189101095e+02	4.2538392544e-01	8.6209140718e-02	1.8999573588e-01
5.6231072039e+02	4.0981516242e-01	7.8435637057e-02	1.7693103850e-01
5.6273042983e+02	3.9389258623e-01	7.1284063160e-02	1.6572329402e-01
5.6315013927e+02	3.7763226032e-01	6.4466893673e-02	1.5421362221e-01
5.6356984871e+02	3.6105424166e-01	5.8091089129e-02	1.4317131042e-01
5.6398955815e+02	3.4418272972e-01	5.2008204162e-02	1.3222934306e-01
5.6440926759e+02	3.2704648376e-01	3.7459149957e-02	1.2256656587e-01
5.6482897704e+02	3.0967926979e-01	2.3336295038e-02	1.1313449591e-01
5.6524868648e+02	2.9212006927e-01	2.4853212759e-02	1.0446114838e-01
5.6566839592e+02	2.7441346645e-01	2.1318746731e-02	9.5018766820e-02
5.6608810536e+02	2.5660979748e-01	1.8289012834e-02	8.7488569319e-02
5.6650781480e+02	2.3876538873e-01	1.8529962748e-02	8.0763868988e-02
5.6692752424e+02	2.2094272077e-01	1.8791876733e-02	7.4904859066e-02
5.6734723368e+02	2.0321032405e-01	1.7124528065e-02	6.6185288131e-02
5.6776694312e+02	1.8564274907e-01	1.8007345498e-02	6.2158420682e-02
5.6818665257e+02	1.6832032800e-01	1.6746688634e-02	5.6167464703e-02
5.6860636201e+02	1.5132872760e-01	1.8159940839e-02	4.3138965964e-02
5.6902607145e+02	1.3475848734e-01	1.6783002764e-02	4.6628840268e-02
5.6944578089e+02	1.1870422214e-01	1.7840297893e-02	4.3953571469e-02
5.6986549033e+02	1.0326375067e-01	1.6294946894e-02	4.4126518071e-02
5.7028519977e+02	8.8537007570e-02	1.7458787188e-02	4.2503822595e-02
5.7070490921e+02	7.4624814093e-02	1.6225332394e-02	4.0679190308e-02
5.7112461865e+02	6.1627443880e-02	1.7313987017e-02	3.8416936994e-02
5.7154432810e+02	4.9643103033e-02	1.5919541940e-02	3.8886953145e-02
5.7196403754e+02	3.8766302168e-02	1.6880052164e-02	3.6520987749e-02
5.7238374698e+02	2.9086174443e-02	1.6123337671e-02	3.4628205001e-02
5.7280345642e+02	2.0684786141e-02	1.7342561856e-02	3.3216148615e-02
5.7322316586e+02	1.3635511510e-02	1.6376657411e-02	3.3117067069e-02
5.7364287530e+02	8.0014951527e-03	1.8457850441e-02	3.2822821289e-02
5.7406258474e+02	3.8342985790e-03	1.7600471154e-02	3.2926626503e-02
5.7448229418e+02	1.1727513047e-03	2.0170208067e-02	3.2984711230e-02
5.7490200362e+02	4.2072668293e-05	1.9109399989e-02	3.2899707556e-02
5.7532171307e+02	4.5329146087e-04	2.1120907739e-02	3.3316202462e-02
5.7574142251e+02	2.4029931519e-03	2.2431856021e-02	3.3639762551e-02
5.7616113195e+02	5.8734025806e-03	2.4526663125e-02	3.4674737602e-02
5.7658084139e+02	1.0832802393e-02	2.7005534619e-02	3.5209082067e-02
5.7700055083e+02	1.7236258835e-02	2.9499068856e-02	3.7288285792e-02
5.7742026027e+02	2.5026645511e-02	3.3132359385e-02	3.8180496544e-02
5.7783996971e+02	3.4135892987e-02	3.6711700261e-02	3.9508152753e-02
5.7825967915e+02	4.4486440718e-02	4.1244242340e-02	4.1512787342e-02
5.7867938860e+02	5.5992819369e-02	4.6072445810e-02	4.3047420681e-02
5.7909909804e+02	6.8563319743e-02	5.2097838372e-02	4.5982498676e-02
5.7951880748e+02	8.2101680338e-02	5.8335054666e-02	4.8101827502e-02
5.7993851692e+02	9.6508733928e-02	6.5702706575e-02	5.1609147340e-02
5.8035822636e+02	1.1168400198e-01	7.3894873261e-02	5.4848421365e-02
5.8077793580e+02	1.2752716243e-01	8.3028130233e-02	5.8446407318e-02
5.8119764524e+02	1.4393939078e-01	9.3475818634e-02	6.2492728233e-02
5.8161735468e+02	1.6082450747e-01	1.0469486564e-01	6.6522993147e-02
5.8203706413e+02	1.7808997631e-01	1.1739995331e-01	7.0936106145e-02
5.8245677357e+02	1.9564770162e-01	1.3013114035e-01	7.6075911522e-02
5.8287648301e+02	2.1341471374e-01	1.3953904808e-01	8.1269048154e-02
5.8329619245e+02	2.3131358624e-01	1.5938182175e-01	8.6076863110e-02
5.8371590189e+02	2.4927276373e-01	1.7146115005e-01	9.2310979962e-02
5.8413561133e+02	2.6722675562e-01	1.8676337600e-01	9.7572468221e-02
5.8455532077e+02	2.8511610627e-01	2.1321833134e-01	1.0185164958e-01
5.8497503021e+02	3.0288746953e-01	2.2442942858e-01	1.0728397965e-01
5.8539473965e+02	3.2049334049e-01	2.4159072340e-01	1.1565741152e-01
5.8581444910e+02	3.3789187670e-01	2.5970447063e-01	1.2354160100e-01
5.8623415854e+02	3.5504668951e-01	2.7771520615e-01	1.3080202043e-01
5.8665386798e+02	3.7192642689e-01	2.9425871372e-01	1.4250296354e-01
5.8707357742e+02	3.8850453496e-01	3.0985093117e-01	1.4961911738e-01
5.8749328686e+02	4.0475878119e-01	3.2863500714e-01	1.5510810912e-01
5.8791299630e+02	4.2067107558e-01	3.4696966410e-01	1.6752238572e-01
5.8833270574e+02	4.3622696400e-01	3.5805535316e-01	1.7741332948e-01
5.8875241518e+02	4.5141527057e-01	3.7286552787e-01	1.8740294874e-01
5.8917212463e+02	4.6622788906e-01	3.9004784822e-01	1.9947823882e-01
5.8959183407e+02	4.8065933585e-01	4.0095296502e-01	2.1260111034e-01
5.9001154351e+02	4.9470654130e-01	4.1517791152e-01	2.2678636014e-01
5.9043125295e+02	5.0836849213e-01	4.2409220338e-01	2.4267059565e-01
5.9085096239e+02	5.2164590359e-01	4.3774649501e-01	2.5390899181e-01
5.9127067183e+02	5.3454118967e-01	4.4810146093e-01	2.7336397767e-01
5.9169038127e+02	5.4705810547e-01	4.5606586337e-01	2.9173162580e-01
5.9211009071e+02	5.5920153856e-01	4.6642169356e-01	3.0894115567e-01
5.9252980016e+02	5.7097721100e-01	4.7520232201e-01	3.2614833117e-01
5.9294950960e+02	5.8239185810e-01	4.8326653242e-01	3.4364998341e-01
5.9336921904e+02	5.9345275164e-01	4.9106696248e-01	3.6053770781e-01
5.9378892848e+02	6.0416781902e-01	4.9867919087e-01	3.7907889485e-01
5.9420863792e+02	6.1454516649e-01	5.0620031357e-01	3.9677307010e-01
5.9462834736e+02	6.2459343672e-01	5.1286983490e-01	4.1416236758e-01
5.9504805680e+02	6.3432145119e-01	5.1927483082e-01	4.3126517534e-01
5.9546776624e+02	6.4373809099e-01	5.2512484789e-01	4.4851642847e-01
5.9588747568e+02	6.5285241604e-01	5.3041034937e-01	4.6358346939e-01
5.9630718513e+02	6.6167348623e-01	5.3545159101e-01	4.8025444150e-01
5.9672689457e+02	6.7021036148e-01	5.4101181030e-01	4.9453860521e-01
5.9714660401e+02	6.7847192287e-01	5.4562956095e-01	5.0939631462e-01
5.9756631345e+02	6.8646711111e-01	5.5021363497e-01	5.2257794142e-01
5.9798602289e+02	6.9420462847e-01	5.5567359924e-01	5.3605282307e-01
5.9840573233e+02	7.0169311762e-01	5.6126785278e-01	5.4868435860e-01
5.9882544177e+02	7.0894092321e-01	5.6368434429e-01	5.5924201012e-01
5.9924515121e+02	7.1595627069e-01	5.6350570917e-01	5.7005763054e-01
5.9966486066e+02	7.2274726629e-01	5.7198750973e-01	5.8055263758e-01
6.0008457010e+02	7.2932165861e-01	5.7915443182e-01	5.8945173025e-01
6.0050427954e+02	7.3568701744e-01	5.7699328661e-01	6.0055881739e-01
6.0092398898e+02	7.4185079336e-01	5.8094167709e-01	6.1607718468e-01
6.0134369842e+02	7.4782013893e-01	5.8742028475e-01	6.1217737198e-01
6.0176340786e+02	7.5360190868e-01	5.8950942755e-01	6.2611448765e-01
6.0218311730e+02	7.5920283794e-01	5.9185379744e-01	6.4281624556e-01
6.0260282674e+02	7.6462942362e-01	5.9100705385e-01	6.3386183977e-01
6.0302253619e+02	7.6988786459e-01	5.9694457054e-01	6.4614081383e-01
6.0344224563e+02	7.7498430014e-01	6.0005086660e-01	6.5804874897e-01
6.0386195507e+02	7.7992445230e-01	6.0170686245e-01	6.6005653143e-01
6.0428166451e+02	7.8471404314e-01	6.0556477308e-01	6.6753864288e-01
6.0470137395e+02	7.8935837746e-01	6.0684973001e-01	6.7236244678e-01
6.0512108339e+02	7.9386270046e-01	6.0962730646e-01	6.7870897055e-01
6.0554079283e+02	7.9823207855e-01	6.1305910349e-01	6.8243241310e-01
6.0596050227e+02	8.0247133970e-01	6.1436319351e-01	6.8753790855e-01
6.0638021171e+02	8.0658507347e-01	6.1464297771e-01	6.9322085381e-01
6.0679992116e+02	8.1057780981e-01	6.1979657412e-01	6.9710212946e-01
6.0721963060e+02	8.1445378065e-01	6.2236267328e-01	6.9817531109e-01
6.0763934004e+02	8.1821715832e-01	6.2414282560e-01	7.0324122906e-01
6.0805904948e+02	8.2187193632e-01	6.2728577852e-01	7.0859855413e-01
6.0847875892e+02	8.2542192936e-01	6.2894582748e-01	7.1233129501e-01
6.0889846836e+02	8.2887083292e-01	6.3181769848e-01	7.1545797586e-01
6.0931817780e+02	8.3222216368e-01	6.3466763496e-01	7.1879094839e-01
6.0973788724e+02	8.3547925949e-01	6.3626921177e-01	7.2163730860e-01
6.1015759669e+02	8.3864545822e-01	6.3931614161e-01	7.2557437420e-01
6.1057730613e+02	8.4172385931e-01	6.4107954502e-01	7.2891950607e-01
6.1099701557e+02	8.4471750259e-01	6.4324343204e-01	7.3210525513e-01
6.1141672501e+02	8.4762924910e-01	6.4540398121e-01	7.3543393612e-01
6.1183643445e+02	8.5046195984e-01	6.4780753851e-01	7.3848128319e-01
6.1225614389e+02	8.5321819782e-01	6.5025514364e-01	7.4152302742e-01
6.1267585333e+02	8.5590064526e-01	6.5172278881e-01	7.4514853954e-01
6.1309556277e+02	8.5851174593e-01	6.5423327684e-01	7.4808663130e-01
6.1351527222e+02	8.6105388403e-01	6.5540313721e-01	7.5088971853e-01
6.1393498166e+02	8.6352932453e-01	6.5754318237e-01	7.5276696682e-01
6.1435469110e+02	8.6594027281e-01	6.5967363119e-01	7.5680935383e-01
6.1477440054e+02	8.6828881502e-01	6.6160428524e-01	7.5979590416e-01
6.1519410998e+02	8.7057709694e-01	6.6091811657e-01	7.6267403364e-01
6.1561381942e+02	8.7280696630e-01	6.6510272026e-01	7.6661849022e-01
6.1603352886e+02	8.7498033047e-01	6.6613429785e-01	7.6819097996e-01
6.1645323830e+02	8.7709903717e-01	6.6544830799e-01	7.7127987146e-01
6.1687294774e+02	8.7916487455e-01	6.6811054945e-01	7.7461600304e-01
6.1729265719e+02	8.8117939234e-01	6.7141121626e-01	7.7688920498e-01
6.1771236663e+02	8.8314431906e-01	6.7466706038e-01	7.7942889929e-01
6.1813207607e+02	8.8506120443e-01	6.7707955837e-01	7.8329014778e-01
6.1855178551e+02	8.8693153858e-01	6.7350864410e-01	7.8405594826e-01
6.1897149495e+02	8.8875669241e-01	6.7319083214e-01	7.8471916914e-01
6.1939120439e+02	8.9053815603e-01	6.7716020346e-01	7.9366749525e-01
6.1981091383e+02	8.9227724075e-01	6.8016576767e-01	7.8561431170e-01
6.2023062327e+02	8.9397519827e-01	6.8054199219e-01	7.9986536503e-01
6.2065033272e+02	8.9563333988e-01	6.8075788021e-01	8.0234521627e-01
6.2107004216e+02	8.9725285769e-01	6.8121552467e-01	7.9509246349e-01
6.2148975160e+02	8.9883488417e-01	6.8391686678e-01	7.9894924164e-01
6.2190946104e+02	9.0038049221e-01	6.8486928940e-01	8.0045384169e-01
6.2232917048e+02	9.0189087391e-01	6.8508428335e-01	8.0388677120e-01
6.2274887992e+02	9.0336698294e-01	6.8523454666e-01	8.0492806435e-01
6.2316858936e+02	9.0480983257e-01	6.8829512596e-01	8.0542701483e-01
6.2358829880e+02	9.0622037649e-01	6.8810111284e-01	8.0876767635e-01
6.2400800825e+02	9.0759962797e-01	6.8757981062e-01	8.0958056450e-01
6.2442771769e+02	9.0894842148e-01	6.9075798988e-01	8.1034666300e-01
6.2484742713e+02	9.1026765108e-01	6.9271832705e-01	8.1326651573e-01
6.2526713657e+02	9.1155815125e-01	6.9315135479e-01	8.1354767084e-01
6.2568684601e+02	9.1282069683e-01	6.9401627779e-01	8.1479012966e-01
6.2610655545e+02	9.1405612230e-01	6.9583916664e-01	8.1648063660e-01
6.2652626489e+02	9.1526520252e-01	6.9645833969e-01	8.1816840172e-01
6.2694597433e+02	9.1644859314e-01	6.9710963964e-01	8.1856530905e-01
6.2736568377e+02	9.1760706902e-01	6.9842094183e-01	8.1938654184e-01
6.2778539322e+02	9.1874128580e-01	7.0078098774e-01	8.2045710087e-01
6.2820510266e+02	9.1985195875e-01	7.0092636347e-01	8.2155901194e-01
6.2862481210e+02	9.2093962431e-01	7.0274651051e-01	8.2233041525e-01
6.2904452154e+02	9.2200493813e-01	7.0409846306e-01	8.2319068909e-01
6.2946423098e+02	9.2304861546e-01	7.0505785942e-01	8.2406616211e-01
6.2988394042e+02	9.2407107353e-01	7.0618051291e-01	8.2479017973e-01
6.3030364986e+02	9.2507290840e-01	7.0687925816e-01	8.2557338476e-01
6.3072335930e+02	9.2605477571e-01	7.0789569616e-01	8.2660698891e-01
6.3114306875e+02	9.2701703310e-01	7.0997154713e-01	8.2768422365e-01
6.3156277819e+02	9.2796033621e-01	7.1083331108e-01	8.2791608572e-01
6.3198248763e+02	9.2888510227e-01	7.1144330502e-01	8.2924264669e-01
6.3240219707e+02	9.2979180813e-01	7.1307706833e-01	8.2952851057e-01
6.3282190651e+02	9.3068099022e-01	7.1308159828e-01	8.3003693819e-01
6.3324161595e+02	9.3155294657e-01	7.1535342932e-01	8.3135551214e-01
6.3366132539e+02	9.3240827322e-01	7.1540933847e-01	8.3211803436e-01
6.3408103483e+02	9.3324726820e-01	7.1748775244e-01	8.3242732286e-01
6.3450074428e+02	9.3407040834e-01	7.1899795532e-01	8.3336293697e-01
6.3492045372e+02	9.3487811089e-01	7.1844053268e-01	8.3334094286e-01
6.3534016316e+02	9.3567067385e-01	7.2277837992e-01	8.3112400770e-01
6.3575987260e+02	9.3644851446e-01	7.2880208492e-01	8.3503699303e-01
6.3617958204e+02	9.3721199036e-01	7.2502970695e-01	8.3494114876e-01
6.3659929148e+02	9.3796145916e-01	7.2477078438e-01	8.3364850283e-01
6.3701900092e+02	9.3869727850e-01	7.2744804621e-01	8.3567386866e-01
6.3743871036e+02	9.3941968679e-01	7.2721701860e-01	8.3632189035e-01
6.3785841980e+02	9.4012916088e-01	7.2299104929e-01	8.3513259888e-01
6.3827812925e+02	9.4082581997e-01	7.2825801373e-01	8.3622217178e-01
6.3869783869e+02	9.4151014090e-01	7.2613799572e-01	8.3690434694e-01
6.3911754813e+02	9.4218230247e-01	7.2479242086e-01	8.3763557673e-01
6.3953725757e+02	9.4284266233e-01	7.3088026047e-01	8.3878713846e-01
6.3995696701e+02	9.4349139929e-01	7.3165184259e-01	8.3877354860e-01
6.4037667645e+02	9.4412893057e-01	7.2931796312e-01	8.3727407455e-01
6.4079638589e+02	9.4475537539e-01	7.3138815165e-01	8.4256505966e-01
6.4121609533e+02	9.4537103176e-01	7.3202633858e-01	8.4103274345e-01
6.4163580478e+02	9.4597613811e-01	7.3244476318e-01	8.4143543243e-01
6.4205551422e+02	9.4657099247e-01	7.3464089632e-01	8.4152936935e-01
6.4247522366e+02	9.4715577364e-01	7.3410683870e-01	8.4275269508e-01
6.4289493310e+02	9.4773072004e-01	7.3671084642e-01	8.4490066767e-01
6.4331464254e+02	9.4829601049e-01	7.3660814762e-01	8.4424072504e-01
6.4373435198e+02	9.4885194302e-01	7.3841124773e-01	8.4496712685e-01
6.4415406142e+02	9.4939863682e-01	7.3971396685e-01	8.4611588717e-01
6.4457377086e+02	9.4993638992e-01	7.4002468586e-01	8.4583562613e-01
6.4499348031e+02	9.5046532154e-01	7.4175262451e-01	8.4550094604e-01
6.4541318975e+02	9.5098561049e-01	7.4224996567e-01	8.4584707022e-01
6.4583289919e+02	9.5149755478e-01	7.4346876144e-01	8.4587019682e-01
6.4625260863e+02	9.5200121403e-01	7.4391156435e-01	8.4696841240e-01
6.4667231807e+02	9.5249676704e-01	7.4442625046e-01	8.4715223312e-01
6.4709202751e+02	9.5298451185e-01	7.4522501230e-01	8.4745818377e-01
6.4751173695e+02	9.5346450806e-01	7.4608433247e-01	8.4838014841e-01
6.4793144639e+02	9.5393693447e-01	7.4642479420e-01	8.4802067280e-01
6.4835115583e+02	9.5440196991e-01	7.4716007710e-01	8.4887617826e-01
6.4877086528e+02	9.5485973358e-01	7.4800235033e-01	8.5004317760e-01
6.4919057472e+02	9.5531040430e-01	7.4817103148e-01	8.4971594810e-01
6.4961028416e+02	9.5575416088e-01	7.4870777130e-01	8.5050374269e-01
6.5002999360e+02	9.5619106293e-01	7.4941754341e-01	8.5024625063e-01
6.5044970304e+02	9.5662134886e-01	7.5013178587e-01	8.5075026751e-01
6.5086941248e+02	9.5704507828e-01	7.5071781874e-01	8.5129982233e-01
6.5128912192e+02	9.5746237040e-01	7.5100857019e-01	8.5177904367e-01
6.5170883136e+02	9.5787346363e-01	7.5179213285e-01	8.5147780180e-01
6.5212854081e+02	9.5827835798e-01	7.5215494633e-01	8.5253554583e-01
6.5254825025e+02	9.5867723227e-01	7.5326704979e-01	8.5253822803e-01
6.5296795969e+02	9.5907026529e-01	7.5364595652e-01	8.5283327103e-01
6.5338766913e+02	9.5945745707e-01	7.5391292572e-01	8.5367637873e-01
6.5380737857e+02	9.5983898640e-01	7.5466024876e-01	8.5386455059e-01
6.5422708801e+02	9.6021497250e-01	7.5520843267e-01	8.5421419144e-01
6.5464679745e+02	9.6058547497e-01	7.5573337078e-01	8.5457342863e-01
6.5506650689e+02	9.6095067263e-01	7.5620168447e-01	8.5550391674e-01
6.5548621634e+02	9.6131062508e-01	7.5721830130e-01	8.5552871227e-01
6.5590592578e+02	9.6166539192e-01	7.5745689869e-01	8.5588836670e-01
6.5632563522e+02	9.6201515198e-01	7.5793159008e-01	8.5567378998e-01
6.5674534466e+02	9.6235996485e-01	7.5913727283e-01	8.5661637783e-01
6.5716505410e+02	9.6269994974e-01	7.5905966759e-01	8.5690045357e-01
6.5758476354e+02	9.6303510666e-01	7.6014268398e-01	8.5692024231e-01
6.5800447298e+02	9.6336561441e-01	7.6113814116e-01	8.5713821650e-01
6.5842418242e+02	9.6369159222e-01	7.6168197393e-01	8.5802024603e-01
6.5884389186e+02	9.6401298046e-01	7.6211327314e-01	8.5812538862e-01
6.5926360131e+02	9.6433001757e-01	7.6298564672e-01	8.5864895582e-01
6.5968331075e+02	9.6464270353e-01	7.6310616732e-01	8.5902029276e-01
6.6010302019e+02	9.6495115757e-01	7.6376956701e-01	8.5949510336e-01
6.6052272963e+02	9.6525537968e-01	7.6429760456e-01	8.5946649313e-01
6.6094243907e+02	9.6555554867e-01	7.6499050856e-01	8.5991233587e-01
6.6136214851e+02	9.6585166454e-01	7.6528853178e-01	8.6007571220e-01
6.6178185795e+02	9.6614384651e-01	7.6572865248e-01	8.6093473434e-01
6.6220156739e+02	9.6643209457e-01	7.6628780365e-01	8.6135208607e-01
6.6262127684e+02	9.6671658754e-01	7.6731145382e-01	8.6096966267e-01
6.6304098628e+02	9.6699732542e-01	7.6749092340e-01	8.6145752668e-01
6.6346069572e+02	9.6727436781e-01	7.6793205738e-01	8.6204177141e-01
6.6388040516e+02	9.6754777431e-01	7.6842892170e-01	8.6205261946e-01
6.6430011460e+02	9.6781766415e-01	7.6887416840e-01	8.6232334375e-01
6.6471982404e+02	9.6808403730e-01	7.6934480667e-01	8.6234086752e-01
6.6513953348e+02	9.6834701300e-01	7.6993250847e-01	8.6215889454e-01
6.6555924292e+02	9.6860659122e-01	7.7037090063e-01	8.6243319511e-01
6.6597895237e+02	9.6886289120e-01	7.7040559053e-01	8.6254703999e-01
6.6639866181e+02	9.6911591291e-01	7.7094089985e-01	8.6230623722e-01
6.6681837125e+02	9.6936571598e-01	7.7153462172e-01	8.6294215918e-01
6.6723808069e+02	9.6961241961e-01	7.7152287960e-01	8.6232626438e-01
6.6765779013e+02	9.6985602379e-01	7.7237838507e-01	8.6199527979e-01
6.6807749957e+02	9.7009652853e-01	7.7272284031e-01	8.6218672991e-01
6.6849720901e+02	9.7033411264e-01	7.7335751057e-01	8.6170053482e-01
6.6891691845e+02	9.7056877613e-01	7.7340853214e-01	8.6180162430e-01
6.6933662789e+02	9.7080045938e-01	7.7401286364e-01	8.6172354221e-01
6.6975633734e+02	9.7102940083e-01	7.7468150854e-01	8.6199998856e-01
6.7017604678e+02	9.7125548124e-01	7.7529406548e-01	8.6227393150e-01
6.7059575622e+02	9.7147881985e-01	7.7553820610e-01	8.6230373383e-01
6.7101546566e+02	9.7169947624e-01	7.7623891830e-01	8.6205464602e-01
6.7143517510e+02	9.7191751003e-01	7.7658778429e-01	8.6214542389e-01
6.7185488454e+02	9.7213286161e-01	7.7719837427e-01	8.6199706793e-01
6.7227459398e+02	9.7234565020e-01	7.7751934528e-01	8.6214333773e-01
6.7269430342e+02	9.7255593538e-01	7.7804744244e-01	8.6177486181e-01
6.7311401287e+02	9.7276371717e-01	7.7864652872e-01	8.6226820946e-01
6.7353372231e+02	9.7296905518e-01	7.7909487486e-01	8.6184889078e-01
6.7395343175e+02	9.7317194939e-01	7.7979487181e-01	8.6211383343e-01
6.7437314119e+02	9.7337251902e-01	7.8053832054e-01	8.6203229427e-01
6.7479285063e+02	9.7357070446e-01	7.8126943111e-01	8.6202186346e-01
6.7521256007e+02	9.7376662493e-01	7.8165918589e-01	8.6233246326e-01
6.7563226951e+02	9.7396028042e-01	7.8247106075e-01	8.6197155714e-01
6.7605197895e+02	9.7415167093e-01	7.8320962191e-01	8.6205065250e-01
6.7647168840e+02	9.7434091568e-01	7.8435456753e-01	8.6200547218e-01
6.7689139784e+02	9.7452795506e-01	7.8513914347e-01	8.6253976822e-01
6.7731110728e+02	9.7471290827e-01	7.8584223986e-01	8.6260885000e-01
6.7773081672e+02	9.7489577532e-01	7.8686964512e-01	8.6209148169e-01
6.7815052616e+02	9.7507655621e-01	7.8752934933e-01	8.6283206940e-01
6.7857023560e+02	9.7525531054e-01	7.8818613291e-01	8.6189883947e-01
6.7898994504e+02	9.7543203831e-01	7.8904193640e-01	8.6276084185e-01
6.7940965448e+02	9.7560685873e-01	7.8988724947e-01	8.6231720448e-01
6.7982936392e+02	9.7577971220e-01	7.9049426317e-01	8.6232298613e-01
6.8024907337e+02	9.7595059872e-01	7.9115670919e-01	8.6283671856e-01
6.8066878281e+02	9.7611969709e-01	7.9197853804e-01	8.6286801100e-01
6.8108849225e+02	9.7628688812e-01	7.9258972406e-01	8.6318844557e-01
6.8150820169e+02	9.7645223141e-01	7.9318988323e-01	8.6292326450e-01
6.8192791113e+02	9.7661584616e-01	7.9384815693e-01	8.6315953732e-01
6.8234762057e+02	9.7677761316e-01	7.9444479942e-01	8.6321556568e-01
6.8276733001e+02	9.7693771124e-01	7.9512971640e-01	8.6294251680e-01
6.8318703945e+02	9.7709602118e-01	7.9575914145e-01	8.6336249113e-01
6.8360674890e+02	9.7725266218e-01	7.9615819454e-01	8.6367690563e-01
6.8402645834e+02	9.7740763426e-01	7.9668587446e-01	8.6338901520e-01
6.8444616778e+02	9.7756093740e-01	7.9729026556e-01	8.6327713728e-01
6.8486587722e+02	9.7771263123e-01	7.9770016670e-01	8.6367583275e-01
6.8528558666e+02	9.7786277533e-01	7.9820424318e-01	8.6329650879e-01
6.8570529610e+02	9.7801125050e-01	7.9871767759e-01	8.6314195395e-01
6.8612500554e+02	9.7815823555e-01	7.9922789335e-01	8.6301440001e-01
6.8654471498e+02	9.7830367088e-01	7.9972422123e-01	8.6337870359e-01
6.8696442443e+02	9.7844761610e-01	8.0031943321e-01	8.6276358366e-01
6.8738413387e+02	9.7859001160e-01	8.0085289478e-01	8.6330837011e-01
6.8780384331e+02	9.7873097658e-01	8.0136460066e-01	8.6307179928e-01
6.8822355275e+02	9.7887051105e-01	8.0169749260e-01	8.6301112175e-01
6.8864326219e+02	9.7900855541e-01	8.0232232809e-01	8.6301875114e-01
6.8906297163e+02	9.7914522886e-01	8.0277210474e-01	8.6286544800e-01
6.8948268107e+02	9.7928053141e-01	8.0335575342e-01	8.6268621683e-01
6.8990239051e+02	9.7941446304e-01	8.0372637510e-01	8.6256581545e-01
6.9032209995e+02	9.7954702377e-01	8.0426716805e-01	8.6204302311e-01
6.9074180940e+02	9.7967827320e-01	8.0463206768e-01	8.6263281107e-01
6.9116151884e+02	9.7980821133e-01	8.0510103703e-01	8.6237609386e-01
6.9158122828e+02	9.7993683815e-01	8.0564689636e-01	8.6235380173e-01
6.9200093772e+02	9.8006415367e-01	8.0609917641e-01	8.6199212074e-01
6.9242064716e+02	9.8019027710e-01	8.0671614408e-01	8.6235237122e-01
6.9284035660e+02	9.8031508923e-01	8.0722570419e-01	8.6218273640e-01
6.9326006604e+02	9.8043870926e-01	8.0747598410e-01	8.6191272736e-01
6.9367977548e+02	9.8056107759e-01	8.0821794271e-01	8.6263215542e-01
6.9409948493e+02	9.8068231344e-01	8.0843985081e-01	8.6224532127e-01
6.9451919437e+02	9.8080235720e-01	8.0885875225e-01	8.6218529940e-01
6.9493890381e+02	9.8092120886e-01	8.0937308073e-01	8.6208033562e-01
6.9535861325e+02	9.8103892803e-01	8.0996859074e-01	8.6197936535e-01
6.9577832269e+02	9.8115545511e-01	8.1018877029e-01	8.6210858822e-01
6.9619803213e+02	9.8127096891e-01	8.1078571081e-01	8.6202973127e-01
6.9661774157e+02	9.8138529062e-01	8.1125658751e-01	8.6191725731e-01
6.9703745101e+02	9.8149853945e-01	8.1174463034e-01	8.6195212603e-01
6.9745716046e+02	9.8161077499e-01	8.1222933531e-01	8.6169129610e-01
6.9787686990e+02	9.8172187805e-01	8.1266832352e-01	8.6219513416e-01
6.9829657934e+02	9.8183196783e-01	8.1314176321e-01	8.6194974184e-01
6.9871628878e+02	9.8194098473e-01	8.1361365318e-01	8.6252546310e-01
6.9913599822e+02	9.8204904795e-01	8.1402069330e-01	8.6227369308e-01
6.9955570766e+02	9.8215603828e-01	8.1448847055e-01	8.6220854521e-01
6.9997541710e+02	9.8226207495e-01	8.1489229202e-01	8.6212968826e-01
7.0039512654e+02	9.8236709833e-01	8.1567662954e-01	8.6239701509e-01
7.0081483598e+02	9.8247116804e-01	8.1573289633e-01	8.6216086149e-01
7.0123454543e+02	9.8257428408e-01	8.1628870964e-01	8.6217248440e-01
7.0165425487e+02	9.8267644644e-01	8.1684589386e-01	8.6190289259e-01
7.0207396431e+02	9.8277765512e-01	8.1715935469e-01	8.6209315062e-01
7.0249367375e+02	9.8287796974e-01	8.1759154797e-01	8.6188566685e-01
7.0291338319e+02	9.8297739029e-01	8.1819564104e-01	8.6178815365e-01
7.0333309263e+02	9.8307585716e-01	8.1849706173e-01	8.6196643114e-01
7.0375280207e+02	9.8317342997e-01	8.1917226315e-01	8.6187034845e-01
7.0417251151e+02	9.8327016830e-01	8.1928974390e-01	8.6189478636e-01
7.0459222096e+02	9.8336601257e-01	8.1986677647e-01	8.6143082380e-01
7.0501193040e+02	9.8346102238e-01	8.2000738382e-01	8.6184346676e-01
7.0543163984e+02	9.8355519772e-01	8.2039111853e-01	8.6176484823e-01
7.0585134928e+02	9.8364847898e-01	8.2123619318e-01	8.6158192158e-01
7.0627105872e+02	9.8374098539e-01	8.2177776098e-01	8.6164367199e-01
7.0669076816e+02	9.8383265734e-01	8.2200455666e-01	8.6152416468e-01
7.0711047760e+02	9.8392355442e-01	8.2248866558e-01	8.6164432764e-01
7.0753018704e+02	9.8401361704e-01	8.2268840075e-01	8.6159980297e-01
7.0794989649e+02	9.8410290480e-01	8.2319158316e-01	8.6162060499e-01
7.0836960593e+02	9.8419135809e-01	8.2368463278e-01	8.6131483316e-01
7.0878931537e+02	9.8427909613e-01	8.2411950827e-01	8.6113798618e-01
7.0920902481e+02	9.8436611891e-01	8.2443434000e-01	8.6135756969e-01
7.0962873425e+02	9.8445230722e-01	8.2496136427e-01	8.6101645231e-01
7.1004844369e+02	9.8453778028e-01	8.2545936108e-01	8.6137360334e-01
7.1046815313e+02	9.8462253809e-01	8.2575809956e-01	8.6067616940e-01
7.1088786257e+02	9.8470658064e-01	8.2621395588e-01	8.6054748297e-01
7.1130757201e+02	9.8478990793e-01	8.2664000988e-01	8.6053812504e-01
7.1172728146e+02	9.8487246037e-01	8.2713991404e-01	8.6016803980e-01
7.1214699090e+02	9.8495441675e-01	8.2747113705e-01	8.6032116413e-01
7.1256670034e+02	9.8503559828e-01	8.2781076431e-01	8.6024969816e-01
7.1298640978e+02	9.8511612415e-01	8.2827699184e-01	8.5980951786e-01
7.1340611922e+02	9.8519599438e-01	8.2871186733e-01	8.5988575220e-01
7.1382582866e+02	9.8527514935e-01	8.2915723324e-01	8.5982793570e-01
7.1424553810e+02	9.8535364866e-01	8.2946145535e-01	8.5943007469e-01
7.1466524754e+02	9.8543155193e-01	8.2990515232e-01	8.5931915045e-01
7.1508495699e+02	9.8550873995e-01	8.3044373989e-01	8.5926586390e-01
7.1550466643e+02	9.8558533192e-01	8.3081644773e-01	8.5895669460e-01
7.1592437587e+02	9.8566132784e-01	8.3119380474e-01	8.5893583298e-01
7.1634408531e+02	9.8573660851e-01	8.3143556118e-01	8.5895711184e-01
7.1676379475e+02	9.8581135273e-01	8.3190459013e-01	8.5795617104e-01
7.1718350419e+02	9.8588544130e-01	8.3235418797e-01	8.5836499929e-01
7.1760321363e+02	9.8595893383e-01	8.3265876770e-01	8.5855019093e-01
7.1802292307e+02	9.8603183031e-01	8.3284103870e-01	8.5769122839e-01
7.1844263252e+02	9.8610413074e-01	8.3351868391e-01	8.5799729824e-01
7.1886234196e+02	9.8617589474e-01	8.3400934935e-01	8.5781717300e-01
7.1928205140e+02	9.8624700308e-01	8.3411943913e-01	8.5781842470e-01
7.1970176084e+02	9.8631763458e-01	8.3450305462e-01	8.5689735413e-01
7.2012147028e+02	9.8638761044e-01	8.3486253023e-01	8.5683888197e-01
7.2054117972e+02	9.8645710945e-01	8.3522647619e-01	8.5682344437e-01
7.2096088916e+02	9.8652601242e-01	8.3574873209e-01	8.5681813955e-01
7.2138059860e+02	9.8659431934e-01	8.3604717255e-01	8.5670799017e-01
7.2180030804e+02	9.8666214943e-01	8.3658105135e-01	8.5583335161e-01
7.2222001749e+02	9.8672944307e-01	8.3699882030e-01	8.5575407743e-01
7.2263972693e+02	9.8679620028e-01	8.3710557222e-01	8.5583877563e-01
7.2305943637e+02	9.8686242104e-01	8.3758097887e-01	8.5578984022e-01
7.2347914581e+02	9.8692816496e-01	8.3784413338e-01	8.5501897335e-01
7.2389885525e+02	9.8699331284e-01	8.3828413486e-01	8.5542881489e-01
7.2431856469e+02	9.8705804348e-01	8.3843845129e-01	8.5514831543e-01
7.2473827413e+02	9.8712223768e-01	8.3897215128e-01	8.5471838713e-01
7.2515798357e+02	9.8718589544e-01	8.3934092522e-01	8.5435724258e-01
7.2557769302e+02	9.8724913597e-01	8.3972603083e-01	8.5398930311e-01
7.2599740246e+02	9.8731184006e-01	8.4017211199e-01	8.5377627611e-01
7.2641711190e+02	9.8737406731e-01	8.4044259787e-01	8.5381913185e-01
7.2683682134e+02	9.8743581772e-01	8.4084856510e-01	8.5373544693e-01
7.2725653078e+02	9.8749715090e-01	8.4132552147e-01	8.5382694006e-01
7.2767624022e+02	9.8755794764e-01	8.4154409170e-01	8.5322624445e-01
7.2809594966e+02	9.8761832714e-01	8.4201109409e-01	8.5259020329e-01
7.2851565910e+02	9.8767822981e-01	8.4226584435e-01	8.5264194012e-01
7.2893536855e+02	9.8773771524e-01	8.4274196625e-01	8.5226953030e-01
7.2935507799e+02	9.8779672384e-01	8.4278804064e-01	8.5204082727e-01
7.2977478743e+02	9.8785525560e-01	8.4320676327e-01	8.5209721327e-01
7.3019449687e+02	9.8791342974e-01	8.4362560511e-01	8.5150599480e-01
7.3061420631e+02	9.8797106743e-01	8.4398716688e-01	8.5188734531e-01
7.3103391575e+02	9.8802834749e-01	8.4415102005e-01	8.5100764036e-01
7.3145362519e+02	9.8808521032e-01	8.4460198879e-01	8.5080826283e-01
7.3187333463e+02	9.8814165592e-01	8.4496015310e-01	8.5070741177e-01
7.3229304407e+02	9.8819762468e-01	8.4525126219e-01	8.5054463148e-01
7.3271275352e+02	9.8825323582e-01	8.4564667940e-01	8.4979373217e-01
7.3313246296e+02	9.8830842972e-01	8.4597700834e-01	8.4961402416e-01
7.3355217240e+02	9.8836320639e-01	8.4610462189e-01	8.4973853827e-01
7.3397188184e+02	9.8841756582e-01	8.4663093090e-01	8.4885442257e-01
7.3439159128e+02	9.8847156763e-01	8.4696942568e-01	8.4911000729e-01
7.3481130072e+02	9.8852515221e-01	8.4734451771e-01	8.4910774231e-01
7.3523101016e+02	9.8857837915e-01	8.4758841991e-01	8.4820187092e-01
7.3565071960e+02	9.8863118887e-01	8.4802180529e-01	8.4866809845e-01
7.3607042905e+02	9.8868364096e-01	8.4824579954e-01	8.4857231379e-01
7.3649013849e+02	9.8873573542e-01	8.4867089987e-01	8.4751945734e-01
7.3690984793e+02	9.8878741264e-01	8.4904664755e-01	8.4733164310e-01
7.3732955737e+02	9.8883873224e-01	8.4923970699e-01	8.4713304043e-01
7.3774926681e+02	9.8888969421e-01	8.4963381290e-01	8.4733945131e-01
7.3816897625e+02	9.8894029856e-01	8.4994465113e-01	8.4681862593e-01
7.3858868569e+02	9.8899054527e-01	8.5021936893e-01	8.4642374516e-01
7.3900839513e+02	9.8904043436e-01	8.5072457790e-01	8.4618222713e-01
7.3942810458e+02	9.8908996582e-01	8.5103034973e-01	8.4599709511e-01
7.3984781402e+02	9.8913913965e-01	8.5123807192e-01	8.4524935484e-01
7.4026752346e+02	9.8918801546e-01	8.5158640146e-01	8.4507733583e-01
7.4068723290e+02	9.8923647404e-01	8.5173380375e-01	8.4562265873e-01
7.4110694234e+02	9.8928463459e-01	8.5206925869e-01	8.4468764067e-01
7.4152665178e+02	9.8933249712e-01	8.5248225927e-01	8.4454303980e-01
7.4194636122e+02	9.8937994242e-01	8.5275870562e-01	8.4480041265e-01
7.4236607066e+02	9.8942714930e-01	8.5306829214e-01	8.4388232231e-01
7.4278578010e+02	9.8947399855e-01	8.5345733166e-01	8.4367537498e-01
7.4320548955e+02	9.8952049017e-01	8.5369145870e-01	8.4419983625e-01
7.4362519899e+02	9.8956668377e-01	8.5413128138e-01	8.4395247698e-01
7.4404490843e+02	9.8961257935e-01	8.5420531034e-01	8.4273368120e-01
7.4446461787e+02	9.8965811729e-01	8.5464012623e-01	8.4230440855e-01
7.4488432731e+02	9.8970335722e-01	8.5489863157e-01	8.4218859673e-01
7.4530403675e+02	9.8974835873e-01	8.5521209240e-01	8.4208935499e-01
7.4572374619e+02	9.8979300261e-01	8.5554486513e-01	8.4200656414e-01
7.4614345563e+02	9.8983728886e-01	8.5584449768e-01	8.4121721983e-01
7.4656316508e+02	9.8988133669e-01	8.5609835386e-01	8.4106355906e-01
7.4698287452e+02	9.8992508650e-01	8.5658633709e-01	8.4065371752e-01
7.4740258396e+02	9.8996853828e-01	8.5673451424e-01	8.4012979269e-01
7.4782229340e+02	9.9001169205e-01	8.5715943575e-01	8.4002101421e-01
7.4824200284e+02	9.9005460739e-01	8.5756629705e-01	8.4031212330e-01
7.4866171228e+02	9.9009716511e-01	8.5782605410e-01	8.3976167440e-01
7.4908142172e+02	9.9013948441e-01	8.5805004835e-01	8.3929687738e-01
7.4950113116e+02	9.9018150568e-01	8.5840630531e-01	8.3920872211e-01
7.4992084061e+02	9.9022322893e-01	8.5875171423e-01	8.3805292845e-01
7.5034055005e+02	9.9026471376e-01	8.5898596048e-01	8.3825659752e-01
7.5076025949e+02	9.9030590057e-01	8.5927021503e-01	8.3767986298e-01
7.5117996893e+02	9.9034678936e-01	8.5963058472e-01	8.3763986826e-01
7.5159967837e+02	9.9038743973e-01	8.5982471704e-01	8.3680385351e-01
7.5201938781e+02	9.9042785168e-01	8.6010259390e-01	8.3696091175e-01
7.5243909725e+02	9.9046796560e-01	8.6058312654e-01	8.3649575710e-01
7.5285880669e+02	9.9050784111e-01	8.6091822386e-01	8.3608996868e-01
7.5327851613e+02	9.9054741859e-01	8.6110281944e-01	8.3594483137e-01
7.5369822558e+02	9.9058681726e-01	8.6137259007e-01	8.3510494232e-01
7.5411793502e+02	9.9062585831e-01	8.6183506250e-01	8.3511030674e-01
7.5453764446e+02	9.9066472054e-01	8.6202692986e-01	8.3460283279e-01
7.5495735390e+02	9.9070328474e-01	8.6232286692e-01	8.3451110125e-01
7.5537706334e+02	9.9074167013e-01	8.6259752512e-01	8.3433675766e-01
7.5579677278e+02	9.9077975750e-01	8.6287897825e-01	8.3407717943e-01
7.5621648222e+02	9.9081760645e-01	8.6320608854e-01	8.3359616995e-01
7.5663619166e+02	9.9085521698e-01	8.6353313923e-01	8.3330631256e-01
7.5705590111e+02	9.9089258909e-01	8.6373817921e-01	8.3296847343e-01
7.5747561055e+02	9.9092972279e-01	8.6411881447e-01	8.3270877600e-01
7.5789531999e+02	9.9096661806e-01	8.6438995600e-01	8.3217370510e-01
7.5831502943e+02	9.9100327492e-01	8.6474281549e-01	8.3214879036e-01
7.5873473887e+02	9.9103975296e-01	8.6498987675e-01	8.3173811436e-01
7.5915444831e+02	9.9107593298e-01	8.6511051655e-01	8.3135521412e-01
7.5957415775e+02	9.9111193419e-01	8.6558091640e-01	8.3149963617e-01
7.5999386719e+02	9.9114769697e-01	8.6582893133e-01	8.3085864782e-01
7.6041357664e+02	9.9118322134e-01	8.6618053913e-01	8.3033680916e-01
7.6083328608e+02	9.9121850729e-01	8.6645901203e-01	8.3024501801e-01
7.6125299552e+02	9.9125361443e-01	8.6657524109e-01	8.3033049107e-01
7.6167270496e+02	9.9128848314e-01	8.6692446470e-01	8.2955634594e-01
7.6209241440e+02	9.9132317305e-01	8.6721938848e-01	8.2940357924e-01
7.6251212384e+02	9.9135762453e-01	8.6747491360e-01	8.2911515236e-01
7.6293183328e+02	9.9139183760e-01	8.6770004034e-01	8.2834309340e-01
7.6335154272e+02	9.9142587185e-01	8.6802387238e-01	8.2826668024e-01
7.6377125216e+02	9.9145966768e-01	8.6830681562e-01	8.2849812508e-01
7.6419096161e+02	9.9149328470e-01	8.6858797073e-01	8.2775300741e-01
7.6461067105e+02	9.9152666330e-01	8.6883670092e-01	8.2739949226e-01
7.6503038049e+02	9.9155986309e-01	8.6901354790e-01	8.2719486952e-01
7.6545008993e+02	9.9159288406e-01	8.6925637722e-01	8.2723557949e-01
7.6586979937e+02	9.9162566662e-01	8.6956751347e-01	8.2671260834e-01
7.6628950881e+02	9.9165827036e-01	8.6986643076e-01	8.2649070024e-01
7.6670921825e+02	9.9169069529e-01	8.7005811930e-01	8.2642197609e-01
7.6712892769e+02	9.9172288179e-01	8.7045383453e-01	8.2561099529e-01
7.6754863714e+02	9.9175488949e-01	8.7073636055e-01	8.2547289133e-01
7.6796834658e+02	9.9178671837e-01	8.7097358704e-01	8.2535177469e-01
7.6838805602e+02	9.9181836843e-01	8.7108862400e-01	8.2478845119e-01
7.6880776546e+02	9.9184978008e-01	8.7134850025e-01	8.2504475117e-01
7.6922747490e+02	9.9188107252e-01	8.7155437469e-01	8.2432150841e-01
7.6964718434e+02	9.9191212654e-01	8.7174910307e-01	8.2406139374e-01
7.7006689378e+02	9.9194300175e-01	8.7210148573e-01	8.2386332750e-01
7.7048660322e+02	9.9197369814e-01	8.7240093946e-01	8.2364487648e-01
7.7090631267e+02	9.9200421572e-01	8.7261927128e-01	8.2322794199e-01
7.7132602211e+02	9.9203455448e-01	8.7275445461e-01	8.2304435968e-01
7.7174573155e+02	9.9206471443e-01	8.7309300900e-01	8.2321131229e-01
7.7216544099e+02	9.9209469557e-01	8.7322527170e-01	8.2293599844e-01
7.7258515043e+02	9.9212455750e-01	8.7355780602e-01	8.2236939669e-01
7.7300485987e+02	9.9215418100e-01	8.7385755777e-01	8.2195883989e-01
7.7342456931e+02	9.9218362570e-01	8.7399888039e-01	8.2187277079e-01
7.7384427875e+02	9.9221289158e-01	8.7411552668e-01	8.2177245617e-01
7.7426398819e+02	9.9224203825e-01	8.7441903353e-01	8.2119524479e-01
7.7468369764e+02	9.9227100611e-01	8.7473160028e-01	8.2052975893e-01
7.7510340708e+02	9.9229979515e-01	8.7482649088e-01	8.2117289305e-01
7.7552311652e+02	9.9232840538e-01	8.7497550249e-01	8.2058817148e-01
7.7594282596e+02	9.9235683680e-01	8.7529128790e-01	8.2008373737e-01
7.7636253540e+02	9.9238514900e-01	8.7547868490e-01	8.2010316849e-01
7.7678224484e+02	9.9241328239e-01	8.7575292587e-01	8.1944900751e-01
7.7720195428e+02	9.9244123697e-01	8.7589031458e-01	8.1964194775e-01
7.7762166372e+02	9.9246907234e-01	8.7608999014e-01	8.1912064552e-01
7.7804137317e+02	9.9249672890e-01	8.7619978189e-01	8.1909859180e-01
7.7846108261e+02	9.9252420664e-01	8.7657070160e-01	8.1871974468e-01
7.7888079205e+02	9.9255156517e-01	8.7666654587e-01	8.1876391172e-01
7.7930050149e+02	9.9257874489e-01	8.7694060802e-01	8.1756454706e-01
7.7972021093e+02	9.9260574579e-01	8.7709355354e-01	8.1749206781e-01
7.8013992037e+02	9.9263262749e-01	8.7722736597e-01	8.1716775894e-01
7.8055962981e+02	9.9265933037e-01	8.7745028734e-01	8.1772428751e-01
7.8097933925e+02	9.9268591404e-01	8.7765252590e-01	8.1701481342e-01
7.8139904870e+02	9.9271237850e-01	8.7776565552e-01	8.1668937206e-01
7.8181875814e+02	9.9273860455e-01	8.7790399790e-01	8.1660789251e-01
7.8223846758e+02	9.9276477098e-01	8.7808561325e-01	8.1655019522e-01
7.8265817702e+02	9.9279075861e-01	8.7817353010e-01	8.1551313400e-01
7.8307788646e+02	9.9281656742e-01	8.7838006020e-01	8.1610697508e-01
7.8349759590e+02	9.9284231663e-01	8.7851357460e-01	8.1560617685e-01
7.8391730534e+02	9.9286782742e-01	8.7867766619e-01	8.1519472599e-01
7.8433701478e+02	9.9289327860e-01	8.7891376019e-01	8.1526625156e-01
7.8475672422e+02	9.9291855097e-01	8.7898439169e-01	8.1429535151e-01
7.8517643367e+02	9.9294370413e-01	8.7911450863e-01	8.1444156170e-01
7.8559614311e+02	9.9296867847e-01	8.7931740284e-01	8.1413155794e-01
7.8601585255e+02	9.9299353361e-01	8.7934017181e-01	8.1395059824e-01
7.8643556199e+02	9.9301826954e-01	8.7949985266e-01	8.1376224756e-01
7.8685527143e+02	9.9304282665e-01	8.7966352701e-01	8.1350630522e-01
7.8727498087e+02	9.9306732416e-01	8.7968873978e-01	8.1271725893e-01
7.8769469031e+02	9.9309164286e-01	8.7995803356e-01	8.1297880411e-01
7.8811439975e+02	9.9311584234e-01	8.7999725342e-01	8.1211352348e-01
7.8853410920e+02	9.9313986301e-01	8.8012588024e-01	8.1135654449e-01
7.8895381864e+02	9.9316382408e-01	8.8031840324e-01	8.1127291918e-01
7.8937352808e+02	9.9318760633e-01	8.8032138348e-01	8.1124621630e-01
7.8979323752e+02	9.9321126938e-01	8.8038855791e-01	8.1156450510e-01
7.9021294696e+02	9.9323481321e-01	8.8041347265e-01	8.1092977524e-01
7.9063265640e+02	9.9325823784e-01	8.8054072857e-01	8.1078243256e-01
7.9105236584e+02	9.9328154325e-01	8.8056230545e-01	8.1136602163e-01
7.9147207528e+02	9.9330472946e-01	8.8070982695e-01	8.1065237522e-01
7.9189178473e+02	9.9332779646e-01	8.8077419996e-01	8.1008267403e-01
7.9231149417e+02	9.9335068464e-01	8.8078773022e-01	8.0971872807e-01
7.9273120361e+02	9.9337351322e-01	8.8093841076e-01	8.0970859528e-01
7.9315091305e+02	9.9339616299e-01	8.8092136383e-01	8.0991619825e-01
7.9357062249e+02	9.9341875315e-01	8.8104969263e-01	8.0919808149e-01
7.9399033193e+02	9.9344116449e-01	8.8111299276e-01	8.0883234739e-01
7.9441004137e+02	9.9346351624e-01	8.8115102053e-01	8.0885869265e-01
7.9482975081e+02	9.9348568916e-01	8.8124608994e-01	8.0847227573e-01
7.9524946025e+02	9.9350780249e-01	8.8115072250e-01	8.0814421177e-01
7.9566916970e+02	9.9352979660e-01	8.8116854429e-01	8.0790096521e-01
7.9608887914e+02	9.9355161190e-01	8.8116759062e-01	8.0751603842e-01
7.9650858858e+02	9.9357336760e-01	8.8120019436e-01	8.0742347240e-01
7.9692829802e+02	9.9359500408e-01	8.8119381666e-01	8.0728656054e-01
7.9734800746e+02	9.9361652136e-01	8.8117390871e-01	8.0685746670e-01
7.9776771690e+02	9.9363791943e-01	8.8117891550e-01	8.0726641417e-01
7.9818742634e+02	9.9365925789e-01	8.8106840849e-01	8.0641186237e-01
7.9860713578e+02	9.9368041754e-01	8.8100361824e-01	8.0563640594e-01
7.9902684523e+02	9.9370151758e-01	8.8098287582e-01	8.0624055862e-01
7.9944655467e+02	9.9372249842e-01	8.8095539808e-01	8.0552196503e-01
