406.59852
412.05474
418.77009
425.06573
432.20079
439.75556
447.31033
454.44539
461.58045
468.29581
479.20825
487.18273
494.31779
503.97111
509.84704
518.66094
525.37629
530.41280
537.96757
547.62089
554.75595
566.08811
569.44578
579.51881
588.33271
596.30719
605.12108
613.09556
623.58830
632.82191
640.79639
651.70883
406.59852
412.05474
418.35038
425.48544
432.62050
439.33585
446.89062
454.44539
461.16075
468.71552
477.52941
485.92360
493.89808
501.87256
509.00762
517.82152
524.11716
530.41280
541.32525
545.94205
558.53334
570.70491
569.44578
578.67939
589.17212
596.30719
606.38021
613.09556
622.74888
631.14307
639.95697
648.77087
406.17881
413.31387
419.60951
425.48544
431.78108
439.33585
447.31033
454.02568
459.90162
468.29581
477.52941
485.92360
495.57692
501.87256
509.84704
518.24123
522.85803
530.41280
537.12815
546.78147
555.17566
563.56985
569.86549
578.67939
588.33271
595.88748
603.86196
614.77440
622.74888
630.30365
641.63580
651.28912
406.59852
412.89416
418.77009
425.48544
432.20079
439.75556
446.89062
454.02568
461.58045
468.71552
476.68999
484.66447
492.63895
500.61343
508.16820
516.98210
523.27774
528.73397
536.70844
543.42380
553.07711
561.05159
568.60636
577.42026
587.91300
595.46777
604.70137
612.25614
621.48975
631.14307
640.79639
651.28912
406.59852
412.47445
418.77009
425.48544
432.20079
438.91614
447.73004
454.86510
461.58045
469.13522
476.27028
483.82505
492.21924
500.19372
508.16820
516.14268
525.37629
527.89455
536.28874
543.42380
554.33624
563.15014
569.44578
577.83997
586.23416
595.46777
604.28166
612.25614
620.65033
629.04452
640.79639
650.02999
406.59852
412.47445
418.77009
425.06573
431.78108
438.91614
446.47091
453.18627
460.74104
467.87610
475.01116
482.56593
490.96012
498.93459
506.90907
514.46384
524.53687
527.89455
535.02961
543.00409
552.65740
562.73043
569.44578
579.09910
586.65387
595.04806
603.02254
613.51527
621.48975
629.46423
639.95697
651.70883
406.17881
412.89416
419.18980
425.48544
432.62050
439.75556
447.31033
454.86510
462.00016
469.13522
475.85058
483.40535
491.79953
499.77401
507.32878
515.30326
520.75949
527.47484
535.86903
542.58438
552.65740
560.63188
570.70491
580.77794
585.81445
595.46777
602.60283
611.83643
621.90946
629.04452
640.79639
651.28912
406.59852
412.89416
419.60951
425.90515
433.04021
439.75556
447.73004
454.86510
461.58045
469.13522
477.10970
485.08418
493.05866
501.03314
509.00762
517.40181
521.59890
528.73397
536.70844
544.26321
552.65740
561.47130
568.60636
579.51881
585.81445
593.78893
602.60283
610.99702
620.65033
630.30365
639.95697
650.86941
404.91968
411.63503
418.35038
424.64602
431.36137
438.07673
445.21179
453.60598
460.32133
467.45639
475.85058
483.82505
492.21924
500.19372
507.74849
516.56239
522.85803
528.31426
535.86903
544.26321
552.23769
561.47130
568.60636
579.51881
585.81445
594.20864
603.86196
611.83643
620.23062
629.88394
640.79639
651.28912
406.17881
410.79561
417.51096
423.80660
430.52196
438.07673
445.21179
453.18627
459.90162
466.61697
476.27028
484.24476
492.63895
500.61343
508.58791
516.14268
522.85803
528.73397
537.12815
544.26321
552.23769
561.89101
569.44578
578.67939
587.07358
595.46777
603.86196
613.09556
622.74888
631.14307
639.53726
650.44970
405.33939
411.21532
417.09125
423.80660
430.52196
437.65702
445.63150
452.76656
459.48191
467.03668
476.27028
484.24476
492.21924
500.19372
507.74849
516.14268
523.27774
528.73397
537.96757
545.10263
553.49682
561.89101
570.70491
579.51881
586.65387
595.46777
603.86196
612.67585
621.90946
631.14307
639.95697
650.02999
405.75910
411.21532
417.09125
423.80660
430.94167
437.23731
446.05121
453.18627
459.90162
467.03668
476.27028
483.40535
490.96012
500.19372
507.32878
516.14268
522.01861
529.57338
537.12815
544.68292
553.49682
561.89101
569.44578
578.67939
588.33271
597.98602
605.12108
613.09556
623.16859
632.82191
641.63580
650.86941
405.33939
411.63503
417.51096
424.64602
430.94167
438.07673
445.63150
452.76656
459.48191
467.45639
476.27028
483.82505
492.21924
500.19372
507.74849
515.72297
522.43832
529.15367
537.12815
544.68292
553.49682
561.89101
570.28520
580.35823
587.91300
596.30719
604.28166
613.09556
622.74888
631.56278
641.21610
649.61028
405.33939
411.21532
417.09125
423.80660
430.94167
437.23731
445.21179
452.76656
458.64249
467.03668
475.85058
483.82505
491.79953
500.19372
507.74849
515.72297
522.43832
528.73397
537.12815
544.26321
553.07711
561.05159
571.54433
579.93852
587.07358
596.30719
605.54079
613.51527
622.74888
631.56278
642.05551
650.86941
404.91968
410.79561
417.51096
423.80660
430.52196
438.07673
445.63150
453.18627
459.90162
466.61697
475.85058
483.82505
491.79953
499.77401
507.74849
515.72297
523.27774
529.57338
537.12815
544.26321
552.65740
562.31072
570.28520
581.19765
587.07358
595.46777
604.70137
613.51527
621.48975
631.98249
640.79639
650.02999
405.33939
410.79561
417.09125
423.80660
430.52196
437.65702
445.21179
452.76656
459.90162
467.03668
476.27028
484.24476
492.21924
500.19372
507.32878
516.14268
523.69745
529.99309
537.12815
545.94205
553.49682
562.31072
571.12462
580.35823
587.07358
596.72689
605.12108
614.35469
623.16859
632.40220
641.21610
651.28912
404.91968
410.79561
417.09125
423.38690
430.52196
437.65702
445.21179
452.76656
459.06220
466.19726
476.27028
483.40535
492.63895
500.61343
508.58791
516.56239
522.85803
529.57338
537.96757
546.36176
554.33624
561.89101
571.12462
579.93852
587.91300
596.30719
605.54079
614.77440
623.58830
632.40220
641.21610
651.28912
404.91968
410.37590
416.67154
423.80660
430.52196
437.23731
445.21179
452.34685
459.48191
466.61697
476.68999
484.66447
491.79953
501.03314
508.58791
516.14268
523.27774
529.57338
538.38728
544.68292
553.91653
562.31072
571.12462
580.35823
587.91300
595.88748
604.70137
614.35469
623.16859
631.14307
642.47522
650.86941
404.91968
410.37590
417.09125
423.38690
430.52196
437.65702
445.21179
452.34685
459.48191
466.61697
477.52941
484.24476
492.63895
500.61343
509.00762
516.98210
522.85803
528.73397
537.12815
545.52234
553.07711
562.73043
570.70491
580.35823
587.91300
596.30719
604.70137
613.09556
622.74888
632.82191
640.79639
650.86941
404.91968
410.79561
417.51096
423.38690
430.52196
438.07673
444.79208
452.76656
459.48191
466.19726
476.27028
484.24476
492.63895
500.61343
508.16820
516.14268
522.85803
529.57338
536.70844
545.10263
553.91653
562.73043
571.12462
581.19765
588.75242
596.72689
605.54079
615.61382
624.84743
632.82191
641.63580
651.28912
404.91968
410.79561
417.09125
423.80660
430.52196
437.65702
445.21179
452.76656
459.48191
466.61697
477.10970
485.08418
493.47837
501.45285
509.42733
517.40181
522.43832
530.41280
537.54786
545.52234
553.07711
562.31072
570.70491
579.93852
589.17212
596.72689
605.96050
614.77440
623.58830
631.98249
641.63580
652.12854
404.91968
410.79561
417.09125
423.80660
430.52196
437.65702
445.21179
452.76656
459.06220
466.61697
476.68999
484.66447
492.21924
500.61343
508.58791
516.98210
523.27774
529.99309
537.54786
545.52234
553.07711
562.31072
571.12462
580.35823
589.17212
596.30719
605.96050
615.19411
624.00801
632.82191
641.63580
652.96796
405.33939
410.79561
417.09125
423.80660
430.52196
437.65702
445.63150
453.60598
459.48191
466.61697
477.10970
485.08418
493.47837
500.61343
508.58791
516.56239
522.85803
530.41280
537.54786
545.52234
553.91653
563.15014
571.96404
581.19765
589.17212
596.72689
605.12108
614.35469
623.58830
633.24162
641.63580
651.70883
405.33939
410.79561
417.51096
423.80660
430.94167
438.07673
446.05121
452.76656
459.48191
467.03668
476.68999
484.66447
493.05866
500.61343
508.58791
516.98210
523.27774
529.99309
537.96757
545.52234
553.91653
562.73043
571.96404
581.61735
589.59183
597.56631
605.96050
616.03353
624.84743
634.08103
642.47522
652.54825
405.33939
411.21532
417.51096
424.22631
430.94167
438.49644
445.63150
453.60598
459.90162
467.87610
476.68999
485.08418
493.05866
501.45285
509.84704
517.40181
523.69745
529.99309
537.96757
546.36176
555.17566
563.98956
572.38375
581.61735
589.17212
597.14660
606.38021
616.03353
624.00801
634.08103
643.31464
653.80738
404.91968
410.79561
417.09125
423.38690
431.36137
437.65702
445.21179
453.18627
459.48191
466.61697
475.85058
483.82505
492.21924
500.19372
507.74849
515.72297
523.27774
529.99309
537.54786
544.68292
554.75595
563.15014
571.96404
581.19765
590.01154
597.98602
606.79992
615.61382
625.68685
632.82191
643.73435
652.96796
405.33939
410.79561
417.09125
423.80660
430.94167
437.65702
445.21179
453.18627
459.90162
467.03668
475.43087
483.40535
491.79953
499.35430
506.90907
515.30326
522.01861
529.57338
537.12815
545.10263
552.65740
561.89101
572.38375
582.03706
589.59183
597.98602
608.89847
615.19411
623.58830
634.92045
644.15406
650.86941
405.33939
411.21532
417.51096
424.22631
430.94167
438.07673
446.05121
453.18627
459.90162
467.45639
475.43087
483.40535
491.79953
500.19372
507.74849
515.72297
522.43832
529.99309
537.96757
545.52234
553.49682
562.73043
572.80346
581.19765
588.75242
597.98602
605.54079
616.45324
624.42772
633.24162
644.15406
653.80738
405.33939
411.21532
417.93067
423.80660
431.36137
438.49644
446.05121
453.60598
460.32133
467.03668
476.68999
484.66447
493.05866
501.03314
508.58791
516.98210
523.69745
530.41280
537.96757
546.36176
553.49682
562.31072
571.96404
581.61735
588.75242
597.56631
606.38021
615.19411
623.58830
634.08103
643.73435
651.70883
405.75910
411.21532
417.93067
424.22631
431.36137
438.91614
446.47091
453.60598
460.74104
467.87610
476.68999
484.66447
493.05866
500.61343
509.00762
516.56239
523.69745
530.41280
538.38728
546.36176
552.65740
562.73043
568.60636
582.45677
590.43125
597.56631
606.79992
616.03353
624.84743
637.01900
643.73435
654.64680
405.33939
411.21532
417.51096
424.22631
430.94167
438.91614
446.05121
453.18627
460.32133
467.45639
476.68999
484.66447
493.05866
500.61343
508.58791
516.56239
524.11716
530.41280
538.38728
546.36176
554.75595
563.98956
571.96404
581.19765
589.59183
597.56631
605.12108
616.03353
624.00801
634.08103
646.25261
652.96796
405.33939
411.21532
417.93067
424.22631
430.94167
438.91614
445.21179
453.60598
462.00016
467.45639
476.27028
484.24476
493.05866
500.61343
508.58791
516.56239
523.69745
530.41280
539.22670
546.78147
555.17566
563.56985
573.22317
582.03706
592.52980
597.56631
606.79992
617.29266
627.36568
634.50074
642.05551
653.80738
405.75910
411.21532
417.93067
424.22631
431.36137
438.91614
446.05121
453.60598
460.74104
467.45639
477.10970
485.50389
493.47837
501.03314
509.00762
517.40181
523.69745
531.25222
539.22670
546.78147
556.01508
564.40927
572.80346
582.87648
591.27067
598.40573
609.73789
617.29266
625.26714
634.50074
643.31464
651.70883
405.75910
410.79561
417.93067
424.64602
431.36137
438.49644
446.47091
454.02568
460.32133
467.87610
478.36883
485.50389
492.63895
501.03314
509.42733
516.14268
523.27774
531.67193
539.64641
548.88002
557.27421
564.40927
572.38375
582.87648
591.69038
598.40573
607.21963
619.81091
626.10656
637.85842
643.73435
654.22709
405.75910
411.63503
417.51096
424.64602
431.36137
438.49644
446.47091
453.60598
460.74104
468.71552
477.52941
485.08418
493.89808
501.45285
509.42733
516.56239
523.69745
532.09164
539.64641
547.62089
556.01508
565.24869
574.06258
583.71590
592.11009
598.82544
608.47876
621.07004
627.78539
635.75987
650.02999
657.16505
405.75910
411.63503
418.35038
425.06573
432.20079
440.17527
446.89062
454.44539
459.90162
468.71552
477.52941
485.92360
493.47837
502.71198
511.10617
517.82152
524.95658
532.93106
540.90554
548.04060
556.01508
565.24869
573.64288
584.55532
591.27067
600.08457
609.31818
621.48975
627.36568
636.59929
642.89493
655.90593
405.75910
411.63503
418.35038
425.90515
432.20079
439.33585
446.47091
454.44539
461.58045
469.13522
473.75203
485.50389
494.31779
501.87256
511.94559
517.82152
525.79600
532.09164
540.48583
550.55886
556.43479
564.82898
573.64288
584.55532
591.27067
600.50428
608.47876
620.23062
630.72336
636.59929
645.83290
658.00447
405.75910
411.63503
418.35038
425.48544
432.20079
439.33585
446.89062
454.44539
463.67900
467.45639
477.52941
485.92360
493.47837
500.19372
510.68646
518.24123
526.21571
530.83251
538.38728
549.29973
556.01508
566.08811
573.22317
584.55532
595.04806
599.66486
608.89847
619.39120
626.94597
637.85842
645.83290
657.58476
405.75910
412.05474
418.77009
425.06573
433.04021
438.91614
447.31033
454.86510
461.16075
468.71552
477.94912
486.76302
493.05866
502.29227
509.84704
517.40181
525.37629
532.09164
540.90554
547.62089
557.27421
565.66840
575.74142
583.29619
590.43125
598.82544
610.15760
619.39120
628.20510
637.85842
646.67232
655.48622
406.17881
412.05474
418.35038
425.48544
432.62050
439.75556
446.89062
454.44539
462.00016
468.29581
477.52941
485.92360
493.89808
504.81053
510.26675
518.24123
522.43832
532.51135
539.64641
549.29973
558.95304
565.66840
574.48229
584.13561
591.69038
600.50428
608.89847
622.74888
627.36568
637.85842
646.25261
657.16505
406.59852
412.05474
418.35038
424.22631
432.62050
440.17527
447.73004
454.86510
460.74104
469.13522
477.52941
486.34331
494.31779
503.55140
511.94559
518.24123
524.53687
532.09164
540.48583
550.13915
557.27421
569.02607
577.42026
584.55532
592.94951
599.66486
610.57731
620.65033
627.36568
637.01900
644.99348
649.61028
