wavelength_nm	final_result_transmittance	cst_average_transmittance
3.7973712158e+02	8.5574924946e-01	8.1958045978e-01
3.8015682983e+02	8.5634511709e-01	8.2082654583e-01
3.8057653809e+02	8.5655826330e-01	8.2203775435e-01
3.8099624634e+02	8.5609763861e-01	8.2322071752e-01
3.8141595459e+02	8.5596406460e-01	8.2438117756e-01
3.8183566284e+02	8.5560238361e-01	8.2552406668e-01
3.8225537109e+02	8.5540491343e-01	8.2665358331e-01
3.8267507935e+02	8.5478526354e-01	8.2777326389e-01
3.8309478760e+02	8.5406589508e-01	8.2888604965e-01
3.8351449585e+02	8.5314095020e-01	8.2999434886e-01
3.8393420410e+02	8.5241425037e-01	8.3110009377e-01
3.8435391235e+02	8.5144358873e-01	8.3220479315e-01
3.8477362061e+02	8.5065364838e-01	8.3330958018e-01
3.8519332886e+02	8.4961456060e-01	8.3441525611e-01
3.8561303711e+02	8.4860378504e-01	8.3552233994e-01
3.8603274536e+02	8.4718841314e-01	8.3663108153e-01
3.8645245361e+02	8.4632486105e-01	8.3774149890e-01
3.8687216187e+02	8.4557318687e-01	8.3885342538e-01
3.8729187012e+02	8.4426188469e-01	8.3996652980e-01
3.8771157837e+02	8.4330898523e-01	8.4108034099e-01
3.8813131714e+02	8.4234970808e-01	8.4219435090e-01
3.8855102539e+02	8.4104973078e-01	8.4330771089e-01
3.8897073364e+02	8.4034711123e-01	8.4441973620e-01
3.8939044189e+02	8.3929586411e-01	8.4552959884e-01
3.8981015015e+02	8.3783304691e-01	8.4663642399e-01
3.9022985840e+02	8.3713179827e-01	8.4773930403e-01
3.9064956665e+02	8.3638459444e-01	8.4883731152e-01
3.9106927490e+02	8.3557116985e-01	8.4992951087e-01
3.9148898315e+02	8.3436650038e-01	8.5101496900e-01
3.9190869141e+02	8.3355057240e-01	8.5209276510e-01
3.9232839966e+02	8.3266627789e-01	8.5316199928e-01
3.9274810791e+02	8.3214110136e-01	8.5422180056e-01
3.9316781616e+02	8.3097285032e-01	8.5527133377e-01
3.9358752441e+02	8.2993638515e-01	8.5630980575e-01
3.9400723267e+02	8.2982748747e-01	8.5733642656e-01
3.9442694092e+02	8.2880443335e-01	8.5835042707e-01
3.9484664917e+02	8.2774662971e-01	8.5935125799e-01
3.9526635742e+02	8.2730305195e-01	8.6033834057e-01
3.9568606567e+02	8.2672423124e-01	8.6131115799e-01
3.9610577393e+02	8.2635313272e-01	8.6226925707e-01
3.9652548218e+02	8.2609951496e-01	8.6321224924e-01
3.9694519043e+02	8.2563447952e-01	8.6413981109e-01
3.9736489868e+02	8.2533782721e-01	8.6505168412e-01
3.9778460693e+02	8.2505100965e-01	8.6594767402e-01
3.9820431519e+02	8.2529890537e-01	8.6682764942e-01
3.9862402344e+02	8.2480478287e-01	8.6769154012e-01
3.9904376221e+02	8.2434213161e-01	8.6853939612e-01
3.9946347046e+02	8.2433348894e-01	8.6937113949e-01
3.9988317871e+02	8.2455891371e-01	8.7018676264e-01
4.0030288696e+02	8.2441580296e-01	8.7098630293e-01
4.0072259521e+02	8.2383048534e-01	8.7177023225e-01
4.0114230347e+02	8.2418489456e-01	8.7253879549e-01
4.0156201172e+02	8.2403486967e-01	8.7329227704e-01
4.0198171997e+02	8.2357168198e-01	8.7403099690e-01
4.0240142822e+02	8.2398974895e-01	8.7475530670e-01
4.0282113647e+02	8.2380986214e-01	8.7546558565e-01
4.0324084473e+02	8.2396739721e-01	8.7616223664e-01
4.0366055298e+02	8.2392519712e-01	8.7684526944e-01
4.0408026123e+02	8.2421189547e-01	8.7751546778e-01
4.0449996948e+02	8.2429957390e-01	8.7817337338e-01
4.0491967773e+02	8.2500678301e-01	8.7881944860e-01
4.0533938599e+02	8.2349598408e-01	8.7945416054e-01
4.0575909424e+02	8.2505565882e-01	8.8007797783e-01
4.0617880249e+02	8.2430368662e-01	8.8069136019e-01
4.0659851074e+02	8.2508474588e-01	8.8129432924e-01
4.0701821899e+02	8.2543754578e-01	8.8188782382e-01
4.0743792725e+02	8.2565397024e-01	8.8247229180e-01
4.0785763550e+02	8.2597100735e-01	8.8304816942e-01
4.0827734375e+02	8.2670801878e-01	8.8361587962e-01
4.0869705200e+02	8.2713109255e-01	8.8417576290e-01
4.0911676025e+02	8.2741492987e-01	8.8472795732e-01
4.0953649902e+02	8.2805234194e-01	8.8527323169e-01
4.0995620728e+02	8.2894659042e-01	8.8581186112e-01
4.1037591553e+02	8.2940238714e-01	8.8634422068e-01
4.1079562378e+02	8.3006691933e-01	8.8687062601e-01
4.1121533203e+02	8.3092355728e-01	8.8739105107e-01
4.1163504028e+02	8.3131396770e-01	8.8790610218e-01
4.1205474854e+02	8.3214384317e-01	8.8841605159e-01
4.1247445679e+02	8.3219385147e-01	8.8892113276e-01
4.1289416504e+02	8.3293753862e-01	8.8942150311e-01
4.1331387329e+02	8.3407521248e-01	8.8991717286e-01
4.1373358154e+02	8.3445286751e-01	8.9040857990e-01
4.1415328979e+02	8.3547478914e-01	8.9089588127e-01
4.1457299805e+02	8.3603942394e-01	8.9137921784e-01
4.1499270630e+02	8.3705943823e-01	8.9185849447e-01
4.1541241455e+02	8.3763241768e-01	8.9233398552e-01
4.1583212280e+02	8.3859258890e-01	8.9280585313e-01
4.1625183105e+02	8.3925992250e-01	8.9327417988e-01
4.1667153931e+02	8.4029990435e-01	8.9373885692e-01
4.1709124756e+02	8.4094434977e-01	8.9420002469e-01
4.1751095581e+02	8.4157514572e-01	8.9465783812e-01
4.1793066406e+02	8.4268218279e-01	8.9511233990e-01
4.1835037231e+02	8.4328109026e-01	8.9556335349e-01
4.1877008057e+02	8.4425348043e-01	8.9601104127e-01
4.1918978882e+02	8.4500330687e-01	8.9645550642e-01
4.1960949707e+02	8.4658014774e-01	8.9689676473e-01
4.2002920532e+02	8.4717786312e-01	8.9733453881e-01
4.2044894409e+02	8.4794086218e-01	8.9776917188e-01
4.2086865234e+02	8.4918415546e-01	8.9820061462e-01
4.2128836060e+02	8.5027205944e-01	8.9862876258e-01
4.2170806885e+02	8.5168254375e-01	8.9905360516e-01
4.2212777710e+02	8.5220897198e-01	8.9947532336e-01
4.2254748535e+02	8.5311257839e-01	8.9989390922e-01
4.2296719360e+02	8.5474938154e-01	9.0030908538e-01
4.2338690186e+02	8.5598593950e-01	9.0072117487e-01
4.2380661011e+02	8.5702407360e-01	9.0113019293e-01
4.2422631836e+02	8.5819005966e-01	9.0153588401e-01
4.2464602661e+02	8.5900640488e-01	9.0193845811e-01
4.2506573486e+02	8.6076962948e-01	9.0233800465e-01
4.2548544312e+02	8.6124914885e-01	9.0273431788e-01
4.2590515137e+02	8.6271524429e-01	9.0312749337e-01
4.2632485962e+02	8.6398595572e-01	9.0351767823e-01
4.2674456787e+02	8.6487519741e-01	9.0390467720e-01
4.2716427612e+02	8.6606246233e-01	9.0428853028e-01
4.2758398438e+02	8.6711496115e-01	9.0466940329e-01
4.2800369263e+02	8.6833935976e-01	9.0504706831e-01
4.2842340088e+02	8.6934870481e-01	9.0542156661e-01
4.2884310913e+02	8.7093776464e-01	9.0579304409e-01
4.2926281738e+02	8.7213861942e-01	9.0616119092e-01
4.2968252563e+02	8.7330061197e-01	9.0652611094e-01
4.3010223389e+02	8.7472730875e-01	9.0688789160e-01
4.3052194214e+02	8.7560588121e-01	9.0724608034e-01
4.3094165039e+02	8.7741714716e-01	9.0760092248e-01
4.3136138916e+02	8.7941956520e-01	9.0795237144e-01
4.3178109741e+02	8.8002759218e-01	9.0829987656e-01
4.3220080566e+02	8.8242810965e-01	9.0864379026e-01
4.3262051392e+02	8.8334786892e-01	9.0898375069e-01
4.3304022217e+02	8.8509410620e-01	9.0931950691e-01
4.3345993042e+02	8.8663423061e-01	9.0965123871e-01
4.3387963867e+02	8.8799554110e-01	9.0997823977e-01
4.3429934692e+02	8.8938194513e-01	9.1030069667e-01
4.3471905518e+02	8.9086067677e-01	9.1061838424e-01
4.3513876343e+02	8.9221358299e-01	9.1093063639e-01
4.3555847168e+02	8.9366328716e-01	9.1123781996e-01
4.3597817993e+02	8.9477396011e-01	9.1153906000e-01
4.3639788818e+02	8.9611887932e-01	9.1183443716e-01
4.3681759644e+02	8.9727032185e-01	9.1212372958e-01
4.3723730469e+02	8.9876270294e-01	9.1240606696e-01
4.3765701294e+02	8.9961802959e-01	9.1268196792e-01
4.3807672119e+02	9.0096628666e-01	9.1295015871e-01
4.3849642944e+02	9.0187150240e-01	9.1321104524e-01
4.3891613770e+02	9.0327590704e-01	9.1346399777e-01
4.3933584595e+02	9.0448808670e-01	9.1370843645e-01
4.3975555420e+02	9.0548169613e-01	9.1394474574e-01
4.4017526245e+02	9.0632951260e-01	9.1417126025e-01
4.4059497070e+02	9.0747135878e-01	9.1438909341e-01
4.4101467896e+02	9.0867227316e-01	9.1459657982e-01
4.4143438721e+02	9.0943592787e-01	9.1479431570e-01
4.4185412598e+02	9.1065233946e-01	9.1498146221e-01
4.4227383423e+02	9.1159772873e-01	9.1515762656e-01
4.4269354248e+02	9.1241532564e-01	9.1532296992e-01
4.4311325073e+02	9.1323620081e-01	9.1547613091e-01
4.4353295898e+02	9.1431349516e-01	9.1561828885e-01
4.4395266724e+02	9.1500782967e-01	9.1574707660e-01
4.4437237549e+02	9.1605061293e-01	9.1586442305e-01
4.4479208374e+02	9.1652452946e-01	9.1596783916e-01
4.4521179199e+02	9.1727375984e-01	9.1605899379e-01
4.4563150024e+02	9.1800254583e-01	9.1613597066e-01
4.4605120850e+02	9.1879910231e-01	9.1619979994e-01
4.4647091675e+02	9.1932189465e-01	9.1624922966e-01
4.4689062500e+02	9.1963893175e-01	9.1628471885e-01
4.4731033325e+02	9.2037218809e-01	9.1630560597e-01
4.4773004150e+02	9.2056518793e-01	9.1631186888e-01
4.4814974976e+02	9.2075437307e-01	9.1630333975e-01
4.4856945801e+02	9.2102283239e-01	9.1627962579e-01
4.4898916626e+02	9.2101305723e-01	9.1624093540e-01
4.4940887451e+02	9.2137712240e-01	9.1618663341e-01
4.4982858276e+02	9.2129665613e-01	9.1611716957e-01
4.5024829102e+02	9.2140710354e-01	9.1603180915e-01
4.5066799927e+02	9.2139029503e-01	9.1593109429e-01
4.5108770752e+02	9.2152649164e-01	9.1581434456e-01
4.5150741577e+02	9.2135727406e-01	9.1568203519e-01
4.5192712402e+02	9.2155206203e-01	9.1553370124e-01
4.5234683228e+02	9.2113018036e-01	9.1536958533e-01
4.5276657104e+02	9.2108041048e-01	9.1518958904e-01
4.5318627930e+02	9.2096805573e-01	9.1499358041e-01
4.5360598755e+02	9.2076992989e-01	9.1478200673e-01
4.5402569580e+02	9.2046278715e-01	9.1455414215e-01
4.5444540405e+02	9.2039167881e-01	9.1431115204e-01
4.5486511230e+02	9.2027068138e-01	9.1405158039e-01
4.5528482056e+02	9.1989761591e-01	9.1377745243e-01
4.5570452881e+02	9.1986989975e-01	9.1348642725e-01
4.5612423706e+02	9.2006260157e-01	9.1318146593e-01
4.5654394531e+02	9.1951316595e-01	9.1285940500e-01
4.5696365356e+02	9.1931444407e-01	9.1252351456e-01
4.5738336182e+02	9.1930311918e-01	9.1217140559e-01
4.5780307007e+02	9.1894572973e-01	9.1180505591e-01
4.5822277832e+02	9.1859030724e-01	9.1142346992e-01
4.5864248657e+02	9.1781473160e-01	9.1102720183e-01
4.5906219482e+02	9.1759252548e-01	9.1061676718e-01
4.5948190308e+02	9.1707122326e-01	9.1019118257e-01
4.5990161133e+02	9.1692918539e-01	9.0975257483e-01
4.6032131958e+02	9.1625010967e-01	9.0929832657e-01
4.6074102783e+02	9.1502648592e-01	9.0883145821e-01
4.6116073608e+02	9.1455096006e-01	9.0835004070e-01
4.6158044434e+02	9.1486495733e-01	9.0785551831e-01
4.6200015259e+02	9.1366982460e-01	9.0734779034e-01
4.6241986084e+02	9.1255760193e-01	9.0682634951e-01
4.6283956909e+02	9.1207844019e-01	9.0629306832e-01
4.6325927734e+02	9.1113471985e-01	9.0574546786e-01
4.6367901611e+02	9.1047257185e-01	9.0518630763e-01
4.6409872437e+02	9.0926420689e-01	9.0461434535e-01
4.6451843262e+02	9.0875959396e-01	9.0403012764e-01
4.6493814087e+02	9.0734118223e-01	9.0343454206e-01
4.6535784912e+02	9.0666061640e-01	9.0282593224e-01
4.6577755737e+02	9.0539216995e-01	9.0220656196e-01
4.6619726562e+02	9.0380281210e-01	9.0157504931e-01
4.6661697388e+02	9.0239685774e-01	9.0093217139e-01
4.6703668213e+02	8.9954906702e-01	9.0027861505e-01
4.6745639038e+02	8.9912378788e-01	8.9961267551e-01
4.6787609863e+02	8.9892739058e-01	8.9893643014e-01
4.6829580688e+02	8.9896851778e-01	8.9824868756e-01
4.6871551514e+02	8.9783394337e-01	8.9754958412e-01
4.6913522339e+02	8.9736151695e-01	8.9684008975e-01
4.6955493164e+02	8.9639222622e-01	8.9611797490e-01
4.6997463989e+02	8.9537549019e-01	8.9538494294e-01
4.7039434814e+02	8.9490342140e-01	8.9464028771e-01
4.7081405640e+02	8.9362502098e-01	8.9388243846e-01
4.7123376465e+02	8.9283549786e-01	8.9311269567e-01
4.7165347290e+02	8.9146763086e-01	8.9232897437e-01
4.7207318115e+02	8.9077246189e-01	8.9153070121e-01
4.7249288940e+02	8.8954889774e-01	8.9071822030e-01
4.7291259766e+02	8.8837057352e-01	8.8988782404e-01
4.7333230591e+02	8.8714426756e-01	8.8904000460e-01
4.7375201416e+02	8.8633906841e-01	8.8817405907e-01
4.7417175293e+02	8.8530087471e-01	8.8728407699e-01
4.7459146118e+02	8.8386893272e-01	8.8637224109e-01
4.7501116943e+02	8.8261198997e-01	8.8543614336e-01
4.7543087769e+02	8.8169634342e-01	8.8446976831e-01
4.7585058594e+02	8.7998908758e-01	8.8347590635e-01
4.7627029419e+02	8.7927603722e-01	8.8245215744e-01
4.7669000244e+02	8.7826567888e-01	8.8139438506e-01
4.7710971069e+02	8.7742400169e-01	8.8030790894e-01
4.7752941895e+02	8.7619465590e-01	8.7919363197e-01
4.7794912720e+02	8.7483251095e-01	8.7805353787e-01
4.7836883545e+02	8.7368685007e-01	8.7689769319e-01
4.7878854370e+02	8.7256354094e-01	8.7573399695e-01
4.7920825195e+02	8.7157374620e-01	8.7457418986e-01
4.7962796021e+02	8.7060517073e-01	8.7342970747e-01
4.8004766846e+02	8.6971318722e-01	8.7231132153e-01
4.8046737671e+02	8.6910444498e-01	8.7123562191e-01
4.8088708496e+02	8.6794006824e-01	8.7020330483e-01
4.8130679321e+02	8.6683791876e-01	8.6921738395e-01
4.8172650146e+02	8.6557960510e-01	8.6828494091e-01
4.8214620972e+02	8.6426794529e-01	8.6739518472e-01
4.8256591797e+02	8.6397123337e-01	8.6654088031e-01
4.8298562622e+02	8.6295127869e-01	8.6571681679e-01
4.8340533447e+02	8.6167663336e-01	8.6491204270e-01
4.8382504272e+02	8.6063069105e-01	8.6411662419e-01
4.8424475098e+02	8.5891234875e-01	8.6332281085e-01
4.8466445923e+02	8.5833996534e-01	8.6252219854e-01
4.8508419800e+02	8.5707545280e-01	8.6170913045e-01
4.8550390625e+02	8.5617715120e-01	8.6087889974e-01
4.8592361450e+02	8.5522544384e-01	8.6002356414e-01
4.8634332275e+02	8.5373187065e-01	8.5914183035e-01
4.8676303101e+02	8.5323262215e-01	8.5823161500e-01
4.8718273926e+02	8.5193616152e-01	8.5728877660e-01
4.8760244751e+02	8.5080540180e-01	8.5630875750e-01
4.8802215576e+02	8.4967529774e-01	8.5529401366e-01
4.8844186401e+02	8.4770292044e-01	8.5424347771e-01
4.8886157227e+02	8.4695273638e-01	8.5315221545e-01
4.8928128052e+02	8.4565174580e-01	8.5202277741e-01
4.8970098877e+02	8.4404730797e-01	8.5085852445e-01
4.9012069702e+02	8.4242206812e-01	8.4966206295e-01
4.9054040527e+02	8.4131628275e-01	8.4843399128e-01
4.9096011353e+02	8.4014111757e-01	8.4718495658e-01
4.9137982178e+02	8.3791989088e-01	8.4591824006e-01
4.9179953003e+02	8.3695948124e-01	8.4462258118e-01
4.9221923828e+02	8.3546406031e-01	8.4322954942e-01
4.9263894653e+02	8.3344352245e-01	8.4164861703e-01
4.9305865479e+02	8.3203744888e-01	8.3981761573e-01
4.9347836304e+02	8.3014994860e-01	8.3777424445e-01
4.9389807129e+02	8.2814961672e-01	8.3561306797e-01
4.9431777954e+02	8.2512688637e-01	8.3341105641e-01
4.9473748779e+02	8.2412225008e-01	8.3117467443e-01
4.9515719604e+02	8.2175624371e-01	8.2889236663e-01
4.9557690430e+02	8.1943351030e-01	8.2653754039e-01
4.9599664307e+02	8.1722861528e-01	8.2410560548e-01
4.9641635132e+02	8.1412118673e-01	8.2158750584e-01
4.9683605957e+02	8.1146430969e-01	8.1897550222e-01
4.9725576782e+02	8.0887490511e-01	8.1625190955e-01
4.9767547607e+02	8.0561715364e-01	8.1341754900e-01
4.9809518433e+02	8.0259078741e-01	8.1047313189e-01
4.9851489258e+02	7.9892385006e-01	8.0741515943e-01
4.9893460083e+02	7.9534894228e-01	8.0423585697e-01
4.9935430908e+02	7.9157733917e-01	8.0092269917e-01
4.9977401733e+02	7.8850525618e-01	7.9748614577e-01
5.0019372559e+02	7.8333443403e-01	7.9392302028e-01
5.0061343384e+02	7.8072756529e-01	7.9022980924e-01
5.0103314209e+02	7.7633833885e-01	7.8639007113e-01
5.0145285034e+02	7.7243608236e-01	7.8240258706e-01
5.0187255859e+02	7.6698660851e-01	7.7826973593e-01
5.0229226685e+02	7.6325041056e-01	7.7398529849e-01
5.0271197510e+02	7.5832390785e-01	7.6954232741e-01
5.0313168335e+02	7.5326365232e-01	7.6491461983e-01
5.0355139160e+02	7.4834811687e-01	7.6010422181e-01
5.0397109985e+02	7.4292039871e-01	7.5510827972e-01
5.0439080811e+02	7.3764079809e-01	7.4991730824e-01
5.0481051636e+02	7.3264700174e-01	7.4452141276e-01
5.0523022461e+02	7.2731465101e-01	7.3889066682e-01
5.0564993286e+02	7.2030335665e-01	7.3302070514e-01
5.0606964111e+02	7.1387791634e-01	7.2691162404e-01
5.0648937988e+02	7.0714062452e-01	7.2055174366e-01
5.0690908813e+02	6.9967854023e-01	7.1393050517e-01
5.0732879639e+02	6.9189643860e-01	7.0702685246e-01
5.0774850464e+02	6.8412613869e-01	6.9980688823e-01
5.0816821289e+02	6.7510050535e-01	6.9228627112e-01
5.0858792114e+02	6.6726940870e-01	6.8445232071e-01
5.0900762939e+02	6.5777713060e-01	6.7629208902e-01
5.0942733765e+02	6.4768773317e-01	6.6779238431e-01
5.0984704590e+02	6.3818794489e-01	6.5891676344e-01
5.1026675415e+02	6.2784808874e-01	6.4964946403e-01
5.1068646240e+02	6.1790180206e-01	6.3999938086e-01
5.1110617065e+02	6.0552668571e-01	6.2995292298e-01
5.1152587891e+02	5.9376502037e-01	6.1949663094e-01
5.1194558716e+02	5.8216744661e-01	6.0861729663e-01
5.1236529541e+02	5.6848829985e-01	5.9728273354e-01
5.1278503418e+02	5.5627411604e-01	5.8546347555e-01
5.1320471191e+02	5.4143553972e-01	5.7318432599e-01
5.1362445068e+02	5.2745091915e-01	5.6043113234e-01
5.1404412842e+02	5.1238960028e-01	5.4719807796e-01
5.1446386719e+02	4.9604523182e-01	5.3347268217e-01
5.1488354492e+02	4.8076295853e-01	5.1925131997e-01
5.1530328369e+02	4.6282231808e-01	5.0448098262e-01
5.1572296143e+02	4.4628933072e-01	4.8918507081e-01
5.1614270020e+02	4.2722842097e-01	4.7336696238e-01
5.1656237793e+02	4.0987101197e-01	4.5702227889e-01
5.1698211670e+02	3.8935711980e-01	4.4013471156e-01
5.1740179443e+02	3.7196493149e-01	4.2269475232e-01
5.1782153320e+02	3.5029599071e-01	4.0468098849e-01
5.1824121094e+02	3.2999241352e-01	3.8605390536e-01
5.1866094971e+02	3.0896824598e-01	3.6679889475e-01
5.1908062744e+02	2.8765764832e-01	3.4696516089e-01
5.1950036621e+02	2.6660445333e-01	3.2658290989e-01
5.1992004395e+02	2.4586589634e-01	3.0572266108e-01
5.2033978271e+02	2.2549545765e-01	2.8447295281e-01
5.2075946045e+02	2.0406670868e-01	2.6296322176e-01
5.2117919922e+02	1.8347978592e-01	2.4133709843e-01
5.2159887695e+02	1.6333368421e-01	2.1978516652e-01
5.2201861572e+02	1.4463376999e-01	1.9852692939e-01
5.2243829346e+02	1.2735974789e-01	1.7777856563e-01
5.2285803223e+02	1.0963698477e-01	1.5775589537e-01
5.2327777100e+02	9.4459369779e-02	1.3868019866e-01
5.2369744873e+02	8.1634931266e-02	1.2075546137e-01
5.2411718750e+02	6.8225130439e-02	1.0414931253e-01
5.2453686523e+02	5.9504430741e-02	8.9000000505e-02
5.2495660400e+02	5.0549037755e-02	7.5391150464e-02
5.2537628174e+02	4.3692920357e-02	6.3389178619e-02
5.2579602051e+02	3.8693279028e-02	5.3061672849e-02
5.2621569824e+02	3.4178037196e-02	4.4242258532e-02
5.2663543701e+02	3.0290512368e-02	3.6833075848e-02
5.2705511475e+02	2.7763826773e-02	3.0713323148e-02
5.2747485352e+02	2.5400338694e-02	2.5739774277e-02
5.2789453125e+02	2.3831678554e-02	2.1763372214e-02
5.2831427002e+02	2.3717686534e-02	1.8632768276e-02
5.2873394775e+02	2.1658319980e-02	1.6207534715e-02
5.2915368652e+02	2.1383380517e-02	1.4361394419e-02
5.2957336426e+02	2.0471174270e-02	1.2990254593e-02
5.2999310303e+02	2.0430706441e-02	1.2016002383e-02
5.3041278076e+02	2.1851986647e-02	1.1398200163e-02
5.3083251953e+02	2.3580133915e-02	1.1086802663e-02
5.3125219727e+02	2.3860491812e-02	1.1078617722e-02
5.3167193604e+02	2.5387788191e-02	1.1391595621e-02
5.3209161377e+02	2.7500912547e-02	1.2062994541e-02
5.3251135254e+02	3.0439591035e-02	1.3147645395e-02
5.3293103027e+02	3.2783828676e-02	1.4715120782e-02
5.3335076904e+02	3.6862310022e-02	1.6848254158e-02
5.3377050781e+02	4.0274880826e-02	1.9638666061e-02
5.3419018555e+02	4.7113783658e-02	2.3182380871e-02
5.3460992432e+02	5.2614565939e-02	2.7576750514e-02
5.3502960205e+02	5.9556633234e-02	3.2909642987e-02
5.3544934082e+02	6.8452596664e-02	3.9257935646e-02
5.3586901855e+02	7.5908571482e-02	4.6673755866e-02
5.3628875732e+02	8.5437938571e-02	5.5217253496e-02
5.3670843506e+02	9.6924044192e-02	6.4869640932e-02
5.3712817383e+02	1.0792104900e-01	7.5566846475e-02
5.3754785156e+02	1.2078604102e-01	8.7231512033e-02
5.3796759033e+02	1.3439567387e-01	9.9765960822e-02
5.3838726807e+02	1.4748100936e-01	1.1304538724e-01
5.3880700684e+02	1.6977097094e-01	1.2694051354e-01
5.3922668457e+02	1.6930082440e-01	1.4131046257e-01
5.3964642334e+02	1.9212454557e-01	1.5602625123e-01
5.4006610107e+02	2.0666328073e-01	1.7096006408e-01
5.4048583984e+02	2.2088229656e-01	1.8600622192e-01
5.4090551758e+02	2.3682674766e-01	2.0106598788e-01
5.4132525635e+02	2.5079822540e-01	2.1606543437e-01
5.4174493408e+02	2.6458513737e-01	2.3093723165e-01
5.4216467285e+02	2.7873182297e-01	2.4563655080e-01
5.4258435059e+02	2.9181343317e-01	2.6012186000e-01
5.4300408936e+02	3.0536404252e-01	2.7437006721e-01
5.4342376709e+02	3.1838208437e-01	2.8835771069e-01
5.4384350586e+02	3.3250769973e-01	3.0207593426e-01
5.4426324463e+02	3.4445449710e-01	3.1551458914e-01
5.4468292236e+02	3.5610827804e-01	3.2866747102e-01
5.4510266113e+02	3.6802202463e-01	3.4153677154e-01
5.4552233887e+02	3.7977862358e-01	3.5411919303e-01
5.4594207764e+02	3.9131081104e-01	3.6642020280e-01
5.4636175537e+02	4.0286546946e-01	3.7843909106e-01
5.4678149414e+02	4.1357198358e-01	3.9018285058e-01
5.4720117188e+02	4.2345497012e-01	4.0165206583e-01
5.4762091064e+02	4.3526834249e-01	4.1285433372e-01
5.4804058838e+02	4.4402295351e-01	4.2379088980e-01
5.4846032715e+02	4.5317038894e-01	4.3446951544e-01
5.4888000488e+02	4.6234244108e-01	4.4489182320e-01
5.4929974365e+02	4.7362092137e-01	4.5506562821e-01
5.4971942139e+02	4.8256406188e-01	4.6499283386e-01
5.5013916016e+02	4.9221691489e-01	4.7468125720e-01
5.5055883789e+02	5.0091809034e-01	4.8413307664e-01
5.5097857666e+02	5.0975739956e-01	4.9335611664e-01
5.5139825439e+02	5.1843351126e-01	5.0235282392e-01
5.5181799316e+02	5.2648133039e-01	5.1113102731e-01
5.5223767090e+02	5.3485858440e-01	5.1969341798e-01
5.5265740967e+02	5.4444563389e-01	5.2804780259e-01
5.5307708740e+02	5.5112993717e-01	5.3619706542e-01
5.5349682617e+02	5.5817633867e-01	5.4414893757e-01
5.5391650391e+02	5.6560206413e-01	5.5190641615e-01
5.5433624268e+02	5.7409447432e-01	5.5947707200e-01
5.5475592041e+02	5.8200228214e-01	5.6686390424e-01
5.5517565918e+02	5.9096026421e-01	5.7407420859e-01
5.5559539795e+02	5.9844380617e-01	5.8111185664e-01
5.5601507568e+02	6.0546851158e-01	5.8798068603e-01
5.5643481445e+02	6.1167621613e-01	5.9468725366e-01
5.5685449219e+02	6.1720961332e-01	6.0123394056e-01
5.5727423096e+02	6.2377142906e-01	6.0762664916e-01
5.5769390869e+02	6.2975984812e-01	6.1386721730e-01
5.5811364746e+02	6.3552474976e-01	6.1996078907e-01
5.5853332520e+02	6.4091736078e-01	6.2590859967e-01
5.5895306396e+02	6.4600223303e-01	6.3171505273e-01
5.5937274170e+02	6.5200912952e-01	6.3738087764e-01
5.5979248047e+02	6.5774917603e-01	6.4290993060e-01
5.6021215820e+02	6.6220575571e-01	6.4830270587e-01
5.6063189697e+02	6.6724890471e-01	6.5356285461e-01
5.6105157471e+02	6.7150872946e-01	6.5869100821e-01
5.6147131348e+02	6.7701935768e-01	6.6369098427e-01
5.6189099121e+02	6.8225270510e-01	6.6856387386e-01
5.6231072998e+02	6.8559581041e-01	6.7331390894e-01
5.6273040771e+02	6.9001144171e-01	6.7794277898e-01
5.6315014648e+02	6.9431078434e-01	6.8245516338e-01
5.6356982422e+02	6.9843840599e-01	6.8685327341e-01
5.6398956299e+02	7.0262247324e-01	6.9114208154e-01
5.6440924072e+02	7.0710068941e-01	6.9532410266e-01
5.6482897949e+02	7.1077740192e-01	6.9940436483e-01
5.6524865723e+02	7.1314418316e-01	7.0338544010e-01
5.6566839600e+02	7.1740895510e-01	7.0727219339e-01
5.6608813477e+02	7.2136783600e-01	7.1106760710e-01
5.6650781250e+02	7.2470545769e-01	7.1477239884e-01
5.6692755127e+02	7.2652083635e-01	7.1839040896e-01
5.6734722900e+02	7.3178523779e-01	7.2192665250e-01
5.6776696777e+02	7.3429852724e-01	7.2538508695e-01
5.6818664551e+02	7.3750948906e-01	7.2876748790e-01
5.6860638428e+02	7.3992502689e-01	7.3207745285e-01
5.6902606201e+02	7.4438917637e-01	7.3531649821e-01
5.6944580078e+02	7.4614000320e-01	7.3848790110e-01
5.6986547852e+02	7.4983215332e-01	7.4159295613e-01
5.7028521729e+02	7.5301343203e-01	7.4463466319e-01
5.7070489502e+02	7.5522112846e-01	7.4761413289e-01
5.7112463379e+02	7.5836414099e-01	7.5053412855e-01
5.7154431152e+02	7.6115643978e-01	7.5339560993e-01
5.7196405029e+02	7.6334047318e-01	7.5620113804e-01
5.7238372803e+02	7.6562482119e-01	7.5895154928e-01
5.7280346680e+02	7.6872116327e-01	7.6164923022e-01
5.7322314453e+02	7.7102226019e-01	7.6429104728e-01
5.7364288330e+02	7.7387183905e-01	7.6688267698e-01
5.7406256104e+02	7.7558529377e-01	7.6942535558e-01
5.7448229980e+02	7.7787250280e-01	7.7192117728e-01
5.7490197754e+02	7.7988201380e-01	7.7437071573e-01
5.7532171631e+02	7.8188621998e-01	7.7677594676e-01
5.7574139404e+02	7.8412526846e-01	7.7913738256e-01
5.7616113281e+02	7.8596436977e-01	7.8145689206e-01
5.7658087158e+02	7.8814417124e-01	7.8373526214e-01
5.7700054932e+02	7.9054474831e-01	7.8597327853e-01
5.7742028809e+02	7.9253381491e-01	7.8817265507e-01
5.7783996582e+02	7.9517275095e-01	7.9033379191e-01
5.7825970459e+02	7.9702049494e-01	7.9245500839e-01
5.7867938232e+02	7.9905885458e-01	7.9453940246e-01
5.7909912109e+02	8.0131071806e-01	7.9658924038e-01
5.7951879883e+02	8.0318182707e-01	7.9860484105e-01
5.7993853760e+02	8.0430936813e-01	8.0058767427e-01
5.8035821533e+02	8.0779337883e-01	8.0253802521e-01
5.8077795410e+02	8.0894207954e-01	8.0445729518e-01
5.8119763184e+02	8.1088578701e-01	8.0634573841e-01
5.8161737061e+02	8.1254452467e-01	8.0820469192e-01
5.8203704834e+02	8.1436038017e-01	8.1003438145e-01
5.8245678711e+02	8.1653368473e-01	8.1183392987e-01
5.8287646484e+02	8.1792956591e-01	8.1360432312e-01
5.8329620361e+02	8.2048523426e-01	8.1534828845e-01
5.8371588135e+02	8.2227206230e-01	8.1706599819e-01
5.8413562012e+02	8.2309651375e-01	8.1875861493e-01
5.8455529785e+02	8.2494604588e-01	8.2042628858e-01
5.8497503662e+02	8.2595652342e-01	8.2207013204e-01
5.8539471436e+02	8.2748329639e-01	8.2369027435e-01
5.8581445312e+02	8.2900279760e-01	8.2528778140e-01
5.8623413086e+02	8.3127951622e-01	8.2686105924e-01
5.8665386963e+02	8.3232152462e-01	8.2841135757e-01
5.8707354736e+02	8.3389323950e-01	8.2994037451e-01
5.8749328613e+02	8.3532118797e-01	8.3144908565e-01
5.8791302490e+02	8.3675199747e-01	8.3293777813e-01
5.8833270264e+02	8.3803910017e-01	8.3440674250e-01
5.8875244141e+02	8.3975797892e-01	8.3585689050e-01
5.8917211914e+02	8.4045398235e-01	8.3728827627e-01
5.8959185791e+02	8.4185445309e-01	8.3870097829e-01
5.9001153564e+02	8.4327781200e-01	8.4009373451e-01
5.9043127441e+02	8.4459424019e-01	8.4146960760e-01
5.9085095215e+02	8.4615403414e-01	8.4282862069e-01
5.9127069092e+02	8.4748136997e-01	8.4417157927e-01
5.9169036865e+02	8.4865969419e-01	8.4549849364e-01
5.9211010742e+02	8.4970456362e-01	8.4681013900e-01
5.9252978516e+02	8.5088700056e-01	8.4810651351e-01
5.9294952393e+02	8.5259890556e-01	8.4938665831e-01
5.9336920166e+02	8.5337793827e-01	8.5065139448e-01
5.9378894043e+02	8.5439461470e-01	8.5190242249e-01
5.9420861816e+02	8.5590523481e-01	8.5313971537e-01
5.9462835693e+02	8.5654783249e-01	8.5436396191e-01
5.9504803467e+02	8.5779190063e-01	8.5557512492e-01
5.9546777344e+02	8.5894232988e-01	8.5677386848e-01
5.9588745117e+02	8.5985738039e-01	8.5795892707e-01
5.9630718994e+02	8.6146390438e-01	8.5913102770e-01
5.9672686768e+02	8.6199659109e-01	8.6029134832e-01
5.9714660645e+02	8.6332112551e-01	8.6144050298e-01
5.9756628418e+02	8.6387908459e-01	8.6257842386e-01
5.9798602295e+02	8.6485677958e-01	8.6370570381e-01
5.9840576172e+02	8.6701518297e-01	8.6482242822e-01
5.9882543945e+02	8.6783379316e-01	8.6592699652e-01
5.9924517822e+02	8.6909830570e-01	8.6702122551e-01
5.9966485596e+02	8.7012284994e-01	8.6810555183e-01
6.0008459473e+02	8.7133133411e-01	8.6918051235e-01
6.0050427246e+02	8.7234950066e-01	8.7024601145e-01
6.0092401123e+02	8.7327569723e-01	8.7130256828e-01
6.0134368896e+02	8.7405061722e-01	8.7234932963e-01
6.0176342773e+02	8.7538051605e-01	8.7338631781e-01
6.0218310547e+02	8.7651407719e-01	8.7441473458e-01
6.0260284424e+02	8.7702596188e-01	8.7543506160e-01
6.0302252197e+02	8.7828630209e-01	8.7644717970e-01
6.0344226074e+02	8.7922525406e-01	8.7745155522e-01
6.0386193848e+02	8.8040971756e-01	8.7844757770e-01
6.0428167725e+02	8.8140112162e-01	8.7943482465e-01
6.0470135498e+02	8.8255131245e-01	8.8041459449e-01
6.0512109375e+02	8.8363605738e-01	8.8138732062e-01
6.0554077148e+02	8.8403302431e-01	8.8235286325e-01
6.0596051025e+02	8.8567537069e-01	8.8331164255e-01
6.0638018799e+02	8.8652491570e-01	8.8426281964e-01
6.0679992676e+02	8.8762873411e-01	8.8520646934e-01
6.0721960449e+02	8.8891506195e-01	8.8614352693e-01
6.0763934326e+02	8.8940292597e-01	8.8707438364e-01
6.0805902100e+02	8.9035046101e-01	8.8799888212e-01
6.0847875977e+02	8.9127260447e-01	8.8891740227e-01
6.0889849854e+02	8.9239364862e-01	8.8982867197e-01
6.0931817627e+02	8.9388841391e-01	8.9073353176e-01
6.0973791504e+02	8.9468806982e-01	8.9163276373e-01
6.1015759277e+02	8.9569985867e-01	8.9252619923e-01
6.1057733154e+02	8.9637613297e-01	8.9341418651e-01
6.1099700928e+02	8.9732927084e-01	8.9429607855e-01
6.1141674805e+02	8.9822602272e-01	8.9517158630e-01
6.1183642578e+02	8.9911293983e-01	8.9604167451e-01
6.1225616455e+02	9.0017783642e-01	8.9690666925e-01
6.1267584229e+02	9.0098410845e-01	8.9776638989e-01
6.1309558105e+02	9.0154135227e-01	8.9862112781e-01
6.1351525879e+02	9.0255630016e-01	8.9946920525e-01
6.1393499756e+02	9.0350222588e-01	9.0031248065e-01
6.1435467529e+02	9.0440744162e-01	9.0115076612e-01
6.1477441406e+02	9.0494757891e-01	9.0198436074e-01
6.1519409180e+02	9.0594726801e-01	9.0281307522e-01
6.1561383057e+02	9.0637052059e-01	9.0363583614e-01
6.1603350830e+02	9.0725845098e-01	9.0445367244e-01
6.1645324707e+02	9.0800386667e-01	9.0526703098e-01
6.1687292480e+02	9.0895271301e-01	9.0607571751e-01
6.1729266357e+02	9.0964579582e-01	9.0688000860e-01
6.1771234131e+02	9.1040021181e-01	9.0767832068e-01
6.1813208008e+02	9.1128003597e-01	9.0847218622e-01
6.1855175781e+02	9.1194558144e-01	9.0926154466e-01
6.1897149658e+02	9.1288632154e-01	9.1004665874e-01
6.1939117432e+02	9.1346544027e-01	9.1082724379e-01
6.1981091309e+02	9.1418814659e-01	9.1160219639e-01
6.2023065186e+02	9.1504609585e-01	9.1237288254e-01
6.2065032959e+02	9.1560047865e-01	9.1313921765e-01
6.2107006836e+02	9.1628062725e-01	9.1390144921e-01
6.2148974609e+02	9.1722875834e-01	9.1465887993e-01
6.2190948486e+02	9.1759282351e-01	9.1541119471e-01
6.2232916260e+02	9.1868478060e-01	9.1615925329e-01
6.2274890137e+02	9.1931897402e-01	9.1690329319e-01
6.2316857910e+02	9.2016470432e-01	9.1764311804e-01
6.2358831787e+02	9.2051607370e-01	9.1837785859e-01
6.2400799561e+02	9.2135083675e-01	9.1910793255e-01
6.2442773438e+02	9.2210990191e-01	9.1983405329e-01
6.2484741211e+02	9.2243510485e-01	9.2055602626e-01
6.2526715088e+02	9.2338985205e-01	9.2127380376e-01
6.2568682861e+02	9.2410635948e-01	9.2198611318e-01
6.2610656738e+02	9.2494976521e-01	9.2269452122e-01
6.2652624512e+02	9.2577546835e-01	9.2339883623e-01
6.2694598389e+02	9.2620837688e-01	9.2409927754e-01
6.2736566162e+02	9.2703795433e-01	9.2479442940e-01
6.2778540039e+02	9.2758208513e-01	9.2548528648e-01
6.2820507812e+02	9.2824918032e-01	9.2617209755e-01
6.2862481689e+02	9.2880576849e-01	9.2685507614e-01
6.2904449463e+02	9.2928838730e-01	9.2753336896e-01
6.2946423340e+02	9.3000954390e-01	9.2820681080e-01
6.2988391113e+02	9.3090587854e-01	9.2887625004e-01
6.3030364990e+02	9.3145096302e-01	9.2954189513e-01
6.3072338867e+02	9.3220704794e-01	9.3020343619e-01
6.3114306641e+02	9.3267101049e-01	9.3085949227e-01
6.3156280518e+02	9.3359875679e-01	9.3151177926e-01
6.3198248291e+02	9.3413138390e-01	9.3216012129e-01
6.3240222168e+02	9.3470984697e-01	9.3280471993e-01
6.3282189941e+02	9.3528109789e-01	9.3344371806e-01
6.3324163818e+02	9.3572199345e-01	9.3407888507e-01
6.3366131592e+02	9.3665683270e-01	9.3471015279e-01
6.3408105469e+02	9.3699121475e-01	9.3533771855e-01
6.3450073242e+02	9.3778294325e-01	9.3595990489e-01
6.3492047119e+02	9.3826615810e-01	9.3657809389e-01
6.3534014893e+02	9.3911373615e-01	9.3719243290e-01
6.3575988770e+02	9.3954646587e-01	9.3780311526e-01
6.3617956543e+02	9.4005459547e-01	9.3840852716e-01
6.3659930420e+02	9.4079732895e-01	9.3900989774e-01
6.3701898193e+02	9.4103056192e-01	9.3960747195e-01
6.3743872070e+02	9.4193196297e-01	9.4020143918e-01
6.3785839844e+02	9.4225001335e-01	9.4079013325e-01
6.3827813721e+02	9.4285875559e-01	9.4137486473e-01
6.3869781494e+02	9.4345974922e-01	9.4195585777e-01
6.3911755371e+02	9.4389700890e-01	9.4253329774e-01
6.3953723145e+02	9.4427853823e-01	9.4310535067e-01
6.3995697021e+02	9.4478416443e-01	9.4367364155e-01
6.4037664795e+02	9.4545584917e-01	9.4423825571e-01
6.4079638672e+02	9.4624495506e-01	9.4479934835e-01
6.4121612549e+02	9.4631612301e-01	9.4535496210e-01
6.4163580322e+02	9.4705075026e-01	9.4590694680e-01
6.4205554199e+02	9.4751799107e-01	9.4645547942e-01
6.4247521973e+02	9.4818609953e-01	9.4700001687e-01
6.4289495850e+02	9.4878655672e-01	9.4753956815e-01
6.4331463623e+02	9.4933348894e-01	9.4807555657e-01
6.4373437500e+02	9.4984734058e-01	9.4860815467e-01
6.4415405273e+02	9.5002877712e-01	9.4913633676e-01
6.4457379150e+02	9.5056867599e-01	9.4966005863e-01
6.4499346924e+02	9.5120549202e-01	9.5018028446e-01
6.4541320801e+02	9.5174479485e-01	9.5069718218e-01
6.4583288574e+02	9.5239925385e-01	9.5120913288e-01
6.4625262451e+02	9.5266580582e-01	9.5171726021e-01
6.4667230225e+02	9.5334362984e-01	9.5222195763e-01
6.4709204102e+02	9.5358097553e-01	9.5272322889e-01
6.4751171875e+02	9.5426088572e-01	9.5321923057e-01
6.4793145752e+02	9.5477712154e-01	9.5371199380e-01
6.4835113525e+02	9.5543688536e-01	9.5420139128e-01
6.4877087402e+02	9.5582598448e-01	9.5468662948e-01
6.4919055176e+02	9.5615291595e-01	9.5516742958e-01
6.4961029053e+02	9.5674955845e-01	9.5564504864e-01
6.5002996826e+02	9.5716857910e-01	9.5611936313e-01
6.5044970703e+02	9.5758330822e-01	9.5658867270e-01
6.5086938477e+02	9.5802319050e-01	9.5705447896e-01
6.5128912354e+02	9.5879340172e-01	9.5751715780e-01
6.5170880127e+02	9.5917063951e-01	9.5797582917e-01
6.5212854004e+02	9.5949614048e-01	9.5843005391e-01
6.5254827881e+02	9.5997023582e-01	9.5888111960e-01
6.5296795654e+02	9.6054583788e-01	9.5932897631e-01
6.5338769531e+02	9.6086609364e-01	9.5977190974e-01
6.5380737305e+02	9.6127462387e-01	9.6021137962e-01
6.5422711182e+02	9.6162712574e-01	9.6064780160e-01
6.5464678955e+02	9.6206361055e-01	9.6108015734e-01
6.5506652832e+02	9.6268105507e-01	9.6150822698e-01
6.5548620605e+02	9.6284919977e-01	9.6193315172e-01
6.5590594482e+02	9.6327877045e-01	9.6235506019e-01
6.5632562256e+02	9.6377420425e-01	9.6277165982e-01
6.5674536133e+02	9.6404224634e-01	9.6318526115e-01
6.5716503906e+02	9.6453040838e-01	9.6359575677e-01
6.5758477783e+02	9.6471303701e-01	9.6400188518e-01
6.5800445557e+02	9.6519529819e-01	9.6440407929e-01
6.5842419434e+02	9.6557813883e-01	9.6480330553e-01
6.5884387207e+02	9.6590369940e-01	9.6519882888e-01
6.5926361084e+02	9.6618491411e-01	9.6558975523e-01
6.5968328857e+02	9.6665334702e-01	9.6597761433e-01
6.6010302734e+02	9.6683692932e-01	9.6636253165e-01
6.6052270508e+02	9.6715664864e-01	9.6674216513e-01
6.6094244385e+02	9.6755969524e-01	9.6711877499e-01
6.6136212158e+02	9.6794027090e-01	9.6749234379e-01
6.6178186035e+02	9.6829503775e-01	9.6786137345e-01
6.6220153809e+02	9.6856713295e-01	9.6822661633e-01
6.6262127686e+02	9.6873438358e-01	9.6858893442e-01
6.6304101562e+02	9.6905755997e-01	9.6894723937e-01
6.6346069336e+02	9.6946310997e-01	9.6930115052e-01
6.6388043213e+02	9.6981972456e-01	9.6965214046e-01
6.6430010986e+02	9.7009122372e-01	9.6999959567e-01
6.6471984863e+02	9.7048133612e-01	9.7034219470e-01
6.6513952637e+02	9.7068876028e-01	9.7068177532e-01
6.6555926514e+02	9.7097295523e-01	9.7101839631e-01
6.6597894287e+02	9.7153037786e-01	9.7134954486e-01
6.6639868164e+02	9.7181171179e-01	9.7167777394e-01
6.6681835938e+02	9.7203457355e-01	9.7200300115e-01
6.6723809814e+02	9.7225642204e-01	9.7232311810e-01
6.6765777588e+02	9.7245740891e-01	9.7263985314e-01
6.6807751465e+02	9.7272723913e-01	9.7295368030e-01
6.6849719238e+02	9.7306221724e-01	9.7326262138e-01
6.6891693115e+02	9.7336179018e-01	9.7356790274e-01
6.6933660889e+02	9.7351902723e-01	9.7387018659e-01
6.6975634766e+02	9.7370499372e-01	9.7416793359e-01
6.7017602539e+02	9.7388273478e-01	9.7446161820e-01
6.7059576416e+02	9.7420573235e-01	9.7475239265e-01
6.7101544189e+02	9.7449809313e-01	9.7503874769e-01
6.7143518066e+02	9.7480565310e-01	9.7532086677e-01
6.7185485840e+02	9.7498863935e-01	9.7559999347e-01
6.7227459717e+02	9.7529476881e-01	9.7587492811e-01
6.7269427490e+02	9.7551661730e-01	9.7614534662e-01
6.7311401367e+02	9.7573870420e-01	9.7641285581e-01
6.7353375244e+02	9.7597336769e-01	9.7667621655e-01
6.7395343018e+02	9.7619289160e-01	9.7693492720e-01
6.7437316895e+02	9.7647297382e-01	9.7719073102e-01
6.7479284668e+02	9.7677850723e-01	9.7744237419e-01
6.7521258545e+02	9.7680056095e-01	9.7768937042e-01
6.7563226318e+02	9.7718995810e-01	9.7793339416e-01
6.7605200195e+02	9.7744911909e-01	9.7817328967e-01
6.7647167969e+02	9.7761952877e-01	9.7840846576e-01
6.7689141846e+02	9.7781985998e-01	9.7864074871e-01
6.7731109619e+02	9.7808939219e-01	9.7886873179e-01
6.7773083496e+02	9.7824859619e-01	9.7909213196e-01
6.7815051270e+02	9.7855079174e-01	9.7931258604e-01
6.7857025146e+02	9.7868651152e-01	9.7952863682e-01
6.7898992920e+02	9.7876644135e-01	9.7974018395e-01
6.7940966797e+02	9.7914081812e-01	9.7994886447e-01
6.7982934570e+02	9.7934877872e-01	9.8015284576e-01
6.8024908447e+02	9.7956752777e-01	9.8035260278e-01
6.8066876221e+02	9.7963815928e-01	9.8054945420e-01
6.8108850098e+02	9.7997641563e-01	9.8074136455e-01
6.8150817871e+02	9.8015218973e-01	9.8092928930e-01
6.8192791748e+02	9.8016387224e-01	9.8111438897e-01
6.8234759521e+02	9.8037064075e-01	9.8129412677e-01
6.8276733398e+02	9.8070746660e-01	9.8147030641e-01
6.8318701172e+02	9.8081892729e-01	9.8164363652e-01
6.8360675049e+02	9.8085772991e-01	9.8181122628e-01
6.8402642822e+02	9.8103964329e-01	9.8197565837e-01
6.8444616699e+02	9.8115921021e-01	9.8213715591e-01
6.8486590576e+02	9.8141700029e-01	9.8229272801e-01
6.8528558350e+02	9.8162204027e-01	9.8244550528e-01
6.8570532227e+02	9.8173266649e-01	9.8259482107e-01
6.8612500000e+02	9.8177540302e-01	9.8273876018e-01
6.8654473877e+02	9.8195421696e-01	9.8287998811e-01
6.8696441650e+02	9.8208618164e-01	9.8301712448e-01
6.8738415527e+02	9.8222875595e-01	9.8314957209e-01
6.8780383301e+02	9.8236000538e-01	9.8327931361e-01
6.8822357178e+02	9.8250013590e-01	9.8340435366e-01
6.8864324951e+02	9.8259985447e-01	9.8352538996e-01
6.8906298828e+02	9.8279774189e-01	9.8364380465e-01
6.8948266602e+02	9.8288673162e-01	9.8375677881e-01
6.8990240479e+02	9.8290055990e-01	9.8386657627e-01
6.9032208252e+02	9.8315882683e-01	9.8397355896e-01
6.9074182129e+02	9.8327094316e-01	9.8407480223e-01
6.9116149902e+02	9.8331314325e-01	9.8417348447e-01
6.9158123779e+02	9.8344802856e-01	9.8426857815e-01
6.9200091553e+02	9.8355412483e-01	9.8435882204e-01
6.9242065430e+02	9.8364973068e-01	9.8444659123e-01
6.9284033203e+02	9.8379862309e-01	9.8452989527e-01
6.9326007080e+02	9.8395466805e-01	9.8460935458e-01
6.9367974854e+02	9.8397368193e-01	9.8468637547e-01
6.9409948730e+02	9.8402148485e-01	9.8475806634e-01
6.9451916504e+02	9.8409354687e-01	9.8482692231e-01
6.9493890381e+02	9.8433727026e-01	9.8489286488e-01
6.9535864258e+02	9.8441886902e-01	9.8495366532e-01
6.9577832031e+02	9.8451828957e-01	9.8501214999e-01
6.9619805908e+02	9.8447519541e-01	9.8506674028e-01
6.9661773682e+02	9.8452144861e-01	9.8511732803e-01
6.9703747559e+02	9.8459321260e-01	9.8516568287e-01
6.9745715332e+02	9.8471814394e-01	9.8520912781e-01
6.9787689209e+02	9.8475140333e-01	9.8524976464e-01
6.9829656982e+02	9.8479175568e-01	9.8528772776e-01
6.9871630859e+02	9.8492878675e-01	9.8532077180e-01
6.9913598633e+02	9.8497551680e-01	9.8535170554e-01
6.9955572510e+02	9.8502397537e-01	9.8537889706e-01
6.9997540283e+02	9.8499238491e-01	9.8540243874e-01
7.0039514160e+02	9.8509210348e-01	9.8542394842e-01
7.0081481934e+02	9.8508155346e-01	9.8544062932e-01
7.0123455811e+02	9.8518860340e-01	9.8545495574e-01
7.0165423584e+02	9.8514372110e-01	9.8546649051e-01
7.0207397461e+02	9.8515111208e-01	9.8547377933e-01
7.0249365234e+02	9.8520421982e-01	9.8547917456e-01
7.0291339111e+02	9.8523288965e-01	9.8548064396e-01
7.0333306885e+02	9.8534506559e-01	9.8547922728e-01
7.0375280762e+02	9.8535406590e-01	9.8547578077e-01
7.0417248535e+02	9.8532700539e-01	9.8546770786e-01
7.0459222412e+02	9.8538762331e-01	9.8545788708e-01
7.0501190186e+02	9.8546183109e-01	9.8544485672e-01
7.0543164062e+02	9.8543119431e-01	9.8542861532e-01
7.0585137939e+02	9.8532885313e-01	9.8541069536e-01
7.0627105713e+02	9.8547238111e-01	9.8538842097e-01
7.0669079590e+02	9.8539143801e-01	9.8536432144e-01
7.0711047363e+02	9.8544543982e-01	9.8533755679e-01
7.0753021240e+02	9.8542296886e-01	9.8530744437e-01
7.0794989014e+02	9.8545604944e-01	9.8527580239e-01
7.0836962891e+02	9.8540961742e-01	9.8524032248e-01
7.0878930664e+02	9.8530822992e-01	9.8520291495e-01
7.0920904541e+02	9.8529863358e-01	9.8516321692e-01
7.0962872314e+02	9.8534739017e-01	9.8512021408e-01
7.1004846191e+02	9.8528951406e-01	9.8507581107e-01
7.1046813965e+02	9.8535847664e-01	9.8502796390e-01
7.1088787842e+02	9.8534643650e-01	9.8497821309e-01
7.1130755615e+02	9.8527586460e-01	9.8492642967e-01
7.1172729492e+02	9.8528373241e-01	9.8487150214e-01
7.1214697266e+02	9.8523175716e-01	9.8481532367e-01
7.1256671143e+02	9.8515272141e-01	9.8475594383e-01
7.1298638916e+02	9.8514914513e-01	9.8469483510e-01
7.1340612793e+02	9.8508125544e-01	9.8463180333e-01
7.1382580566e+02	9.8500627279e-01	9.8456593343e-01
7.1424554443e+02	9.8495101929e-01	9.8449892211e-01
7.1466522217e+02	9.8492729664e-01	9.8442888128e-01
7.1508496094e+02	9.8485165834e-01	9.8435734766e-01
7.1550463867e+02	9.8479998112e-01	9.8428393914e-01
7.1592437744e+02	9.8466175795e-01	9.8420804760e-01
7.1634405518e+02	9.8469007015e-01	9.8413115320e-01
7.1676379395e+02	9.8460763693e-01	9.8405127713e-01
7.1718353271e+02	9.8451274633e-01	9.8397024279e-01
7.1760321045e+02	9.8442763090e-01	9.8388728762e-01
7.1802294922e+02	9.8439967632e-01	9.8380228154e-01
7.1844262695e+02	9.8430770636e-01	9.8371632590e-01
7.1886236572e+02	9.8418807983e-01	9.8362750126e-01
7.1928204346e+02	9.8405784369e-01	9.8353784590e-01
7.1970178223e+02	9.8397511244e-01	9.8344613967e-01
7.2012145996e+02	9.8393064737e-01	9.8335287530e-01
7.2054119873e+02	9.8379081488e-01	9.8325842824e-01
7.2096087646e+02	9.8372828960e-01	9.8316169684e-01
7.2138061523e+02	9.8354440928e-01	9.8306419847e-01
7.2180029297e+02	9.8345261812e-01	9.8296453004e-01
7.2222003174e+02	9.8326808214e-01	9.8286375473e-01
7.2263970947e+02	9.8318612576e-01	9.8276158661e-01
7.2305944824e+02	9.8305547237e-01	9.8265766264e-01
7.2347912598e+02	9.8293912411e-01	9.8255306977e-01
7.2389886475e+02	9.8279404640e-01	9.8244611933e-01
7.2431854248e+02	9.8267328739e-01	9.8233855798e-01
7.2473828125e+02	9.8250716925e-01	9.8222931250e-01
7.2515795898e+02	9.8243308067e-01	9.8211888431e-01
7.2557769775e+02	9.8226583004e-01	9.8200741981e-01
7.2599737549e+02	9.8203825951e-01	9.8189423004e-01
7.2641711426e+02	9.8201638460e-01	9.8178045910e-01
7.2683679199e+02	9.8172539473e-01	9.8166475484e-01
7.2725653076e+02	9.8172599077e-01	9.8154835622e-01
7.2767626953e+02	9.8150587082e-01	9.8143058962e-01
7.2809594727e+02	9.8135918379e-01	9.8131166698e-01
7.2851568604e+02	9.8115885258e-01	9.8119190459e-01
7.2893536377e+02	9.8103630543e-01	9.8107051931e-01
7.2935510254e+02	9.8074477911e-01	9.8094863299e-01
7.2977478027e+02	9.8067677021e-01	9.8082502826e-01
7.3019451904e+02	9.8060488701e-01	9.8070077406e-01
7.3061419678e+02	9.8032528162e-01	9.8057529548e-01
7.3103393555e+02	9.8000788689e-01	9.8044873042e-01
7.3145361328e+02	9.8003858328e-01	9.8032140880e-01
7.3187335205e+02	9.7978895903e-01	9.8019258081e-01
7.3229302979e+02	9.7955590487e-01	9.8006334469e-01
7.3271276855e+02	9.7935104370e-01	9.7993238938e-01
7.3313244629e+02	9.7916573286e-01	9.7980094348e-01
7.3355218506e+02	9.7899389267e-01	9.7966820535e-01
7.3397186279e+02	9.7881954908e-01	9.7953457458e-01
7.3439160156e+02	9.7859829664e-01	9.7940006262e-01
7.3481127930e+02	9.7832471132e-01	9.7926426205e-01
7.3523101807e+02	9.7818291187e-01	9.7912797935e-01
7.3565069580e+02	9.7797250748e-01	9.7899001407e-01
7.3607043457e+02	9.7778862715e-01	9.7885164139e-01
7.3649011230e+02	9.7751003504e-01	9.7871182262e-01
7.3690985107e+02	9.7735196352e-01	9.7857127995e-01
7.3732952881e+02	9.7710174322e-01	9.7842966323e-01
7.3774926758e+02	9.7695595026e-01	9.7828693126e-01
7.3816900635e+02	9.7660166025e-01	9.7814347376e-01
7.3858868408e+02	9.7644811869e-01	9.7799854379e-01
7.3900842285e+02	9.7623640299e-01	9.7785321720e-01
7.3942810059e+02	9.7603422403e-01	9.7770604896e-01
7.3984783936e+02	9.7578752041e-01	9.7755845466e-01
7.4026751709e+02	9.7564923763e-01	9.7740936107e-01
7.4068725586e+02	9.7526156902e-01	9.7725944486e-01
7.4110693359e+02	9.7499042749e-01	9.7710837708e-01
7.4152667236e+02	9.7474116087e-01	9.7695607437e-01
7.4194635010e+02	9.7450441122e-01	9.7680297661e-01
7.4236608887e+02	9.7429263592e-01	9.7664821239e-01
7.4278576660e+02	9.7413682938e-01	9.7649302183e-01
7.4320550537e+02	9.7385752201e-01	9.7633571078e-01
7.4362518311e+02	9.7345191240e-01	9.7617802025e-01
7.4404492188e+02	9.7333049774e-01	9.7601840405e-01
7.4446459961e+02	9.7292679548e-01	9.7585804995e-01
7.4488433838e+02	9.7271829844e-01	9.7569610870e-01
7.4530401611e+02	9.7243666649e-01	9.7550541364e-01
7.4572375488e+02	9.7215932608e-01	9.7528598306e-01
7.4614343262e+02	9.7195351124e-01	9.7505254220e-01
7.4656317139e+02	9.7162634134e-01	9.7481215167e-01
7.4698284912e+02	9.7135001421e-01	9.7456903585e-01
7.4740258789e+02	9.7098147869e-01	9.7432534170e-01
7.4782226562e+02	9.7073125839e-01	9.7407842436e-01
7.4824200439e+02	9.7051268816e-01	9.7383096061e-01
7.4866168213e+02	9.7027641535e-01	9.7358080502e-01
7.4908142090e+02	9.6985036135e-01	9.7332962474e-01
7.4950115967e+02	9.6960216761e-01	9.7307624073e-01
7.4992083740e+02	9.6937334538e-01	9.7282144380e-01
7.5034057617e+02	9.6911340952e-01	9.7256490756e-01
7.5076025391e+02	9.6876603365e-01	9.7230652195e-01
7.5117999268e+02	9.6850508451e-01	9.7204687458e-01
7.5159967041e+02	9.6820741892e-01	9.7178496629e-01
7.5201940918e+02	9.6798437834e-01	9.7152225027e-01
7.5243908691e+02	9.6751540899e-01	9.7125688681e-01
7.5285882568e+02	9.6733522415e-01	9.7099107750e-01
7.5327850342e+02	9.6711874008e-01	9.7072239642e-01
7.5369824219e+02	9.6675294638e-01	9.7045322439e-01
7.5411791992e+02	9.6652078629e-01	9.7018161103e-01
7.5453765869e+02	9.6609514952e-01	9.6990914695e-01
7.5495733643e+02	9.6592652798e-01	9.6963464948e-01
7.5537707520e+02	9.6559858322e-01	9.6935896550e-01
7.5579675293e+02	9.6521329880e-01	9.6908163361e-01
7.5621649170e+02	9.6499955654e-01	9.6880280337e-01
7.5663616943e+02	9.6467339993e-01	9.6852268823e-01
7.5705590820e+02	9.6448642015e-01	9.6824078684e-01
7.5747558594e+02	9.6418124437e-01	9.6795794110e-01
7.5789532471e+02	9.6380102634e-01	9.6767304509e-01
7.5831500244e+02	9.6358293295e-01	9.6738752296e-01
7.5873474121e+02	9.6331381798e-01	9.6709971029e-01
7.5915441895e+02	9.6306627989e-01	9.6681156745e-01
7.5957415771e+02	9.6270436049e-01	9.6652091747e-01
7.5999389648e+02	9.6236085892e-01	9.6623001557e-01
7.6041357422e+02	9.6216338873e-01	9.6593680456e-01
7.6083331299e+02	9.6184653044e-01	9.6564316776e-01
7.6125299072e+02	9.6150654554e-01	9.6534751233e-01
7.6167272949e+02	9.6137112379e-01	9.6505122238e-01
7.6209240723e+02	9.6103233099e-01	9.6475318433e-01
7.6251214600e+02	9.6073913574e-01	9.6445432422e-01
7.6293182373e+02	9.6049588919e-01	9.6415396689e-01
7.6335156250e+02	9.6022212505e-01	9.6385262079e-01
7.6377124023e+02	9.5998191833e-01	9.6355000902e-01
7.6419097900e+02	9.5977103710e-01	9.6324626222e-01
7.6461065674e+02	9.5938289165e-01	9.6294146236e-01
7.6503039551e+02	9.5909857750e-01	9.6263540123e-01
7.6545007324e+02	9.5878517628e-01	9.6232848114e-01
7.6586981201e+02	9.5858651400e-01	9.6202019308e-01
7.6628948975e+02	9.5807451010e-01	9.6171122206e-01
7.6670922852e+02	9.5798343420e-01	9.6140079541e-01
7.6712890625e+02	9.5753139257e-01	9.6108984426e-01
7.6754864502e+02	9.5721834898e-01	9.6077736828e-01
7.6796832275e+02	9.5688509941e-01	9.6046450920e-01
7.6838806152e+02	9.5661163330e-01	9.6015007394e-01
7.6880773926e+02	9.5625299215e-01	9.5983538056e-01
7.6922747803e+02	9.5601028204e-01	9.5951907685e-01
7.6964715576e+02	9.5563727617e-01	9.5920262420e-01
7.7006689453e+02	9.5539307594e-01	9.5888454354e-01
7.7048663330e+02	9.5495486259e-01	9.5856636160e-01
7.7090631104e+02	9.5463341475e-01	9.5824664248e-01
7.7132604980e+02	9.5425766706e-01	9.5792681101e-01
7.7174572754e+02	9.5387876034e-01	9.5760554400e-01
7.7216546631e+02	9.5358097553e-01	9.5728413315e-01
7.7258514404e+02	9.5327401161e-01	9.5696142017e-01
7.7300488281e+02	9.5278424025e-01	9.5663852218e-01
7.7342456055e+02	9.5258104801e-01	9.5631444465e-01
7.7384429932e+02	9.5221829414e-01	9.5599015208e-01
7.7426397705e+02	9.5188409090e-01	9.5566479262e-01
7.7468371582e+02	9.5151150227e-01	9.5533919826e-01
7.7510339355e+02	9.5116895437e-01	9.5501264061e-01
7.7552313232e+02	9.5068460703e-01	9.5468583739e-01
7.7594281006e+02	9.5037376881e-01	9.5435816636e-01
7.7636254883e+02	9.5004343987e-01	9.5403024728e-01
7.7678222656e+02	9.4966524839e-01	9.5370154871e-01
7.7720196533e+02	9.4939970970e-01	9.5337260677e-01
7.7762164307e+02	9.4895422459e-01	9.5304296743e-01
7.7804138184e+02	9.4857978821e-01	9.5271309552e-01
7.7846105957e+02	9.4815969467e-01	9.5238260313e-01
7.7888079834e+02	9.4783157110e-01	9.5205189394e-01
7.7930047607e+02	9.4734400511e-01	9.5172063705e-01
7.7972021484e+02	9.4709503651e-01	9.5138918298e-01
7.8013989258e+02	9.4670885801e-01	9.5105725092e-01
7.8055963135e+02	9.4639980793e-01	9.5072514402e-01
7.8097930908e+02	9.4609218836e-01	9.5039262688e-01
7.8139904785e+02	9.4555610418e-01	9.5005995872e-01
7.8181878662e+02	9.4550848007e-01	9.4972689880e-01
7.8223846436e+02	9.4500041008e-01	9.4939380886e-01
7.8265820312e+02	9.4461393356e-01	9.4906034586e-01
7.8307788086e+02	9.4424176216e-01	9.4872687618e-01
7.8349761963e+02	9.4382148981e-01	9.4839310197e-01
7.8391729736e+02	9.4361042976e-01	9.4805934225e-01
7.8433703613e+02	9.4320595264e-01	9.4772534913e-01
7.8475671387e+02	9.4277942181e-01	9.4739138826e-01
7.8517645264e+02	9.4239211082e-01	9.4705726895e-01
7.8559613037e+02	9.4196105003e-01	9.4672319496e-01
7.8601586914e+02	9.4168066978e-01	9.4638904220e-01
7.8643554688e+02	9.4126158953e-01	9.4604787005e-01
7.8685528564e+02	9.4102466106e-01	9.4560316006e-01
7.8727496338e+02	9.4040316343e-01	9.4515653272e-01
7.8769470215e+02	9.4010734558e-01	9.4463128315e-01
7.8811437988e+02	9.3972820044e-01	9.4410610668e-01
7.8853411865e+02	9.3943649530e-01	9.4357013256e-01
7.8895379639e+02	9.3905401230e-01	9.4303402545e-01
7.8937353516e+02	9.3880671263e-01	9.4248764231e-01
7.8979321289e+02	9.3817180395e-01	9.4194059967e-01
7.9021295166e+02	9.3776428699e-01	9.4138386446e-01
7.9063262939e+02	9.3735289574e-01	9.4082589550e-01
7.9105236816e+02	9.3681293726e-01	9.4025887723e-01
7.9147204590e+02	9.3655103445e-01	9.3969000546e-01
7.9189178467e+02	9.3619942665e-01	9.3911278491e-01
7.9231152344e+02	9.3569386005e-01	9.3853296344e-01
7.9273120117e+02	9.3539172411e-01	9.3794571767e-01
7.9315093994e+02	9.3495696783e-01	9.3735508229e-01
7.9357061768e+02	9.3456387520e-01	9.3675783121e-01
7.9399035645e+02	9.3394345045e-01	9.3615644886e-01
7.9441003418e+02	9.3358731270e-01	9.3554930646e-01
7.9482977295e+02	9.3309533596e-01	9.3493725857e-01
7.9524945068e+02	9.3279844522e-01	9.3432034904e-01
7.9566918945e+02	9.3250000477e-01	9.3369773150e-01
7.9608886719e+02	9.3201464415e-01	9.3307118880e-01
7.9650860596e+02	9.3151104450e-01	9.3243811183e-01
7.9692828369e+02	9.3080270290e-01	9.3180207930e-01
7.9734802246e+02	9.3049770594e-01	9.3115866732e-01
7.9776770020e+02	9.2976009846e-01	9.3051329702e-01
7.9818743896e+02	9.2915391922e-01	9.2985968847e-01
7.9860711670e+02	9.2868900299e-01	9.2920514082e-01
7.9902685547e+02	9.2796665430e-01	9.2854148788e-01
7.9944653320e+02	9.2715638876e-01	9.2787793103e-01
