wavelength_nm	ideal_target_transmittance	tandem_response_transmittance
3.7973712158e+02	8.6819225550e-01	7.2921729088e-01
3.8015682983e+02	8.6589813232e-01	7.2714841366e-01
3.8057653809e+02	8.6354404688e-01	7.2541600466e-01
3.8099624634e+02	8.6112803221e-01	7.2322243452e-01
3.8141595459e+02	8.5864794254e-01	7.2103452682e-01
3.8183566284e+02	8.5610163212e-01	7.1989512444e-01
3.8225537109e+02	8.5348683596e-01	7.1657609940e-01
3.8267507935e+02	8.5080122948e-01	7.1680867672e-01
3.8309478760e+02	8.4804230928e-01	7.1248614788e-01
3.8351449585e+02	8.4520757198e-01	7.0889598131e-01
3.8393420410e+02	8.4229427576e-01	7.0856946707e-01
3.8435391235e+02	8.3929985762e-01	7.0673590899e-01
3.8477362061e+02	8.3622127771e-01	7.0460963249e-01
3.8519332886e+02	8.3305561543e-01	7.0048105717e-01
3.8561303711e+02	8.2979977131e-01	7.0015317202e-01
3.8603274536e+02	8.2645058632e-01	6.9896024466e-01
3.8645245361e+02	8.2300460339e-01	6.9995200634e-01
3.8687216187e+02	8.1945842505e-01	6.9503140450e-01
3.8729187012e+02	8.1580829620e-01	6.9504994154e-01
3.8771157837e+02	8.1205058098e-01	6.9201546907e-01
3.8813131714e+02	8.0818104744e-01	6.8893563747e-01
3.8855102539e+02	8.0419605970e-01	6.8846714497e-01
3.8897073364e+02	8.0009120703e-01	6.8492001295e-01
3.8939044189e+02	7.9586201906e-01	6.8245679140e-01
3.8981015015e+02	7.9150396585e-01	6.8490362167e-01
3.9022985840e+02	7.8701221943e-01	6.7778044939e-01
3.9064956665e+02	7.8238189220e-01	6.7774844170e-01
3.9106927490e+02	7.7760779858e-01	6.7629283667e-01
3.9148898315e+02	7.7268457413e-01	6.7551159859e-01
3.9190869141e+02	7.6760667562e-01	6.7399340868e-01
3.9232839966e+02	7.6236838102e-01	6.7130410671e-01
3.9274810791e+02	7.5696378946e-01	6.6822397709e-01
3.9316781616e+02	7.5138658285e-01	6.6730517149e-01
3.9358752441e+02	7.4563050270e-01	6.6555535793e-01
3.9400723267e+02	7.3968887329e-01	6.6100519896e-01
3.9442694092e+02	7.3355489969e-01	6.6146373749e-01
3.9484664917e+02	7.2722142935e-01	6.5800493956e-01
3.9526635742e+02	7.2068130970e-01	6.5572237968e-01
3.9568606567e+02	7.1392691135e-01	6.5329927206e-01
3.9610577393e+02	7.0695066452e-01	6.4884048700e-01
3.9652548218e+02	6.9974452257e-01	6.4701765776e-01
3.9694519043e+02	6.9230037928e-01	6.4575421810e-01
3.9736489868e+02	6.8461000919e-01	6.4430701733e-01
3.9778460693e+02	6.7666488886e-01	6.3965702057e-01
3.9820431519e+02	6.6845631599e-01	6.3743394613e-01
3.9862402344e+02	6.5997564793e-01	6.3464939594e-01
3.9904376221e+02	6.5121322870e-01	6.2952637672e-01
3.9946347046e+02	6.4216154814e-01	6.2556344271e-01
3.9988317871e+02	6.3281089067e-01	6.2503308058e-01
4.0030288696e+02	6.2315237522e-01	6.1973619461e-01
4.0072259521e+02	6.1317718029e-01	6.1014330387e-01
4.0114230347e+02	6.0287648439e-01	6.0748142004e-01
4.0156201172e+02	5.9224182367e-01	6.0351753235e-01
4.0198171997e+02	5.8126503229e-01	5.9805649519e-01
4.0240142822e+02	5.6993824244e-01	5.9078192711e-01
4.0282113647e+02	5.5825418234e-01	5.8019983768e-01
4.0324084473e+02	5.4620623589e-01	5.7345896959e-01
4.0366055298e+02	5.3378850222e-01	5.6572264433e-01
4.0408026123e+02	5.2099597454e-01	5.6023639441e-01
4.0449996948e+02	5.0782489777e-01	5.4777336121e-01
4.0491967773e+02	4.9427279830e-01	5.4515290260e-01
4.0533938599e+02	4.8033863306e-01	5.2931392193e-01
4.0575909424e+02	4.6602320671e-01	5.2093893290e-01
4.0617880249e+02	4.5132932067e-01	5.0983518362e-01
4.0659851074e+02	4.3626213074e-01	5.0421136618e-01
4.0701821899e+02	4.2082935572e-01	4.9228540063e-01
4.0743792725e+02	4.0504160523e-01	4.8429682851e-01
4.0785763550e+02	3.8891282678e-01	4.7283962369e-01
4.0827734375e+02	3.7246048450e-01	4.5914828777e-01
4.0869705200e+02	3.5570606589e-01	4.5278117061e-01
4.0911676025e+02	3.3867534995e-01	4.4228276610e-01
4.0953649902e+02	3.2139745355e-01	4.2856523395e-01
4.0995620728e+02	3.0391034484e-01	4.1493383050e-01
4.1037591553e+02	2.8625354171e-01	4.0526226163e-01
4.1079562378e+02	2.6847338676e-01	3.9405128360e-01
4.1121533203e+02	2.5062197447e-01	3.8279169798e-01
4.1163504028e+02	2.3275743425e-01	3.7158444524e-01
4.1205474854e+02	2.1494391561e-01	3.5972818732e-01
4.1247445679e+02	1.9725155830e-01	3.4529158473e-01
4.1289416504e+02	1.7975634336e-01	3.3253726363e-01
4.1331387329e+02	1.6253986955e-01	3.2194191217e-01
4.1373358154e+02	1.4568878710e-01	3.1079378724e-01
4.1415328979e+02	1.2929430604e-01	2.9614490271e-01
4.1457299805e+02	1.1345138401e-01	2.8473368287e-01
4.1499270630e+02	9.8257705569e-02	2.6906055212e-01
4.1541241455e+02	8.3812654018e-02	2.5921851397e-01
4.1583212280e+02	7.0215918124e-02	2.4633678794e-01
4.1625183105e+02	5.7566132396e-02	2.3311567307e-01
4.1667153931e+02	4.5959260315e-02	2.1900554001e-01
4.1709124756e+02	3.5486984998e-02	2.0674449205e-01
4.1751095581e+02	2.6235032827e-02	1.9700765610e-01
4.1793066406e+02	1.8281513825e-02	1.8574286997e-01
4.1835037231e+02	1.1695336550e-02	1.7874646187e-01
4.1877008057e+02	6.5347403288e-03	1.6967782378e-01
4.1918978882e+02	2.8460233007e-03	1.6199727356e-01
4.1960949707e+02	6.6249520751e-04	1.5538635850e-01
4.2002920532e+02	3.7074128159e-06	1.4966034889e-01
4.2044894409e+02	8.7511161109e-04	1.4403817058e-01
4.2086865234e+02	3.2675629482e-03	1.4055545628e-01
4.2128836060e+02	7.1579045616e-03	1.3680993021e-01
4.2170806885e+02	1.2509353459e-02	1.3212478161e-01
4.2212777710e+02	1.9272342324e-02	1.3010898232e-01
4.2254748535e+02	2.7385618538e-02	1.2892256677e-01
4.2296719360e+02	3.6777574569e-02	1.2614279985e-01
4.2338690186e+02	4.7367729247e-02	1.2195055932e-01
4.2380661011e+02	5.9068363160e-02	1.1882904172e-01
4.2422631836e+02	7.1786165237e-02	1.1808031797e-01
4.2464602661e+02	8.5423924029e-02	1.1583936960e-01
4.2506573486e+02	9.9882140756e-02	1.1006829143e-01
4.2548544312e+02	1.1506057531e-01	1.0974329710e-01
4.2590515137e+02	1.3085968792e-01	1.0688279569e-01
4.2632485962e+02	1.4718185365e-01	1.0312811285e-01
4.2674456787e+02	1.6393250227e-01	9.8083496094e-02
4.2716427612e+02	1.8102101982e-01	9.4510793686e-02
4.2758398438e+02	1.9836153090e-01	9.0865090489e-02
4.2800369263e+02	2.1587339044e-01	8.6799778044e-02
4.2842340088e+02	2.3348169029e-01	8.2247696817e-02
4.2884310913e+02	2.5111743808e-01	7.6794087887e-02
4.2926281738e+02	2.6871767640e-01	7.3112882674e-02
4.2968252563e+02	2.8622561693e-01	6.9550648332e-02
4.3010223389e+02	3.0359032750e-01	6.6746547818e-02
4.3052194214e+02	3.2076677680e-01	6.2876366079e-02
4.3094165039e+02	3.3771541715e-01	5.9886995703e-02
4.3136138916e+02	3.5440322757e-01	5.8998413384e-02
4.3178109741e+02	3.7079849839e-01	5.7631373405e-02
4.3220080566e+02	3.8687777519e-01	5.6785393506e-02
4.3262051392e+02	4.0262064338e-01	5.7403918356e-02
4.3304022217e+02	4.1801059246e-01	5.9895288199e-02
4.3345993042e+02	4.3303459883e-01	6.4449511468e-02
4.3387963867e+02	4.4768282771e-01	6.9107025862e-02
4.3429934692e+02	4.6194839478e-01	7.5083896518e-02
4.3471905518e+02	4.7582682967e-01	8.3321765065e-02
4.3513876343e+02	4.8931595683e-01	9.4557568431e-02
4.3555847168e+02	5.0241559744e-01	1.0825821757e-01
4.3597817993e+02	5.1512724161e-01	1.1991894990e-01
4.3639788818e+02	5.2745383978e-01	1.3600058854e-01
4.3681759644e+02	5.3939968348e-01	1.5725515783e-01
4.3723730469e+02	5.5097001791e-01	1.8302805722e-01
4.3765701294e+02	5.6217104197e-01	2.0380735397e-01
4.3807672119e+02	5.7300966978e-01	2.2870428860e-01
4.3849642944e+02	5.8349353075e-01	2.5582438707e-01
4.3891613770e+02	5.9363055229e-01	2.7805501223e-01
4.3933584595e+02	6.0342913866e-01	3.0912366509e-01
4.3975555420e+02	6.1289787292e-01	3.3712494373e-01
4.4017526245e+02	6.2204563618e-01	3.6271366477e-01
4.4059497070e+02	6.3088136911e-01	3.9168778062e-01
4.4101467896e+02	6.3941407204e-01	4.1565850377e-01
4.4143438721e+02	6.4765268564e-01	4.4156903028e-01
4.4185412598e+02	6.5560680628e-01	4.6423476934e-01
4.4227383423e+02	6.6328406334e-01	4.8680952191e-01
4.4269354248e+02	6.7069387436e-01	5.0424444675e-01
4.4311325073e+02	6.7784470320e-01	5.2320051193e-01
4.4353295898e+02	6.8474513292e-01	5.4482567310e-01
4.4395266724e+02	6.9140326977e-01	5.6006848812e-01
4.4437237549e+02	6.9782727957e-01	5.7357686758e-01
4.4479208374e+02	7.0402485132e-01	5.9006017447e-01
4.4521179199e+02	7.1000373363e-01	6.0398691893e-01
4.4563150024e+02	7.1577125788e-01	6.1874336004e-01
4.4605120850e+02	7.2133451700e-01	6.3073498011e-01
4.4647091675e+02	7.2670054436e-01	6.4194405079e-01
4.4689062500e+02	7.3187595606e-01	6.5430974960e-01
4.4731033325e+02	7.3686724901e-01	6.6736835241e-01
4.4773004150e+02	7.4168068171e-01	6.7804157734e-01
4.4814974976e+02	7.4632227421e-01	6.8971115351e-01
4.4856945801e+02	7.5079774857e-01	7.0351684093e-01
4.4898916626e+02	7.5511270761e-01	7.0860964060e-01
4.4940887451e+02	7.5927251577e-01	7.1795427799e-01
4.4982858276e+02	7.6328235865e-01	7.2810983658e-01
4.5024829102e+02	7.6714712381e-01	7.3548710346e-01
4.5066799927e+02	7.7087157965e-01	7.4643486738e-01
4.5108770752e+02	7.7446031570e-01	7.5376033783e-01
4.5150741577e+02	7.7791774273e-01	7.5849956274e-01
4.5192712402e+02	7.8124791384e-01	7.6830947399e-01
4.5234683228e+02	7.8445494175e-01	7.6827180386e-01
4.5276657104e+02	7.8754287958e-01	7.7511739731e-01
4.5318627930e+02	7.9051500559e-01	7.7728939056e-01
4.5360598755e+02	7.9337501526e-01	7.8109461069e-01
4.5402569580e+02	7.9612630606e-01	7.7850294113e-01
4.5444540405e+02	7.9877203703e-01	7.8499788046e-01
4.5486511230e+02	8.0131542683e-01	7.8375142813e-01
4.5528482056e+02	8.0375933647e-01	7.8847175837e-01
4.5570452881e+02	8.0610662699e-01	7.8869092464e-01
4.5612423706e+02	8.0835992098e-01	7.8964024782e-01
4.5654394531e+02	8.1052184105e-01	7.9148411751e-01
4.5696365356e+02	8.1259483099e-01	7.9308581352e-01
4.5738336182e+02	8.1458121538e-01	7.9383224249e-01
4.5780307007e+02	8.1648319960e-01	7.9463386536e-01
4.5822277832e+02	8.1830292940e-01	7.9528522491e-01
4.5864248657e+02	8.2004237175e-01	7.9676204920e-01
4.5906219482e+02	8.2170343399e-01	7.9860383272e-01
4.5948190308e+02	8.2328802347e-01	8.0257081985e-01
4.5990161133e+02	8.2479774952e-01	8.0182385445e-01
4.6032131958e+02	8.2623434067e-01	8.0237895250e-01
4.6074102783e+02	8.2759922743e-01	8.0095463991e-01
4.6116073608e+02	8.2889401913e-01	8.0091327429e-01
4.6158044434e+02	8.3011996746e-01	8.0252128839e-01
4.6200015259e+02	8.3127850294e-01	8.0670243502e-01
4.6241986084e+02	8.3237069845e-01	8.0367332697e-01
4.6283956909e+02	8.3339780569e-01	8.0715060234e-01
4.6325927734e+02	8.3436089754e-01	8.0524396896e-01
4.6367901611e+02	8.3526098728e-01	8.0839014053e-01
4.6409872437e+02	8.3609884977e-01	8.0753856897e-01
4.6451843262e+02	8.3687555790e-01	8.0886846781e-01
4.6493814087e+02	8.3759182692e-01	8.0844187737e-01
4.6535784912e+02	8.3824837208e-01	8.0684924126e-01
4.6577755737e+02	8.3884590864e-01	8.0505800247e-01
4.6619726562e+02	8.3938503265e-01	8.0843663216e-01
4.6661697388e+02	8.3986628056e-01	8.0757963657e-01
4.6703668213e+02	8.4029012918e-01	8.1034439802e-01
4.6745639038e+02	8.4065711498e-01	8.0811870098e-01
4.6787609863e+02	8.4096747637e-01	8.0957520008e-01
4.6829580688e+02	8.4122163057e-01	8.0595511198e-01
4.6871551514e+02	8.4141975641e-01	8.0575126410e-01
4.6913522339e+02	8.4156209230e-01	8.0361479521e-01
4.6955493164e+02	8.4164875746e-01	8.0374735594e-01
4.6997463989e+02	8.4167987108e-01	8.0203741789e-01
4.7039434814e+02	8.4165549278e-01	8.0214732885e-01
4.7081405640e+02	8.4157550335e-01	7.9629528522e-01
4.7123376465e+02	8.4143990278e-01	7.9722589254e-01
4.7165347290e+02	8.4124851227e-01	7.9779767990e-01
4.7207318115e+02	8.4100115299e-01	7.9502880573e-01
4.7249288940e+02	8.4069758654e-01	7.9056626558e-01
4.7291259766e+02	8.4033751488e-01	7.8761529922e-01
4.7333230591e+02	8.3992052078e-01	7.8513604403e-01
4.7375201416e+02	8.3944624662e-01	7.8296172619e-01
4.7417175293e+02	8.3891409636e-01	7.7871161699e-01
4.7459146118e+02	8.3832365274e-01	7.7642875910e-01
4.7501116943e+02	8.3767426014e-01	7.7308845520e-01
4.7543087769e+02	8.3696526289e-01	7.6745760441e-01
4.7585058594e+02	8.3619588614e-01	7.6606291533e-01
4.7627029419e+02	8.3536541462e-01	7.6337444782e-01
4.7669000244e+02	8.3447295427e-01	7.5740677118e-01
4.7710971069e+02	8.3351755142e-01	7.5016331673e-01
4.7752941895e+02	8.3249825239e-01	7.4261873960e-01
4.7794912720e+02	8.3141398430e-01	7.3999619484e-01
4.7836883545e+02	8.3026355505e-01	7.3155999184e-01
4.7878854370e+02	8.2904577255e-01	7.2599321604e-01
4.7920825195e+02	8.2775944471e-01	7.1806186438e-01
4.7962796021e+02	8.2640302181e-01	7.1086841822e-01
4.8004766846e+02	8.2497519255e-01	7.0376712084e-01
4.8046737671e+02	8.2347440720e-01	6.9572639465e-01
4.8088708496e+02	8.2189893723e-01	6.8748265505e-01
4.8130679321e+02	8.2024723291e-01	6.7937117815e-01
4.8172650146e+02	8.1851732731e-01	6.7242801189e-01
4.8214620972e+02	8.1670743227e-01	6.6158145666e-01
4.8256591797e+02	8.1481552124e-01	6.4962178469e-01
4.8298562622e+02	8.1283944845e-01	6.4733946323e-01
4.8340533447e+02	8.1077706814e-01	6.3453060389e-01
4.8382504272e+02	8.0862599611e-01	6.2683349848e-01
4.8424475098e+02	8.0638384819e-01	6.1660534143e-01
4.8466445923e+02	8.0404812098e-01	6.0732215643e-01
4.8508419800e+02	8.0161583424e-01	5.9593272209e-01
4.8550390625e+02	7.9908460379e-01	5.9060609341e-01
4.8592361450e+02	7.9645133018e-01	5.8419466019e-01
4.8634332275e+02	7.9371297359e-01	5.6854981184e-01
4.8676303101e+02	7.9086631536e-01	5.6403791904e-01
4.8718273926e+02	7.8790789843e-01	5.5471360683e-01
4.8760244751e+02	7.8483432531e-01	5.4195702076e-01
4.8802215576e+02	7.8164196014e-01	5.2815532684e-01
4.8844186401e+02	7.7832680941e-01	5.2525049448e-01
4.8886157227e+02	7.7488505840e-01	5.1334714890e-01
4.8928128052e+02	7.7131241560e-01	5.0113242865e-01
4.8970098877e+02	7.6760458946e-01	4.8720160127e-01
4.9012069702e+02	7.6375699043e-01	4.7945111990e-01
4.9054040527e+02	7.5976496935e-01	4.6777930856e-01
4.9096011353e+02	7.5562351942e-01	4.5651507378e-01
4.9137982178e+02	7.5132757425e-01	4.4778171182e-01
4.9179953003e+02	7.4687182903e-01	4.3380683661e-01
4.9221923828e+02	7.4225062132e-01	4.2254841328e-01
4.9263894653e+02	7.3745828867e-01	4.0355056524e-01
4.9305865479e+02	7.3248881102e-01	3.9664411545e-01
4.9347836304e+02	7.2733592987e-01	3.8583299518e-01
4.9389807129e+02	7.2199332714e-01	3.7025201321e-01
4.9431777954e+02	7.1645426750e-01	3.5770058632e-01
4.9473748779e+02	7.1071177721e-01	3.4447979927e-01
4.9515719604e+02	7.0475888252e-01	3.3071985841e-01
4.9557690430e+02	6.9858807325e-01	3.1646534801e-01
4.9599664307e+02	6.9219142199e-01	3.0318722129e-01
4.9641635132e+02	6.8556195498e-01	2.8992313147e-01
4.9683605957e+02	6.7869126797e-01	2.7688086033e-01
4.9725576782e+02	6.7157107592e-01	2.5911980867e-01
4.9767547607e+02	6.6419303417e-01	2.4540601671e-01
4.9809518433e+02	6.5654850006e-01	2.3129086196e-01
4.9851489258e+02	6.4862883091e-01	2.1417872608e-01
4.9893460083e+02	6.4042508602e-01	1.9939820468e-01
4.9935430908e+02	6.3192844391e-01	1.8658378720e-01
4.9977401733e+02	6.2312978506e-01	1.7189995944e-01
5.0019372559e+02	6.1402022839e-01	1.5684205294e-01
5.0061343384e+02	6.0459071398e-01	1.4382527769e-01
5.0103314209e+02	5.9483247995e-01	1.3130551577e-01
5.0145285034e+02	5.8473682404e-01	1.2097921968e-01
5.0187255859e+02	5.7429534197e-01	1.0773382336e-01
5.0229226685e+02	5.6349992752e-01	9.8575323820e-02
5.0271197510e+02	5.5234307051e-01	8.8340044022e-02
5.0313168335e+02	5.4081773758e-01	8.1284031272e-02
5.0355139160e+02	5.2891761065e-01	7.1861468256e-02
5.0397109985e+02	5.1663726568e-01	6.4921669662e-02
5.0439080811e+02	5.0397235155e-01	6.0199704021e-02
5.0481051636e+02	4.9091967940e-01	5.2229445428e-02
5.0523022461e+02	4.7747763991e-01	4.8514597118e-02
5.0564993286e+02	4.6364617348e-01	4.3341860175e-02
5.0606964111e+02	4.4942721725e-01	3.9755683392e-02
5.0648937988e+02	4.3482381105e-01	3.4909646958e-02
5.0690908813e+02	4.1984474659e-01	3.2243926078e-02
5.0732879639e+02	4.0449836850e-01	2.9289072379e-02
5.0774850464e+02	3.8879731297e-01	2.5781862438e-02
5.0816821289e+02	3.7275767326e-01	2.4112967774e-02
5.0858792114e+02	3.5639932752e-01	2.1934108809e-02
5.0900762939e+02	3.3974647522e-01	2.0319463685e-02
5.0942733765e+02	3.2282778621e-01	1.7620872706e-02
5.0984704590e+02	3.0567687750e-01	1.6542717814e-02
5.1026675415e+02	2.8833264112e-01	1.4974096790e-02
5.1068646240e+02	2.7083942294e-01	1.5125308186e-02
5.1110617065e+02	2.5324743986e-01	1.4628215693e-02
5.1152587891e+02	2.3561275005e-01	1.3722029515e-02
5.1194558716e+02	2.1799759567e-01	1.4159101062e-02
5.1236529541e+02	2.0047020912e-01	1.4103173278e-02
5.1278503418e+02	1.8310357630e-01	1.4629335143e-02
5.1320471191e+02	1.6598138213e-01	1.5604303218e-02
5.1362445068e+02	1.4918397367e-01	1.6318712384e-02
5.1404412842e+02	1.3280628622e-01	1.7362650484e-02
5.1446386719e+02	1.1693769693e-01	1.8645148724e-02
5.1488354492e+02	1.0168012232e-01	2.0464392379e-02
5.1530328369e+02	8.7128520012e-02	2.2181518376e-02
5.1572296143e+02	7.3387332261e-02	2.4694394320e-02
5.1614270020e+02	6.0552231967e-02	2.8265994042e-02
5.1656237793e+02	4.8724524677e-02	3.1621079892e-02
5.1698211670e+02	3.7994649261e-02	3.6090344191e-02
5.1740179443e+02	2.8454199433e-02	4.0731631219e-02
5.1782153320e+02	2.0181849599e-02	4.5327760279e-02
5.1824121094e+02	1.3252764940e-02	5.2019882947e-02
5.1866094971e+02	7.7275107615e-03	5.8350045234e-02
5.1908062744e+02	3.6587326322e-03	6.5855905414e-02
5.1950036621e+02	1.0836274596e-03	7.3532067239e-02
5.1992004395e+02	2.7786205465e-05	8.3126448095e-02
5.2033978271e+02	5.0164741697e-04	9.2428393662e-02
5.2075946045e+02	2.5014749262e-03	1.0268221796e-01
5.2117919922e+02	6.0099982657e-03	1.1433446407e-01
5.2159887695e+02	1.0994519107e-02	1.2670134008e-01
5.2201861572e+02	1.7411703244e-02	1.4034901559e-01
5.2243829346e+02	2.5202829391e-02	1.5375751257e-01
5.2285803223e+02	3.4302465618e-02	1.6579447687e-01
5.2327777100e+02	4.4632483274e-02	1.7929193377e-01
5.2369744873e+02	5.6106217206e-02	1.9121211767e-01
5.2411718750e+02	6.8635948002e-02	2.0993365347e-01
5.2453686523e+02	8.2122497261e-02	2.2063782811e-01
5.2495660400e+02	9.6471399069e-02	2.3463442922e-01
5.2537628174e+02	1.1157882959e-01	2.4745425582e-01
5.2579602051e+02	1.2734970450e-01	2.6080182195e-01
5.2621569824e+02	1.4368146658e-01	2.7458557487e-01
5.2663543701e+02	1.6048352420e-01	2.8728982806e-01
5.2705511475e+02	1.7765931785e-01	2.9874092340e-01
5.2747485352e+02	1.9512656331e-01	3.0785238743e-01
5.2789453125e+02	2.1279796958e-01	3.1489190459e-01
5.2831427002e+02	2.3060198128e-01	3.2886448503e-01
5.2873394775e+02	2.4846258759e-01	3.3801940084e-01
5.2915368652e+02	2.6632007957e-01	3.4118691087e-01
5.2957336426e+02	2.8411045671e-01	3.5483139753e-01
5.2999310303e+02	3.0178603530e-01	3.6128920317e-01
5.3041278076e+02	3.1929463148e-01	3.6646208167e-01
5.3083251953e+02	3.3659991622e-01	3.7718507648e-01
5.3125219727e+02	3.5366085172e-01	3.8199746609e-01
5.3167193604e+02	3.7045136094e-01	3.9151638746e-01
5.3209161377e+02	3.8694024086e-01	4.0047571063e-01
5.3251135254e+02	4.0311032534e-01	4.0675607324e-01
5.3293103027e+02	4.1893893480e-01	4.1086646914e-01
5.3335076904e+02	4.3441638350e-01	4.2048895359e-01
5.3377050781e+02	4.4952929020e-01	4.3046143651e-01
5.3419018555e+02	4.6426752210e-01	4.3788501620e-01
5.3460992432e+02	4.7862991691e-01	4.4129830599e-01
5.3502960205e+02	4.9260920286e-01	4.5310291648e-01
5.3544934082e+02	5.0620847940e-01	4.5848688483e-01
5.3586901855e+02	5.1942449808e-01	4.6259188652e-01
5.3628875732e+02	5.3226345778e-01	4.7192689776e-01
5.3670843506e+02	5.4472535849e-01	4.7824507952e-01
5.3712817383e+02	5.5681860447e-01	4.8540410399e-01
5.3754785156e+02	5.6854540110e-01	4.9270799756e-01
5.3796759033e+02	5.7991576195e-01	5.0040638447e-01
5.3838726807e+02	5.9093368053e-01	5.0547236204e-01
5.3880700684e+02	6.0161000490e-01	5.1462161541e-01
5.3922668457e+02	6.1194980145e-01	5.1706951857e-01
5.3964642334e+02	6.2196463346e-01	5.2392202616e-01
5.4006610107e+02	6.3166022301e-01	5.3204393387e-01
5.4048583984e+02	6.4104825258e-01	5.3680074215e-01
5.4090551758e+02	6.5013498068e-01	5.4316580296e-01
5.4132525635e+02	6.5893191099e-01	5.4629170895e-01
5.4174493408e+02	6.6744548082e-01	5.5484676361e-01
5.4216467285e+02	6.7568707466e-01	5.5565190315e-01
5.4258435059e+02	6.8366301060e-01	5.6270331144e-01
5.4300408936e+02	6.9138431549e-01	5.6558352709e-01
5.4342376709e+02	6.9885718822e-01	5.7475960255e-01
5.4384350586e+02	7.0609217882e-01	5.8023297787e-01
5.4426324463e+02	7.1309632063e-01	5.8252006769e-01
5.4468292236e+02	7.1987658739e-01	5.8576613665e-01
5.4510266113e+02	7.2644269466e-01	5.9058243036e-01
5.4552233887e+02	7.3280024529e-01	5.9450024366e-01
5.4594207764e+02	7.3895841837e-01	5.9680026770e-01
5.4636175537e+02	7.4492245913e-01	6.0621362925e-01
5.4678149414e+02	7.5070106983e-01	6.1342620850e-01
5.4720117188e+02	7.5629907846e-01	6.1541366577e-01
5.4762091064e+02	7.6172459126e-01	6.1482614279e-01
5.4804058838e+02	7.6698225737e-01	6.2105327845e-01
5.4846032715e+02	7.7207958698e-01	6.2790435553e-01
5.4888000488e+02	7.7702087164e-01	6.2867176533e-01
5.4929974365e+02	7.8181302547e-01	6.3571208715e-01
5.4971942139e+02	7.8646016121e-01	6.3707715273e-01
5.5013916016e+02	7.9096871614e-01	6.3966923952e-01
5.5055883789e+02	7.9534232616e-01	6.4359545708e-01
5.5097857666e+02	7.9958713055e-01	6.4775806665e-01
5.5139825439e+02	8.0370646715e-01	6.5305489302e-01
5.5181799316e+02	8.0770593882e-01	6.5385293961e-01
5.5223767090e+02	8.1158876419e-01	6.5556406975e-01
5.5265740967e+02	8.1536000967e-01	6.5675443411e-01
5.5307708740e+02	8.1902265549e-01	6.6172385216e-01
5.5349682617e+02	8.2258147001e-01	6.6209506989e-01
5.5391650391e+02	8.2603913546e-01	6.6244351864e-01
5.5433624268e+02	8.2940006256e-01	6.6772353649e-01
5.5475592041e+02	8.3266675472e-01	6.6867262125e-01
5.5517565918e+02	8.3584338427e-01	6.7119681835e-01
5.5559539795e+02	8.3893257380e-01	6.7401885986e-01
5.5601507568e+02	8.4193682671e-01	6.7441409826e-01
5.5643481445e+02	8.4485989809e-01	6.7349332571e-01
5.5685449219e+02	8.4770381451e-01	6.7762130499e-01
5.5727423096e+02	8.5047197342e-01	6.7783069611e-01
5.5769390869e+02	8.5316610336e-01	6.7963182926e-01
5.5811364746e+02	8.5578954220e-01	6.8284517527e-01
5.5853332520e+02	8.5834378004e-01	6.8345880508e-01
5.5895306396e+02	8.6083191633e-01	6.8449163437e-01
5.5937274170e+02	8.6325538158e-01	6.8435776234e-01
5.5979248047e+02	8.6561703682e-01	6.8618327379e-01
5.6021215820e+02	8.6791813374e-01	6.9013166428e-01
5.6063189697e+02	8.7016129494e-01	6.9378387928e-01
5.6105157471e+02	8.7234783173e-01	6.9197475910e-01
5.6147131348e+02	8.7448006868e-01	6.9596624374e-01
5.6189099121e+02	8.7655919790e-01	6.9412767887e-01
5.6231072998e+02	8.7858748436e-01	6.9644725323e-01
5.6273040771e+02	8.8056594133e-01	6.9751679897e-01
5.6315014648e+02	8.8249665499e-01	7.0310145617e-01
5.6356982422e+02	8.8438063860e-01	7.0195126534e-01
5.6398956299e+02	8.8621979952e-01	7.0424592495e-01
5.6440924072e+02	8.8801497221e-01	7.0074117184e-01
5.6482897949e+02	8.8976812363e-01	7.0682013035e-01
5.6524865723e+02	8.9147996902e-01	7.0639544725e-01
5.6566839600e+02	8.9315217733e-01	7.0925194025e-01
5.6608813477e+02	8.9478582144e-01	7.1073943377e-01
5.6650781250e+02	8.9638173580e-01	7.1109414101e-01
5.6692755127e+02	8.9794152975e-01	7.1097713709e-01
5.6734722900e+02	8.9946579933e-01	7.1162533760e-01
5.6776696777e+02	9.0095603466e-01	7.1383196115e-01
5.6818664551e+02	9.0241283178e-01	7.1275800467e-01
5.6860638428e+02	9.0383750200e-01	7.1689158678e-01
5.6902606201e+02	9.0523064137e-01	7.1577924490e-01
5.6944580078e+02	9.0659350157e-01	7.1642541885e-01
5.6986547852e+02	9.0792655945e-01	7.1875953674e-01
5.7028521729e+02	9.0923106670e-01	7.2019624710e-01
5.7070489502e+02	9.1050738096e-01	7.2676789761e-01
5.7112463379e+02	9.1175675392e-01	7.2652179003e-01
5.7154431152e+02	9.1297954321e-01	7.2537666559e-01
5.7196405029e+02	9.1417682171e-01	7.2576189041e-01
5.7238372803e+02	9.1534894705e-01	7.2818905115e-01
5.7280346680e+02	9.1649693251e-01	7.2705912590e-01
5.7322314453e+02	9.1762113571e-01	7.2949194908e-01
5.7364288330e+02	9.1872251034e-01	7.3175382614e-01
5.7406256104e+02	9.1980129480e-01	7.3324030638e-01
5.7448229980e+02	9.2085850239e-01	7.3539072275e-01
5.7490197754e+02	9.2189431190e-01	7.3471832275e-01
5.7532171631e+02	9.2290961742e-01	7.3838615417e-01
5.7574139404e+02	9.2390465736e-01	7.3851507902e-01
5.7616113281e+02	9.2488026619e-01	7.3635876179e-01
5.7658087158e+02	9.2583680153e-01	7.4288421869e-01
5.7700054932e+02	9.2677462101e-01	7.4237543344e-01
5.7742028809e+02	9.2769449949e-01	7.4418556690e-01
5.7783996582e+02	9.2859655619e-01	7.4694937468e-01
5.7825970459e+02	9.2948150635e-01	7.4432283640e-01
5.7867938232e+02	9.3034958839e-01	7.4913764000e-01
5.7909912109e+02	9.3120145798e-01	7.4869054556e-01
5.7951879883e+02	9.3203729391e-01	7.5220382214e-01
5.7993853760e+02	9.3285763264e-01	7.5362557173e-01
5.8035821533e+02	9.3366271257e-01	7.5088995695e-01
5.8077795410e+02	9.3445312977e-01	7.5615715981e-01
5.8119763184e+02	9.3522900343e-01	7.5662994385e-01
5.8161737061e+02	9.3599087000e-01	7.5752270222e-01
5.8203704834e+02	9.3673890829e-01	7.6167935133e-01
5.8245678711e+02	9.3747359514e-01	7.5937110186e-01
5.8287646484e+02	9.3819510937e-01	7.6270925999e-01
5.8329620361e+02	9.3890392780e-01	7.6247006655e-01
5.8371588135e+02	9.3960016966e-01	7.6327240467e-01
5.8413562012e+02	9.4028431177e-01	7.6589977741e-01
5.8455529785e+02	9.4095641375e-01	7.6708382368e-01
5.8497503662e+02	9.4161701202e-01	7.6768630743e-01
5.8539471436e+02	9.4226610661e-01	7.7348965406e-01
5.8581445312e+02	9.4290423393e-01	7.7255320549e-01
5.8623413086e+02	9.4353139400e-01	7.7284789085e-01
5.8665386963e+02	9.4414800406e-01	7.7492845058e-01
5.8707354736e+02	9.4475418329e-01	7.7270537615e-01
5.8749328613e+02	9.4535028934e-01	7.7643990517e-01
5.8791302490e+02	9.4593650103e-01	7.7945536375e-01
5.8833270264e+02	9.4651293755e-01	7.7639502287e-01
5.8875244141e+02	9.4708001614e-01	7.8017473221e-01
5.8917211914e+02	9.4763767719e-01	7.8065711260e-01
5.8959185791e+02	9.4818639755e-01	7.8273224831e-01
5.9001153564e+02	9.4872611761e-01	7.8134185076e-01
5.9043127441e+02	9.4925725460e-01	7.8222316504e-01
5.9085095215e+02	9.4977980852e-01	7.8282231092e-01
5.9127069092e+02	9.5029413700e-01	7.8487908840e-01
5.9169036865e+02	9.5080029964e-01	7.8566110134e-01
5.9211010742e+02	9.5129853487e-01	7.8434866667e-01
5.9252978516e+02	9.5178890228e-01	7.8823375702e-01
5.9294952393e+02	9.5227169991e-01	7.8735709190e-01
5.9336920166e+02	9.5274692774e-01	7.8673821688e-01
5.9378894043e+02	9.5321494341e-01	7.9111921787e-01
5.9420861816e+02	9.5367574692e-01	7.8981530666e-01
5.9462835693e+02	9.5412957668e-01	7.9165637493e-01
5.9504803467e+02	9.5457643270e-01	7.9473859072e-01
5.9546777344e+02	9.5501661301e-01	7.9350161552e-01
5.9588745117e+02	9.5545017719e-01	7.9648941755e-01
5.9630718994e+02	9.5587730408e-01	7.9738849401e-01
5.9672686768e+02	9.5629799366e-01	7.9570138454e-01
5.9714660645e+02	9.5671260357e-01	7.9946720600e-01
5.9756628418e+02	9.5712101460e-01	7.9949080944e-01
5.9798602295e+02	9.5752352476e-01	8.0111145973e-01
5.9840576172e+02	9.5792019367e-01	8.0197030306e-01
5.9882543945e+02	9.5831108093e-01	8.0247843266e-01
5.9924517822e+02	9.5869636536e-01	8.0129802227e-01
5.9966485596e+02	9.5907604694e-01	8.0436074734e-01
6.0008459473e+02	9.5945042372e-01	8.0552369356e-01
6.0050427246e+02	9.5981943607e-01	8.0672317743e-01
6.0092401123e+02	9.6018326283e-01	8.0533778667e-01
6.0134368896e+02	9.6054196358e-01	8.0864775181e-01
6.0176342773e+02	9.6089565754e-01	8.0851846933e-01
6.0218310547e+02	9.6124440432e-01	8.1116205454e-01
6.0260284424e+02	9.6158838272e-01	8.1244194508e-01
6.0302252197e+02	9.6192759275e-01	8.1124067307e-01
6.0344226074e+02	9.6226221323e-01	8.1286323071e-01
6.0386193848e+02	9.6259218454e-01	8.1483960152e-01
6.0428167725e+02	9.6291774511e-01	8.1549650431e-01
6.0470135498e+02	9.6323883533e-01	8.1698340178e-01
6.0512109375e+02	9.6355569363e-01	8.1752544641e-01
6.0554077148e+02	9.6386820078e-01	8.1728720665e-01
6.0596051025e+02	9.6417665482e-01	8.1671148539e-01
6.0638018799e+02	9.6448093653e-01	8.1798976660e-01
6.0679992676e+02	9.6478128433e-01	8.2010418177e-01
6.0721960449e+02	9.6507763863e-01	8.2075303793e-01
6.0763934326e+02	9.6537017822e-01	8.2316148281e-01
6.0805902100e+02	9.6565884352e-01	8.2190811634e-01
6.0847875977e+02	9.6594381332e-01	8.2257574797e-01
6.0889849854e+02	9.6622508764e-01	8.2325923443e-01
6.0931817627e+02	9.6650272608e-01	8.2485860586e-01
6.0973791504e+02	9.6677690744e-01	8.2542276382e-01
6.1015759277e+02	9.6704751253e-01	8.2429736853e-01
6.1057733154e+02	9.6731472015e-01	8.2821935415e-01
6.1099700928e+02	9.6757858992e-01	8.2717537880e-01
6.1141674805e+02	9.6783912182e-01	8.2793062925e-01
6.1183642578e+02	9.6809637547e-01	8.2985556126e-01
6.1225616455e+02	9.6835047007e-01	8.2996392250e-01
6.1267584229e+02	9.6860140562e-01	8.3259826899e-01
6.1309558105e+02	9.6884930134e-01	8.3228790760e-01
6.1351525879e+02	9.6909403801e-01	8.3418077230e-01
6.1393499756e+02	9.6933591366e-01	8.3591085672e-01
6.1435467529e+02	9.6957474947e-01	8.3671164513e-01
6.1477441406e+02	9.6981072426e-01	8.3626580238e-01
6.1519409180e+02	9.7004389763e-01	8.4002918005e-01
6.1561383057e+02	9.7027420998e-01	8.4221768379e-01
6.1603350830e+02	9.7050178051e-01	8.4265434742e-01
6.1645324707e+02	9.7072666883e-01	8.4229069948e-01
6.1687292480e+02	9.7094887495e-01	8.4346669912e-01
6.1729266357e+02	9.7116845846e-01	8.4348887205e-01
6.1771234131e+02	9.7138547897e-01	8.4653019905e-01
6.1813208008e+02	9.7159993649e-01	8.4632420540e-01
6.1855175781e+02	9.7181189060e-01	8.4721362591e-01
6.1897149658e+02	9.7202140093e-01	8.4792846441e-01
6.1939117432e+02	9.7222846746e-01	8.4942615032e-01
6.1981091309e+02	9.7243320942e-01	8.5350739956e-01
6.2023065186e+02	9.7263556719e-01	8.5244423151e-01
6.2065032959e+02	9.7283560038e-01	8.5174340010e-01
6.2107006836e+02	9.7303336859e-01	8.5326182842e-01
6.2148974609e+02	9.7322893143e-01	8.5299718380e-01
6.2190948486e+02	9.7342222929e-01	8.5499995947e-01
6.2232916260e+02	9.7361338139e-01	8.5678052902e-01
6.2274890137e+02	9.7380244732e-01	8.5744208097e-01
6.2316857910e+02	9.7398930788e-01	8.5818445683e-01
6.2358831787e+02	9.7417420149e-01	8.5857051611e-01
6.2400799561e+02	9.7435694933e-01	8.6066859961e-01
6.2442773438e+02	9.7453773022e-01	8.5862672329e-01
6.2484741211e+02	9.7471654415e-01	8.6094641685e-01
6.2526715088e+02	9.7489339113e-01	8.6292982101e-01
6.2568682861e+02	9.7506833076e-01	8.6281859875e-01
6.2610656738e+02	9.7524136305e-01	8.6455750465e-01
6.2652624512e+02	9.7541248798e-01	8.6399823427e-01
6.2694598389e+02	9.7558182478e-01	8.6373460293e-01
6.2736566162e+02	9.7574937344e-01	8.6583280563e-01
6.2778540039e+02	9.7591507435e-01	8.6707764864e-01
6.2820507812e+02	9.7607904673e-01	8.6822557449e-01
6.2862481689e+02	9.7624129057e-01	8.6748492718e-01
6.2904449463e+02	9.7640174627e-01	8.6981427670e-01
6.2946423340e+02	9.7656059265e-01	8.7081021070e-01
6.2988391113e+02	9.7671777010e-01	8.7091428041e-01
6.3030364990e+02	9.7687327862e-01	8.7084269524e-01
6.3072338867e+02	9.7702723742e-01	8.7253981829e-01
6.3114306641e+02	9.7717952728e-01	8.7347525358e-01
6.3156280518e+02	9.7733032703e-01	8.7408375740e-01
6.3198248291e+02	9.7747951746e-01	8.7550598383e-01
6.3240222168e+02	9.7762715816e-01	8.7635356188e-01
6.3282189941e+02	9.7777330875e-01	8.7683409452e-01
6.3324163818e+02	9.7791802883e-01	8.7666654587e-01
6.3366131592e+02	9.7806125879e-01	8.7862336636e-01
6.3408105469e+02	9.7820299864e-01	8.7782377005e-01
6.3450073242e+02	9.7834336758e-01	8.8041514158e-01
6.3492047119e+02	9.7848230600e-01	8.8114261627e-01
6.3534014893e+02	9.7861987352e-01	8.8119626045e-01
6.3575988770e+02	9.7875607014e-01	8.8153439760e-01
6.3617956543e+02	9.7889089584e-01	8.8317340612e-01
6.3659930420e+02	9.7902441025e-01	8.8363206387e-01
6.3701898193e+02	9.7915661335e-01	8.8476574421e-01
6.3743872070e+02	9.7928756475e-01	8.8448369503e-01
6.3785839844e+02	9.7941714525e-01	8.8441795111e-01
6.3827813721e+02	9.7954553366e-01	8.8493281603e-01
6.3869781494e+02	9.7967267036e-01	8.8596808910e-01
6.3911755371e+02	9.7979855537e-01	8.8600164652e-01
6.3953723145e+02	9.7992324829e-01	8.8636940718e-01
6.3995697021e+02	9.8004674911e-01	8.8637536764e-01
6.4037664795e+02	9.8016905785e-01	8.8718700409e-01
6.4079638672e+02	9.8029017448e-01	8.8725334406e-01
6.4121612549e+02	9.8041015863e-01	8.8823634386e-01
6.4163580322e+02	9.8052901030e-01	8.8783878088e-01
6.4205554199e+02	9.8064678907e-01	8.8847166300e-01
6.4247521973e+02	9.8076337576e-01	8.8928371668e-01
6.4289495850e+02	9.8087894917e-01	8.8913846016e-01
6.4331463623e+02	9.8099339008e-01	8.9036464691e-01
6.4373437500e+02	9.8110681772e-01	8.9072960615e-01
6.4415405273e+02	9.8121917248e-01	8.9181649685e-01
6.4457379150e+02	9.8133045435e-01	8.9047223330e-01
6.4499346924e+02	9.8144072294e-01	8.9202350378e-01
6.4541320801e+02	9.8155003786e-01	8.9247971773e-01
6.4583288574e+02	9.8165827990e-01	8.9229261875e-01
6.4625262451e+02	9.8176556826e-01	8.9433383942e-01
6.4667230225e+02	9.8187190294e-01	8.9485150576e-01
6.4709204102e+02	9.8197722435e-01	8.9551848173e-01
6.4751171875e+02	9.8208165169e-01	8.9462894201e-01
6.4793145752e+02	9.8218512535e-01	8.9421033859e-01
6.4835113525e+02	9.8228764534e-01	8.9528495073e-01
6.4877087402e+02	9.8238927126e-01	8.9567595720e-01
6.4919055176e+02	9.8248994350e-01	8.9649462700e-01
6.4961029053e+02	9.8258978128e-01	8.9794564247e-01
6.5002996826e+02	9.8268872499e-01	8.9795780182e-01
6.5044970703e+02	9.8278677464e-01	8.9786970615e-01
6.5086938477e+02	9.8288393021e-01	9.0008366108e-01
6.5128912354e+02	9.8298031092e-01	8.9990580082e-01
6.5170880127e+02	9.8307579756e-01	9.0221023560e-01
6.5212854004e+02	9.8317050934e-01	9.0318411589e-01
6.5254827881e+02	9.8326432705e-01	9.0163344145e-01
6.5296795654e+02	9.8335736990e-01	9.0291523933e-01
6.5338769531e+02	9.8344963789e-01	9.0298074484e-01
6.5380737305e+02	9.8354107141e-01	9.0291559696e-01
6.5422711182e+02	9.8363173008e-01	9.0465021133e-01
6.5464678955e+02	9.8372161388e-01	9.0373671055e-01
6.5506652832e+02	9.8381072283e-01	9.0521454811e-01
6.5548620605e+02	9.8389905691e-01	9.0526908636e-01
6.5590594482e+02	9.8398667574e-01	9.0618234873e-01
6.5632562256e+02	9.8407357931e-01	9.0609562397e-01
6.5674536133e+02	9.8415970802e-01	9.0648454428e-01
6.5716503906e+02	9.8424512148e-01	9.0586256981e-01
6.5758477783e+02	9.8432981968e-01	9.0704983473e-01
6.5800445557e+02	9.8441386223e-01	9.0778344870e-01
6.5842419434e+02	9.8449712992e-01	9.0859961510e-01
6.5884387207e+02	9.8457974195e-01	9.0868514776e-01
6.5926361084e+02	9.8466169834e-01	9.0866726637e-01
6.5968328857e+02	9.8474293947e-01	9.0906554461e-01
6.6010302734e+02	9.8482352495e-01	9.0924906731e-01
6.6052270508e+02	9.8490345478e-01	9.0979564190e-01
6.6094244385e+02	9.8498272896e-01	9.0950781107e-01
6.6136212158e+02	9.8506134748e-01	9.1070210934e-01
6.6178186035e+02	9.8513936996e-01	9.1111141443e-01
6.6220153809e+02	9.8521667719e-01	9.1098177433e-01
6.6262127686e+02	9.8529344797e-01	9.1276937723e-01
6.6304101562e+02	9.8536956310e-01	9.1278874874e-01
6.6346069336e+02	9.8544508219e-01	9.1386806965e-01
6.6388043213e+02	9.8551994562e-01	9.1338753700e-01
6.6430010986e+02	9.8559427261e-01	9.1478222609e-01
6.6471984863e+02	9.8566800356e-01	9.1413229704e-01
6.6513952637e+02	9.8574113846e-01	9.1544473171e-01
6.6555926514e+02	9.8581367731e-01	9.1624623537e-01
6.6597894287e+02	9.8588562012e-01	9.1479939222e-01
6.6639868164e+02	9.8595708609e-01	9.1742461920e-01
6.6681835938e+02	9.8602789640e-01	9.1809308529e-01
6.6723809814e+02	9.8609822989e-01	9.1778790951e-01
6.6765777588e+02	9.8616796732e-01	9.1834563017e-01
6.6807751465e+02	9.8623716831e-01	9.1948270798e-01
6.6849719238e+02	9.8630583286e-01	9.1950970888e-01
6.6891693115e+02	9.8637402058e-01	9.1998440027e-01
6.6933660889e+02	9.8644161224e-01	9.2051047087e-01
6.6975634766e+02	9.8650872707e-01	9.2142772675e-01
6.7017602539e+02	9.8657530546e-01	9.1991204023e-01
6.7059576416e+02	9.8664140701e-01	9.2159295082e-01
6.7101544189e+02	9.8670697212e-01	9.2181313038e-01
6.7143518066e+02	9.8677206039e-01	9.2243343592e-01
6.7185485840e+02	9.8683661222e-01	9.2165327072e-01
6.7227459717e+02	9.8690068722e-01	9.2253619432e-01
6.7269427490e+02	9.8696428537e-01	9.2254060507e-01
6.7311401367e+02	9.8702746630e-01	9.2327702045e-01
6.7353375244e+02	9.8709011078e-01	9.2375081778e-01
6.7395343018e+02	9.8715227842e-01	9.2362570763e-01
6.7437316895e+02	9.8721402884e-01	9.2473495007e-01
6.7479284668e+02	9.8727530241e-01	9.2455887794e-01
6.7521258545e+02	9.8733609915e-01	9.2516654730e-01
6.7563226318e+02	9.8739647865e-01	9.2475265265e-01
6.7605200195e+02	9.8745638132e-01	9.2465442419e-01
6.7647167969e+02	9.8751586676e-01	9.2570102215e-01
6.7689141846e+02	9.8757493496e-01	9.2645692825e-01
6.7731109619e+02	9.8763352633e-01	9.2677712440e-01
6.7773083496e+02	9.8769170046e-01	9.2641508579e-01
6.7815051270e+02	9.8774945736e-01	9.2770242691e-01
6.7857025146e+02	9.8780679703e-01	9.2708098888e-01
6.7898992920e+02	9.8786371946e-01	9.2780482769e-01
6.7940966797e+02	9.8792022467e-01	9.2794859409e-01
6.7982934570e+02	9.8797637224e-01	9.2879909277e-01
6.8024908447e+02	9.8803204298e-01	9.2822861671e-01
6.8066876221e+02	9.8808735609e-01	9.2849040031e-01
6.8108850098e+02	9.8814225197e-01	9.2853212357e-01
6.8150817871e+02	9.8819679022e-01	9.2844724655e-01
6.8192791748e+02	9.8825091124e-01	9.2959588766e-01
6.8234759521e+02	9.8830467463e-01	9.2990398407e-01
6.8276733398e+02	9.8835802078e-01	9.3030339479e-01
6.8318701172e+02	9.8841100931e-01	9.2982202768e-01
6.8360675049e+02	9.8846364021e-01	9.3027365208e-01
6.8402642822e+02	9.8851591349e-01	9.2990565300e-01
6.8444616699e+02	9.8856776953e-01	9.3080103397e-01
6.8486590576e+02	9.8861932755e-01	9.3079268932e-01
6.8528558350e+02	9.8867046833e-01	9.3144774437e-01
6.8570532227e+02	9.8872131109e-01	9.3097507954e-01
6.8612500000e+02	9.8877173662e-01	9.3124413490e-01
6.8654473877e+02	9.8882186413e-01	9.3270033598e-01
6.8696441650e+02	9.8887163401e-01	9.3220740557e-01
6.8738415527e+02	9.8892104626e-01	9.3207842112e-01
6.8780383301e+02	9.8897010088e-01	9.3261015415e-01
6.8822357178e+02	9.8901885748e-01	9.3278074265e-01
6.8864324951e+02	9.8906725645e-01	9.3219804764e-01
6.8906298828e+02	9.8911535740e-01	9.3331766129e-01
6.8948266602e+02	9.8916310072e-01	9.3371236324e-01
6.8990240479e+02	9.8921054602e-01	9.3431299925e-01
6.9032208252e+02	9.8925763369e-01	9.3432551622e-01
6.9074182129e+02	9.8930442333e-01	9.3445456028e-01
6.9116149902e+02	9.8935091496e-01	9.3354183435e-01
6.9158123779e+02	9.8939710855e-01	9.3467980623e-01
6.9200091553e+02	9.8944294453e-01	9.3427652121e-01
6.9242065430e+02	9.8948848248e-01	9.3468683958e-01
6.9284033203e+02	9.8953378201e-01	9.3500941992e-01
6.9326007080e+02	9.8957872391e-01	9.3514364958e-01
6.9367974854e+02	9.8962336779e-01	9.3535846472e-01
6.9409948730e+02	9.8966771364e-01	9.3523997068e-01
6.9451916504e+02	9.8971176147e-01	9.3584650755e-01
6.9493890381e+02	9.8975557089e-01	9.3557912111e-01
6.9535864258e+02	9.8979902267e-01	9.3474602699e-01
6.9577832031e+02	9.8984223604e-01	9.3540632725e-01
6.9619805908e+02	9.8988515139e-01	9.3673259020e-01
6.9661773682e+02	9.8992776871e-01	9.3588376045e-01
6.9703747559e+02	9.8997014761e-01	9.3642085791e-01
6.9745715332e+02	9.9001222849e-01	9.3609201908e-01
6.9787689209e+02	9.9005407095e-01	9.3623691797e-01
6.9829656982e+02	9.9009561539e-01	9.3737506866e-01
6.9871630859e+02	9.9013686180e-01	9.3706566095e-01
6.9913598633e+02	9.9017786980e-01	9.3706065416e-01
6.9955572510e+02	9.9021863937e-01	9.3660843372e-01
6.9997540283e+02	9.9025911093e-01	9.3725746870e-01
7.0039514160e+02	9.9029934406e-01	9.3678981066e-01
7.0081481934e+02	9.9033933878e-01	9.3677705526e-01
7.0123455811e+02	9.9037903547e-01	9.3685370684e-01
7.0165423584e+02	9.9041855335e-01	9.3775945902e-01
7.0207397461e+02	9.9045777321e-01	9.3780738115e-01
7.0249365234e+02	9.9049669504e-01	9.3843764067e-01
7.0291339111e+02	9.9053543806e-01	9.3819522858e-01
7.0333306885e+02	9.9057394266e-01	9.3903380632e-01
7.0375280762e+02	9.9061214924e-01	9.3878656626e-01
7.0417248535e+02	9.9065017700e-01	9.3825495243e-01
7.0459222412e+02	9.9068796635e-01	9.3795269728e-01
7.0501190186e+02	9.9072545767e-01	9.3889594078e-01
7.0543164062e+02	9.9076277018e-01	9.3857479095e-01
7.0585137939e+02	9.9079984426e-01	9.3830329180e-01
7.0627105713e+02	9.9083667994e-01	9.3842405081e-01
7.0669079590e+02	9.9087327719e-01	9.3898862600e-01
7.0711047363e+02	9.9090969563e-01	9.3836796284e-01
7.0753021240e+02	9.9094581604e-01	9.3955391645e-01
7.0794989014e+02	9.9098175764e-01	9.3870925903e-01
7.0836962891e+02	9.9101752043e-01	9.3958044052e-01
7.0878930664e+02	9.9105298519e-01	9.3940621614e-01
7.0920904541e+02	9.9108827114e-01	9.3992429972e-01
7.0962872314e+02	9.9112337828e-01	9.3969929218e-01
7.1004846191e+02	9.9115818739e-01	9.3966990709e-01
7.1046813965e+02	9.9119287729e-01	9.3995040655e-01
7.1088787842e+02	9.9122732878e-01	9.3967306614e-01
7.1130755615e+02	9.9126154184e-01	9.3976551294e-01
7.1172729492e+02	9.9129557610e-01	9.4024252892e-01
7.1214697266e+02	9.9132937193e-01	9.3989014626e-01
7.1256671143e+02	9.9136298895e-01	9.3994659185e-01
7.1298638916e+02	9.9139642715e-01	9.4056189060e-01
7.1340612793e+02	9.9142962694e-01	9.4025063515e-01
7.1382580566e+02	9.9146264791e-01	9.4058942795e-01
7.1424554443e+02	9.9149549007e-01	9.4115734100e-01
7.1466522217e+02	9.9152815342e-01	9.4027405977e-01
7.1508496094e+02	9.9156057835e-01	9.4070720673e-01
7.1550463867e+02	9.9159282446e-01	9.4021713734e-01
7.1592437744e+02	9.9162489176e-01	9.4101577997e-01
7.1634405518e+02	9.9165678024e-01	9.4026792049e-01
7.1676379395e+02	9.9168843031e-01	9.4132274389e-01
7.1718353271e+02	9.9171996117e-01	9.4087034464e-01
7.1760321045e+02	9.9175125360e-01	9.4035238028e-01
7.1802294922e+02	9.9178236723e-01	9.4075036049e-01
7.1844262695e+02	9.9181336164e-01	9.4045692682e-01
7.1886236572e+02	9.9184411764e-01	9.4111150503e-01
7.1928204346e+02	9.9187469482e-01	9.4090729952e-01
7.1970178223e+02	9.9190515280e-01	9.4072037935e-01
7.2012145996e+02	9.9193537235e-01	9.4092988968e-01
7.2054119873e+02	9.9196547270e-01	9.4127154350e-01
7.2096087646e+02	9.9199533463e-01	9.4070941210e-01
7.2138061523e+02	9.9202507734e-01	9.4122600555e-01
7.2180029297e+02	9.9205464125e-01	9.4123476744e-01
7.2222003174e+02	9.9208402634e-01	9.4104850292e-01
7.2263970947e+02	9.9211323261e-01	9.4122928381e-01
7.2305944824e+02	9.9214231968e-01	9.4159621000e-01
7.2347912598e+02	9.9217122793e-01	9.4159632921e-01
7.2389886475e+02	9.9219995737e-01	9.4142627716e-01
7.2431854248e+02	9.9222850800e-01	9.4139182568e-01
7.2473828125e+02	9.9225687981e-01	9.4097882509e-01
7.2515795898e+02	9.9228513241e-01	9.4088172913e-01
7.2557769775e+02	9.9231326580e-01	9.4132590294e-01
7.2599737549e+02	9.9234116077e-01	9.4130617380e-01
7.2641711426e+02	9.9236893654e-01	9.4174611568e-01
7.2683679199e+02	9.9239659309e-01	9.4148647785e-01
7.2725653076e+02	9.9242401123e-01	9.4123762846e-01
7.2767626953e+02	9.9245136976e-01	9.4177222252e-01
7.2809594727e+02	9.9247848988e-01	9.4146114588e-01
7.2851568604e+02	9.9250555038e-01	9.4124710560e-01
7.2893536377e+02	9.9253237247e-01	9.4121575356e-01
7.2935510254e+02	9.9255913496e-01	9.4167989492e-01
7.2977478027e+02	9.9258565903e-01	9.4072926044e-01
7.3019451904e+02	9.9261212349e-01	9.4125163555e-01
7.3061419678e+02	9.9263834953e-01	9.4135737419e-01
7.3103393555e+02	9.9266451597e-01	9.4116634130e-01
7.3145361328e+02	9.9269050360e-01	9.4120532274e-01
7.3187335205e+02	9.9271637201e-01	9.4166249037e-01
7.3229302979e+02	9.9274206161e-01	9.4188505411e-01
7.3271276855e+02	9.9276763201e-01	9.4070708752e-01
7.3313244629e+02	9.9279308319e-01	9.4134342670e-01
7.3355218506e+02	9.9281835556e-01	9.4182699919e-01
7.3397186279e+02	9.9284350872e-01	9.4161427021e-01
7.3439160156e+02	9.9286854267e-01	9.4152635336e-01
7.3481127930e+02	9.9289345741e-01	9.4111436605e-01
7.3523101807e+02	9.9291819334e-01	9.4121372700e-01
7.3565069580e+02	9.9294281006e-01	9.4187223911e-01
7.3607043457e+02	9.9296730757e-01	9.4077497721e-01
7.3649011230e+02	9.9299168587e-01	9.4202518463e-01
7.3690985107e+02	9.9301594496e-01	9.4137912989e-01
7.3732952881e+02	9.9304002523e-01	9.4172936678e-01
7.3774926758e+02	9.9306398630e-01	9.4076240063e-01
7.3816900635e+02	9.9308788776e-01	9.4146704674e-01
7.3858868408e+02	9.9311161041e-01	9.4089555740e-01
7.3900842285e+02	9.9313515425e-01	9.4090336561e-01
7.3942810059e+02	9.9315863848e-01	9.4099098444e-01
7.3984783936e+02	9.9318200350e-01	9.4166481495e-01
7.4026751709e+02	9.9320524931e-01	9.4087147713e-01
7.4068725586e+02	9.9322837591e-01	9.4103753567e-01
7.4110693359e+02	9.9325132370e-01	9.4123256207e-01
7.4152667236e+02	9.9327421188e-01	9.4075202942e-01
7.4194635010e+02	9.9329698086e-01	9.4053500891e-01
7.4236608887e+02	9.9331957102e-01	9.4179153442e-01
7.4278576660e+02	9.9334210157e-01	9.4049048424e-01
7.4320550537e+02	9.9336451292e-01	9.4069468975e-01
7.4362518311e+02	9.9338680506e-01	9.4087940454e-01
7.4404492188e+02	9.9340897799e-01	9.4038623571e-01
7.4446459961e+02	9.9343103170e-01	9.4102060795e-01
7.4488433838e+02	9.9345296621e-01	9.4118028879e-01
7.4530401611e+02	9.9347478151e-01	9.4037377834e-01
7.4572375488e+02	9.9349647760e-01	9.4017392397e-01
7.4614343262e+02	9.9351811409e-01	9.4045239687e-01
7.4656317139e+02	9.9353957176e-01	9.4116783142e-01
7.4698284912e+02	9.9356096983e-01	9.4012504816e-01
7.4740258789e+02	9.9358224869e-01	9.3992429972e-01
7.4782226562e+02	9.9360340834e-01	9.4052022696e-01
7.4824200439e+02	9.9362450838e-01	9.4119399786e-01
7.4866168213e+02	9.9364542961e-01	9.4039380550e-01
7.4908142090e+02	9.9366629124e-01	9.4027793407e-01
7.4950115967e+02	9.9368703365e-01	9.4060289860e-01
7.4992083740e+02	9.9370771646e-01	9.3941640854e-01
7.5034057617e+02	9.9372822046e-01	9.4045144320e-01
7.5076025391e+02	9.9374866486e-01	9.4046360254e-01
7.5117999268e+02	9.9376899004e-01	9.3934297562e-01
7.5159967041e+02	9.9378925562e-01	9.3962949514e-01
7.5201940918e+02	9.9380940199e-01	9.4053572416e-01
7.5243908691e+02	9.9382942915e-01	9.3961507082e-01
7.5285882568e+02	9.9384933710e-01	9.4008809328e-01
7.5327850342e+02	9.9386918545e-01	9.3940895796e-01
7.5369824219e+02	9.9388891459e-01	9.3943268061e-01
7.5411791992e+02	9.9390858412e-01	9.3937683105e-01
7.5453765869e+02	9.9392807484e-01	9.3971180916e-01
7.5495733643e+02	9.9394756556e-01	9.3882966042e-01
7.5537707520e+02	9.9396687746e-01	9.3865168095e-01
7.5579675293e+02	9.9398612976e-01	9.3907493353e-01
7.5621649170e+02	9.9400532246e-01	9.3930196762e-01
7.5663616943e+02	9.9402439594e-01	9.3964213133e-01
7.5705590820e+02	9.9404335022e-01	9.3901920319e-01
7.5747558594e+02	9.9406224489e-01	9.3882429600e-01
7.5789532471e+02	9.9408102036e-01	9.3890327215e-01
7.5831500244e+02	9.9409973621e-01	9.3815535307e-01
7.5873474121e+02	9.9411833286e-01	9.3804371357e-01
7.5915441895e+02	9.9413686991e-01	9.3872749805e-01
7.5957415771e+02	9.9415528774e-01	9.3834149837e-01
7.5999389648e+02	9.9417364597e-01	9.3882310390e-01
7.6041357422e+02	9.9419188499e-01	9.3839830160e-01
7.6083331299e+02	9.9421006441e-01	9.3820959330e-01
7.6125299072e+02	9.9422818422e-01	9.3832695484e-01
7.6167272949e+02	9.9424612522e-01	9.3827915192e-01
7.6209240723e+02	9.9426406622e-01	9.3744212389e-01
7.6251214600e+02	9.9428188801e-01	9.3812996149e-01
7.6293182373e+02	9.9429965019e-01	9.3741899729e-01
7.6335156250e+02	9.9431729317e-01	9.3760401011e-01
7.6377124023e+02	9.9433487654e-01	9.3725067377e-01
7.6419097900e+02	9.9435234070e-01	9.3729001284e-01
7.6461065674e+02	9.9436974525e-01	9.3694108725e-01
7.6503039551e+02	9.9438709021e-01	9.3639546633e-01
7.6545007324e+02	9.9440431595e-01	9.3658971786e-01
7.6586981201e+02	9.9442148209e-01	9.3698775768e-01
7.6628948975e+02	9.9443852901e-01	9.3676060438e-01
7.6670922852e+02	9.9445557594e-01	9.3681961298e-01
7.6712890625e+02	9.9447244406e-01	9.3620747328e-01
7.6754864502e+02	9.9448931217e-01	9.3710637093e-01
7.6796832275e+02	9.9450606108e-01	9.3599915504e-01
7.6838806152e+02	9.9452275038e-01	9.3571746349e-01
7.6880773926e+02	9.9453938007e-01	9.3631267548e-01
7.6922747803e+02	9.9455589056e-01	9.3537777662e-01
7.6964715576e+02	9.9457234144e-01	9.3578773737e-01
7.7006689453e+02	9.9458873272e-01	9.3574506044e-01
7.7048663330e+02	9.9460500479e-01	9.3590474129e-01
7.7090631104e+02	9.9462127686e-01	9.3547379971e-01
7.7132604980e+02	9.9463742971e-01	9.3512415886e-01
7.7174572754e+02	9.9465346336e-01	9.3443685770e-01
7.7216546631e+02	9.9466949701e-01	9.3462771177e-01
7.7258514404e+02	9.9468541145e-01	9.3482041359e-01
7.7300488281e+02	9.9470126629e-01	9.3446499109e-01
7.7342456055e+02	9.9471706152e-01	9.3469011784e-01
7.7384429932e+02	9.9473279715e-01	9.3473780155e-01
7.7426397705e+02	9.9474841356e-01	9.3430572748e-01
7.7468371582e+02	9.9476402998e-01	9.3416827917e-01
7.7510339355e+02	9.9477952719e-01	9.3418043852e-01
7.7552313232e+02	9.9479496479e-01	9.3325155973e-01
7.7594281006e+02	9.9481028318e-01	9.3343973160e-01
7.7636254883e+02	9.9482560158e-01	9.3424475193e-01
7.7678222656e+02	9.9484080076e-01	9.3271714449e-01
7.7720196533e+02	9.9485594034e-01	9.3246322870e-01
7.7762164307e+02	9.9487107992e-01	9.3292462826e-01
7.7804138184e+02	9.9488610029e-01	9.3232911825e-01
7.7846105957e+02	9.9490100145e-01	9.3266588449e-01
7.7888079834e+02	9.9491590261e-01	9.3177539110e-01
7.7930047607e+02	9.9493074417e-01	9.3253880739e-01
7.7972021484e+02	9.9494546652e-01	9.3260556459e-01
7.8013989258e+02	9.9496018887e-01	9.3204247952e-01
7.8055963135e+02	9.9497479200e-01	9.3116110563e-01
7.8097930908e+02	9.9498933554e-01	9.3169116974e-01
7.8139904785e+02	9.9500387907e-01	9.3162453175e-01
7.8181878662e+02	9.9501830339e-01	9.3097871542e-01
7.8223846436e+02	9.9503266811e-01	9.3152791262e-01
7.8265820312e+02	9.9504697323e-01	9.3161809444e-01
7.8307788086e+02	9.9506115913e-01	9.3074446917e-01
7.8349761963e+02	9.9507534504e-01	9.3052506447e-01
7.8391729736e+02	9.9508947134e-01	9.3086516857e-01
7.8433703613e+02	9.9510353804e-01	9.3083781004e-01
7.8475671387e+02	9.9511754513e-01	9.2920684814e-01
7.8517645264e+02	9.9513143301e-01	9.2968809605e-01
7.8559613037e+02	9.9514532089e-01	9.2982798815e-01
7.8601586914e+02	9.9515914917e-01	9.2962318659e-01
7.8643554688e+02	9.9517285824e-01	9.2833101749e-01
7.8685528564e+02	9.9518656731e-01	9.2844682932e-01
7.8727496338e+02	9.9520021677e-01	9.2816418409e-01
7.8769470215e+02	9.9521380663e-01	9.2802929878e-01
7.8811437988e+02	9.9522727728e-01	9.2677968740e-01
7.8853411865e+02	9.9524074793e-01	9.2746937275e-01
7.8895379639e+02	9.9525415897e-01	9.2679727077e-01
7.8937353516e+02	9.9526751041e-01	9.2703622580e-01
7.8979321289e+02	9.9528074265e-01	9.2552316189e-01
7.9021295166e+02	9.9529397488e-01	9.2558497190e-01
7.9063262939e+02	9.9530714750e-01	9.2489427328e-01
7.9105236816e+02	9.9532026052e-01	9.2557013035e-01
7.9147204590e+02	9.9533331394e-01	9.2542475462e-01
7.9189178467e+02	9.9534630775e-01	9.2444539070e-01
7.9231152344e+02	9.9535930157e-01	9.2527806759e-01
7.9273120117e+02	9.9537217617e-01	9.2484694719e-01
7.9315093994e+02	9.9538499117e-01	9.2426693439e-01
7.9357061768e+02	9.9539780617e-01	9.2401331663e-01
7.9399035645e+02	9.9541050196e-01	9.2401200533e-01
7.9441003418e+02	9.9542319775e-01	9.2301511765e-01
7.9482977295e+02	9.9543583393e-01	9.2340093851e-01
7.9524945068e+02	9.9544835091e-01	9.2221289873e-01
7.9566918945e+02	9.9546086788e-01	9.2323029041e-01
7.9608886719e+02	9.9547332525e-01	9.2238253355e-01
7.9650860596e+02	9.9548578262e-01	9.2230564356e-01
7.9692828369e+02	9.9549812078e-01	9.2140847445e-01
7.9734802246e+02	9.9551045895e-01	9.2219716311e-01
7.9776770020e+02	9.9552267790e-01	9.2116767168e-01
7.9818743896e+02	9.9553489685e-01	9.1995584965e-01
7.9860711670e+02	9.9554705620e-01	9.2096352577e-01
7.9902685547e+02	9.9555915594e-01	9.1971528530e-01
7.9944653320e+02	9.9557119608e-01	9.2000901699e-01
