# lambda  Re(T_ZminTE(0,0),ZmaxTE(0,0))    Im(T_ZminTE(0,0),ZmaxTE(0,0)), 
3.797371134666668127e+02	8.684595475029435185e-01	0.000000000000000000e+00
3.801568229078667969e+02	8.701632120134746851e-01	0.000000000000000000e+00
3.805765323490668379e+02	8.718861744238888267e-01	0.000000000000000000e+00
3.809962417902668221e+02	8.736263376371742329e-01	0.000000000000000000e+00
3.814159512314668063e+02	8.753816549737472030e-01	0.000000000000000000e+00
3.818356606726667906e+02	8.771501328312761858e-01	0.000000000000000000e+00
3.822553701138668316e+02	8.789298329810893984e-01	0.000000000000000000e+00
3.826750795550668158e+02	8.807188745002106911e-01	0.000000000000000000e+00
3.830947889962668000e+02	8.825154353410797903e-01	0.000000000000000000e+00
3.835144984374667843e+02	8.843177535437068970e-01	0.000000000000000000e+00
3.839342078786668253e+02	8.861241280976698276e-01	0.000000000000000000e+00
3.843539173198668095e+02	8.879329194637876066e-01	0.000000000000000000e+00
3.847736267610667937e+02	8.897425497674409378e-01	0.000000000000000000e+00
3.851933362022668348e+02	8.915515026776809071e-01	0.000000000000000000e+00
3.856130456434668190e+02	8.933583021903106491e-01	0.000000000000000000e+00
3.860327550846668032e+02	8.951615413928251108e-01	0.000000000000000000e+00
3.864524645258667874e+02	8.969599003710381213e-01	0.000000000000000000e+00
3.868721739670668285e+02	8.987521072000226319e-01	0.000000000000000000e+00
3.872918834082668127e+02	9.005369464712684735e-01	0.000000000000000000e+00
3.877115928494667969e+02	9.023132576667035609e-01	0.000000000000000000e+00
3.881313022906667811e+02	9.040799333571348795e-01	0.000000000000000000e+00
3.885510117318668222e+02	9.058359172467277398e-01	0.000000000000000000e+00
3.889707211730668064e+02	9.075802020850094465e-01	0.000000000000000000e+00
3.893904306142667906e+02	9.093118274677367552e-01	0.000000000000000000e+00
3.898101400554668317e+02	9.110298775475770272e-01	0.000000000000000000e+00
3.902298494966668159e+02	9.127334786750638251e-01	0.000000000000000000e+00
3.906495589378668001e+02	9.144217969896337728e-01	0.000000000000000000e+00
3.910692683790667843e+02	9.160940359798540600e-01	0.000000000000000000e+00
3.914889778202668253e+02	9.177494340309850784e-01	0.000000000000000000e+00
3.919086872614668096e+02	9.193872619772405219e-01	0.000000000000000000e+00
3.923283967026667938e+02	9.210068206749805197e-01	0.000000000000000000e+00
3.927481061438668348e+02	9.226074386120400872e-01	0.000000000000000000e+00
3.931678155850668190e+02	9.241884695673677763e-01	0.000000000000000000e+00
3.935875250262668033e+02	9.257492903338691015e-01	0.000000000000000000e+00
3.940072344674667875e+02	9.272892228913044432e-01	0.000000000000000000e+00
3.944269439086668285e+02	9.288075631733245796e-01	0.000000000000000000e+00
3.948466533498668127e+02	9.303038990315539714e-01	0.000000000000000000e+00
3.952663627910667969e+02	9.317776763243311722e-01	0.000000000000000000e+00
3.956860722322667812e+02	9.332283538138654855e-01	0.000000000000000000e+00
3.961057816734668222e+02	9.346554014632104668e-01	0.000000000000000000e+00
3.965254911146668064e+02	9.360582988573077357e-01	0.000000000000000000e+00
3.969452005558667906e+02	9.374365337521277652e-01	0.000000000000000000e+00
3.973649099970668317e+02	9.387896007548593991e-01	0.000000000000000000e+00
3.977846194382668159e+02	9.401170001371301765e-01	0.000000000000000000e+00
3.982043288794668001e+02	9.414182367822451214e-01	0.000000000000000000e+00
3.986240383206667843e+02	9.426928192664730810e-01	0.000000000000000000e+00
3.990437477618668254e+02	9.439402590736051257e-01	0.000000000000000000e+00
3.994634572030668096e+02	9.451600699410950268e-01	0.000000000000000000e+00
3.998831666442667938e+02	9.463514613865222636e-01	0.000000000000000000e+00
4.003028760854667780e+02	9.475137112896432345e-01	0.000000000000000000e+00
4.007225855266668191e+02	9.486468111593449049e-01	0.000000000000000000e+00
4.011422949678668033e+02	9.497502770134403915e-01	0.000000000000000000e+00
4.015620044090667875e+02	9.508236256784610152e-01	0.000000000000000000e+00
4.019817138502668286e+02	9.518663748727018703e-01	0.000000000000000000e+00
4.024014232914668128e+02	9.528780433926917759e-01	0.000000000000000000e+00
4.028211327326667970e+02	9.538581513964951020e-01	0.000000000000000000e+00
4.032408421738667812e+02	9.548062207769218990e-01	0.000000000000000000e+00
4.036605516150668223e+02	9.557207029895442574e-01	0.000000000000000000e+00
4.040802610562668065e+02	9.566018905598094868e-01	0.000000000000000000e+00
4.044999704974667907e+02	9.574495268272785742e-01	0.000000000000000000e+00
4.049196799386668317e+02	9.582631433980660640e-01	0.000000000000000000e+00
4.053393893798668159e+02	9.590422767397441817e-01	0.000000000000000000e+00
4.057590988210668002e+02	9.597864689704940222e-01	0.000000000000000000e+00
4.061788082622667844e+02	9.604952413562343194e-01	0.000000000000000000e+00
4.065985177034668254e+02	9.611664434204595375e-01	0.000000000000000000e+00
4.070182271446668096e+02	9.618012667418700534e-01	0.000000000000000000e+00
4.074379365858667938e+02	9.623992830240907237e-01	0.000000000000000000e+00
4.078576460270667781e+02	9.629600742948829506e-01	0.000000000000000000e+00
4.082773554682668191e+02	9.634832338289319731e-01	0.000000000000000000e+00
4.086970649094668033e+02	9.639680131641211736e-01	0.000000000000000000e+00
4.091167743506667875e+02	9.644125282488285045e-01	0.000000000000000000e+00
4.095364837918668286e+02	9.648181542312617154e-01	0.000000000000000000e+00
4.099561932330668128e+02	9.651845385878996542e-01	0.000000000000000000e+00
4.103759026742667970e+02	9.655113448618320993e-01	0.000000000000000000e+00
4.107956121154667812e+02	9.657982534508704475e-01	0.000000000000000000e+00
4.112153215566668223e+02	9.660425115112811767e-01	0.000000000000000000e+00
4.116350309978668065e+02	9.662460347588326393e-01	0.000000000000000000e+00
4.120547404390667907e+02	9.664086978909446346e-01	0.000000000000000000e+00
4.124744498802667749e+02	9.665302583961740135e-01	0.000000000000000000e+00
4.128941593214668160e+02	9.666099611615361908e-01	0.000000000000000000e+00
4.133138687626668002e+02	9.666456902817027741e-01	0.000000000000000000e+00
4.137335782038667844e+02	9.666396073325904670e-01	0.000000000000000000e+00
4.141532876450668255e+02	9.665915590594238438e-01	0.000000000000000000e+00
4.145729970862668097e+02	9.665014147931858535e-01	0.000000000000000000e+00
4.149927065274667939e+02	9.663665458173174017e-01	0.000000000000000000e+00
4.154124159686667781e+02	9.661885459562126188e-01	0.000000000000000000e+00
4.158321254098668192e+02	9.659681032859888106e-01	0.000000000000000000e+00
4.162518348510668034e+02	9.657051851998813552e-01	0.000000000000000000e+00
4.166715442922667876e+02	9.653975253767630438e-01	0.000000000000000000e+00
4.170912537334668286e+02	9.650460278772252654e-01	0.000000000000000000e+00
4.175109631746668128e+02	9.646520201301169717e-01	0.000000000000000000e+00
4.179306726158667971e+02	9.642155694729349635e-01	0.000000000000000000e+00
4.183503820570667813e+02	9.637339933491144706e-01	0.000000000000000000e+00
4.187700914982668223e+02	9.632090914679428684e-01	0.000000000000000000e+00
4.191898009394668065e+02	9.626420267852447976e-01	0.000000000000000000e+00
4.196095103806667908e+02	9.620328981442178851e-01	0.000000000000000000e+00
4.200292198218668318e+02	9.613780131737352797e-01	0.000000000000000000e+00
4.204489292630668160e+02	9.606814781072691156e-01	0.000000000000000000e+00
4.208686387042668002e+02	9.599435275141253721e-01	0.000000000000000000e+00
4.212883481454667844e+02	9.591624677166858959e-01	0.000000000000000000e+00
4.217080575866667687e+02	9.583382915324399898e-01	0.000000000000000000e+00
4.221277670278668097e+02	9.574734981149845003e-01	0.000000000000000000e+00
4.225474764690667939e+02	9.565681291836979350e-01	0.000000000000000000e+00
4.229671859102667781e+02	9.556187857523746887e-01	0.000000000000000000e+00
4.233868953514668192e+02	9.546298200163375602e-01	0.000000000000000000e+00
4.238066047926668034e+02	9.536016024972450156e-01	0.000000000000000000e+00
4.242263142338667876e+02	9.525310907377230185e-01	0.000000000000000000e+00
4.246460236750667718e+02	9.514211891435783164e-01	0.000000000000000000e+00
4.250657331162668129e+02	9.502732507231050896e-01	0.000000000000000000e+00
4.254854425574667971e+02	9.490849690924948456e-01	0.000000000000000000e+00
4.259051519986667813e+02	9.478578626984904831e-01	0.000000000000000000e+00
4.263248614398668224e+02	9.465940730242301537e-01	0.000000000000000000e+00
4.267445708810668066e+02	9.452916056373057430e-01	0.000000000000000000e+00
4.271642803222667908e+02	9.439514403971221990e-01	0.000000000000000000e+00
4.275839897634667750e+02	9.425760555768206705e-01	0.000000000000000000e+00
4.280036992046668161e+02	9.411633735487693331e-01	0.000000000000000000e+00
4.284234086458668003e+02	9.397146253224739620e-01	0.000000000000000000e+00
4.288431180870667845e+02	9.382322022278883900e-01	0.000000000000000000e+00
4.292628275282668255e+02	9.367135856579982267e-01	0.000000000000000000e+00
4.296825369694668098e+02	9.351609729378898006e-01	0.000000000000000000e+00
4.301022464106667940e+02	9.335762822047716236e-01	0.000000000000000000e+00
4.305219558518667782e+02	9.319562393221186847e-01	0.000000000000000000e+00
4.309416652930668192e+02	9.303046364691872627e-01	0.000000000000000000e+00
4.313613747342668034e+02	9.286220704328913556e-01	0.000000000000000000e+00
4.317810841754667877e+02	9.269057626886700874e-01	0.000000000000000000e+00
4.322007936166667719e+02	9.251601161506081139e-01	0.000000000000000000e+00
4.326205030578668129e+02	9.233837892981592299e-01	0.000000000000000000e+00
4.330402124990667971e+02	9.215767692548458845e-01	0.000000000000000000e+00
4.334599219402667813e+02	9.197420188268436991e-01	0.000000000000000000e+00
4.338796313814667656e+02	9.178766576666272936e-01	0.000000000000000000e+00
4.342993408226668066e+02	9.159838264744227798e-01	0.000000000000000000e+00
4.347190502638667908e+02	9.140638673025898164e-01	0.000000000000000000e+00
4.351387597050667750e+02	9.121151083862290010e-01	0.000000000000000000e+00
4.355584691462668161e+02	9.101412428807476029e-01	0.000000000000000000e+00
4.359781785874668003e+02	9.081398441366205221e-01	0.000000000000000000e+00
4.363978880286667845e+02	9.061131831535563785e-01	0.000000000000000000e+00
4.368175974698667687e+02	9.040619175252110340e-01	0.000000000000000000e+00
4.372373069110668098e+02	9.019844747553635855e-01	0.000000000000000000e+00
4.376570163522667940e+02	8.998843560924835172e-01	0.000000000000000000e+00
4.380767257934667782e+02	8.977588112964817180e-01	0.000000000000000000e+00
4.384964352346668193e+02	8.956107780770755644e-01	0.000000000000000000e+00
4.389161446758668035e+02	8.934397407871885743e-01	0.000000000000000000e+00
4.393358541170667877e+02	8.912456040042382455e-01	0.000000000000000000e+00
4.397555635582667719e+02	8.890306487477636077e-01	0.000000000000000000e+00
4.401752729994668130e+02	8.867921246119246925e-01	0.000000000000000000e+00
4.405949824406667972e+02	8.845339005224416296e-01	0.000000000000000000e+00
4.410146918818667814e+02	8.822534457049849843e-01	0.000000000000000000e+00
4.414344013230668224e+02	8.799532008320483101e-01	0.000000000000000000e+00
4.418541107642668067e+02	8.776324750792705576e-01	0.000000000000000000e+00
4.422738202054667909e+02	8.752916593058037709e-01	0.000000000000000000e+00
4.426935296466667751e+02	8.729319107416197987e-01	0.000000000000000000e+00
4.431132390878668161e+02	8.705518582458486865e-01	0.000000000000000000e+00
4.435329485290668003e+02	8.681542302885567608e-01	0.000000000000000000e+00
4.439526579702667846e+02	8.657361549896100961e-01	0.000000000000000000e+00
4.443723674114668256e+02	8.633012716407333365e-01	0.000000000000000000e+00
4.447920768526668098e+02	8.608466728090383713e-01	0.000000000000000000e+00
4.452117862938667940e+02	8.583753472636526105e-01	0.000000000000000000e+00
4.456314957350667783e+02	8.558852925370102893e-01	0.000000000000000000e+00
4.460512051762667625e+02	8.533784243412178006e-01	0.000000000000000000e+00
4.464709146174668035e+02	8.508536447246249912e-01	0.000000000000000000e+00
4.468906240586667877e+02	8.483120014028231459e-01	0.000000000000000000e+00
4.473103334998667719e+02	8.457531021206325939e-01	0.000000000000000000e+00
4.477300429410668130e+02	8.431773161944271511e-01	0.000000000000000000e+00
4.481497523822667972e+02	8.405847722531347710e-01	0.000000000000000000e+00
4.485694618234667814e+02	8.379753383007259027e-01	0.000000000000000000e+00
4.489891712646667656e+02	8.353494898838697003e-01	0.000000000000000000e+00
4.494088807058668067e+02	8.327067615255924204e-01	0.000000000000000000e+00
4.498285901470667909e+02	8.300478090964072964e-01	0.000000000000000000e+00
4.502482995882667751e+02	8.273719957912544221e-01	0.000000000000000000e+00
4.506680090294668162e+02	8.246799947711617174e-01	0.000000000000000000e+00
4.510877184706668004e+02	8.219711583088136209e-01	0.000000000000000000e+00
4.515074279118667846e+02	8.192460131921333044e-01	0.000000000000000000e+00
4.519271373530667688e+02	8.165040637653226963e-01	0.000000000000000000e+00
4.523468467942668099e+02	8.137455215219731031e-01	0.000000000000000000e+00
4.527665562354667941e+02	8.109702132650447037e-01	0.000000000000000000e+00
4.531862656766667783e+02	8.081778558737332530e-01	0.000000000000000000e+00
4.536059751178668193e+02	8.053687817547239280e-01	0.000000000000000000e+00
4.540256845590668036e+02	8.025420176985796905e-01	0.000000000000000000e+00
4.544453940002667878e+02	7.996986036541855469e-01	0.000000000000000000e+00
4.548651034414667720e+02	7.968366581990586894e-01	0.000000000000000000e+00
4.552848128826667562e+02	7.939581564048492357e-01	0.000000000000000000e+00
4.557045223238667973e+02	7.910600604668960312e-01	0.000000000000000000e+00
4.561242317650667815e+02	7.881454579903764968e-01	0.000000000000000000e+00
4.565439412062668225e+02	7.852101190327341884e-01	0.000000000000000000e+00
4.569636506474668067e+02	7.822575789599330864e-01	0.000000000000000000e+00
4.573833600886667909e+02	7.792843165026221985e-01	0.000000000000000000e+00
4.578030695298667752e+02	7.762923337878492314e-01	0.000000000000000000e+00
4.582227789710667594e+02	7.732796969429018841e-01	0.000000000000000000e+00
4.586424884122668004e+02	7.702465192310875564e-01	0.000000000000000000e+00
4.590621978534667846e+02	7.671928356613584299e-01	0.000000000000000000e+00
4.594819072946667688e+02	7.641164429595289631e-01	0.000000000000000000e+00
4.599016167358668099e+02	7.610198050191520069e-01	0.000000000000000000e+00
4.603213261770667941e+02	7.578978865454342184e-01	0.000000000000000000e+00
4.607410356182667783e+02	7.547547282898041665e-01	0.000000000000000000e+00
4.611607450594667625e+02	7.515860637647563403e-01	0.000000000000000000e+00
4.615804545006668036e+02	7.483934328447631179e-01	0.000000000000000000e+00
4.620001639418667878e+02	7.451755737896038623e-01	0.000000000000000000e+00
4.624198733830667720e+02	7.419303216818606828e-01	0.000000000000000000e+00
4.628395828242668131e+02	7.386603271472519383e-01	0.000000000000000000e+00
4.632592922654667973e+02	7.353589280272121442e-01	0.000000000000000000e+00
4.636790017066667815e+02	7.320309913218626674e-01	0.000000000000000000e+00
4.640987111478667657e+02	7.286720191750354347e-01	0.000000000000000000e+00
4.645184205890668068e+02	7.252819304364770403e-01	0.000000000000000000e+00
4.649381300302667910e+02	7.218615266051608970e-01	0.000000000000000000e+00
4.653578394714667752e+02	7.184045655747379744e-01	0.000000000000000000e+00
4.657775489126668162e+02	7.149158109518917170e-01	0.000000000000000000e+00
4.661972583538668005e+02	7.113893499094156025e-01	0.000000000000000000e+00
4.666169677950667847e+02	7.078257889041361661e-01	0.000000000000000000e+00
4.670366772362667689e+02	7.042256770739575567e-01	0.000000000000000000e+00
4.674563866774667531e+02	7.005810742651034095e-01	0.000000000000000000e+00
4.678760961186667942e+02	6.968976815220222498e-01	0.000000000000000000e+00
4.682958055598667784e+02	6.931691671405301181e-01	0.000000000000000000e+00
4.687155150010668194e+02	6.893942607481338136e-01	0.000000000000000000e+00
4.691352244422668036e+02	6.855754392869836122e-01	0.000000000000000000e+00
4.695549338834667878e+02	6.817015882686732198e-01	0.000000000000000000e+00
4.699746433246667721e+02	6.777789167739073362e-01	0.000000000000000000e+00
4.703943527658667563e+02	6.738033800960978592e-01	0.000000000000000000e+00
4.708140622070667973e+02	6.697671943572907072e-01	0.000000000000000000e+00
4.712337716482667815e+02	6.656761905789289058e-01	0.000000000000000000e+00
4.716534810894667658e+02	6.615211482660080522e-01	0.000000000000000000e+00
4.720731905306668068e+02	6.573003959545700159e-01	0.000000000000000000e+00
4.724928999718667910e+02	6.530168443456718652e-01	0.000000000000000000e+00
4.729126094130667752e+02	6.486564772706252535e-01	0.000000000000000000e+00
4.733323188542667594e+02	6.442240818034894456e-01	0.000000000000000000e+00
4.737520282954668005e+02	6.397194923815059386e-01	0.000000000000000000e+00
4.741717377366667847e+02	6.351235711483663726e-01	0.000000000000000000e+00
4.745914471778667689e+02	6.304477081723309784e-01	0.000000000000000000e+00
4.750111566190668100e+02	6.256864216747721752e-01	0.000000000000000000e+00
4.754308660602667942e+02	6.208218383923453931e-01	0.000000000000000000e+00
4.758505755014667784e+02	6.158651856790043899e-01	0.000000000000000000e+00
4.762702849426667626e+02	6.108082647752179906e-01	0.000000000000000000e+00
4.766899943838667468e+02	6.056336982615113662e-01	0.000000000000000000e+00
4.771097038250667879e+02	6.003526528166079901e-01	0.000000000000000000e+00
4.775294132662667721e+02	5.949552612553766773e-01	0.000000000000000000e+00
4.779491227074668132e+02	5.894223908214726304e-01	0.000000000000000000e+00
4.783688321486667974e+02	5.837663323807599225e-01	0.000000000000000000e+00
4.787885415898667816e+02	5.779770020080708948e-01	0.000000000000000000e+00
4.792082510310667658e+02	5.720300977094695538e-01	0.000000000000000000e+00
4.796279604722667500e+02	5.659408521402193859e-01	0.000000000000000000e+00
4.800476699134667911e+02	5.597012644407578508e-01	0.000000000000000000e+00
4.804673793546667753e+02	5.532769393680784242e-01	0.000000000000000000e+00
4.808870887958667595e+02	5.466887203135037954e-01	0.000000000000000000e+00
4.813067982370668005e+02	5.399296704415298409e-01	0.000000000000000000e+00
4.817265076782667848e+02	5.329618342437523193e-01	0.000000000000000000e+00
4.821462171194667690e+02	5.258021423816250373e-01	0.000000000000000000e+00
4.825659265606667532e+02	5.184476440454701685e-01	0.000000000000000000e+00
4.829856360018667942e+02	5.108668535146355660e-01	0.000000000000000000e+00
4.834053454430667784e+02	5.030591180745365154e-01	0.000000000000000000e+00
4.838250548842667627e+02	4.950322214565068824e-01	0.000000000000000000e+00
4.842447643254668037e+02	4.867676327541595183e-01	0.000000000000000000e+00
4.846644737666667879e+02	4.782368000128841556e-01	0.000000000000000000e+00
4.850841832078667721e+02	4.694647273118588982e-01	0.000000000000000000e+00
4.855038926490667563e+02	4.604457766652558237e-01	0.000000000000000000e+00
4.859236020902667974e+02	4.511363071697130356e-01	0.000000000000000000e+00
4.863433115314667816e+02	4.415625958194353551e-01	0.000000000000000000e+00
4.867630209726667658e+02	4.317301519425855716e-01	0.000000000000000000e+00
4.871827304138668069e+02	4.216240249453152011e-01	0.000000000000000000e+00
4.876024398550667911e+02	4.112278346348751112e-01	0.000000000000000000e+00
4.880221492962667753e+02	4.005777743580625216e-01	0.000000000000000000e+00
4.884418587374667595e+02	3.896800945169709429e-01	0.000000000000000000e+00
4.888615681786667437e+02	3.785167957573022379e-01	0.000000000000000000e+00
4.892812776198667848e+02	3.671180677207024345e-01	0.000000000000000000e+00
4.897009870610667690e+02	3.555139409106314874e-01	0.000000000000000000e+00
4.901206965022668101e+02	3.437246829722643837e-01	0.000000000000000000e+00
4.905404059434667943e+02	3.317527654754608424e-01	0.000000000000000000e+00
4.909601153846667785e+02	3.196556136388984948e-01	0.000000000000000000e+00
4.913798248258667627e+02	3.074680713890578510e-01	0.000000000000000000e+00
4.917995342670667469e+02	2.952271078323580045e-01	0.000000000000000000e+00
4.922192437082667880e+02	2.829793768834827916e-01	0.000000000000000000e+00
4.926389531494667722e+02	2.707766229510993883e-01	0.000000000000000000e+00
4.930586625906667564e+02	2.586670785939877426e-01	0.000000000000000000e+00
4.934783720318667974e+02	2.467056133196484646e-01	0.000000000000000000e+00
4.938980814730667817e+02	2.349824667835488656e-01	0.000000000000000000e+00
4.943177909142667659e+02	2.235339070538869266e-01	0.000000000000000000e+00
4.947375003554667501e+02	2.124249398028278113e-01	0.000000000000000000e+00
4.951572097966667911e+02	2.017276381856265011e-01	0.000000000000000000e+00
4.955769192378667753e+02	1.916161638875711060e-01	0.000000000000000000e+00
4.959966286790667596e+02	1.821216672441371143e-01	0.000000000000000000e+00
4.964163381202668006e+02	1.733560983768352437e-01	0.000000000000000000e+00
4.968360475614667848e+02	1.654494874339119959e-01	0.000000000000000000e+00
4.972557570026667690e+02	1.586782495748943478e-01	0.000000000000000000e+00
4.976754664438667533e+02	1.531681725796898985e-01	0.000000000000000000e+00
4.980951758850667943e+02	1.490445447918122279e-01	0.000000000000000000e+00
4.985148853262667785e+02	1.464803780306525860e-01	0.000000000000000000e+00
4.989345947674667627e+02	1.457100821066694973e-01	0.000000000000000000e+00
4.993543042086668038e+02	1.470324657468017604e-01	0.000000000000000000e+00
4.997740136498667880e+02	1.503376087280570705e-01	0.000000000000000000e+00
5.001937230910667722e+02	1.556695677137520939e-01	0.000000000000000000e+00
5.006134325322667564e+02	1.630188062879843192e-01	0.000000000000000000e+00
5.010331419734667406e+02	1.724835368119579382e-01	0.000000000000000000e+00
5.014528514146667817e+02	1.838504480168249577e-01	0.000000000000000000e+00
5.018725608558667659e+02	1.968247784251043742e-01	0.000000000000000000e+00
5.022922702970668070e+02	2.111896352042815228e-01	0.000000000000000000e+00
5.027119797382667912e+02	2.267043220202583642e-01	0.000000000000000000e+00
5.031316891794667754e+02	2.431835895103107159e-01	0.000000000000000000e+00
5.035513986206667596e+02	2.602760767633490735e-01	0.000000000000000000e+00
5.039711080618667438e+02	2.777112814540488306e-01	0.000000000000000000e+00
5.043908175030667849e+02	2.952690978888646844e-01	0.000000000000000000e+00
5.048105269442667691e+02	3.127530002473242199e-01	0.000000000000000000e+00
5.052302363854667533e+02	3.299585468276468037e-01	0.000000000000000000e+00
5.056499458266667943e+02	3.467346372160812762e-01	0.000000000000000000e+00
5.060696552678667786e+02	3.629874064645206011e-01	0.000000000000000000e+00
5.064893647090667628e+02	3.786337097625867010e-01	0.000000000000000000e+00
5.069090741502667470e+02	3.936125870083526657e-01	0.000000000000000000e+00
5.073287835914667880e+02	4.078599734791514275e-01	0.000000000000000000e+00
5.077484930326667723e+02	4.212985148095612642e-01	0.000000000000000000e+00
5.081682024738668133e+02	4.339945191665778301e-01	0.000000000000000000e+00
5.085879119150667975e+02	4.459523543410340296e-01	0.000000000000000000e+00
5.090076213562667817e+02	4.571851503398364769e-01	0.000000000000000000e+00
5.094273307974667659e+02	4.677129593963761933e-01	0.000000000000000000e+00
5.098470402386667502e+02	4.775204813951541283e-01	0.000000000000000000e+00
5.102667496798667344e+02	4.866426951668371692e-01	0.000000000000000000e+00
5.106864591210667754e+02	4.951553287916284907e-01	0.000000000000000000e+00
5.111061685622667596e+02	5.030930582172312704e-01	0.000000000000000000e+00
5.115258780034668007e+02	5.104916163406123530e-01	0.000000000000000000e+00
5.119455874446667849e+02	5.173872136029739055e-01	0.000000000000000000e+00
5.123652968858667691e+02	5.237975518669056862e-01	0.000000000000000000e+00
5.127850063270667533e+02	5.297494144499201862e-01	0.000000000000000000e+00
5.132047157682667375e+02	5.353123689882709479e-01	0.000000000000000000e+00
5.136244252094668354e+02	5.405192917730660129e-01	0.000000000000000000e+00
5.140441346506668197e+02	5.454011812790461322e-01	0.000000000000000000e+00
5.144638440918668039e+02	5.499867801921041188e-01	0.000000000000000000e+00
5.148835535330667881e+02	5.543022475260785953e-01	0.000000000000000000e+00
5.153032629742667723e+02	5.583524218556681351e-01	0.000000000000000000e+00
5.157229724154667565e+02	5.621725704785803801e-01	0.000000000000000000e+00
5.161426818566667407e+02	5.657866291084302501e-01	0.000000000000000000e+00
5.165623912978667249e+02	5.692085003063251936e-01	0.000000000000000000e+00
5.169821007390667091e+02	5.724497299225546065e-01	0.000000000000000000e+00
5.174018101802668070e+02	5.755199466539672182e-01	0.000000000000000000e+00
5.178215196214667912e+02	5.784273510426536369e-01	0.000000000000000000e+00
5.182412290626667755e+02	5.811717998264716023e-01	0.000000000000000000e+00
5.186609385038667597e+02	5.837604449745170676e-01	0.000000000000000000e+00
5.190806479450667439e+02	5.862081825599031459e-01	0.000000000000000000e+00
5.195003573862667281e+02	5.885216074431620648e-01	0.000000000000000000e+00
5.199200668274668260e+02	5.907074209754473726e-01	0.000000000000000000e+00
5.203397762686668102e+02	5.927723878882960040e-01	0.000000000000000000e+00
5.207594857098667944e+02	5.947232320393951444e-01	0.000000000000000000e+00
5.211791951510667786e+02	5.965665066172276543e-01	0.000000000000000000e+00
5.215989045922667628e+02	5.983048146703359160e-01	0.000000000000000000e+00
5.220186140334667471e+02	5.999430871343668370e-01	0.000000000000000000e+00
5.224383234746667313e+02	6.014922770204224056e-01	0.000000000000000000e+00
5.228580329158667155e+02	6.029572581506916773e-01	0.000000000000000000e+00
5.232777423570666997e+02	6.043425011675882530e-01	0.000000000000000000e+00
5.236974517982667976e+02	6.056521295806458483e-01	0.000000000000000000e+00
5.241171612394667818e+02	6.068899836181432805e-01	0.000000000000000000e+00
5.245368706806667660e+02	6.080596820939315750e-01	0.000000000000000000e+00
5.249565801218667502e+02	6.091646756981271560e-01	0.000000000000000000e+00
5.253762895630667344e+02	6.102074361855759355e-01	0.000000000000000000e+00
5.257959990042668323e+02	6.111883832048077281e-01	0.000000000000000000e+00
5.262157084454668166e+02	6.121148423500364366e-01	0.000000000000000000e+00
5.266354178866668008e+02	6.129898623072270736e-01	0.000000000000000000e+00
5.270551273278667850e+02	6.138164187533237115e-01	0.000000000000000000e+00
5.274748367690667692e+02	6.145974099835952442e-01	0.000000000000000000e+00
5.278945462102667534e+02	6.153356506209401999e-01	0.000000000000000000e+00
5.283142556514667376e+02	6.160338647972700699e-01	0.000000000000000000e+00
5.287339650926667218e+02	6.166946797666634783e-01	0.000000000000000000e+00
5.291536745338667060e+02	6.173206205451442496e-01	0.000000000000000000e+00
5.295733839750668039e+02	6.179141058869627168e-01	0.000000000000000000e+00
5.299930934162667882e+02	6.184771929401592372e-01	0.000000000000000000e+00
5.304128028574667724e+02	6.190108203273800846e-01	0.000000000000000000e+00
5.308325122986667566e+02	6.195188734256554808e-01	0.000000000000000000e+00
5.312522217398667408e+02	6.200033087408685084e-01	0.000000000000000000e+00
5.316719311810667250e+02	6.204659773323260019e-01	0.000000000000000000e+00
5.320916406222668229e+02	6.209086278115625301e-01	0.000000000000000000e+00
5.325113500634668071e+02	6.213329098531036321e-01	0.000000000000000000e+00
5.329310595046667913e+02	6.217403780716420636e-01	0.000000000000000000e+00
5.333507689458667755e+02	6.221324961411514032e-01	0.000000000000000000e+00
5.337704783870667598e+02	6.225106410521763500e-01	0.000000000000000000e+00
5.341901878282667440e+02	6.228761074228098549e-01	0.000000000000000000e+00
5.346098972694667282e+02	6.232301117960951098e-01	0.000000000000000000e+00
5.350296067106667124e+02	6.235737968715595603e-01	0.000000000000000000e+00
5.354493161518666966e+02	6.239082356312921629e-01	0.000000000000000000e+00
5.358690255930667945e+02	6.242344353315785188e-01	0.000000000000000000e+00
5.362887350342667787e+02	6.245531589151914753e-01	0.000000000000000000e+00
5.367084444754667629e+02	6.248654043393390145e-01	0.000000000000000000e+00
5.371281539166667471e+02	6.251721539129787564e-01	0.000000000000000000e+00
5.375478633578667313e+02	6.254741797799763248e-01	0.000000000000000000e+00
5.379675727990668292e+02	6.257722065662411071e-01	0.000000000000000000e+00
5.383872822402668135e+02	6.260669142803773068e-01	0.000000000000000000e+00
5.388069916814667977e+02	6.263589410454554196e-01	0.000000000000000000e+00
5.392267011226667819e+02	6.266488856678953390e-01	0.000000000000000000e+00
5.396464105638667661e+02	6.269373100502673157e-01	0.000000000000000000e+00
5.400661200050667503e+02	6.272247414553131506e-01	0.000000000000000000e+00
5.404858294462667345e+02	6.275116746287650038e-01	0.000000000000000000e+00
5.409055388874667187e+02	6.277985737886310202e-01	0.000000000000000000e+00
5.413252483286667029e+02	6.280858744885495781e-01	0.000000000000000000e+00
5.417449577698668008e+02	6.283739853626830740e-01	0.000000000000000000e+00
5.421646672110667851e+02	6.286632897593817937e-01	0.000000000000000000e+00
5.425843766522667693e+02	6.289541472705774128e-01	0.000000000000000000e+00
5.430040860934667535e+02	6.292468951635574737e-01	0.000000000000000000e+00
5.434237955346667377e+02	6.295418497214387843e-01	0.000000000000000000e+00
5.438435049758667219e+02	6.298393074983187345e-01	0.000000000000000000e+00
5.442632144170668198e+02	6.301395464947464609e-01	0.000000000000000000e+00
5.446829238582668040e+02	6.304428272588041837e-01	0.000000000000000000e+00
5.451026332994667882e+02	6.307493939177808429e-01	0.000000000000000000e+00
5.455223427406667724e+02	6.310594751450780970e-01	0.000000000000000000e+00
5.459420521818667567e+02	6.313732850667048702e-01	0.000000000000000000e+00
5.463617616230667409e+02	6.316910241114037650e-01	0.000000000000000000e+00
5.467814710642667251e+02	6.320128798082003119e-01	0.000000000000000000e+00
5.472011805054667093e+02	6.323390275348854672e-01	0.000000000000000000e+00
5.476208899466666935e+02	6.326696312207118478e-01	0.000000000000000000e+00
5.480405993878667914e+02	6.330048440063469339e-01	0.000000000000000000e+00
5.484603088290667756e+02	6.333448088639076490e-01	0.000000000000000000e+00
5.488800182702667598e+02	6.336896591797236411e-01	0.000000000000000000e+00
5.492997277114667440e+02	6.340395193022508868e-01	0.000000000000000000e+00
5.497194371526667283e+02	6.343945050574236744e-01	0.000000000000000000e+00
5.501391465938668262e+02	6.347547242335436213e-01	0.000000000000000000e+00
5.505588560350668104e+02	6.351202770376666029e-01	0.000000000000000000e+00
5.509785654762667946e+02	6.354912565253008072e-01	0.000000000000000000e+00
5.513982749174667788e+02	6.358677490051189984e-01	0.000000000000000000e+00
5.518179843586667630e+02	6.362498344202310863e-01	0.000000000000000000e+00
5.522376937998667472e+02	6.366375867074980377e-01	0.000000000000000000e+00
5.526574032410667314e+02	6.370310741362186224e-01	0.000000000000000000e+00
5.530771126822667156e+02	6.374303596274712991e-01	0.000000000000000000e+00
5.534968221234666998e+02	6.378355010552531068e-01	0.000000000000000000e+00
5.539165315646667977e+02	6.382465515305281167e-01	0.000000000000000000e+00
5.543362410058667820e+02	6.386635596691759842e-01	0.000000000000000000e+00
5.547559504470667662e+02	6.390865698447952825e-01	0.000000000000000000e+00
5.551756598882667504e+02	6.395156224272212642e-01	0.000000000000000000e+00
5.555953693294667346e+02	6.399507540075851653e-01	0.000000000000000000e+00
5.560150787706667188e+02	6.403919976106593470e-01	0.000000000000000000e+00
5.564347882118668167e+02	6.408393828952015925e-01	0.000000000000000000e+00
5.568544976530668009e+02	6.412929363429418217e-01	0.000000000000000000e+00
5.572742070942667851e+02	6.417526814368396115e-01	0.000000000000000000e+00
5.576939165354667693e+02	6.422186388291555303e-01	0.000000000000000000e+00
5.581136259766667536e+02	6.426908264998881792e-01	0.000000000000000000e+00
5.585333354178667378e+02	6.431692599060544469e-01	0.000000000000000000e+00
5.589530448590667220e+02	6.436539521222744975e-01	0.000000000000000000e+00
5.593727543002667062e+02	6.441449139730938134e-01	0.000000000000000000e+00
5.597924637414666904e+02	6.446421541574274272e-01	0.000000000000000000e+00
5.602121731826667883e+02	6.451456793655137023e-01	0.000000000000000000e+00
5.606318826238667725e+02	6.456554943887072850e-01	0.000000000000000000e+00
5.610515920650667567e+02	6.461716022224400779e-01	0.000000000000000000e+00
5.614713015062667409e+02	6.466940041626467739e-01	0.000000000000000000e+00
5.618910109474667252e+02	6.472226998959359490e-01	0.000000000000000000e+00
5.623107203886668231e+02	6.477576875837631754e-01	0.000000000000000000e+00
5.627304298298668073e+02	6.482989639408497373e-01	0.000000000000000000e+00
5.631501392710667915e+02	6.488465243080727696e-01	0.000000000000000000e+00
5.635698487122667757e+02	6.494003627200324313e-01	0.000000000000000000e+00
5.639895581534667599e+02	6.499604719674954012e-01	0.000000000000000000e+00
5.644092675946667441e+02	6.505268436548946598e-01	0.000000000000000000e+00
5.648289770358667283e+02	6.510994682530547584e-01	0.000000000000000000e+00
5.652486864770667125e+02	6.516783351472994479e-01	0.000000000000000000e+00
5.656683959182666968e+02	6.522634326810889949e-01	0.000000000000000000e+00
5.660881053594667947e+02	6.528547481953284048e-01	0.000000000000000000e+00
5.665078148006667789e+02	6.534524298043078439e-01	0.000000000000000000e+00
5.669275242418667631e+02	6.540565202718715554e-01	0.000000000000000000e+00
5.673472336830667473e+02	6.546667951706035549e-01	0.000000000000000000e+00
5.677669431242667315e+02	6.552832379430163501e-01	0.000000000000000000e+00
5.681866525654667157e+02	6.559058311548853215e-01	0.000000000000000000e+00
5.686063620066668136e+02	6.565345565093301250e-01	0.000000000000000000e+00
5.690260714478667978e+02	6.571693948571185606e-01	0.000000000000000000e+00
5.694457808890667820e+02	6.578103262032758414e-01	0.000000000000000000e+00
5.698654903302667663e+02	6.584573297100591027e-01	0.000000000000000000e+00
5.702851997714667505e+02	6.591103836963528861e-01	0.000000000000000000e+00
5.707049092126667347e+02	6.597694656335513219e-01	0.000000000000000000e+00
5.711246186538667189e+02	6.604345521379756390e-01	0.000000000000000000e+00
5.715443280950667031e+02	6.611056189598757404e-01	0.000000000000000000e+00
5.719640375362666873e+02	6.617826409690679146e-01	0.000000000000000000e+00
5.723837469774667852e+02	6.624655921372553102e-01	0.000000000000000000e+00
5.728034564186667694e+02	6.631544455170743646e-01	0.000000000000000000e+00
5.732231658598667536e+02	6.638496261125352849e-01	0.000000000000000000e+00
5.736428753010667378e+02	6.645507268079361429e-01	0.000000000000000000e+00
5.740625847422667221e+02	6.652576497357214347e-01	0.000000000000000000e+00
5.744822941834668200e+02	6.659703634688922680e-01	0.000000000000000000e+00
5.749020036246668042e+02	6.666888354579653120e-01	0.000000000000000000e+00
5.753217130658667884e+02	6.674130319856824700e-01	0.000000000000000000e+00
5.757414225070667726e+02	6.681429181183251576e-01	0.000000000000000000e+00
5.761611319482667568e+02	6.688784576536641602e-01	0.000000000000000000e+00
5.765808413894667410e+02	6.696196130655766021e-01	0.000000000000000000e+00
5.770005508306667252e+02	6.703663454453742121e-01	0.000000000000000000e+00
5.774202602718667094e+02	6.711186144398908482e-01	0.000000000000000000e+00
5.778399697130666937e+02	6.718763781863756890e-01	0.000000000000000000e+00
5.782596791542667916e+02	6.726400928349611785e-01	0.000000000000000000e+00
5.786793885954667758e+02	6.734093217558549949e-01	0.000000000000000000e+00
5.790990980366667600e+02	6.741839100379179994e-01	0.000000000000000000e+00
5.795188074778667442e+02	6.749638077768752575e-01	0.000000000000000000e+00
5.799385169190667284e+02	6.757489630548092485e-01	0.000000000000000000e+00
5.803582263602667126e+02	6.765393218446912327e-01	0.000000000000000000e+00
5.807779358014668105e+02	6.773348279113834414e-01	0.000000000000000000e+00
5.811976452426667947e+02	6.781354227092074582e-01	0.000000000000000000e+00
5.816173546838667789e+02	6.789410452762051351e-01	0.000000000000000000e+00
5.820370641250667632e+02	6.797516321252364824e-01	0.000000000000000000e+00
5.824567735662667474e+02	6.805674959567281634e-01	0.000000000000000000e+00
5.828764830074667316e+02	6.813884417761000289e-01	0.000000000000000000e+00
5.832961924486667158e+02	6.822141330697294448e-01	0.000000000000000000e+00
5.837159018898667000e+02	6.830444924272257579e-01	0.000000000000000000e+00
5.841356113310666842e+02	6.838794390541746981e-01	0.000000000000000000e+00
5.845553207722667821e+02	6.847188886234155669e-01	0.000000000000000000e+00
5.849750302134667663e+02	6.855627531229877558e-01	0.000000000000000000e+00
5.853947396546667505e+02	6.864109407010748898e-01	0.000000000000000000e+00
5.858144490958667348e+02	6.872633555083296208e-01	0.000000000000000000e+00
5.862341585370667190e+02	6.881202126614837100e-01	0.000000000000000000e+00
5.866538679782668169e+02	6.889813622158506012e-01	0.000000000000000000e+00
5.870735774194668011e+02	6.898463927791066430e-01	0.000000000000000000e+00
5.874932868606667853e+02	6.907151858299049874e-01	0.000000000000000000e+00
5.879129963018667695e+02	6.915876175267325898e-01	0.000000000000000000e+00
5.883327057430667537e+02	6.924635584987172132e-01	0.000000000000000000e+00
5.887524151842667379e+02	6.933428736345890186e-01	0.000000000000000000e+00
5.891721246254667221e+02	6.942254218706479518e-01	0.000000000000000000e+00
5.895918340666667063e+02	6.951111873709214795e-01	0.000000000000000000e+00
5.900115435078666906e+02	6.960002064047188242e-01	0.000000000000000000e+00
5.904312529490666748e+02	6.968919318516282324e-01	0.000000000000000000e+00
5.908509623902667727e+02	6.977861879623892261e-01	0.000000000000000000e+00
5.912706718314667569e+02	6.986827911134306790e-01	0.000000000000000000e+00
5.916903812726667411e+02	6.995815495312187604e-01	0.000000000000000000e+00
5.921100907138667253e+02	7.004822630186772203e-01	0.000000000000000000e+00
5.925298001550667095e+02	7.013847226855591810e-01	0.000000000000000000e+00
5.929495095962668074e+02	7.022888553513734200e-01	0.000000000000000000e+00
5.933692190374667916e+02	7.031942796417192110e-01	0.000000000000000000e+00
5.937889284786667758e+02	7.041006446915584194e-01	0.000000000000000000e+00
5.942086379198667601e+02	7.050076889809991920e-01	0.000000000000000000e+00
5.946283473610667443e+02	7.059151395404847928e-01	0.000000000000000000e+00
5.950480568022667285e+02	7.068227116116334585e-01	0.000000000000000000e+00
5.954677662434667127e+02	7.077301083209347476e-01	0.000000000000000000e+00
5.958874756846666969e+02	7.086369236069347544e-01	0.000000000000000000e+00
5.963071851258666811e+02	7.095426964397727465e-01	0.000000000000000000e+00
5.967268945670667790e+02	7.104471228158530938e-01	0.000000000000000000e+00
5.971466040082667632e+02	7.113498299958832538e-01	0.000000000000000000e+00
5.975663134494667474e+02	7.122504293299900535e-01	0.000000000000000000e+00
5.979860228906667317e+02	7.131485158669458313e-01	0.000000000000000000e+00
5.984057323318667159e+02	7.140436679954534904e-01	0.000000000000000000e+00
5.988254417730668138e+02	7.149347541554768037e-01	0.000000000000000000e+00
5.992451512142667980e+02	7.158215316368130576e-01	0.000000000000000000e+00
5.996648606554667822e+02	7.167036689703810692e-01	0.000000000000000000e+00
6.000845700966667664e+02	7.175806354345518612e-01	0.000000000000000000e+00
6.005042795378667506e+02	7.184518785005596930e-01	0.000000000000000000e+00
6.009239889790667348e+02	7.193168234510503023e-01	0.000000000000000000e+00
6.013436984202667190e+02	7.201741927006711785e-01	0.000000000000000000e+00
6.017634078614667033e+02	7.210225662013969306e-01	0.000000000000000000e+00
6.021831173026666875e+02	7.218622805860022140e-01	0.000000000000000000e+00
6.026028267438666717e+02	7.226926111155013155e-01	0.000000000000000000e+00
6.030225361850667696e+02	7.235128041042967473e-01	0.000000000000000000e+00
6.034422456262667538e+02	7.243220765887786738e-01	0.000000000000000000e+00
6.038619550674667380e+02	7.251187760846802277e-01	0.000000000000000000e+00
6.042816645086667222e+02	7.259000370900212662e-01	0.000000000000000000e+00
6.047013739498667064e+02	7.266671034300521415e-01	0.000000000000000000e+00
6.051210833910668043e+02	7.274189860377743289e-01	0.000000000000000000e+00
6.055407928322667885e+02	7.281546578723557817e-01	0.000000000000000000e+00
6.059605022734667727e+02	7.288730538028771466e-01	0.000000000000000000e+00
6.063802117146667570e+02	7.295709409851173222e-01	0.000000000000000000e+00
6.067999211558667412e+02	7.302453109828929145e-01	0.000000000000000000e+00
6.072196305970667254e+02	7.308978565772048519e-01	0.000000000000000000e+00
6.076393400382667096e+02	7.315272302746864685e-01	0.000000000000000000e+00
6.080590494794666938e+02	7.321320356942614405e-01	0.000000000000000000e+00
6.084787589206666780e+02	7.327108280038867605e-01	0.000000000000000000e+00
6.088984683618667759e+02	7.332556690222404860e-01	0.000000000000000000e+00
6.093181778030667601e+02	7.337679514533886893e-01	0.000000000000000000e+00
6.097378872442667443e+02	7.342478948060767729e-01	0.000000000000000000e+00
6.101575966854667286e+02	7.346936698713308900e-01	0.000000000000000000e+00
6.105773061266667128e+02	7.351033864062742618e-01	0.000000000000000000e+00
6.109970155678666970e+02	7.354714394835075719e-01	0.000000000000000000e+00
6.114167250090667949e+02	7.357894125021312570e-01	0.000000000000000000e+00
6.118364344502667791e+02	7.360629733475941849e-01	0.000000000000000000e+00
6.122561438914667633e+02	7.362897308811862107e-01	0.000000000000000000e+00
6.126758533326667475e+02	7.364672185885448030e-01	0.000000000000000000e+00
6.130955627738667317e+02	7.365926012440041637e-01	0.000000000000000000e+00
6.135152722150667159e+02	7.366448728139707303e-01	0.000000000000000000e+00
6.139349816562667002e+02	7.366368526731870148e-01	0.000000000000000000e+00
6.143546910974666844e+02	7.365654284164494525e-01	0.000000000000000000e+00
6.147744005386666686e+02	7.364273974210475693e-01	0.000000000000000000e+00
6.151941099798667665e+02	7.362194719474871585e-01	0.000000000000000000e+00
6.156138194210667507e+02	7.359144864398561303e-01	0.000000000000000000e+00
6.160335288622667349e+02	7.355257686373819492e-01	0.000000000000000000e+00
6.164532383034667191e+02	7.350519263465241648e-01	0.000000000000000000e+00
6.168729477446667033e+02	7.344888363427132250e-01	0.000000000000000000e+00
6.172926571858668012e+02	7.338322810023553133e-01	0.000000000000000000e+00
6.177123666270667854e+02	7.330440849526130842e-01	0.000000000000000000e+00
6.181320760682667697e+02	7.321446242464524357e-01	0.000000000000000000e+00
6.185517855094667539e+02	7.311318474649209920e-01	0.000000000000000000e+00
6.189714949506667381e+02	7.300005191352750833e-01	0.000000000000000000e+00
6.193912043918667223e+02	7.287425987266278327e-01	0.000000000000000000e+00
6.198109138330667065e+02	7.273063012303406794e-01	0.000000000000000000e+00
6.202306232742666907e+02	7.257270140945460968e-01	0.000000000000000000e+00
6.206503327154666749e+02	7.239983282216067018e-01	0.000000000000000000e+00
6.210700421566667728e+02	7.221137390504367426e-01	0.000000000000000000e+00
6.214897515978667570e+02	7.200455466918094238e-01	0.000000000000000000e+00
6.219094610390667413e+02	7.177568791931656644e-01	0.000000000000000000e+00
6.223291704802667255e+02	7.152814479444891127e-01	0.000000000000000000e+00
6.227488799214667097e+02	7.126114957188777188e-01	0.000000000000000000e+00
6.231685893626666939e+02	7.097392073900025133e-01	0.000000000000000000e+00
6.235882988038667918e+02	7.065946851816654606e-01	0.000000000000000000e+00
6.240080082450667760e+02	7.031937771156149264e-01	0.000000000000000000e+00
6.244277176862667602e+02	6.995529485975815476e-01	0.000000000000000000e+00
6.248474271274667444e+02	6.956632687555943662e-01	0.000000000000000000e+00
6.252671365686667286e+02	6.914970257186265901e-01	0.000000000000000000e+00
6.256868460098667128e+02	6.869628054648111437e-01	0.000000000000000000e+00
6.261065554510666971e+02	6.821373715933713999e-01	0.000000000000000000e+00
6.265262648922666813e+02	6.770111156034053224e-01	0.000000000000000000e+00
6.269459743334666655e+02	6.715745341429776305e-01	0.000000000000000000e+00
6.273656837746667634e+02	6.657117903186243746e-01	0.000000000000000000e+00
6.277853932158667476e+02	6.594676217043503597e-01	0.000000000000000000e+00
6.282051026570667318e+02	6.528685802690079587e-01	0.000000000000000000e+00
6.286248120982667160e+02	6.459056110962537733e-01	0.000000000000000000e+00
6.290445215394667002e+02	6.385029358597233973e-01	0.000000000000000000e+00
6.294642309806667981e+02	6.306043945520901639e-01	0.000000000000000000e+00
6.298839404218667823e+02	6.223016025888580272e-01	0.000000000000000000e+00
6.303036498630667666e+02	6.135877278840614624e-01	0.000000000000000000e+00
6.307233593042667508e+02	6.044312853262467922e-01	0.000000000000000000e+00
6.311430687454667350e+02	5.946767350187216472e-01	0.000000000000000000e+00
6.315627781866667192e+02	5.844845114575660805e-01	0.000000000000000000e+00
6.319824876278667034e+02	5.738525995038391558e-01	0.000000000000000000e+00
6.324021970690666876e+02	5.627793448554377909e-01	0.000000000000000000e+00
6.328219065102666718e+02	5.510695833909456942e-01	0.000000000000000000e+00
6.332416159514667697e+02	5.389088913745638809e-01	0.000000000000000000e+00
6.336613253926667539e+02	5.263150006511496670e-01	0.000000000000000000e+00
6.340810348338667382e+02	5.132941013738350211e-01	0.000000000000000000e+00
6.345007442750667224e+02	4.996956317904592826e-01	0.000000000000000000e+00
6.349204537162667066e+02	4.856730558565381384e-01	0.000000000000000000e+00
6.353401631574666908e+02	4.712769797600528388e-01	0.000000000000000000e+00
6.357598725986667887e+02	4.565238382773554315e-01	0.000000000000000000e+00
6.361795820398667729e+02	4.413205465636997338e-01	0.000000000000000000e+00
6.365992914810667571e+02	4.258066651909631073e-01	0.000000000000000000e+00
6.370190009222667413e+02	4.100450077682614158e-01	0.000000000000000000e+00
6.374387103634667255e+02	3.940626253432789605e-01	0.000000000000000000e+00
6.378584198046667098e+02	3.778445350921584289e-01	0.000000000000000000e+00
6.382781292458666940e+02	3.615150807068627237e-01	0.000000000000000000e+00
6.386978386870666782e+02	3.451273047662131166e-01	0.000000000000000000e+00
6.391175481282666624e+02	3.287159584987180416e-01	0.000000000000000000e+00
6.395372575694666466e+02	3.123748423371952576e-01	0.000000000000000000e+00
6.399569670106667445e+02	2.961694906536666005e-01	0.000000000000000000e+00
6.403766764518667287e+02	2.801341514847535685e-01	0.000000000000000000e+00
6.407963858930667129e+02	2.643072903927930484e-01	0.000000000000000000e+00
6.412160953342668108e+02	2.489203848313434608e-01	0.000000000000000000e+00
6.416358047754667950e+02	2.338952081079379852e-01	0.000000000000000000e+00
6.420555142166667792e+02	2.192626307444519584e-01	0.000000000000000000e+00
6.424752236578667635e+02	2.051100833955445679e-01	0.000000000000000000e+00
6.428949330990667477e+02	1.916728044514489637e-01	0.000000000000000000e+00
6.433146425402667319e+02	1.787778680007552634e-01	0.000000000000000000e+00
6.437343519814667161e+02	1.664439888793526612e-01	0.000000000000000000e+00
6.441540614226667003e+02	1.548521659403374051e-01	0.000000000000000000e+00
6.445737708638666845e+02	1.440836636209117394e-01	0.000000000000000000e+00
6.449934803050666687e+02	1.339542809575122451e-01	0.000000000000000000e+00
6.454131897462666529e+02	1.244694413741660038e-01	0.000000000000000000e+00
6.458328991874667508e+02	1.159241762460791469e-01	0.000000000000000000e+00
6.462526086286667351e+02	1.081346367664924452e-01	0.000000000000000000e+00
6.466723180698667193e+02	1.009927800628885874e-01	0.000000000000000000e+00
6.470920275110667035e+02	9.452362996473157031e-02	0.000000000000000000e+00
6.475117369522668014e+02	8.903317643681163407e-02	0.000000000000000000e+00
6.479314463934667856e+02	8.414838141131632254e-02	0.000000000000000000e+00
6.483511558346667698e+02	7.985805928775741025e-02	0.000000000000000000e+00
6.487708652758667540e+02	7.631235180410983476e-02	0.000000000000000000e+00
6.491905747170667382e+02	7.350515259543191626e-02	0.000000000000000000e+00
6.496102841582667224e+02	7.123293509518893729e-02	0.000000000000000000e+00
6.500299935994667067e+02	6.948595678302296741e-02	0.000000000000000000e+00
6.504497030406666909e+02	6.853927547921560837e-02	0.000000000000000000e+00
6.508694124818666751e+02	6.812524948922217549e-02	0.000000000000000000e+00
6.512891219230666593e+02	6.820729912115808258e-02	0.000000000000000000e+00
6.517088313642666435e+02	6.890218843205497823e-02	0.000000000000000000e+00
6.521285408054667414e+02	7.031850230634663357e-02	0.000000000000000000e+00
6.525482502466667256e+02	7.226032713155070009e-02	0.000000000000000000e+00
6.529679596878667098e+02	7.473534578389591509e-02	0.000000000000000000e+00
6.533876691290668077e+02	7.811550398367547721e-02	0.000000000000000000e+00
6.538073785702667919e+02	8.216984247023413623e-02	0.000000000000000000e+00
6.542270880114667762e+02	8.686546928923012667e-02	0.000000000000000000e+00
6.546467974526667604e+02	9.243252213013081198e-02	0.000000000000000000e+00
6.550665068938667446e+02	9.903157268280084191e-02	0.000000000000000000e+00
6.554862163350667288e+02	1.063987737946659046e-01	0.000000000000000000e+00
6.559059257762667130e+02	1.145479782870904573e-01	0.000000000000000000e+00
6.563256352174666972e+02	1.240840297269203418e-01	0.000000000000000000e+00
6.567453446586666814e+02	1.344278913582527546e-01	0.000000000000000000e+00
6.571650540998666656e+02	1.455650067471545295e-01	0.000000000000000000e+00
6.575847635410666499e+02	1.578121866171896537e-01	0.000000000000000000e+00
6.580044729822667477e+02	1.709240135109620917e-01	0.000000000000000000e+00
6.584241824234667320e+02	1.846443109708717500e-01	0.000000000000000000e+00
6.588438918646667162e+02	1.990289117026976529e-01	0.000000000000000000e+00
6.592636013058667004e+02	2.140258419787015864e-01	0.000000000000000000e+00
6.596833107470667983e+02	2.292865918267031899e-01	0.000000000000000000e+00
6.601030201882667825e+02	2.447706742899417587e-01	0.000000000000000000e+00
6.605227296294667667e+02	2.603637381091951086e-01	0.000000000000000000e+00
6.609424390706667509e+02	2.758672267676756107e-01	0.000000000000000000e+00
6.613621485118667351e+02	2.912530041306971018e-01	0.000000000000000000e+00
6.617818579530667193e+02	3.063146412961872955e-01	0.000000000000000000e+00
6.622015673942667036e+02	3.209955690728125144e-01	0.000000000000000000e+00
6.626212768354666878e+02	3.353438975273307920e-01	0.000000000000000000e+00
6.630409862766666720e+02	3.491976394189481026e-01	0.000000000000000000e+00
6.634606957178666562e+02	3.624632954588207778e-01	0.000000000000000000e+00
6.638804051590666404e+02	3.753174706923967374e-01	0.000000000000000000e+00
6.643001146002667383e+02	3.876835970632661055e-01	0.000000000000000000e+00
6.647198240414667225e+02	3.993678072354343578e-01	0.000000000000000000e+00
6.651395334826667067e+02	4.106519072863512032e-01	0.000000000000000000e+00
6.655592429238668046e+02	4.215332806230863705e-01	0.000000000000000000e+00
6.659789523650667888e+02	4.317305034622488935e-01	0.000000000000000000e+00
6.663986618062667731e+02	4.415802248823754161e-01	0.000000000000000000e+00
6.668183712474667573e+02	4.510880439583936918e-01	0.000000000000000000e+00
6.672380806886667415e+02	4.600432364628097570e-01	0.000000000000000000e+00
6.676577901298667257e+02	4.686736899952899660e-01	0.000000000000000000e+00
6.680774995710667099e+02	4.770235407805730743e-01	0.000000000000000000e+00
6.684972090122666941e+02	4.849477271166326431e-01	0.000000000000000000e+00
6.689169184534666783e+02	4.925788196181715706e-01	0.000000000000000000e+00
6.693366278946666625e+02	4.999847522224408758e-01	0.000000000000000000e+00
6.697563373358666468e+02	5.070652791998199183e-01	0.000000000000000000e+00
6.701760467770667447e+02	5.138896263002747933e-01	0.000000000000000000e+00
6.705957562182667289e+02	5.205343407898367358e-01	0.000000000000000000e+00
6.710154656594667131e+02	5.269286494798759435e-01	0.000000000000000000e+00
6.714351751006666973e+02	5.331030836241610338e-01	0.000000000000000000e+00
6.718548845418667952e+02	5.391335621517175936e-01	0.000000000000000000e+00
6.722745939830667794e+02	5.449681737751496113e-01	0.000000000000000000e+00
6.726943034242667636e+02	5.506158492041894892e-01	0.000000000000000000e+00
6.731140128654667478e+02	5.561469396682144906e-01	0.000000000000000000e+00
6.735337223066667320e+02	5.615212725436258268e-01	0.000000000000000000e+00
6.739534317478667163e+02	5.667373465051541714e-01	0.000000000000000000e+00
6.743731411890667005e+02	5.718576984134093877e-01	0.000000000000000000e+00
6.747928506302666847e+02	5.768491635189465505e-01	0.000000000000000000e+00
6.752125600714666689e+02	5.817068546473151969e-01	0.000000000000000000e+00
6.756322695126666531e+02	5.864847667232285788e-01	0.000000000000000000e+00
6.760519789538666373e+02	5.911535958091402865e-01	0.000000000000000000e+00
6.764716883950667352e+02	5.957094280401253883e-01	0.000000000000000000e+00
6.768913978362667194e+02	6.001977634779385173e-01	0.000000000000000000e+00
6.773111072774667036e+02	6.045910434241358322e-01	0.000000000000000000e+00
6.777308167186668015e+02	6.088890013119200306e-01	0.000000000000000000e+00
6.781505261598667857e+02	6.131290327918051952e-01	0.000000000000000000e+00
6.785702356010667700e+02	6.172838779473678317e-01	0.000000000000000000e+00
6.789899450422667542e+02	6.213585588905127244e-01	0.000000000000000000e+00
6.794096544834667384e+02	6.253828693759131419e-01	0.000000000000000000e+00
6.798293639246667226e+02	6.293288377521032428e-01	0.000000000000000000e+00
6.802490733658667068e+02	6.332077917638986309e-01	0.000000000000000000e+00
6.806687828070666910e+02	6.370424240421254103e-01	0.000000000000000000e+00
6.810884922482666752e+02	6.408033276170872483e-01	0.000000000000000000e+00
6.815082016894666594e+02	6.445087776181069872e-01	0.000000000000000000e+00
6.819279111306666437e+02	6.481748154881294965e-01	0.000000000000000000e+00
6.823476205718667416e+02	6.517700668605896919e-01	0.000000000000000000e+00
6.827673300130667258e+02	6.553201709889083793e-01	0.000000000000000000e+00
6.831870394542667100e+02	6.588349015194900904e-01	0.000000000000000000e+00
6.836067488954666942e+02	6.622805144146686196e-01	0.000000000000000000e+00
6.840264583366667921e+02	6.656902949280349979e-01	0.000000000000000000e+00
6.844461677778667763e+02	6.690662408912911863e-01	0.000000000000000000e+00
6.848658772190667605e+02	6.723774005089175887e-01	0.000000000000000000e+00
6.852855866602667447e+02	6.756594315165602715e-01	0.000000000000000000e+00
6.857052961014667289e+02	6.789049646218168199e-01	0.000000000000000000e+00
6.861250055426667132e+02	6.820966094418482450e-01	0.000000000000000000e+00
6.865447149838666974e+02	6.852615303164776295e-01	0.000000000000000000e+00
6.869644244250666816e+02	6.883870332063051212e-01	0.000000000000000000e+00
6.873841338662666658e+02	6.914685912395168721e-01	0.000000000000000000e+00
6.878038433074666500e+02	6.945254936547223812e-01	0.000000000000000000e+00
6.882235527486666342e+02	6.975398465647822954e-01	0.000000000000000000e+00
6.886432621898667321e+02	7.005194302690395114e-01	0.000000000000000000e+00
6.890629716310667163e+02	7.034761531144042568e-01	0.000000000000000000e+00
6.894826810722667005e+02	7.063870150446965868e-01	0.000000000000000000e+00
6.899023905134667984e+02	7.092716627239110672e-01	0.000000000000000000e+00
6.903220999546667827e+02	7.121333304938626263e-01	0.000000000000000000e+00
6.907418093958667669e+02	7.149490455200062655e-01	0.000000000000000000e+00
6.911615188370667511e+02	7.177449089747214295e-01	0.000000000000000000e+00
6.915812282782667353e+02	7.205127467522988161e-01	0.000000000000000000e+00
6.920009377194667195e+02	7.232438761968439378e-01	0.000000000000000000e+00
6.924206471606667037e+02	7.259563683083954944e-01	0.000000000000000000e+00
6.928403566018666879e+02	7.286358327985262839e-01	0.000000000000000000e+00
6.932600660430666721e+02	7.312872983011485806e-01	0.000000000000000000e+00
6.936797754842666563e+02	7.339212104438965767e-01	0.000000000000000000e+00
6.940994849254666406e+02	7.365171155522084456e-01	0.000000000000000000e+00
6.945191943666667385e+02	7.390932923695300305e-01	0.000000000000000000e+00
6.949389038078667227e+02	7.416490490292827475e-01	0.000000000000000000e+00
6.953586132490667069e+02	7.441695021627378059e-01	0.000000000000000000e+00
6.957783226902666911e+02	7.466742994138518830e-01	0.000000000000000000e+00
6.961980321314667890e+02	7.491527182718856759e-01	0.000000000000000000e+00
6.966177415726667732e+02	7.516045154535172523e-01	0.000000000000000000e+00
6.970374510138667574e+02	7.540414418967862353e-01	0.000000000000000000e+00
6.974571604550667416e+02	7.564461135554150228e-01	0.000000000000000000e+00
6.978768698962667258e+02	7.588324871596194843e-01	0.000000000000000000e+00
6.982965793374667101e+02	7.612015123221024249e-01	0.000000000000000000e+00
6.987162887786666943e+02	7.635388451123574782e-01	0.000000000000000000e+00
6.991359982198666785e+02	7.658627180455216399e-01	0.000000000000000000e+00
6.995557076610666627e+02	7.681626933154735992e-01	0.000000000000000000e+00
6.999754171022666469e+02	7.704395864833094576e-01	0.000000000000000000e+00
7.003951265434666311e+02	7.727036117564077822e-01	0.000000000000000000e+00
7.008148359846667290e+02	7.749372779388810084e-01	0.000000000000000000e+00
7.012345454258667132e+02	7.771561933971609104e-01	0.000000000000000000e+00
7.016542548670666974e+02	7.793576479346944197e-01	0.000000000000000000e+00
7.020739643082667953e+02	7.815326180416404256e-01	0.000000000000000000e+00
7.024936737494667796e+02	7.836958044955543157e-01	0.000000000000000000e+00
7.029133831906667638e+02	7.858345698812578828e-01	0.000000000000000000e+00
7.033330926318667480e+02	7.879554091172593644e-01	0.000000000000000000e+00
7.037528020730667322e+02	7.900636418209883161e-01	0.000000000000000000e+00
7.041725115142667164e+02	7.921431344983522749e-01	0.000000000000000000e+00
7.045922209554667006e+02	7.942117675504962726e-01	0.000000000000000000e+00
7.050119303966666848e+02	7.962604329065225972e-01	0.000000000000000000e+00
7.054316398378666690e+02	7.982890965039061149e-01	0.000000000000000000e+00
7.058513492790666533e+02	8.003072971778091294e-01	0.000000000000000000e+00
7.062710587202666375e+02	8.022982416996392585e-01	0.000000000000000000e+00
7.066907681614667354e+02	8.042777389893465134e-01	0.000000000000000000e+00
7.071104776026667196e+02	8.062404638066221763e-01	0.000000000000000000e+00
7.075301870438667038e+02	8.081820539256404645e-01	0.000000000000000000e+00
7.079498964850666880e+02	8.101139256892616602e-01	0.000000000000000000e+00
7.083696059262667859e+02	8.120213991695099942e-01	0.000000000000000000e+00
7.087893153674667701e+02	8.139164685140569677e-01	0.000000000000000000e+00
7.092090248086667543e+02	8.157968761298014515e-01	0.000000000000000000e+00
7.096287342498667385e+02	8.176558402665926595e-01	0.000000000000000000e+00
7.100484436910667227e+02	8.195057390872305669e-01	0.000000000000000000e+00
7.104681531322667070e+02	8.213330559951148580e-01	0.000000000000000000e+00
7.108878625734666912e+02	8.231478208420798248e-01	0.000000000000000000e+00
7.113075720146666754e+02	8.249490840257699409e-01	0.000000000000000000e+00
7.117272814558666596e+02	8.267293295921798180e-01	0.000000000000000000e+00
7.121469908970666438e+02	8.285010886859232038e-01	0.000000000000000000e+00
7.125667003382666280e+02	8.302511612402396768e-01	0.000000000000000000e+00
7.129864097794667259e+02	8.319892611844988961e-01	0.000000000000000000e+00
7.134061192206667101e+02	8.337141723660019821e-01	0.000000000000000000e+00
7.138258286618666943e+02	8.354191587296153632e-01	0.000000000000000000e+00
7.142455381030666786e+02	8.371161769617563309e-01	0.000000000000000000e+00
7.146652475442667765e+02	8.387915768777485237e-01	0.000000000000000000e+00
7.150849569854667607e+02	8.404562487269675586e-01	0.000000000000000000e+00
7.155046664266667449e+02	8.421072779346605586e-01	0.000000000000000000e+00
7.159243758678667291e+02	8.437400907757039992e-01	0.000000000000000000e+00
7.163440853090667133e+02	8.453654041953929665e-01	0.000000000000000000e+00
7.167637947502666975e+02	8.469684137447827110e-01	0.000000000000000000e+00
7.171835041914666817e+02	8.485625572044190879e-01	0.000000000000000000e+00
7.176032136326666659e+02	8.501419000142252935e-01	0.000000000000000000e+00
7.180229230738666502e+02	8.517053116377939492e-01	0.000000000000000000e+00
7.184426325150666344e+02	8.532612053104221550e-01	0.000000000000000000e+00
7.188623419562667323e+02	8.547943058934892591e-01	0.000000000000000000e+00
7.192820513974667165e+02	8.563205369634637742e-01	0.000000000000000000e+00
7.197017608386667007e+02	8.578301542218904618e-01	0.000000000000000000e+00
7.201214702798666849e+02	8.593266726130077693e-01	0.000000000000000000e+00
7.205411797210667828e+02	8.608134480449695092e-01	0.000000000000000000e+00
7.209608891622667670e+02	8.622806351212495279e-01	0.000000000000000000e+00
7.213805986034667512e+02	8.637413296029644583e-01	0.000000000000000000e+00
7.218003080446667354e+02	8.651829803044409628e-01	0.000000000000000000e+00
7.222200174858667197e+02	8.666148891053538916e-01	0.000000000000000000e+00
7.226397269270667039e+02	8.680342442931061608e-01	0.000000000000000000e+00
7.230594363682666881e+02	8.694377149023549967e-01	0.000000000000000000e+00
7.234791458094666723e+02	8.708349445398800848e-01	0.000000000000000000e+00
7.238988552506666565e+02	8.722103123342000996e-01	0.000000000000000000e+00
7.243185646918666407e+02	8.735797034784249515e-01	0.000000000000000000e+00
7.247382741330666249e+02	8.749331696314585072e-01	0.000000000000000000e+00
7.251579835742667228e+02	8.762749410751605739e-01	0.000000000000000000e+00
7.255776930154667070e+02	8.776067587394028591e-01	0.000000000000000000e+00
7.259974024566666913e+02	8.789212180842862487e-01	0.000000000000000000e+00
7.264171118978666755e+02	8.802300184884759293e-01	0.000000000000000000e+00
7.268368213390667734e+02	8.815189808837627927e-01	0.000000000000000000e+00
7.272565307802667576e+02	8.828009152476481436e-01	0.000000000000000000e+00
7.276762402214667418e+02	8.840686615192396847e-01	0.000000000000000000e+00
7.280959496626667260e+02	8.853240131116487666e-01	0.000000000000000000e+00
7.285156591038667102e+02	8.865706783270173030e-01	0.000000000000000000e+00
7.289353685450666944e+02	8.877997215406600029e-01	0.000000000000000000e+00
7.293550779862666786e+02	8.890235458250822509e-01	0.000000000000000000e+00
7.297747874274666628e+02	8.902284372518813882e-01	0.000000000000000000e+00
7.301944968686666471e+02	8.914263541166489446e-01	0.000000000000000000e+00
7.306142063098666313e+02	8.926105447249562674e-01	0.000000000000000000e+00
7.310339157510667292e+02	8.937828080052624413e-01	0.000000000000000000e+00
7.314536251922667134e+02	8.949464166698164469e-01	0.000000000000000000e+00
7.318733346334666976e+02	8.960932725989469994e-01	0.000000000000000000e+00
7.322930440746666818e+02	8.972353153936096781e-01	0.000000000000000000e+00
7.327127535158667797e+02	8.983581019625456188e-01	0.000000000000000000e+00
7.331324629570667639e+02	8.994751002361470738e-01	0.000000000000000000e+00
7.335521723982667481e+02	9.005776394965219200e-01	0.000000000000000000e+00
7.339718818394667323e+02	9.016698217901573109e-01	0.000000000000000000e+00
7.343915912806667166e+02	9.027522182876164258e-01	0.000000000000000000e+00
7.348113007218667008e+02	9.038198065066489484e-01	0.000000000000000000e+00
7.352310101630666850e+02	9.048821614335673669e-01	0.000000000000000000e+00
7.356507196042666692e+02	9.059253710707869667e-01	0.000000000000000000e+00
7.360704290454666534e+02	9.069642603544587622e-01	0.000000000000000000e+00
7.364901384866666376e+02	9.079868226870676517e-01	0.000000000000000000e+00
7.369098479278666218e+02	9.090016543767643897e-01	0.000000000000000000e+00
7.373295573690667197e+02	9.100044593441917185e-01	0.000000000000000000e+00
7.377492668102667039e+02	9.109954339603215656e-01	0.000000000000000000e+00
7.381689762514666882e+02	9.119785700614816415e-01	0.000000000000000000e+00
7.385886856926666724e+02	9.129458824049023757e-01	0.000000000000000000e+00
7.390083951338667703e+02	9.139092225957359261e-01	0.000000000000000000e+00
7.394281045750667545e+02	9.148532744332258382e-01	0.000000000000000000e+00
7.398478140162667387e+02	9.157932458430796396e-01	0.000000000000000000e+00
7.402675234574667229e+02	9.167178763962279264e-01	0.000000000000000000e+00
7.406872328986667071e+02	9.176346604793998996e-01	0.000000000000000000e+00
7.411069423398666913e+02	9.185399464661835323e-01	0.000000000000000000e+00
7.415266517810666755e+02	9.194337195124112627e-01	0.000000000000000000e+00
7.419463612222666598e+02	9.203197348191645144e-01	0.000000000000000000e+00
7.423660706634666440e+02	9.211906680870569630e-01	0.000000000000000000e+00
7.427857801046666282e+02	9.220574838082703506e-01	0.000000000000000000e+00
7.432054895458666124e+02	9.229057436530218039e-01	0.000000000000000000e+00
7.436251989870667103e+02	9.237505572724966640e-01	0.000000000000000000e+00
7.440449084282666945e+02	9.245791761253108199e-01	0.000000000000000000e+00
7.444646178694666787e+02	9.254015718712029770e-01	0.000000000000000000e+00
7.448843273106667766e+02	9.262111880391517005e-01	0.000000000000000000e+00
7.453040367518667608e+02	9.270113209292698553e-01	0.000000000000000000e+00
7.457237461930667450e+02	9.278019947004076950e-01	0.000000000000000000e+00
7.461434556342667292e+02	9.285800152876935165e-01	0.000000000000000000e+00
7.465631650754667135e+02	9.293518043326204348e-01	0.000000000000000000e+00
7.469828745166666977e+02	9.301078588174551687e-01	0.000000000000000000e+00
7.474025839578666819e+02	9.308608182217633642e-01	0.000000000000000000e+00
7.478222933990666661e+02	9.315950485630219990e-01	0.000000000000000000e+00
7.482420028402666503e+02	9.323263196829795207e-01	0.000000000000000000e+00
7.486617122814666345e+02	9.330417748851930204e-01	0.000000000000000000e+00
7.490814217226666187e+02	9.337514459699257641e-01	0.000000000000000000e+00
7.495011311638667166e+02	9.344482216042049316e-01	0.000000000000000000e+00
7.499208406050667008e+02	9.351364250034419623e-01	0.000000000000000000e+00
7.503405500462666851e+02	9.358145661439496443e-01	0.000000000000000000e+00
7.507602594874666693e+02	9.364814303742123869e-01	0.000000000000000000e+00
7.511799689286667672e+02	9.371409796780921786e-01	0.000000000000000000e+00
7.515996783698667514e+02	9.377866295346358738e-01	0.000000000000000000e+00
7.520193878110667356e+02	9.384276272788220075e-01	0.000000000000000000e+00
7.524390972522667198e+02	9.390521839491924316e-01	0.000000000000000000e+00
7.528588066934667040e+02	9.396742431191262845e-01	0.000000000000000000e+00
7.532785161346666882e+02	9.402782492485231014e-01	0.000000000000000000e+00
7.536982255758666724e+02	9.408794138731431111e-01	0.000000000000000000e+00
7.541179350170666567e+02	9.414649753877963878e-01	0.000000000000000000e+00
7.545376444582666409e+02	9.420453587476977919e-01	0.000000000000000000e+00
7.549573538994666251e+02	9.426125068098999416e-01	0.000000000000000000e+00
7.553770633406666093e+02	9.431722190074010026e-01	0.000000000000000000e+00
7.557967727818667072e+02	9.437209826139504321e-01	0.000000000000000000e+00
7.562164822230666914e+02	9.442601306966508234e-01	0.000000000000000000e+00
7.566361916642666756e+02	9.447905367295426071e-01	0.000000000000000000e+00
7.570559011054667735e+02	9.453092248169248091e-01	0.000000000000000000e+00
7.574756105466667577e+02	9.458212980971216766e-01	0.000000000000000000e+00
7.578953199878667419e+02	9.463196275103467059e-01	0.000000000000000000e+00
7.583150294290667262e+02	9.468133908548104216e-01	0.000000000000000000e+00
7.587347388702667104e+02	9.472914602498042624e-01	0.000000000000000000e+00
7.591544483114666946e+02	9.477669345319573724e-01	0.000000000000000000e+00
7.595741577526666788e+02	9.482248400358535001e-01	0.000000000000000000e+00
7.599938671938666630e+02	9.486809282729153914e-01	0.000000000000000000e+00
7.604135766350666472e+02	9.491198796006122818e-01	0.000000000000000000e+00
7.608332860762666314e+02	9.495559737348715501e-01	0.000000000000000000e+00
7.612529955174666156e+02	9.499766876187788478e-01	0.000000000000000000e+00
7.616727049586667135e+02	9.503928787077207119e-01	0.000000000000000000e+00
7.620924143998666977e+02	9.507953689258523688e-01	0.000000000000000000e+00
7.625121238410666820e+02	9.511917459977130562e-01	0.000000000000000000e+00
7.629318332822666662e+02	9.515760247436102492e-01	0.000000000000000000e+00
7.633515427234667641e+02	9.519526749460908155e-01	0.000000000000000000e+00
7.637712521646667483e+02	9.523187529128436246e-01	0.000000000000000000e+00
7.641909616058667325e+02	9.526757616647214544e-01	0.000000000000000000e+00
7.646106710470667167e+02	9.530236481332755583e-01	0.000000000000000000e+00
7.650303804882667009e+02	9.533610992787565630e-01	0.000000000000000000e+00
7.654500899294666851e+02	9.536908022105888838e-01	0.000000000000000000e+00
7.658697993706666693e+02	9.540087781762023322e-01	0.000000000000000000e+00
7.662895088118666536e+02	9.543203043103952732e-01	0.000000000000000000e+00
7.667092182530666378e+02	9.546188862642015494e-01	0.000000000000000000e+00
7.671289276942666220e+02	9.549122412189723352e-01	0.000000000000000000e+00
7.675486371354666062e+02	9.551915092318306044e-01	0.000000000000000000e+00
7.679683465766667041e+02	9.554666976105212761e-01	0.000000000000000000e+00
7.683880560178666883e+02	9.557267308191360611e-01	0.000000000000000000e+00
7.688077654590666725e+02	9.559837563206851074e-01	0.000000000000000000e+00
7.692274749002667704e+02	9.562246330921182480e-01	0.000000000000000000e+00
7.696471843414667546e+02	9.564634986259891170e-01	0.000000000000000000e+00
7.700668937826667388e+02	9.566852967233079319e-01	0.000000000000000000e+00
7.704866032238667231e+02	9.569060045288577676e-01	0.000000000000000000e+00
7.709063126650667073e+02	9.571088012775603726e-01	0.000000000000000000e+00
7.713260221062666915e+02	9.573108284929471301e-01	0.000000000000000000e+00
7.717457315474666757e+02	9.574952255026493164e-01	0.000000000000000000e+00
7.721654409886666599e+02	9.576784043861523710e-01	0.000000000000000000e+00
7.725851504298666441e+02	9.578446476241957441e-01	0.000000000000000000e+00
7.730048598710666283e+02	9.580090553385426366e-01	0.000000000000000000e+00
7.734245693122666125e+02	9.581571456444457624e-01	0.000000000000000000e+00
7.738442787534667104e+02	9.583028594398749211e-01	0.000000000000000000e+00
7.742639881946666947e+02	9.584327976443757224e-01	0.000000000000000000e+00
7.746836976358666789e+02	9.585598950189970768e-01	0.000000000000000000e+00
7.751034070770666631e+02	9.586716820885661239e-01	0.000000000000000000e+00
7.755231165182667610e+02	9.587802409471215537e-01	0.000000000000000000e+00
7.759428259594667452e+02	9.588738781322664328e-01	0.000000000000000000e+00
7.763625354006667294e+02	9.589639769428408567e-01	0.000000000000000000e+00
7.767822448418667136e+02	9.590394659300253144e-01	0.000000000000000000e+00
7.772019542830666978e+02	9.591111838782422350e-01	0.000000000000000000e+00
7.776216637242666820e+02	9.591685269452742135e-01	0.000000000000000000e+00
7.780413731654666663e+02	9.592219440855307422e-01	0.000000000000000000e+00
7.784610826066666505e+02	9.592611442601864935e-01	0.000000000000000000e+00
7.788807920478666347e+02	9.592963416634360252e-01	0.000000000000000000e+00
7.793005014890666189e+02	9.593174028851396695e-01	0.000000000000000000e+00
7.797202109302666031e+02	9.593344627827753435e-01	0.000000000000000000e+00
7.801399203714667010e+02	9.593373900670946197e-01	0.000000000000000000e+00
7.805596298126666852e+02	9.593363959904569471e-01	0.000000000000000000e+00
7.809793392538666694e+02	9.593211955961674642e-01	0.000000000000000000e+00
7.813990486950667673e+02	9.593022325112123827e-01	0.000000000000000000e+00
7.818187581362667515e+02	9.592689121096826810e-01	0.000000000000000000e+00
7.822384675774667357e+02	9.592320665463589524e-01	0.000000000000000000e+00
7.826581770186667200e+02	9.591806353929663853e-01	0.000000000000000000e+00
7.830778864598667042e+02	9.591259955688453687e-01	0.000000000000000000e+00
7.834975959010666884e+02	9.590564646761499112e-01	0.000000000000000000e+00
7.839173053422666726e+02	9.589841206138816077e-01	0.000000000000000000e+00
7.843370147834666568e+02	9.588965029262354056e-01	0.000000000000000000e+00
7.847567242246666410e+02	9.588065465643952345e-01	0.000000000000000000e+00
7.851764336658666252e+02	9.587008571336856910e-01	0.000000000000000000e+00
7.855961431070666094e+02	9.585933824306139828e-01	0.000000000000000000e+00
7.860158525482667073e+02	9.584696385927937712e-01	0.000000000000000000e+00
7.864355619894666916e+02	9.583447416230305160e-01	0.000000000000000000e+00
7.868552714306666758e+02	9.582029631751051157e-01	0.000000000000000000e+00
7.872749808718666600e+02	9.580607422180608124e-01	0.000000000000000000e+00
7.876946903130667579e+02	9.579009515951560916e-01	0.000000000000000000e+00
7.881143997542667421e+02	9.577411609722513708e-01	0.000000000000000000e+00
7.885341091954667263e+02	9.575637296678205512e-01	0.000000000000000000e+00
7.889538186366667105e+02	9.573859521199844513e-01	0.000000000000000000e+00
7.893735280778666947e+02	9.571914285565727987e-01	0.000000000000000000e+00
7.897932375190666789e+02	9.569956923249208769e-01	0.000000000000000000e+00
7.902129469602666632e+02	9.567841850119759295e-01	0.000000000000000000e+00
7.906326564014666474e+02	9.565705215037934028e-01	0.000000000000000000e+00
7.910523658426666316e+02	9.563421415997429564e-01	0.000000000000000000e+00
7.914720752838666158e+02	9.561105855621540028e-01	0.000000000000000000e+00
7.918917847250666000e+02	9.558654469177303437e-01	0.000000000000000000e+00
7.923114941662666979e+02	9.556160366095185488e-01	0.000000000000000000e+00
7.927312036074666821e+02	9.553542558012598773e-01	0.000000000000000000e+00
7.931509130486666663e+02	9.550870331624518039e-01	0.000000000000000000e+00
7.935706224898667642e+02	9.548087295161979959e-01	0.000000000000000000e+00
7.939903319310667484e+02	9.545237403349715599e-01	0.000000000000000000e+00
7.944100413722667327e+02	9.542290359392330279e-01	0.000000000000000000e+00
7.948297508134667169e+02	9.539263300157527770e-01	0.000000000000000000e+00
7.952494602546667011e+02	9.536153497248583966e-01	0.000000000000000000e+00
7.956691696958666853e+02	9.532949810316075911e-01	0.000000000000000000e+00
7.960888791370666695e+02	9.529678524585809551e-01	0.000000000000000000e+00
7.965085885782666537e+02	9.526298792967654583e-01	0.000000000000000000e+00
7.969282980194666379e+02	9.522867327959226857e-01	0.000000000000000000e+00
7.973480074606666221e+02	9.519312179475408753e-01	0.000000000000000000e+00
7.977677169018666063e+02	9.515721865868467244e-01	0.000000000000000000e+00
7.981874263430667042e+02	9.511991974619894430e-01	0.000000000000000000e+00
7.986071357842666885e+02	9.508244169852423378e-01	0.000000000000000000e+00
7.990268452254666727e+02	9.504340257642164280e-01	0.000000000000000000e+00
7.994465546666666569e+02	9.500436345431906293e-01	0.000000000000000000e+00
