# lambda  Re(R_ZmaxTE(0,0),ZmaxTE(0,0))    Im(R_ZmaxTE(0,0),ZmaxTE(0,0)), 
3.797371134666668127e+02	1.982943023671568938e-01	0.000000000000000000e+00
3.801568229078667969e+02	1.978462130795048957e-01	0.000000000000000000e+00
3.805765323490668379e+02	1.973177364389305799e-01	0.000000000000000000e+00
3.809962417902668221e+02	1.967103527348200709e-01	0.000000000000000000e+00
3.814159512314668063e+02	1.960256527365085433e-01	0.000000000000000000e+00
3.818356606726667906e+02	1.952653328362902729e-01	0.000000000000000000e+00
3.822553701138668316e+02	1.944311900379360469e-01	0.000000000000000000e+00
3.826750795550668158e+02	1.935251168134273780e-01	0.000000000000000000e+00
3.830947889962668000e+02	1.925490958495809646e-01	0.000000000000000000e+00
3.835144984374667843e+02	1.915051947050913639e-01	0.000000000000000000e+00
3.839342078786668253e+02	1.903955603974059607e-01	0.000000000000000000e+00
3.843539173198668095e+02	1.892224139374542591e-01	0.000000000000000000e+00
3.847736267610667937e+02	1.879880448290384420e-01	0.000000000000000000e+00
3.851933362022668348e+02	1.866948055482728352e-01	0.000000000000000000e+00
3.856130456434668190e+02	1.853447877495575935e-01	0.000000000000000000e+00
3.860327550846668032e+02	1.839406141634380987e-01	0.000000000000000000e+00
3.864524645258667874e+02	1.824850469635886097e-01	0.000000000000000000e+00
3.868721739670668285e+02	1.809806293261611576e-01	0.000000000000000000e+00
3.872918834082668127e+02	1.794299394674884751e-01	0.000000000000000000e+00
3.877115928494667969e+02	1.778355852991171382e-01	0.000000000000000000e+00
3.881313022906667811e+02	1.762001991367921905e-01	0.000000000000000000e+00
3.885510117318668222e+02	1.745264324695639524e-01	0.000000000000000000e+00
3.889707211730668064e+02	1.728169507944165018e-01	0.000000000000000000e+00
3.893904306142667906e+02	1.710744285212460192e-01	0.000000000000000000e+00
3.898101400554668317e+02	1.693015439525345223e-01	0.000000000000000000e+00
3.902298494966668159e+02	1.675009743416945585e-01	0.000000000000000000e+00
3.906495589378668001e+02	1.656753910338125690e-01	0.000000000000000000e+00
3.910692683790667843e+02	1.638274546923798591e-01	0.000000000000000000e+00
3.914889778202668253e+02	1.619598106155800410e-01	0.000000000000000000e+00
3.919086872614668096e+02	1.600750841457410922e-01	0.000000000000000000e+00
3.923283967026667938e+02	1.581758761757348919e-01	0.000000000000000000e+00
3.927481061438668348e+02	1.562647587563127938e-01	0.000000000000000000e+00
3.931678155850668190e+02	1.543442708086680548e-01	0.000000000000000000e+00
3.935875250262668033e+02	1.524169139468331269e-01	0.000000000000000000e+00
3.940072344674667875e+02	1.504851415467779729e-01	0.000000000000000000e+00
3.944269439086668285e+02	1.485513967604235597e-01	0.000000000000000000e+00
3.948466533498668127e+02	1.466180855838607466e-01	0.000000000000000000e+00
3.952663627910667969e+02	1.446875274845075832e-01	0.000000000000000000e+00
3.956860722322667812e+02	1.427619850650102551e-01	0.000000000000000000e+00
3.961057816734668222e+02	1.408436606153660731e-01	0.000000000000000000e+00
3.965254911146668064e+02	1.389346928193075925e-01	0.000000000000000000e+00
3.969452005558667906e+02	1.370371536226153986e-01	0.000000000000000000e+00
3.973649099970668317e+02	1.351530452711724173e-01	0.000000000000000000e+00
3.977846194382668159e+02	1.332842975266346763e-01	0.000000000000000000e+00
3.982043288794668001e+02	1.314327650675309878e-01	0.000000000000000000e+00
3.986240383206667843e+02	1.296002250834742131e-01	0.000000000000000000e+00
3.990437477618668254e+02	1.277883750698832199e-01	0.000000000000000000e+00
3.994634572030668096e+02	1.259988308302425475e-01	0.000000000000000000e+00
3.998831666442667938e+02	1.242333958108882280e-01	0.000000000000000000e+00
4.003028760854667780e+02	1.224937680503696974e-01	0.000000000000000000e+00
4.007225855266668191e+02	1.207809027447465933e-01	0.000000000000000000e+00
4.011422949678668033e+02	1.190960705195637931e-01	0.000000000000000000e+00
4.015620044090667875e+02	1.174404526999973247e-01	0.000000000000000000e+00
4.019817138502668286e+02	1.158151406755895535e-01	0.000000000000000000e+00
4.024014232914668128e+02	1.142211355087377062e-01	0.000000000000000000e+00
4.028211327326667970e+02	1.126593477873518850e-01	0.000000000000000000e+00
4.032408421738667812e+02	1.111305977208583984e-01	0.000000000000000000e+00
4.036605516150668223e+02	1.096367347302234785e-01	0.000000000000000000e+00
4.040802610562668065e+02	1.081776040860085997e-01	0.000000000000000000e+00
4.044999704974667907e+02	1.067535243639755882e-01	0.000000000000000000e+00
4.049196799386668317e+02	1.053649499472995438e-01	0.000000000000000000e+00
4.053393893798668159e+02	1.040122481028540463e-01	0.000000000000000000e+00
4.057590988210668002e+02	1.026957005121233168e-01	0.000000000000000000e+00
4.061788082622667844e+02	1.014155328070934919e-01	0.000000000000000000e+00
4.065985177034668254e+02	1.001735737231956302e-01	0.000000000000000000e+00
4.070182271446668096e+02	9.896817181765345250e-02	0.000000000000000000e+00
4.074379365858667938e+02	9.779927206992401756e-02	0.000000000000000000e+00
4.078576460270667781e+02	9.666674401599385791e-02	0.000000000000000000e+00
4.082773554682668191e+02	9.557038444098880925e-02	0.000000000000000000e+00
4.086970649094668033e+02	9.451024726960657873e-02	0.000000000000000000e+00
4.091167743506667875e+02	9.348732471001329480e-02	0.000000000000000000e+00
4.095364837918668286e+02	9.249955051896627256e-02	0.000000000000000000e+00
4.099561932330668128e+02	9.154644432480940619e-02	0.000000000000000000e+00
4.103759026742667970e+02	9.062746822065849417e-02	0.000000000000000000e+00
4.107956121154667812e+02	8.974203011862866286e-02	0.000000000000000000e+00
4.112153215566668223e+02	8.889142460332026541e-02	0.000000000000000000e+00
4.116350309978668065e+02	8.807308365826471697e-02	0.000000000000000000e+00
4.120547404390667907e+02	8.728614553686761535e-02	0.000000000000000000e+00
4.124744498802667749e+02	8.652982055627497782e-02	0.000000000000000000e+00
4.128941593214668160e+02	8.580365241086981842e-02	0.000000000000000000e+00
4.133138687626668002e+02	8.510801023604386284e-02	0.000000000000000000e+00
4.137335782038667844e+02	8.444030278567440928e-02	0.000000000000000000e+00
4.141532876450668255e+02	8.379960075077694248e-02	0.000000000000000000e+00
4.145729970862668097e+02	8.318495245575134589e-02	0.000000000000000000e+00
4.149927065274667939e+02	8.259680886805841060e-02	0.000000000000000000e+00
4.154124159686667781e+02	8.203306484028458079e-02	0.000000000000000000e+00
4.158321254098668192e+02	8.149226771884111875e-02	0.000000000000000000e+00
4.162518348510668034e+02	8.097339716159215883e-02	0.000000000000000000e+00
4.166715442922667876e+02	8.047647005880105564e-02	0.000000000000000000e+00
4.170912537334668286e+02	7.999987522418869346e-02	0.000000000000000000e+00
4.175109631746668128e+02	7.954194275368570155e-02	0.000000000000000000e+00
4.179306726158667971e+02	7.910163580024429097e-02	0.000000000000000000e+00
4.183503820570667813e+02	7.867892697426009940e-02	0.000000000000000000e+00
4.187700914982668223e+02	7.827199414707089464e-02	0.000000000000000000e+00
4.191898009394668065e+02	7.787941826262631539e-02	0.000000000000000000e+00
4.196095103806667908e+02	7.750021022251529779e-02	0.000000000000000000e+00
4.200292198218668318e+02	7.713439973698686669e-02	0.000000000000000000e+00
4.204489292630668160e+02	7.677975918353779905e-02	0.000000000000000000e+00
4.208686387042668002e+02	7.643532587454388016e-02	0.000000000000000000e+00
4.212883481454667844e+02	7.610054390279145931e-02	0.000000000000000000e+00
4.217080575866667687e+02	7.577438742286218831e-02	0.000000000000000000e+00
4.221277670278668097e+02	7.545546202672381852e-02	0.000000000000000000e+00
4.225474764690667939e+02	7.514292956609891494e-02	0.000000000000000000e+00
4.229671859102667781e+02	7.483632865924515210e-02	0.000000000000000000e+00
4.233868953514668192e+02	7.453419894552261449e-02	0.000000000000000000e+00
4.238066047926668034e+02	7.423574639455009228e-02	0.000000000000000000e+00
4.242263142338667876e+02	7.394037412151331645e-02	0.000000000000000000e+00
4.246460236750667718e+02	7.364703809768000098e-02	0.000000000000000000e+00
4.250657331162668129e+02	7.335496605468150300e-02	0.000000000000000000e+00
4.254854425574667971e+02	7.306346282492082178e-02	0.000000000000000000e+00
4.259051519986667813e+02	7.277173473303723272e-02	0.000000000000000000e+00
4.263248614398668224e+02	7.247914920767160873e-02	0.000000000000000000e+00
4.267445708810668066e+02	7.218497865880879605e-02	0.000000000000000000e+00
4.271642803222667908e+02	7.188856584663547156e-02	0.000000000000000000e+00
4.275839897634667750e+02	7.158948251385779948e-02	0.000000000000000000e+00
4.280036992046668161e+02	7.128696638955091258e-02	0.000000000000000000e+00
4.284234086458668003e+02	7.098051920773337797e-02	0.000000000000000000e+00
4.288431180870667845e+02	7.066990473857692745e-02	0.000000000000000000e+00
4.292628275282668255e+02	7.035427260983591335e-02	0.000000000000000000e+00
4.296825369694668098e+02	7.003340997696190506e-02	0.000000000000000000e+00
4.301022464106667940e+02	6.970720009443480414e-02	0.000000000000000000e+00
4.305219558518667782e+02	6.937461891315234441e-02	0.000000000000000000e+00
4.309416652930668192e+02	6.903593244312922206e-02	0.000000000000000000e+00
4.313613747342668034e+02	6.869092002418812626e-02	0.000000000000000000e+00
4.317810841754667877e+02	6.833861518331227347e-02	0.000000000000000000e+00
4.322007936166667719e+02	6.797965482625978328e-02	0.000000000000000000e+00
4.326205030578668129e+02	6.761345477480915078e-02	0.000000000000000000e+00
4.330402124990667971e+02	6.723972097879274412e-02	0.000000000000000000e+00
4.334599219402667813e+02	6.685896503569987992e-02	0.000000000000000000e+00
4.338796313814667656e+02	6.647023406178224902e-02	0.000000000000000000e+00
4.342993408226668066e+02	6.607416269237643969e-02	0.000000000000000000e+00
4.347190502638667908e+02	6.567070719484591201e-02	0.000000000000000000e+00
4.351387597050667750e+02	6.525927800417347102e-02	0.000000000000000000e+00
4.355584691462668161e+02	6.484081361054512549e-02	0.000000000000000000e+00
4.359781785874668003e+02	6.441457180174460506e-02	0.000000000000000000e+00
4.363978880286667845e+02	6.398116265094738742e-02	0.000000000000000000e+00
4.368175974698667687e+02	6.354077229329356535e-02	0.000000000000000000e+00
4.372373069110668098e+02	6.309298735716008244e-02	0.000000000000000000e+00
4.376570163522667940e+02	6.263885152770072573e-02	0.000000000000000000e+00
4.380767257934667782e+02	6.217768954915135066e-02	0.000000000000000000e+00
4.384964352346668193e+02	6.171043417727542502e-02	0.000000000000000000e+00
4.389161446758668035e+02	6.123708580454110401e-02	0.000000000000000000e+00
4.393358541170667877e+02	6.075781280321893713e-02	0.000000000000000000e+00
4.397555635582667719e+02	6.027338418821807237e-02	0.000000000000000000e+00
4.401752729994668130e+02	5.978338656201577506e-02	0.000000000000000000e+00
4.405949824406667972e+02	5.928898191025745029e-02	0.000000000000000000e+00
4.410146918818667814e+02	5.878990688102574830e-02	0.000000000000000000e+00
4.414344013230668224e+02	5.828699722334329536e-02	0.000000000000000000e+00
4.418541107642668067e+02	5.778045091045728304e-02	0.000000000000000000e+00
4.422738202054667909e+02	5.727073427143170720e-02	0.000000000000000000e+00
4.426935296466667751e+02	5.675839389182738004e-02	0.000000000000000000e+00
4.431132390878668161e+02	5.624370581038986433e-02	0.000000000000000000e+00
4.435329485290668003e+02	5.572738056904624065e-02	0.000000000000000000e+00
4.439526579702667846e+02	5.520967803856913214e-02	0.000000000000000000e+00
4.443723674114668256e+02	5.469129000476150720e-02	0.000000000000000000e+00
4.447920768526668098e+02	5.417264089931131399e-02	0.000000000000000000e+00
4.452117862938667940e+02	5.365427527723098944e-02	0.000000000000000000e+00
4.456314957350667783e+02	5.313677776930156305e-02	0.000000000000000000e+00
4.460512051762667625e+02	5.262061436155751615e-02	0.000000000000000000e+00
4.464709146174668035e+02	5.210643467619412161e-02	0.000000000000000000e+00
4.468906240586667877e+02	5.159471688843721149e-02	0.000000000000000000e+00
4.473103334998667719e+02	5.108608919813435734e-02	0.000000000000000000e+00
4.477300429410668130e+02	5.058110751384255199e-02	0.000000000000000000e+00
4.481497523822667972e+02	5.008031920785015190e-02	0.000000000000000000e+00
4.485694618234667814e+02	4.958439479266110034e-02	0.000000000000000000e+00
4.489891712646667656e+02	4.909377163428677027e-02	0.000000000000000000e+00
4.494088807058668067e+02	4.860924017047964230e-02	0.000000000000000000e+00
4.498285901470667909e+02	4.813113142461061117e-02	0.000000000000000000e+00
4.502482995882667751e+02	4.766032727961461157e-02	0.000000000000000000e+00
4.506680090294668162e+02	4.719709089821610276e-02	0.000000000000000000e+00
4.510877184706668004e+02	4.674233173316190426e-02	0.000000000000000000e+00
4.515074279118667846e+02	4.629631969143767345e-02	0.000000000000000000e+00
4.519271373530667688e+02	4.585989161656094798e-02	0.000000000000000000e+00
4.523468467942668099e+02	4.543343549649145330e-02	0.000000000000000000e+00
4.527665562354667941e+02	4.501757887928322516e-02	0.000000000000000000e+00
4.531862656766667783e+02	4.461297580009272734e-02	0.000000000000000000e+00
4.536059751178668193e+02	4.421987182935770838e-02	0.000000000000000000e+00
4.540256845590668036e+02	4.383937082596531254e-02	0.000000000000000000e+00
4.544453940002667878e+02	4.347112893015809415e-02	0.000000000000000000e+00
4.548651034414667720e+02	4.311691788049813040e-02	0.000000000000000000e+00
4.552848128826667562e+02	4.277556409183578406e-02	0.000000000000000000e+00
4.557045223238667973e+02	4.244975729211486470e-02	0.000000000000000000e+00
4.561242317650667815e+02	4.213729232614588094e-02	0.000000000000000000e+00
4.565439412062668225e+02	4.184185012221811745e-02	0.000000000000000000e+00
4.569636506474668067e+02	4.156070813956633941e-02	0.000000000000000000e+00
4.573833600886667909e+02	4.129695780897147533e-02	0.000000000000000000e+00
4.578030695298667752e+02	4.104902693157823357e-02	0.000000000000000000e+00
4.582227789710667594e+02	4.081862388479809423e-02	0.000000000000000000e+00
4.586424884122668004e+02	4.060568181646666969e-02	0.000000000000000000e+00
4.590621978534667846e+02	4.041015788457279212e-02	0.000000000000000000e+00
4.594819072946667688e+02	4.023386340192706967e-02	0.000000000000000000e+00
4.599016167358668099e+02	4.007462153442622327e-02	0.000000000000000000e+00
4.603213261770667941e+02	3.993650705496224612e-02	0.000000000000000000e+00
4.607410356182667783e+02	3.981596732392745502e-02	0.000000000000000000e+00
4.611607450594667625e+02	3.971628255091362580e-02	0.000000000000000000e+00
4.615804545006668036e+02	3.963592342248813821e-02	0.000000000000000000e+00
4.620001639418667878e+02	3.957558611848227548e-02	0.000000000000000000e+00
4.624198733830667720e+02	3.953660649182946102e-02	0.000000000000000000e+00
4.628395828242668131e+02	3.951655109370965507e-02	0.000000000000000000e+00
4.632592922654667973e+02	3.951999002912503361e-02	0.000000000000000000e+00
4.636790017066667815e+02	3.954281489326312571e-02	0.000000000000000000e+00
4.640987111478667657e+02	3.958776278576677660e-02	0.000000000000000000e+00
4.645184205890668068e+02	3.965431077927108333e-02	0.000000000000000000e+00
4.649381300302667910e+02	3.974132883221875856e-02	0.000000000000000000e+00
4.653578394714667752e+02	3.985229506527812604e-02	0.000000000000000000e+00
4.657775489126668162e+02	3.998343724775634683e-02	0.000000000000000000e+00
4.661972583538668005e+02	4.013774173986862925e-02	0.000000000000000000e+00
4.666169677950667847e+02	4.031406623334936323e-02	0.000000000000000000e+00
4.670366772362667689e+02	4.051134734099830909e-02	0.000000000000000000e+00
4.674563866774667531e+02	4.073318879537161930e-02	0.000000000000000000e+00
4.678760961186667942e+02	4.097561978221563039e-02	0.000000000000000000e+00
4.682958055598667784e+02	4.124108686927682038e-02	0.000000000000000000e+00
4.687155150010668194e+02	4.152928212833190136e-02	0.000000000000000000e+00
4.691352244422668036e+02	4.183813141611313763e-02	0.000000000000000000e+00
4.695549338834667878e+02	4.217172745406631146e-02	0.000000000000000000e+00
4.699746433246667721e+02	4.252629172163733401e-02	0.000000000000000000e+00
4.703943527658667563e+02	4.290258932441380624e-02	0.000000000000000000e+00
4.708140622070667973e+02	4.330265576983215875e-02	0.000000000000000000e+00
4.712337716482667815e+02	4.372318619935548073e-02	0.000000000000000000e+00
4.716534810894667658e+02	4.416648641687139637e-02	0.000000000000000000e+00
4.720731905306668068e+02	4.463198842914024161e-02	0.000000000000000000e+00
4.724928999718667910e+02	4.511767467113948771e-02	0.000000000000000000e+00
4.729126094130667752e+02	4.562675861891209161e-02	0.000000000000000000e+00
4.733323188542667594e+02	4.615660906163895211e-02	0.000000000000000000e+00
4.737520282954668005e+02	4.670623962126244783e-02	0.000000000000000000e+00
4.741717377366667847e+02	4.727947724426286025e-02	0.000000000000000000e+00
4.745914471778667689e+02	4.787218783166708597e-02	0.000000000000000000e+00
4.750111566190668100e+02	4.848462384958622529e-02	0.000000000000000000e+00
4.754308660602667942e+02	4.911949840127511485e-02	0.000000000000000000e+00
4.758505755014667784e+02	4.977316708194801098e-02	0.000000000000000000e+00
4.762702849426667626e+02	5.044616093121773170e-02	0.000000000000000000e+00
4.766899943838667468e+02	5.114041439725075522e-02	0.000000000000000000e+00
4.771097038250667879e+02	5.185269130978590463e-02	0.000000000000000000e+00
4.775294132662667721e+02	5.258349112178267726e-02	0.000000000000000000e+00
4.779491227074668132e+02	5.333443143317838364e-02	0.000000000000000000e+00
4.783688321486667974e+02	5.410245263813649036e-02	0.000000000000000000e+00
4.787885415898667816e+02	5.488778889942731026e-02	0.000000000000000000e+00
4.792082510310667658e+02	5.569213950514469852e-02	0.000000000000000000e+00
4.796279604722667500e+02	5.651241441673478944e-02	0.000000000000000000e+00
4.800476699134667911e+02	5.734838547159740868e-02	0.000000000000000000e+00
4.804673793546667753e+02	5.820213148634999917e-02	0.000000000000000000e+00
4.808870887958667595e+02	5.907036646492982990e-02	0.000000000000000000e+00
4.813067982370668005e+02	5.995259293441321941e-02	0.000000000000000000e+00
4.817265076782667848e+02	6.085042033985784554e-02	0.000000000000000000e+00
4.821462171194667690e+02	6.176125839819892466e-02	0.000000000000000000e+00
4.825659265606667532e+02	6.268414261157426171e-02	0.000000000000000000e+00
4.829856360018667942e+02	6.361960091275981055e-02	0.000000000000000000e+00
4.834053454430667784e+02	6.456625854417306909e-02	0.000000000000000000e+00
4.838250548842667627e+02	6.552246762208668862e-02	0.000000000000000000e+00
4.842447643254668037e+02	6.648771521294616349e-02	0.000000000000000000e+00
4.846644737666667879e+02	6.746150714305544638e-02	0.000000000000000000e+00
4.850841832078667721e+02	6.844162992220881314e-02	0.000000000000000000e+00
4.855038926490667563e+02	6.942693916256732767e-02	0.000000000000000000e+00
4.859236020902667974e+02	7.041659448525650067e-02	0.000000000000000000e+00
4.863433115314667816e+02	7.140855274453279666e-02	0.000000000000000000e+00
4.867630209726667658e+02	7.240123525323538534e-02	0.000000000000000000e+00
4.871827304138668069e+02	7.339292715401901646e-02	0.000000000000000000e+00
4.876024398550667911e+02	7.438141379105024653e-02	0.000000000000000000e+00
4.880221492962667753e+02	7.536503215790839316e-02	0.000000000000000000e+00
4.884418587374667595e+02	7.634185760687195454e-02	0.000000000000000000e+00
4.888615681786667437e+02	7.730854721141541819e-02	0.000000000000000000e+00
4.892812776198667848e+02	7.826312870330112692e-02	0.000000000000000000e+00
4.897009870610667690e+02	7.920389653871921787e-02	0.000000000000000000e+00
4.901206965022668101e+02	8.012856189455348777e-02	0.000000000000000000e+00
4.905404059434667943e+02	8.103141517222395285e-02	0.000000000000000000e+00
4.909601153846667785e+02	8.191263427800299368e-02	0.000000000000000000e+00
4.913798248258667627e+02	8.277009233913967812e-02	0.000000000000000000e+00
4.917995342670667469e+02	8.360111466679952252e-02	0.000000000000000000e+00
4.922192437082667880e+02	8.439932218688472876e-02	0.000000000000000000e+00
4.926389531494667722e+02	8.516690805745422144e-02	0.000000000000000000e+00
4.930586625906667564e+02	8.590218577738667483e-02	0.000000000000000000e+00
4.934783720318667974e+02	8.660312499923031315e-02	0.000000000000000000e+00
4.938980814730667817e+02	8.726400238399581455e-02	0.000000000000000000e+00
4.943177909142667659e+02	8.788928284207894737e-02	0.000000000000000000e+00
4.947375003554667501e+02	8.847881962206904927e-02	0.000000000000000000e+00
4.951572097966667911e+02	8.903292071943667840e-02	0.000000000000000000e+00
4.955769192378667753e+02	8.954708629182774049e-02	0.000000000000000000e+00
4.959966286790667596e+02	9.002827021068457447e-02	0.000000000000000000e+00
4.964163381202668006e+02	9.047846822238997389e-02	0.000000000000000000e+00
4.968360475614667848e+02	9.090002006256894806e-02	0.000000000000000000e+00
4.972557570026667690e+02	9.129315647371927245e-02	0.000000000000000000e+00
4.976754664438667533e+02	9.166319720221413614e-02	0.000000000000000000e+00
4.980951758850667943e+02	9.201475341969866939e-02	0.000000000000000000e+00
4.985148853262667785e+02	9.235142352119549147e-02	0.000000000000000000e+00
4.989345947674667627e+02	9.267662384567326717e-02	0.000000000000000000e+00
4.993543042086668038e+02	9.299411854423944579e-02	0.000000000000000000e+00
4.997740136498667880e+02	9.330867671717545109e-02	0.000000000000000000e+00
5.001937230910667722e+02	9.362372002728998333e-02	0.000000000000000000e+00
5.006134325322667564e+02	9.394244714548252717e-02	0.000000000000000000e+00
5.010331419734667406e+02	9.426862448423115048e-02	0.000000000000000000e+00
5.014528514146667817e+02	9.460503890685674488e-02	0.000000000000000000e+00
5.018725608558667659e+02	9.495343609678974506e-02	0.000000000000000000e+00
5.022922702970668070e+02	9.531562770059610890e-02	0.000000000000000000e+00
5.027119797382667912e+02	9.569307590964587495e-02	0.000000000000000000e+00
5.031316891794667754e+02	9.608872916878760662e-02	0.000000000000000000e+00
5.035513986206667596e+02	9.650228310450520430e-02	0.000000000000000000e+00
5.039711080618667438e+02	9.693352981149502834e-02	0.000000000000000000e+00
5.043908175030667849e+02	9.738260445653276753e-02	0.000000000000000000e+00
5.048105269442667691e+02	9.784940560610706772e-02	0.000000000000000000e+00
5.052302363854667533e+02	9.833509555277623881e-02	0.000000000000000000e+00
5.056499458266667943e+02	9.883843859777423357e-02	0.000000000000000000e+00
5.060696552678667786e+02	9.935787878115126537e-02	0.000000000000000000e+00
5.064893647090667628e+02	9.989263122047960242e-02	0.000000000000000000e+00
5.069090741502667470e+02	1.004418235691022926e-01	0.000000000000000000e+00
5.073287835914667880e+02	1.010049009598322639e-01	0.000000000000000000e+00
5.077484930326667723e+02	1.015816037296396884e-01	0.000000000000000000e+00
5.081682024738668133e+02	1.021695625504636662e-01	0.000000000000000000e+00
5.085879119150667975e+02	1.027677507715945154e-01	0.000000000000000000e+00
5.090076213562667817e+02	1.033751436167686805e-01	0.000000000000000000e+00
5.094273307974667659e+02	1.039907278174792421e-01	0.000000000000000000e+00
5.098470402386667502e+02	1.046138970603537055e-01	0.000000000000000000e+00
5.102667496798667344e+02	1.052435256104624628e-01	0.000000000000000000e+00
5.106864591210667754e+02	1.058782421653499534e-01	0.000000000000000000e+00
5.111061685622667596e+02	1.065171563211422118e-01	0.000000000000000000e+00
5.115258780034668007e+02	1.071594151600552686e-01	0.000000000000000000e+00
5.119455874446667849e+02	1.078042047253285340e-01	0.000000000000000000e+00
5.123652968858667691e+02	1.084507927554064083e-01	0.000000000000000000e+00
5.127850063270667533e+02	1.090983766200960825e-01	0.000000000000000000e+00
5.132047157682667375e+02	1.097461505189462200e-01	0.000000000000000000e+00
5.136244252094668354e+02	1.103934715092609042e-01	0.000000000000000000e+00
5.140441346506668197e+02	1.110397344610726950e-01	0.000000000000000000e+00
5.144638440918668039e+02	1.116843709071152907e-01	0.000000000000000000e+00
5.148835535330667881e+02	1.123268477524051734e-01	0.000000000000000000e+00
5.153032629742667723e+02	1.129664090541300236e-01	0.000000000000000000e+00
5.157229724154667565e+02	1.136026780592647306e-01	0.000000000000000000e+00
5.161426818566667407e+02	1.142353101472170368e-01	0.000000000000000000e+00
5.165623912978667249e+02	1.148639078192708052e-01	0.000000000000000000e+00
5.169821007390667091e+02	1.154881010976242933e-01	0.000000000000000000e+00
5.174018101802668070e+02	1.161075460978956697e-01	0.000000000000000000e+00
5.178215196214667912e+02	1.167219236433039153e-01	0.000000000000000000e+00
5.182412290626667755e+02	1.173306563655666518e-01	0.000000000000000000e+00
5.186609385038667597e+02	1.179334168909851599e-01	0.000000000000000000e+00
5.190806479450667439e+02	1.185302503501326904e-01	0.000000000000000000e+00
5.195003573862667281e+02	1.191209288570556635e-01	0.000000000000000000e+00
5.199200668274668260e+02	1.197052427340556807e-01	0.000000000000000000e+00
5.203397762686668102e+02	1.202829994976419015e-01	0.000000000000000000e+00
5.207594857098667944e+02	1.208540229041698694e-01	0.000000000000000000e+00
5.211791951510667786e+02	1.214181520537004899e-01	0.000000000000000000e+00
5.215989045922667628e+02	1.219749646331867582e-01	0.000000000000000000e+00
5.220186140334667471e+02	1.225241933663267363e-01	0.000000000000000000e+00
5.224383234746667313e+02	1.230661182132960080e-01	0.000000000000000000e+00
5.228580329158667155e+02	1.236006348014115630e-01	0.000000000000000000e+00
5.232777423570666997e+02	1.241276502036096074e-01	0.000000000000000000e+00
5.236974517982667976e+02	1.246470823623918589e-01	0.000000000000000000e+00
5.241171612394667818e+02	1.251588595542847959e-01	0.000000000000000000e+00
5.245368706806667660e+02	1.256629198923345236e-01	0.000000000000000000e+00
5.249565801218667502e+02	1.261592108642055898e-01	0.000000000000000000e+00
5.253762895630667344e+02	1.266475734680519716e-01	0.000000000000000000e+00
5.257959990042668323e+02	1.271275519467300885e-01	0.000000000000000000e+00
5.262157084454668166e+02	1.275996609439054574e-01	0.000000000000000000e+00
5.266354178866668008e+02	1.280638831308555936e-01	0.000000000000000000e+00
5.270551273278667850e+02	1.285202085880472467e-01	0.000000000000000000e+00
5.274748367690667692e+02	1.289686345186011052e-01	0.000000000000000000e+00
5.278945462102667534e+02	1.294091649820845180e-01	0.000000000000000000e+00
5.283142556514667376e+02	1.298418106470046740e-01	0.000000000000000000e+00
5.287339650926667218e+02	1.302665885604611384e-01	0.000000000000000000e+00
5.291536745338667060e+02	1.306835219335330256e-01	0.000000000000000000e+00
5.295733839750668039e+02	1.310926399410513310e-01	0.000000000000000000e+00
5.299930934162667882e+02	1.314939072377692975e-01	0.000000000000000000e+00
5.304128028574667724e+02	1.318869746946520205e-01	0.000000000000000000e+00
5.308325122986667566e+02	1.322723633698557055e-01	0.000000000000000000e+00
5.312522217398667408e+02	1.326501253529291380e-01	0.000000000000000000e+00
5.316719311810667250e+02	1.330203178134524711e-01	0.000000000000000000e+00
5.320916406222668229e+02	1.333830028670766055e-01	0.000000000000000000e+00
5.325113500634668071e+02	1.337382474490459994e-01	0.000000000000000000e+00
5.329310595046667913e+02	1.340861231946577636e-01	0.000000000000000000e+00
5.333507689458667755e+02	1.344267063262329642e-01	0.000000000000000000e+00
5.337704783870667598e+02	1.347600775462907685e-01	0.000000000000000000e+00
5.341901878282667440e+02	1.350863219367170187e-01	0.000000000000000000e+00
5.346098972694667282e+02	1.354055288638517651e-01	0.000000000000000000e+00
5.350296067106667124e+02	1.357177918894992841e-01	0.000000000000000000e+00
5.354493161518666966e+02	1.360232086880709124e-01	0.000000000000000000e+00
5.358690255930667945e+02	1.363218809700980916e-01	0.000000000000000000e+00
5.362887350342667787e+02	1.366137280200201143e-01	0.000000000000000000e+00
5.367084444754667629e+02	1.368989180141330364e-01	0.000000000000000000e+00
5.371281539166667471e+02	1.371777109732421618e-01	0.000000000000000000e+00
5.375478633578667313e+02	1.374502242864067136e-01	0.000000000000000000e+00
5.379675727990668292e+02	1.377165790838393855e-01	0.000000000000000000e+00
5.383872822402668135e+02	1.379769002166978675e-01	0.000000000000000000e+00
5.388069916814667977e+02	1.382313162504740234e-01	0.000000000000000000e+00
5.392267011226667819e+02	1.384799594739126727e-01	0.000000000000000000e+00
5.396464105638667661e+02	1.387229659256632719e-01	0.000000000000000000e+00
5.400661200050667503e+02	1.389604754412463727e-01	0.000000000000000000e+00
5.404858294462667345e+02	1.391926317232624610e-01	0.000000000000000000e+00
5.409055388874667187e+02	1.394195824381893600e-01	0.000000000000000000e+00
5.413252483286667029e+02	1.396414793435931390e-01	0.000000000000000000e+00
5.417449577698668008e+02	1.398584784500943312e-01	0.000000000000000000e+00
5.421646672110667851e+02	1.400707402230410847e-01	0.000000000000000000e+00
5.425843766522667693e+02	1.402784298294961485e-01	0.000000000000000000e+00
5.430040860934667535e+02	1.404817174369036303e-01	0.000000000000000000e+00
5.434237955346667377e+02	1.406807785706460090e-01	0.000000000000000000e+00
5.438435049758667219e+02	1.408757945386450716e-01	0.000000000000000000e+00
5.442632144170668198e+02	1.410669529322120253e-01	0.000000000000000000e+00
5.446829238582668040e+02	1.412544482135022206e-01	0.000000000000000000e+00
5.451026332994667882e+02	1.414384824011936936e-01	0.000000000000000000e+00
5.455223427406667724e+02	1.416192658673472160e-01	0.000000000000000000e+00
5.459420521818667567e+02	1.417970182598073670e-01	0.000000000000000000e+00
5.463617616230667409e+02	1.419719695658960001e-01	0.000000000000000000e+00
5.467814710642667251e+02	1.421443613344454404e-01	0.000000000000000000e+00
5.472011805054667093e+02	1.423144480742588036e-01	0.000000000000000000e+00
5.476208899466666935e+02	1.424824988476271204e-01	0.000000000000000000e+00
5.480405993878667914e+02	1.426487990772137282e-01	0.000000000000000000e+00
5.484603088290667756e+02	1.428136525828683223e-01	0.000000000000000000e+00
5.488800182702667598e+02	1.429773838609238179e-01	0.000000000000000000e+00
5.492997277114667440e+02	1.431403406110303977e-01	0.000000000000000000e+00
5.497194371526667283e+02	1.433028965027317581e-01	0.000000000000000000e+00
5.501391465938668262e+02	1.434654541531388827e-01	0.000000000000000000e+00
5.505588560350668104e+02	1.436284482542670438e-01	0.000000000000000000e+00
5.509785654762667946e+02	1.437923487381353449e-01	0.000000000000000000e+00
5.513982749174667788e+02	1.439576637915012669e-01	0.000000000000000000e+00
5.518179843586667630e+02	1.441249424181108574e-01	0.000000000000000000e+00
5.522376937998667472e+02	1.442947760782693212e-01	0.000000000000000000e+00
5.526574032410667314e+02	1.444677986897530686e-01	0.000000000000000000e+00
5.530771126822667156e+02	1.446446839192977174e-01	0.000000000000000000e+00
5.534968221234666998e+02	1.448261381879831777e-01	0.000000000000000000e+00
5.539165315646667977e+02	1.450128871045293366e-01	0.000000000000000000e+00
5.543362410058667820e+02	1.452056520682341312e-01	0.000000000000000000e+00
5.547559504470667662e+02	1.454051124926987737e-01	0.000000000000000000e+00
5.551756598882667504e+02	1.456118474709525157e-01	0.000000000000000000e+00
5.555953693294667346e+02	1.458262488058515161e-01	0.000000000000000000e+00
5.560150787706667188e+02	1.460483954546064334e-01	0.000000000000000000e+00
5.564347882118668167e+02	1.462778782916769049e-01	0.000000000000000000e+00
5.568544976530668009e+02	1.465135651211409984e-01	0.000000000000000000e+00
5.572742070942667851e+02	1.467533016293514625e-01	0.000000000000000000e+00
5.576939165354667693e+02	1.469935583679408408e-01	0.000000000000000000e+00
5.581136259766667536e+02	1.472290616670343388e-01	0.000000000000000000e+00
5.585333354178667378e+02	1.474524908376232679e-01	0.000000000000000000e+00
5.589530448590667220e+02	1.476543812038519365e-01	0.000000000000000000e+00
5.593727543002667062e+02	1.478234223830932059e-01	0.000000000000000000e+00
5.597924637414666904e+02	1.479473408573202808e-01	0.000000000000000000e+00
5.602121731826667883e+02	1.480144487159849864e-01	0.000000000000000000e+00
5.606318826238667725e+02	1.480156977768243010e-01	0.000000000000000000e+00
5.610515920650667567e+02	1.479467627584305223e-01	0.000000000000000000e+00
5.614713015062667409e+02	1.478094657204400697e-01	0.000000000000000000e+00
5.618910109474667252e+02	1.476119438004713236e-01	0.000000000000000000e+00
5.623107203886668231e+02	1.473673910660208419e-01	0.000000000000000000e+00
5.627304298298668073e+02	1.470917627037069686e-01	0.000000000000000000e+00
5.631501392710667915e+02	1.468011935054377437e-01	0.000000000000000000e+00
5.635698487122667757e+02	1.465098684603329260e-01	0.000000000000000000e+00
5.639895581534667599e+02	1.462287653285875011e-01	0.000000000000000000e+00
5.644092675946667441e+02	1.459652985091212940e-01	0.000000000000000000e+00
5.648289770358667283e+02	1.457236281837079317e-01	0.000000000000000000e+00
5.652486864770667125e+02	1.455053186124700415e-01	0.000000000000000000e+00
5.656683959182666968e+02	1.453100823422534271e-01	0.000000000000000000e+00
5.660881053594667947e+02	1.451364492849492038e-01	0.000000000000000000e+00
5.665078148006667789e+02	1.449827322938866403e-01	0.000000000000000000e+00
5.669275242418667631e+02	1.448464530087393287e-01	0.000000000000000000e+00
5.673472336830667473e+02	1.447245142616980507e-01	0.000000000000000000e+00
5.677669431242667315e+02	1.446146038578830784e-01	0.000000000000000000e+00
5.681866525654667157e+02	1.445146034037698701e-01	0.000000000000000000e+00
5.686063620066668136e+02	1.444226122049529493e-01	0.000000000000000000e+00
5.690260714478667978e+02	1.443369480875103805e-01	0.000000000000000000e+00
5.694457808890667820e+02	1.442561352199471514e-01	0.000000000000000000e+00
5.698654903302667663e+02	1.441788854529571506e-01	0.000000000000000000e+00
5.702851997714667505e+02	1.441040772148942384e-01	0.000000000000000000e+00
5.707049092126667347e+02	1.440307343399811479e-01	0.000000000000000000e+00
5.711246186538667189e+02	1.439580061326909688e-01	0.000000000000000000e+00
5.715443280950667031e+02	1.438851492991010117e-01	0.000000000000000000e+00
5.719640375362666873e+02	1.438115119687853327e-01	0.000000000000000000e+00
5.723837469774667852e+02	1.437365197968898112e-01	0.000000000000000000e+00
5.728034564186667694e+02	1.436596640119897073e-01	0.000000000000000000e+00
5.732231658598667536e+02	1.435802748242677451e-01	0.000000000000000000e+00
5.736428753010667378e+02	1.434980569993138666e-01	0.000000000000000000e+00
5.740625847422667221e+02	1.434126778331882290e-01	0.000000000000000000e+00
5.744822941834668200e+02	1.433238089244451285e-01	0.000000000000000000e+00
5.749020036246668042e+02	1.432311483670562491e-01	0.000000000000000000e+00
5.753217130658667884e+02	1.431344166605411639e-01	0.000000000000000000e+00
5.757414225070667726e+02	1.430333532553816345e-01	0.000000000000000000e+00
5.761611319482667568e+02	1.429277136327989917e-01	0.000000000000000000e+00
5.765808413894667410e+02	1.428172668345780161e-01	0.000000000000000000e+00
5.770005508306667252e+02	1.427017933720081955e-01	0.000000000000000000e+00
5.774202602718667094e+02	1.425810834539444905e-01	0.000000000000000000e+00
5.778399697130666937e+02	1.424549354838847426e-01	0.000000000000000000e+00
5.782596791542667916e+02	1.423226117233001020e-01	0.000000000000000000e+00
5.786793885954667758e+02	1.421842938955573399e-01	0.000000000000000000e+00
5.790990980366667600e+02	1.420399088127139997e-01	0.000000000000000000e+00
5.795188074778667442e+02	1.418892760648757523e-01	0.000000000000000000e+00
5.799385169190667284e+02	1.417322183807074865e-01	0.000000000000000000e+00
5.803582263602667126e+02	1.415685611058510318e-01	0.000000000000000000e+00
5.807779358014668105e+02	1.413981317560852879e-01	0.000000000000000000e+00
5.811976452426667947e+02	1.412207596346335692e-01	0.000000000000000000e+00
5.816173546838667789e+02	1.410362755045182215e-01	0.000000000000000000e+00
5.820370641250667632e+02	1.408445113081301103e-01	0.000000000000000000e+00
5.824567735662667474e+02	1.406446971964767922e-01	0.000000000000000000e+00
5.828764830074667316e+02	1.404367973551459425e-01	0.000000000000000000e+00
5.832961924486667158e+02	1.402210442578902261e-01	0.000000000000000000e+00
5.837159018898667000e+02	1.399972704477635277e-01	0.000000000000000000e+00
5.841356113310666842e+02	1.397653086234230402e-01	0.000000000000000000e+00
5.845553207722667821e+02	1.395249915453614098e-01	0.000000000000000000e+00
5.849750302134667663e+02	1.392761519571301954e-01	0.000000000000000000e+00
5.853947396546667505e+02	1.390186225196783365e-01	0.000000000000000000e+00
5.858144490958667348e+02	1.387522357571877862e-01	0.000000000000000000e+00
5.862341585370667190e+02	1.384760946511346957e-01	0.000000000000000000e+00
5.866538679782668169e+02	1.381900186609985315e-01	0.000000000000000000e+00
5.870735774194668011e+02	1.378944912980768489e-01	0.000000000000000000e+00
5.874932868606667853e+02	1.375893414128027403e-01	0.000000000000000000e+00
5.879129963018667695e+02	1.372743974891210694e-01	0.000000000000000000e+00
5.883327057430667537e+02	1.369494876400684513e-01	0.000000000000000000e+00
5.887524151842667379e+02	1.366144396078705081e-01	0.000000000000000000e+00
5.891721246254667221e+02	1.362690807681880278e-01	0.000000000000000000e+00
5.895918340666667063e+02	1.359127513370609330e-01	0.000000000000000000e+00
5.900115435078666906e+02	1.355443677364727151e-01	0.000000000000000000e+00
5.904312529490666748e+02	1.351650453465993440e-01	0.000000000000000000e+00
5.908509623902667727e+02	1.347746069010437864e-01	0.000000000000000000e+00
5.912706718314667569e+02	1.343728747626622422e-01	0.000000000000000000e+00
5.916903812726667411e+02	1.339596709495027294e-01	0.000000000000000000e+00
5.921100907138667253e+02	1.335348171633340686e-01	0.000000000000000000e+00
5.925298001550667095e+02	1.330981348206334014e-01	0.000000000000000000e+00
5.929495095962668074e+02	1.326479755366433699e-01	0.000000000000000000e+00
5.933692190374667916e+02	1.321846956842146203e-01	0.000000000000000000e+00
5.937889284786667758e+02	1.317089215099154220e-01	0.000000000000000000e+00
5.942086379198667601e+02	1.312204699123905860e-01	0.000000000000000000e+00
5.946283473610667443e+02	1.307191576416816547e-01	0.000000000000000000e+00
5.950480568022667285e+02	1.302048013495157308e-01	0.000000000000000000e+00
5.954677662434667127e+02	1.296772176417704814e-01	0.000000000000000000e+00
5.958874756846666969e+02	1.291348220341657083e-01	0.000000000000000000e+00
5.963071851258666811e+02	1.285773320967432132e-01	0.000000000000000000e+00
5.967268945670667790e+02	1.280059170472610808e-01	0.000000000000000000e+00
5.971466040082667632e+02	1.274203899525012118e-01	0.000000000000000000e+00
5.975663134494667474e+02	1.268205641362307179e-01	0.000000000000000000e+00
5.979860228906667317e+02	1.262062532577231388e-01	0.000000000000000000e+00
5.984057323318667159e+02	1.255772713915120631e-01	0.000000000000000000e+00
5.988254417730668138e+02	1.249308650601194115e-01	0.000000000000000000e+00
5.992451512142667980e+02	1.242684913796753970e-01	0.000000000000000000e+00
5.996648606554667822e+02	1.235907247423218835e-01	0.000000000000000000e+00
6.000845700966667664e+02	1.228973781006383048e-01	0.000000000000000000e+00
6.005042795378667506e+02	1.221882654034519983e-01	0.000000000000000000e+00
6.009239889790667348e+02	1.214632017102319911e-01	0.000000000000000000e+00
6.013436984202667190e+02	1.207205745683329889e-01	0.000000000000000000e+00
6.017634078614667033e+02	1.199590569259767203e-01	0.000000000000000000e+00
6.021831173026666875e+02	1.191808595569732038e-01	0.000000000000000000e+00
6.026028267438666717e+02	1.183858005894963122e-01	0.000000000000000000e+00
6.030225361850667696e+02	1.175737002553993160e-01	0.000000000000000000e+00
6.034422456262667538e+02	1.167443810465695064e-01	0.000000000000000000e+00
6.038619550674667380e+02	1.158965256062891164e-01	0.000000000000000000e+00
6.042816645086667222e+02	1.150276775395042000e-01	0.000000000000000000e+00
6.047013739498667064e+02	1.141409027798968717e-01	0.000000000000000000e+00
6.051210833910668043e+02	1.132360345397366574e-01	0.000000000000000000e+00
6.055407928322667885e+02	1.123129099298675604e-01	0.000000000000000000e+00
6.059605022734667727e+02	1.113713701520273325e-01	0.000000000000000000e+00
6.063802117146667570e+02	1.104092767307395112e-01	0.000000000000000000e+00
6.067999211558667412e+02	1.094252761977650978e-01	0.000000000000000000e+00
6.072196305970667254e+02	1.084222253034479999e-01	0.000000000000000000e+00
6.076393400382667096e+02	1.073999894050777920e-01	0.000000000000000000e+00
6.080590494794666938e+02	1.063584405499817948e-01	0.000000000000000000e+00
6.084787589206666780e+02	1.052974576556650194e-01	0.000000000000000000e+00
6.088984683618667759e+02	1.042127279204825979e-01	0.000000000000000000e+00
6.093181778030667601e+02	1.031067898484296641e-01	0.000000000000000000e+00
6.097378872442667443e+02	1.019809482729500949e-01	0.000000000000000000e+00
6.101575966854667286e+02	1.008351291227776170e-01	0.000000000000000000e+00
6.105773061266667128e+02	9.966926911742202133e-02	0.000000000000000000e+00
6.109970155678666970e+02	9.848153193907761838e-02	0.000000000000000000e+00
6.114167250090667949e+02	9.726935482896342799e-02	0.000000000000000000e+00
6.118364344502667791e+02	9.603692811659308992e-02	0.000000000000000000e+00
6.122561438914667633e+02	9.478426756115222729e-02	0.000000000000000000e+00
6.126758533326667475e+02	9.351140543664779314e-02	0.000000000000000000e+00
6.130955627738667317e+02	9.221828387494349077e-02	0.000000000000000000e+00
6.135152722150667159e+02	9.089890168118164304e-02	0.000000000000000000e+00
6.139349816562667002e+02	8.955955277721643071e-02	0.000000000000000000e+00
6.143546910974666844e+02	8.820039803573780091e-02	0.000000000000000000e+00
6.147744005386666686e+02	8.682162294518516732e-02	0.000000000000000000e+00
6.151941099798667665e+02	8.542343681111486120e-02	0.000000000000000000e+00
6.156138194210667507e+02	8.400057945904289280e-02	0.000000000000000000e+00
6.160335288622667349e+02	8.255840001999556477e-02	0.000000000000000000e+00
6.164532383034667191e+02	8.109795620602852639e-02	0.000000000000000000e+00
6.168729477446667033e+02	7.961967320972380968e-02	0.000000000000000000e+00
6.172926571858668012e+02	7.812400976907202255e-02	0.000000000000000000e+00
6.177123666270667854e+02	7.660652203426472628e-02	0.000000000000000000e+00
6.181320760682667697e+02	7.507283059043562412e-02	0.000000000000000000e+00
6.185517855094667539e+02	7.352418778789233944e-02	0.000000000000000000e+00
6.189714949506667381e+02	7.196138523333570070e-02	0.000000000000000000e+00
6.193912043918667223e+02	7.038501904072036464e-02	0.000000000000000000e+00
6.198109138330667065e+02	6.879283492187036886e-02	0.000000000000000000e+00
6.202306232742666907e+02	6.719050114086820569e-02	0.000000000000000000e+00
6.206503327154666749e+02	6.557929069844793679e-02	0.000000000000000000e+00
6.210700421566667728e+02	6.396054107449747339e-02	0.000000000000000000e+00
6.214897515978667570e+02	6.233525494914010645e-02	0.000000000000000000e+00
6.219094610390667413e+02	6.070589656788723948e-02	0.000000000000000000e+00
6.223291704802667255e+02	5.907589800146809123e-02	0.000000000000000000e+00
6.227488799214667097e+02	5.744730755409242079e-02	0.000000000000000000e+00
6.231685893626666939e+02	5.582224995653786714e-02	0.000000000000000000e+00
6.235882988038667918e+02	5.420595200515815337e-02	0.000000000000000000e+00
6.240080082450667760e+02	5.260223071339514139e-02	0.000000000000000000e+00
6.244277176862667602e+02	5.101330375654658522e-02	0.000000000000000000e+00
6.248474271274667444e+02	4.944230634010233355e-02	0.000000000000000000e+00
6.252671365686667286e+02	4.789434395407003719e-02	0.000000000000000000e+00
6.256868460098667128e+02	4.638348873336476524e-02	0.000000000000000000e+00
6.261065554510666971e+02	4.490689909332990642e-02	0.000000000000000000e+00
6.265262648922666813e+02	4.346905827491960583e-02	0.000000000000000000e+00
6.269459743334666655e+02	4.207453697140503546e-02	0.000000000000000000e+00
6.273656837746667634e+02	4.074676014306746752e-02	0.000000000000000000e+00
6.277853932158667476e+02	3.948639558868196481e-02	0.000000000000000000e+00
6.282051026570667318e+02	3.829401537552871992e-02	0.000000000000000000e+00
6.286248120982667160e+02	3.717589066623142730e-02	0.000000000000000000e+00
6.290445215394667002e+02	3.615468397441591597e-02	0.000000000000000000e+00
6.294642309806667981e+02	3.525470806084232689e-02	0.000000000000000000e+00
6.298839404218667823e+02	3.446233054405523771e-02	0.000000000000000000e+00
6.303036498630667666e+02	3.378575638926478719e-02	0.000000000000000000e+00
6.307233593042667508e+02	3.324141492495111955e-02	0.000000000000000000e+00
6.311430687454667350e+02	3.289442390821663287e-02	0.000000000000000000e+00
6.315627781866667192e+02	3.270616502021526928e-02	0.000000000000000000e+00
6.319824876278667034e+02	3.268667125946642799e-02	0.000000000000000000e+00
6.324021970690666876e+02	3.284588406576068043e-02	0.000000000000000000e+00
6.328219065102666718e+02	3.329045290353906117e-02	0.000000000000000000e+00
6.332416159514667697e+02	3.396048296009445550e-02	0.000000000000000000e+00
6.336613253926667539e+02	3.486171601630441014e-02	0.000000000000000000e+00
6.340810348338667382e+02	3.600497684810918114e-02	0.000000000000000000e+00
6.345007442750667224e+02	3.751461079003803878e-02	0.000000000000000000e+00
6.349204537162667066e+02	3.933174406299760201e-02	0.000000000000000000e+00
6.353401631574666908e+02	4.144481430405540234e-02	0.000000000000000000e+00
6.357598725986667887e+02	4.386357861896653804e-02	0.000000000000000000e+00
6.361795820398667729e+02	4.673046174120435575e-02	0.000000000000000000e+00
6.365992914810667571e+02	4.997457263161033530e-02	0.000000000000000000e+00
6.370190009222667413e+02	5.356670881801003925e-02	0.000000000000000000e+00
6.374387103634667255e+02	5.751240227350701284e-02	0.000000000000000000e+00
6.378584198046667098e+02	6.196834677373247446e-02	0.000000000000000000e+00
6.382781292458666940e+02	6.682870605528426489e-02	0.000000000000000000e+00
6.386978386870666782e+02	7.205364953178131082e-02	0.000000000000000000e+00
6.391175481282666624e+02	7.764075445306797829e-02	0.000000000000000000e+00
6.395372575694666466e+02	8.374480589634107630e-02	0.000000000000000000e+00
6.399569670106667445e+02	9.020618964886550906e-02	0.000000000000000000e+00
6.403766764518667287e+02	9.698803549361031950e-02	0.000000000000000000e+00
6.407963858930667129e+02	1.040792437227283790e-01	0.000000000000000000e+00
6.412160953342668108e+02	1.115872507996723551e-01	0.000000000000000000e+00
6.416358047754667950e+02	1.193212850992502183e-01	0.000000000000000000e+00
6.420555142166667792e+02	1.272562944904122861e-01	0.000000000000000000e+00
6.424752236578667635e+02	1.353810979924133240e-01	0.000000000000000000e+00
6.428949330990667477e+02	1.436623563240030932e-01	0.000000000000000000e+00
6.433146425402667319e+02	1.519905453326256817e-01	0.000000000000000000e+00
6.437343519814667161e+02	1.603341042353347012e-01	0.000000000000000000e+00
6.441540614226667003e+02	1.686336186435384021e-01	0.000000000000000000e+00
6.445737708638666845e+02	1.767850994316706725e-01	0.000000000000000000e+00
6.449934803050666687e+02	1.847667096132395992e-01	0.000000000000000000e+00
6.454131897462666529e+02	1.925469216651693738e-01	0.000000000000000000e+00
6.458328991874667508e+02	1.999443266571986066e-01	0.000000000000000000e+00
6.462526086286667351e+02	2.069488292502630333e-01	0.000000000000000000e+00
6.466723180698667193e+02	2.135757015708127649e-01	0.000000000000000000e+00
6.470920275110667035e+02	2.197763215990869989e-01	0.000000000000000000e+00
6.475117369522668014e+02	2.252436481668904644e-01	0.000000000000000000e+00
6.479314463934667856e+02	2.301898357775201687e-01	0.000000000000000000e+00
6.483511558346667698e+02	2.345985387513706832e-01	0.000000000000000000e+00
6.487708652758667540e+02	2.382757123413074274e-01	0.000000000000000000e+00
6.491905747170667382e+02	2.411456781326097309e-01	0.000000000000000000e+00
6.496102841582667224e+02	2.433946892239092774e-01	0.000000000000000000e+00
6.500299935994667067e+02	2.450162342951037187e-01	0.000000000000000000e+00
6.504497030406666909e+02	2.456287845037438689e-01	0.000000000000000000e+00
6.508694124818666751e+02	2.455537164030686115e-01	0.000000000000000000e+00
6.512891219230666593e+02	2.448434410565450692e-01	0.000000000000000000e+00
6.517088313642666435e+02	2.433572863666493558e-01	0.000000000000000000e+00
6.521285408054667414e+02	2.410212205322495582e-01	0.000000000000000000e+00
6.525482502466667256e+02	2.381258147526120472e-01	0.000000000000000000e+00
6.529679596878667098e+02	2.346907704299547592e-01	0.000000000000000000e+00
6.533876691290668077e+02	2.304984537959318125e-01	0.000000000000000000e+00
6.538073785702667919e+02	2.258893846118511517e-01	0.000000000000000000e+00
6.542270880114667762e+02	2.209449213238644794e-01	0.000000000000000000e+00
6.546467974526667604e+02	2.156568181548006446e-01	0.000000000000000000e+00
6.550665068938667446e+02	2.101842720054075409e-01	0.000000000000000000e+00
6.554862163350667288e+02	2.046858014085783939e-01	0.000000000000000000e+00
6.559059257762667130e+02	1.992050040316776238e-01	0.000000000000000000e+00
6.563256352174666972e+02	1.940155666635191012e-01	0.000000000000000000e+00
6.567453446586666814e+02	1.891403959676169755e-01	0.000000000000000000e+00
6.571650540998666656e+02	1.846125048369167687e-01	0.000000000000000000e+00
6.575847635410666499e+02	1.807195201575905186e-01	0.000000000000000000e+00
6.580044729822667477e+02	1.774980821554078270e-01	0.000000000000000000e+00
6.584241824234667320e+02	1.748280223860483040e-01	0.000000000000000000e+00
6.588438918646667162e+02	1.728498971780351168e-01	0.000000000000000000e+00
6.592636013058667004e+02	1.717669250836324768e-01	0.000000000000000000e+00
6.596833107470667983e+02	1.712382955073029622e-01	0.000000000000000000e+00
6.601030201882667825e+02	1.712535582692200076e-01	0.000000000000000000e+00
6.605227296294667667e+02	1.721129522598303652e-01	0.000000000000000000e+00
6.609424390706667509e+02	1.733859905524355038e-01	0.000000000000000000e+00
6.613621485118667351e+02	1.750378995091058654e-01	0.000000000000000000e+00
6.617818579530667193e+02	1.771687705147526881e-01	0.000000000000000000e+00
6.622015673942667036e+02	1.795770656437997992e-01	0.000000000000000000e+00
6.626212768354666878e+02	1.821692294845028148e-01	0.000000000000000000e+00
6.630409862766666720e+02	1.849489813858176679e-01	0.000000000000000000e+00
6.634606957178666562e+02	1.878284374406032076e-01	0.000000000000000000e+00
6.638804051590666404e+02	1.907387281974678994e-01	0.000000000000000000e+00
6.643001146002667383e+02	1.936613151993869797e-01	0.000000000000000000e+00
6.647198240414667225e+02	1.965273095916602597e-01	0.000000000000000000e+00
6.651395334826667067e+02	1.993320187112639641e-01	0.000000000000000000e+00
6.655592429238668046e+02	2.020687456377951441e-01	0.000000000000000000e+00
6.659789523650667888e+02	2.046415862893595228e-01	0.000000000000000000e+00
6.663986618062667731e+02	2.071107829358019570e-01	0.000000000000000000e+00
6.668183712474667573e+02	2.094755839156346444e-01	0.000000000000000000e+00
6.672380806886667415e+02	2.116464965146622190e-01	0.000000000000000000e+00
6.676577901298667257e+02	2.136889812039749204e-01	0.000000000000000000e+00
6.680774995710667099e+02	2.156179775046714320e-01	0.000000000000000000e+00
6.684972090122666941e+02	2.173621196375149223e-01	0.000000000000000000e+00
6.689169184534666783e+02	2.189691375181381794e-01	0.000000000000000000e+00
6.693366278946666625e+02	2.204686635226878466e-01	0.000000000000000000e+00
6.697563373358666468e+02	2.218065870325735822e-01	0.000000000000000000e+00
6.701760467770667447e+02	2.230110828271663070e-01	0.000000000000000000e+00
6.705957562182667289e+02	2.241205306898046146e-01	0.000000000000000000e+00
6.710154656594667131e+02	2.250945883210437592e-01	0.000000000000000000e+00
6.714351751006666973e+02	2.259463297026054196e-01	0.000000000000000000e+00
6.718548845418667952e+02	2.267171827695978470e-01	0.000000000000000000e+00
6.722745939830667794e+02	2.273768196195784519e-01	0.000000000000000000e+00
6.726943034242667636e+02	2.279288998512833953e-01	0.000000000000000000e+00
6.731140128654667478e+02	2.284136673859532007e-01	0.000000000000000000e+00
6.735337223066667320e+02	2.288076553100781008e-01	0.000000000000000000e+00
6.739534317478667163e+02	2.291099751217981761e-01	0.000000000000000000e+00
6.743731411890667005e+02	2.293570276581207434e-01	0.000000000000000000e+00
6.747928506302666847e+02	2.295298489745159487e-01	0.000000000000000000e+00
6.752125600714666689e+02	2.296264876843198965e-01	0.000000000000000000e+00
6.756322695126666531e+02	2.296781199018297359e-01	0.000000000000000000e+00
6.760519789538666373e+02	2.296686511493966631e-01	0.000000000000000000e+00
6.764716883950667352e+02	2.295972420296260030e-01	0.000000000000000000e+00
6.768913978362667194e+02	2.294893703245282635e-01	0.000000000000000000e+00
6.773111072774667036e+02	2.293307520552258227e-01	0.000000000000000000e+00
6.777308167186668015e+02	2.291228010697577699e-01	0.000000000000000000e+00
6.781505261598667857e+02	2.288854111965861748e-01	0.000000000000000000e+00
6.785702356010667700e+02	2.286054725796992371e-01	0.000000000000000000e+00
6.789899450422667542e+02	2.282870573762088295e-01	0.000000000000000000e+00
6.794096544834667384e+02	2.279449372466212376e-01	0.000000000000000000e+00
6.798293639246667226e+02	2.275668353650357745e-01	0.000000000000000000e+00
6.802490733658667068e+02	2.271594021393121554e-01	0.000000000000000000e+00
6.806687828070666910e+02	2.267329293351998953e-01	0.000000000000000000e+00
6.810884922482666752e+02	2.262758296707458594e-01	0.000000000000000000e+00
6.815082016894666594e+02	2.257969567209447692e-01	0.000000000000000000e+00
6.819279111306666437e+02	2.253028358304587919e-01	0.000000000000000000e+00
6.823476205718667416e+02	2.247825522084485050e-01	0.000000000000000000e+00
6.827673300130667258e+02	2.242466272688525553e-01	0.000000000000000000e+00
6.831870394542667100e+02	2.236985367915053091e-01	0.000000000000000000e+00
6.836067488954666942e+02	2.231280978155907035e-01	0.000000000000000000e+00
6.840264583366667921e+02	2.225468949722678169e-01	0.000000000000000000e+00
6.844461677778667763e+02	2.219555284001399897e-01	0.000000000000000000e+00
6.848658772190667605e+02	2.213461690416389238e-01	0.000000000000000000e+00
6.852855866602667447e+02	2.207293289052239538e-01	0.000000000000000000e+00
6.857052961014667289e+02	2.201031664177786340e-01	0.000000000000000000e+00
6.861250055426667132e+02	2.194644177586846101e-01	0.000000000000000000e+00
6.865447149838666974e+02	2.188198417870980128e-01	0.000000000000000000e+00
6.869644244250666816e+02	2.181669011915520207e-01	0.000000000000000000e+00
6.873841338662666658e+02	2.175055495923281512e-01	0.000000000000000000e+00
6.878038433074666500e+02	2.168397214378833537e-01	0.000000000000000000e+00
6.882235527486666342e+02	2.161666094033918573e-01	0.000000000000000000e+00
6.886432621898667321e+02	2.154882266097969401e-01	0.000000000000000000e+00
6.890629716310667163e+02	2.148064729356449210e-01	0.000000000000000000e+00
6.894826810722667005e+02	2.141186362869780258e-01	0.000000000000000000e+00
6.899023905134667984e+02	2.134278022999339386e-01	0.000000000000000000e+00
6.903220999546667827e+02	2.127343407892684501e-01	0.000000000000000000e+00
6.907418093958667669e+02	2.120364355853125438e-01	0.000000000000000000e+00
6.911615188370667511e+02	2.113369190256138008e-01	0.000000000000000000e+00
6.915812282782667353e+02	2.106351680908352120e-01	0.000000000000000000e+00
6.920009377194667195e+02	2.099310894044613962e-01	0.000000000000000000e+00
6.924206471606667037e+02	2.092259936002603959e-01	0.000000000000000000e+00
6.928403566018666879e+02	2.085193205862853338e-01	0.000000000000000000e+00
6.932600660430666721e+02	2.078117307637815936e-01	0.000000000000000000e+00
6.936797754842666563e+02	2.071036122622105513e-01	0.000000000000000000e+00
6.940994849254666406e+02	2.063947955049275640e-01	0.000000000000000000e+00
6.945191943666667385e+02	2.056858875238965767e-01	0.000000000000000000e+00
6.949389038078667227e+02	2.049768851199222919e-01	0.000000000000000000e+00
6.953586132490667069e+02	2.042681832501614392e-01	0.000000000000000000e+00
6.957783226902666911e+02	2.035597628440398987e-01	0.000000000000000000e+00
6.961980321314667890e+02	2.028518978097946235e-01	0.000000000000000000e+00
6.966177415726667732e+02	2.021449117066962120e-01	0.000000000000000000e+00
6.970374510138667574e+02	2.014384643847002831e-01	0.000000000000000000e+00
6.974571604550667416e+02	2.007334496386183886e-01	0.000000000000000000e+00
6.978768698962667258e+02	2.000294461814673963e-01	0.000000000000000000e+00
6.982965793374667101e+02	1.993264015304645753e-01	0.000000000000000000e+00
6.987162887786666943e+02	1.986254356714261260e-01	0.000000000000000000e+00
6.991359982198666785e+02	1.979254534497741358e-01	0.000000000000000000e+00
6.995557076610666627e+02	1.972272733013881174e-01	0.000000000000000000e+00
6.999754171022666469e+02	1.965310489178582476e-01	0.000000000000000000e+00
7.003951265434666311e+02	1.958359367005090557e-01	0.000000000000000000e+00
7.008148359846667290e+02	1.951436654658659509e-01	0.000000000000000000e+00
7.012345454258667132e+02	1.944528983814511058e-01	0.000000000000000000e+00
7.016542548670666974e+02	1.937639118094761914e-01	0.000000000000000000e+00
7.020739643082667953e+02	1.930778365220258141e-01	0.000000000000000000e+00
7.024936737494667796e+02	1.923931065856061828e-01	0.000000000000000000e+00
7.029133831906667638e+02	1.917112450518595190e-01	0.000000000000000000e+00
7.033330926318667480e+02	1.910316168221574684e-01	0.000000000000000000e+00
7.037528020730667322e+02	1.903535591594751331e-01	0.000000000000000000e+00
7.041725115142667164e+02	1.896792757487914538e-01	0.000000000000000000e+00
7.045922209554667006e+02	1.890064794513317548e-01	0.000000000000000000e+00
7.050119303966666848e+02	1.883364325782063975e-01	0.000000000000000000e+00
7.054316398378666690e+02	1.876692601398017579e-01	0.000000000000000000e+00
7.058513492790666533e+02	1.870035991765281735e-01	0.000000000000000000e+00
7.062710587202666375e+02	1.863420099089442283e-01	0.000000000000000000e+00
7.066907681614667354e+02	1.856821919954526889e-01	0.000000000000000000e+00
7.071104776026667196e+02	1.850249694681090629e-01	0.000000000000000000e+00
7.075301870438667038e+02	1.843711240095130266e-01	0.000000000000000000e+00
7.079498964850666880e+02	1.837188458572540928e-01	0.000000000000000000e+00
7.083696059262667859e+02	1.830705822552835815e-01	0.000000000000000000e+00
7.087893153674667701e+02	1.824244151826216187e-01	0.000000000000000000e+00
7.092090248086667543e+02	1.817807262144311986e-01	0.000000000000000000e+00
7.096287342498667385e+02	1.811407519140717237e-01	0.000000000000000000e+00
7.100484436910667227e+02	1.805023630378746191e-01	0.000000000000000000e+00
7.104681531322667070e+02	1.798679754999713831e-01	0.000000000000000000e+00
7.108878625734666912e+02	1.792358588351197768e-01	0.000000000000000000e+00
7.113075720146666754e+02	1.786061848419123188e-01	0.000000000000000000e+00
7.117272814558666596e+02	1.779803868326391703e-01	0.000000000000000000e+00
7.121469908970666438e+02	1.773561662254686255e-01	0.000000000000000000e+00
7.125667003382666280e+02	1.767360162544684699e-01	0.000000000000000000e+00
7.129864097794667259e+02	1.761181505437029171e-01	0.000000000000000000e+00
7.134061192206667101e+02	1.755028011235512109e-01	0.000000000000000000e+00
7.138258286618666943e+02	1.748913109198704241e-01	0.000000000000000000e+00
7.142455381030666786e+02	1.742813722327547499e-01	0.000000000000000000e+00
7.146652475442667765e+02	1.736756795934985276e-01	0.000000000000000000e+00
7.150849569854667607e+02	1.730721214497232541e-01	0.000000000000000000e+00
7.155046664266667449e+02	1.724712776959029248e-01	0.000000000000000000e+00
7.159243758678667291e+02	1.718741020077989012e-01	0.000000000000000000e+00
7.163440853090667133e+02	1.712784399862404550e-01	0.000000000000000000e+00
7.167637947502666975e+02	1.706873192920569104e-01	0.000000000000000000e+00
7.171835041914666817e+02	1.700980225747922847e-01	0.000000000000000000e+00
7.176032136326666659e+02	1.695117707222229264e-01	0.000000000000000000e+00
7.180229230738666502e+02	1.689288279430334883e-01	0.000000000000000000e+00
7.184426325150666344e+02	1.683474467205892666e-01	0.000000000000000000e+00
7.188623419562667323e+02	1.677708423919488379e-01	0.000000000000000000e+00
7.192820513974667165e+02	1.671956890237340509e-01	0.000000000000000000e+00
7.197017608386667007e+02	1.666240466751052474e-01	0.000000000000000000e+00
7.201214702798666849e+02	1.660551941662856135e-01	0.000000000000000000e+00
7.205411797210667828e+02	1.654884167449271470e-01	0.000000000000000000e+00
7.209608891622667670e+02	1.649258418046272989e-01	0.000000000000000000e+00
7.213805986034667512e+02	1.643646648166136870e-01	0.000000000000000000e+00
7.218003080446667354e+02	1.638076014380630829e-01	0.000000000000000000e+00
7.222200174858667197e+02	1.632526559000625765e-01	0.000000000000000000e+00
7.226397269270667039e+02	1.627004394548945687e-01	0.000000000000000000e+00
7.230594363682666881e+02	1.621516970821571535e-01	0.000000000000000000e+00
7.234791458094666723e+02	1.616043196551625871e-01	0.000000000000000000e+00
7.238988552506666565e+02	1.610617507618370692e-01	0.000000000000000000e+00
7.243185646918666407e+02	1.605205033802397929e-01	0.000000000000000000e+00
7.247382741330666249e+02	1.599827775251506379e-01	0.000000000000000000e+00
7.251579835742667228e+02	1.594476508913663104e-01	0.000000000000000000e+00
7.255776930154667070e+02	1.589147365464814443e-01	0.000000000000000000e+00
7.259974024566666913e+02	1.583856988090900364e-01	0.000000000000000000e+00
7.264171118978666755e+02	1.578579264308445085e-01	0.000000000000000000e+00
7.268368213390667734e+02	1.573346047905455625e-01	0.000000000000000000e+00
7.272565307802667576e+02	1.568128668295694084e-01	0.000000000000000000e+00
7.276762402214667418e+02	1.562943259784396188e-01	0.000000000000000000e+00
7.280959496626667260e+02	1.557785898367225474e-01	0.000000000000000000e+00
7.285156591038667102e+02	1.552648192774211122e-01	0.000000000000000000e+00
7.289353685450666944e+02	1.547550523592641780e-01	0.000000000000000000e+00
7.293550779862666786e+02	1.542464728275035335e-01	0.000000000000000000e+00
7.297747874274666628e+02	1.537422114672492846e-01	0.000000000000000000e+00
7.301944968686666471e+02	1.532395468261147642e-01	0.000000000000000000e+00
7.306142063098666313e+02	1.527400246010966745e-01	0.000000000000000000e+00
7.310339157510667292e+02	1.522432429001746024e-01	0.000000000000000000e+00
7.314536251922667134e+02	1.517484497572104130e-01	0.000000000000000000e+00
7.318733346334666976e+02	1.512575195054349786e-01	0.000000000000000000e+00
7.322930440746666818e+02	1.507676999558122122e-01	0.000000000000000000e+00
7.327127535158667797e+02	1.502823359165501860e-01	0.000000000000000000e+00
7.331324629570667639e+02	1.497983157097474427e-01	0.000000000000000000e+00
7.335521723982667481e+02	1.493176523619470231e-01	0.000000000000000000e+00
7.339718818394667323e+02	1.488394015215883659e-01	0.000000000000000000e+00
7.343915912806667166e+02	1.483634301426484947e-01	0.000000000000000000e+00
7.348113007218667008e+02	1.478909194336367194e-01	0.000000000000000000e+00
7.352310101630666850e+02	1.474196317362487518e-01	0.000000000000000000e+00
7.356507196042666692e+02	1.469528327220137875e-01	0.000000000000000000e+00
7.360704290454666534e+02	1.464870492715432682e-01	0.000000000000000000e+00
7.364901384866666376e+02	1.460251059777453175e-01	0.000000000000000000e+00
7.369098479278666218e+02	1.455649867263692498e-01	0.000000000000000000e+00
7.373295573690667197e+02	1.451077051757981295e-01	0.000000000000000000e+00
7.377492668102667039e+02	1.446532237918145558e-01	0.000000000000000000e+00
7.381689762514666882e+02	1.442005977329318678e-01	0.000000000000000000e+00
7.385886856926666724e+02	1.437517288078468403e-01	0.000000000000000000e+00
7.390083951338667703e+02	1.433038031736992013e-01	0.000000000000000000e+00
7.394281045750667545e+02	1.428604716245989725e-01	0.000000000000000000e+00
7.398478140162667387e+02	1.424181149848870176e-01	0.000000000000000000e+00
7.402675234574667229e+02	1.419794236338557669e-01	0.000000000000000000e+00
7.406872328986667071e+02	1.415426128418216523e-01	0.000000000000000000e+00
7.411069423398666913e+02	1.411085577920102030e-01	0.000000000000000000e+00
7.415266517810666755e+02	1.406772706626566449e-01	0.000000000000000000e+00
7.419463612222666598e+02	1.402478486350721976e-01	0.000000000000000000e+00
7.423660706634666440e+02	1.398220639458808146e-01	0.000000000000000000e+00
7.427857801046666282e+02	1.393972722862631686e-01	0.000000000000000000e+00
7.432054895458666124e+02	1.389769697731823850e-01	0.000000000000000000e+00
7.436251989870667103e+02	1.385575031719388506e-01	0.000000000000000000e+00
7.440449084282666945e+02	1.381419668057447814e-01	0.000000000000000000e+00
7.444646178694666787e+02	1.377279454505005718e-01	0.000000000000000000e+00
7.448843273106667766e+02	1.373170352744086109e-01	0.000000000000000000e+00
7.453040367518667608e+02	1.369084410789430939e-01	0.000000000000000000e+00
7.457237461930667450e+02	1.365021569640945120e-01	0.000000000000000000e+00
7.461434556342667292e+02	1.360989727470932331e-01	0.000000000000000000e+00
7.465631650754667135e+02	1.356973151928646815e-01	0.000000000000000000e+00
7.469828745166666977e+02	1.352995246568045040e-01	0.000000000000000000e+00
7.474025839578666819e+02	1.349024947859651935e-01	0.000000000000000000e+00
7.478222933990666661e+02	1.345100824929703620e-01	0.000000000000000000e+00
7.482420028402666503e+02	1.341184020663942766e-01	0.000000000000000000e+00
7.486617122814666345e+02	1.337306333900774580e-01	0.000000000000000000e+00
7.490814217226666187e+02	1.333442998518520328e-01	0.000000000000000000e+00
7.495011311638667166e+02	1.329611658945848152e-01	0.000000000000000000e+00
7.499208406050667008e+02	1.325801656260262862e-01	0.000000000000000000e+00
7.503405500462666851e+02	1.322016699233982684e-01	0.000000000000000000e+00
7.507602594874666693e+02	1.318259900556117969e-01	0.000000000000000000e+00
7.511799689286667672e+02	1.314521367186856637e-01	0.000000000000000000e+00
7.515996783698667514e+02	1.310817650978822191e-01	0.000000000000000000e+00
7.520193878110667356e+02	1.307125587992824522e-01	0.000000000000000000e+00
7.524390972522667198e+02	1.303474839502267169e-01	0.000000000000000000e+00
7.528588066934667040e+02	1.299830370319562944e-01	0.000000000000000000e+00
7.532785161346666882e+02	1.296231409966502601e-01	0.000000000000000000e+00
7.536982255758666724e+02	1.292639635199387405e-01	0.000000000000000000e+00
7.541179350170666567e+02	1.289087317514517050e-01	0.000000000000000000e+00
7.545376444582666409e+02	1.285548135480421850e-01	0.000000000000000000e+00
7.549573538994666251e+02	1.282042528002670934e-01	0.000000000000000000e+00
7.553770633406666093e+02	1.278555842388454100e-01	0.000000000000000000e+00
7.557967727818667072e+02	1.275097017386579434e-01	0.000000000000000000e+00
7.562164822230666914e+02	1.271662736824014373e-01	0.000000000000000000e+00
7.566361916642666756e+02	1.268250771084263595e-01	0.000000000000000000e+00
7.570559011054667735e+02	1.264868808715270965e-01	0.000000000000000000e+00
7.574756105466667577e+02	1.261503783318064786e-01	0.000000000000000000e+00
7.578953199878667419e+02	1.258174056350984393e-01	0.000000000000000000e+00
7.583150294290667262e+02	1.254856056437101686e-01	0.000000000000000000e+00
7.587347388702667104e+02	1.251578485695208076e-01	0.000000000000000000e+00
7.591544483114666946e+02	1.248307600221645192e-01	0.000000000000000000e+00
7.595741577526666788e+02	1.245082109685058808e-01	0.000000000000000000e+00
7.599938671938666630e+02	1.241861323250419979e-01	0.000000000000000000e+00
7.604135766350666472e+02	1.238684947513082751e-01	0.000000000000000000e+00
7.608332860762666314e+02	1.235515998013600042e-01	0.000000000000000000e+00
7.612529955174666156e+02	1.232387023895509803e-01	0.000000000000000000e+00
7.616727049586667135e+02	1.229269839241525636e-01	0.000000000000000000e+00
7.620924143998666977e+02	1.226188368327801731e-01	0.000000000000000000e+00
7.625121238410666820e+02	1.223122878001645791e-01	0.000000000000000000e+00
7.629318332822666662e+02	1.220089014328756966e-01	0.000000000000000000e+00
7.633515427234667641e+02	1.217075148918551064e-01	0.000000000000000000e+00
7.637712521646667483e+02	1.214088998674359432e-01	0.000000000000000000e+00
7.641909616058667325e+02	1.211126689407319434e-01	0.000000000000000000e+00
7.646106710470667167e+02	1.208188360622745455e-01	0.000000000000000000e+00
7.650303804882667009e+02	1.205277538898859024e-01	0.000000000000000000e+00
7.654500899294666851e+02	1.202387141131333187e-01	0.000000000000000000e+00
7.658697993706666693e+02	1.199527738058375481e-01	0.000000000000000000e+00
7.662895088118666536e+02	1.196685382067430164e-01	0.000000000000000000e+00
7.667092182530666378e+02	1.193877327998222326e-01	0.000000000000000000e+00
7.671289276942666220e+02	1.191083125413348459e-01	0.000000000000000000e+00
7.675486371354666062e+02	1.188326349486165806e-01	0.000000000000000000e+00
7.679683465766667041e+02	1.185580412467274192e-01	0.000000000000000000e+00
7.683880560178666883e+02	1.182874842150277578e-01	0.000000000000000000e+00
7.688077654590666725e+02	1.180177283040934888e-01	0.000000000000000000e+00
7.692274749002667704e+02	1.177522843681500786e-01	0.000000000000000000e+00
7.696471843414667546e+02	1.174873774655218472e-01	0.000000000000000000e+00
7.700668937826667388e+02	1.172270389035038191e-01	0.000000000000000000e+00
7.704866032238667231e+02	1.169669921734870222e-01	0.000000000000000000e+00
7.709063126650667073e+02	1.167117509631619282e-01	0.000000000000000000e+00
7.713260221062666915e+02	1.164567165440958812e-01	0.000000000000000000e+00
7.717457315474666757e+02	1.162064232559735233e-01	0.000000000000000000e+00
7.721654409886666599e+02	1.159564582888166773e-01	0.000000000000000000e+00
7.725851504298666441e+02	1.157110579779923043e-01	0.000000000000000000e+00
7.730048598710666283e+02	1.154661534875693896e-01	0.000000000000000000e+00
7.734245693122666125e+02	1.152256567332166637e-01	0.000000000000000000e+00
7.738442787534667104e+02	1.149858033158778631e-01	0.000000000000000000e+00
7.742639881946666947e+02	1.147502204547486554e-01	0.000000000000000000e+00
7.746836976358666789e+02	1.145154082395735129e-01	0.000000000000000000e+00
7.751034070770666631e+02	1.142847493264772807e-01	0.000000000000000000e+00
7.755231165182667610e+02	1.140549679375920111e-01	0.000000000000000000e+00
7.759428259594667452e+02	1.138292427053929634e-01	0.000000000000000000e+00
7.763625354006667294e+02	1.136044812254781156e-01	0.000000000000000000e+00
7.767822448418667136e+02	1.133836990446408372e-01	0.000000000000000000e+00
7.772019542830666978e+02	1.131639459797023489e-01	0.000000000000000000e+00
7.776216637242666820e+02	1.129481158174169414e-01	0.000000000000000000e+00
7.780413731654666663e+02	1.127333590628955134e-01	0.000000000000000000e+00
7.784610826066666505e+02	1.125224894418152405e-01	0.000000000000000000e+00
7.788807920478666347e+02	1.123127162501051518e-01	0.000000000000000000e+00
7.793005014890666189e+02	1.121068152067283968e-01	0.000000000000000000e+00
7.797202109302666031e+02	1.119020121561765529e-01	0.000000000000000000e+00
7.801399203714667010e+02	1.117010871989146253e-01	0.000000000000000000e+00
7.805596298126666852e+02	1.115012401643723644e-01	0.000000000000000000e+00
7.809793392538666694e+02	1.113052982313311595e-01	0.000000000000000000e+00
7.813990486950667673e+02	1.111103923563207807e-01	0.000000000000000000e+00
7.818187581362667515e+02	1.109194397728407860e-01	0.000000000000000000e+00
7.822384675774667357e+02	1.107294594434083262e-01	0.000000000000000000e+00
7.826581770186667200e+02	1.105435018794001523e-01	0.000000000000000000e+00
7.830778864598667042e+02	1.103584306997151820e-01	0.000000000000000000e+00
7.834975959010666884e+02	1.101774731268340690e-01	0.000000000000000000e+00
7.839173053422666726e+02	1.099972938966014557e-01	0.000000000000000000e+00
7.843370147834666568e+02	1.098213405453005997e-01	0.000000000000000000e+00
7.847567242246666410e+02	1.096460352390408177e-01	0.000000000000000000e+00
7.851764336658666252e+02	1.094750895555484105e-01	0.000000000000000000e+00
7.855961431070666094e+02	1.093046393038047265e-01	0.000000000000000000e+00
7.860158525482667073e+02	1.091387039070766674e-01	0.000000000000000000e+00
7.864355619894666916e+02	1.089730889796077934e-01	0.000000000000000000e+00
7.868552714306666758e+02	1.088121656182970548e-01	0.000000000000000000e+00
7.872749808718666600e+02	1.086513654093012454e-01	0.000000000000000000e+00
7.876946903130667579e+02	1.084954549188017620e-01	0.000000000000000000e+00
7.881143997542667421e+02	1.083395444283023201e-01	0.000000000000000000e+00
7.885341091954667263e+02	1.081885501938324168e-01	0.000000000000000000e+00
7.889538186366667105e+02	1.080376524534365362e-01	0.000000000000000000e+00
7.893735280778666947e+02	1.078914279310538016e-01	0.000000000000000000e+00
7.897932375190666789e+02	1.077455418212945604e-01	0.000000000000000000e+00
7.902129469602666632e+02	1.076040626697399027e-01	0.000000000000000000e+00
7.906326564014666474e+02	1.074631860299672115e-01	0.000000000000000000e+00
7.910523658426666316e+02	1.073264269524455833e-01	0.000000000000000000e+00
7.914720752838666158e+02	1.071905565386755965e-01	0.000000000000000000e+00
7.918917847250666000e+02	1.070584912792713478e-01	0.000000000000000000e+00
7.923114941662666979e+02	1.069276227224080500e-01	0.000000000000000000e+00
7.927312036074666821e+02	1.068002240648211060e-01	0.000000000000000000e+00
7.931509130486666663e+02	1.066743518292715825e-01	0.000000000000000000e+00
7.935706224898667642e+02	1.065515915979191458e-01	0.000000000000000000e+00
7.939903319310667484e+02	1.064307089406950485e-01	0.000000000000000000e+00
7.944100413722667327e+02	1.063125580041894558e-01	0.000000000000000000e+00
7.948297508134667169e+02	1.061966569345380307e-01	0.000000000000000000e+00
7.952494602546667011e+02	1.060830852115631634e-01	0.000000000000000000e+00
7.956691696958666853e+02	1.059721564512140363e-01	0.000000000000000000e+00
7.960888791370666695e+02	1.058631329188098047e-01	0.000000000000000000e+00
7.965085885782666537e+02	1.057571658628957689e-01	0.000000000000000000e+00
7.969282980194666379e+02	1.056526585671516277e-01	0.000000000000000000e+00
7.973480074606666221e+02	1.055516412458726710e-01	0.000000000000000000e+00
7.977677169018666063e+02	1.054516173150292918e-01	0.000000000000000000e+00
7.981874263430667042e+02	1.053555363561391733e-01	0.000000000000000000e+00
7.986071357842666885e+02	1.052599620160917515e-01	0.000000000000000000e+00
7.990268452254666727e+02	1.051688026082775868e-01	0.000000000000000000e+00
7.994465546666666569e+02	1.050776432004634220e-01	0.000000000000000000e+00
