# lambda  Re(T_ZminTE(0,0),ZmaxTE(0,0))    Im(T_ZminTE(0,0),ZmaxTE(0,0)), 
3.797371134666668127e+02	9.541705815923648970e-01	0.000000000000000000e+00
3.801568229078667969e+02	9.579688548971913020e-01	0.000000000000000000e+00
3.805765323490668379e+02	9.614867027280039613e-01	0.000000000000000000e+00
3.809962417902668221e+02	9.647017388487172385e-01	0.000000000000000000e+00
3.814159512314668063e+02	9.675935745988210046e-01	0.000000000000000000e+00
3.818356606726667906e+02	9.701439709780904641e-01	0.000000000000000000e+00
3.822553701138668316e+02	9.723369688391952925e-01	0.000000000000000000e+00
3.826750795550668158e+02	9.741589948020045187e-01	0.000000000000000000e+00
3.830947889962668000e+02	9.755989409878621510e-01	0.000000000000000000e+00
3.835144984374667843e+02	9.766482172152501917e-01	0.000000000000000000e+00
3.839342078786668253e+02	9.773007748820979890e-01	0.000000000000000000e+00
3.843539173198668095e+02	9.775531023648972306e-01	0.000000000000000000e+00
3.847736267610667937e+02	9.774041923699594570e-01	0.000000000000000000e+00
3.851933362022668348e+02	9.768554822571429153e-01	0.000000000000000000e+00
3.856130456434668190e+02	9.759084699382484240e-01	0.000000000000000000e+00
3.860327550846668032e+02	9.745702150782968864e-01	0.000000000000000000e+00
3.864524645258667874e+02	9.728507433886777189e-01	0.000000000000000000e+00
3.868721739670668285e+02	9.707602163614739155e-01	0.000000000000000000e+00
3.872918834082668127e+02	9.683105905730237106e-01	0.000000000000000000e+00
3.877115928494667969e+02	9.655154441614857141e-01	0.000000000000000000e+00
3.881313022906667811e+02	9.623897949833388754e-01	0.000000000000000000e+00
3.885510117318668222e+02	9.589499136248548217e-01	0.000000000000000000e+00
3.889707211730668064e+02	9.552131343321533796e-01	0.000000000000000000e+00
3.893904306142667906e+02	9.511976667432192611e-01	0.000000000000000000e+00
3.898101400554668317e+02	9.469224110685534601e-01	0.000000000000000000e+00
3.902298494966668159e+02	9.424067790865704453e-01	0.000000000000000000e+00
3.906495589378668001e+02	9.376705230081197051e-01	0.000000000000000000e+00
3.910692683790667843e+02	9.327335739341725551e-01	0.000000000000000000e+00
3.914889778202668253e+02	9.276158912935045242e-01	0.000000000000000000e+00
3.919086872614668096e+02	9.223373243136846478e-01	0.000000000000000000e+00
3.923283967026667938e+02	9.169174862579279051e-01	0.000000000000000000e+00
3.927481061438668348e+02	9.113756418598845110e-01	0.000000000000000000e+00
3.931678155850668190e+02	9.057306081139343545e-01	0.000000000000000000e+00
3.935875250262668033e+02	9.000006683340577851e-01	0.000000000000000000e+00
3.940072344674667875e+02	8.942033230744121930e-01	0.000000000000000000e+00
3.944269439086668285e+02	8.883555866070619311e-01	0.000000000000000000e+00
3.948466533498668127e+02	8.824742913989717108e-01	0.000000000000000000e+00
3.952663627910667969e+02	8.765750036610012730e-01	0.000000000000000000e+00
3.956860722322667812e+02	8.706725029075538247e-01	0.000000000000000000e+00
3.961057816734668222e+02	8.647807645442993074e-01	0.000000000000000000e+00
3.965254911146668064e+02	8.589129510882445029e-01	0.000000000000000000e+00
3.969452005558667906e+02	8.530814110900215574e-01	0.000000000000000000e+00
3.973649099970668317e+02	8.472976848392687055e-01	0.000000000000000000e+00
3.977846194382668159e+02	8.415725159603810734e-01	0.000000000000000000e+00
3.982043288794668001e+02	8.359158680445776257e-01	0.000000000000000000e+00
3.986240383206667843e+02	8.303369455122677767e-01	0.000000000000000000e+00
3.990437477618668254e+02	8.248442179543785668e-01	0.000000000000000000e+00
3.994634572030668096e+02	8.194454472604083550e-01	0.000000000000000000e+00
3.998831666442667938e+02	8.141488695050851376e-01	0.000000000000000000e+00
4.003028760854667780e+02	8.089619870208782926e-01	0.000000000000000000e+00
4.007225855266668191e+02	8.038888791381983978e-01	0.000000000000000000e+00
4.011422949678668033e+02	7.989347533427939574e-01	0.000000000000000000e+00
4.015620044090667875e+02	7.941042665301843995e-01	0.000000000000000000e+00
4.019817138502668286e+02	7.894015581440620988e-01	0.000000000000000000e+00
4.024014232914668128e+02	7.848302828791431374e-01	0.000000000000000000e+00
4.028211327326667970e+02	7.803936427092043049e-01	0.000000000000000000e+00
4.032408421738667812e+02	7.760944180438078543e-01	0.000000000000000000e+00
4.036605516150668223e+02	7.719396091365008372e-01	0.000000000000000000e+00
4.040802610562668065e+02	7.679279196552754039e-01	0.000000000000000000e+00
4.044999704974667907e+02	7.640600804240197386e-01	0.000000000000000000e+00
4.049196799386668317e+02	7.603374439296139986e-01	0.000000000000000000e+00
4.053393893798668159e+02	7.567610812131156939e-01	0.000000000000000000e+00
4.057590988210668002e+02	7.533318055992626050e-01	0.000000000000000000e+00
4.061788082622667844e+02	7.500503078291393955e-01	0.000000000000000000e+00
4.065985177034668254e+02	7.469239057871407406e-01	0.000000000000000000e+00
4.070182271446668096e+02	7.439459380350746942e-01	0.000000000000000000e+00
4.074379365858667938e+02	7.411163700076093264e-01	0.000000000000000000e+00
4.078576460270667781e+02	7.384350092165079538e-01	0.000000000000000000e+00
4.082773554682668191e+02	7.359015207328961639e-01	0.000000000000000000e+00
4.086970649094668033e+02	7.335167927698629242e-01	0.000000000000000000e+00
4.091167743506667875e+02	7.312858281726366538e-01	0.000000000000000000e+00
4.095364837918668286e+02	7.292011635523847346e-01	0.000000000000000000e+00
4.099561932330668128e+02	7.272620055329991340e-01	0.000000000000000000e+00
4.103759026742667970e+02	7.254674799935199037e-01	0.000000000000000000e+00
4.107956121154667812e+02	7.238166408545102515e-01	0.000000000000000000e+00
4.112153215566668223e+02	7.223170243237307941e-01	0.000000000000000000e+00
4.116350309978668065e+02	7.209595973174096617e-01	0.000000000000000000e+00
4.120547404390667907e+02	7.197427392723457773e-01	0.000000000000000000e+00
4.124744498802667749e+02	7.186652722863303699e-01	0.000000000000000000e+00
4.128941593214668160e+02	7.177277344436396866e-01	0.000000000000000000e+00
4.133138687626668002e+02	7.169349943024404537e-01	0.000000000000000000e+00
4.137335782038667844e+02	7.162779328644403032e-01	0.000000000000000000e+00
4.141532876450668255e+02	7.157552231060170245e-01	0.000000000000000000e+00
4.145729970862668097e+02	7.153655122745614658e-01	0.000000000000000000e+00
4.149927065274667939e+02	7.151151637230908076e-01	0.000000000000000000e+00
4.154124159686667781e+02	7.149973611544810925e-01	0.000000000000000000e+00
4.158321254098668192e+02	7.150083508007415434e-01	0.000000000000000000e+00
4.162518348510668034e+02	7.151466777463950653e-01	0.000000000000000000e+00
4.166715442922667876e+02	7.154174592644554354e-01	0.000000000000000000e+00
4.170912537334668286e+02	7.158163686819640770e-01	0.000000000000000000e+00
4.175109631746668128e+02	7.163380749066284858e-01	0.000000000000000000e+00
4.179306726158667971e+02	7.169810263897069547e-01	0.000000000000000000e+00
4.183503820570667813e+02	7.177513787972527037e-01	0.000000000000000000e+00
4.187700914982668223e+02	7.186425974837974406e-01	0.000000000000000000e+00
4.191898009394668065e+02	7.196501638353265395e-01	0.000000000000000000e+00
4.196095103806667908e+02	7.207725928151657024e-01	0.000000000000000000e+00
4.200292198218668318e+02	7.220185235017468894e-01	0.000000000000000000e+00
4.204489292630668160e+02	7.233755790405532737e-01	0.000000000000000000e+00
4.208686387042668002e+02	7.248419927356648529e-01	0.000000000000000000e+00
4.212883481454667844e+02	7.264209908134648952e-01	0.000000000000000000e+00
4.217080575866667687e+02	7.281112550943766859e-01	0.000000000000000000e+00
4.221277670278668097e+02	7.299051456649607861e-01	0.000000000000000000e+00
4.225474764690667939e+02	7.318014210259053964e-01	0.000000000000000000e+00
4.229671859102667781e+02	7.338072484113512539e-01	0.000000000000000000e+00
4.233868953514668192e+02	7.359104974837714641e-01	0.000000000000000000e+00
4.238066047926668034e+02	7.381090963230452218e-01	0.000000000000000000e+00
4.242263142338667876e+02	7.404090049929535899e-01	0.000000000000000000e+00
4.246460236750667718e+02	7.428018323476101026e-01	0.000000000000000000e+00
4.250657331162668129e+02	7.452830977567257431e-01	0.000000000000000000e+00
4.254854425574667971e+02	7.478566530999475326e-01	0.000000000000000000e+00
4.259051519986667813e+02	7.505173956182432660e-01	0.000000000000000000e+00
4.263248614398668224e+02	7.532590452446985552e-01	0.000000000000000000e+00
4.267445708810668066e+02	7.560843236728199690e-01	0.000000000000000000e+00
4.271642803222667908e+02	7.589892388973582538e-01	0.000000000000000000e+00
4.275839897634667750e+02	7.619668645722655898e-01	0.000000000000000000e+00
4.280036992046668161e+02	7.650195518590339194e-01	0.000000000000000000e+00
4.284234086458668003e+02	7.681426643835919110e-01	0.000000000000000000e+00
4.288431180870667845e+02	7.713295976192701131e-01	0.000000000000000000e+00
4.292628275282668255e+02	7.745828146441960937e-01	0.000000000000000000e+00
4.296825369694668098e+02	7.778958233968612523e-01	0.000000000000000000e+00
4.301022464106667940e+02	7.812630670185720660e-01	0.000000000000000000e+00
4.305219558518667782e+02	7.846872599121986758e-01	0.000000000000000000e+00
4.309416652930668192e+02	7.881595234862299737e-01	0.000000000000000000e+00
4.313613747342668034e+02	7.916764450984036250e-01	0.000000000000000000e+00
4.317810841754667877e+02	7.952386802452880987e-01	0.000000000000000000e+00
4.322007936166667719e+02	7.988372954338998078e-01	0.000000000000000000e+00
4.326205030578668129e+02	8.024708851422455158e-01	0.000000000000000000e+00
4.330402124990667971e+02	8.061357793864162291e-01	0.000000000000000000e+00
4.334599219402667813e+02	8.098257647136667403e-01	0.000000000000000000e+00
4.338796313814667656e+02	8.135395398349634100e-01	0.000000000000000000e+00
4.342993408226668066e+02	8.172707696416621204e-01	0.000000000000000000e+00
4.347190502638667908e+02	8.210156900029510485e-01	0.000000000000000000e+00
4.351387597050667750e+02	8.247706052854409942e-01	0.000000000000000000e+00
4.355584691462668161e+02	8.285303240641730405e-01	0.000000000000000000e+00
4.359781785874668003e+02	8.322908696344399893e-01	0.000000000000000000e+00
4.363978880286667845e+02	8.360475636616809814e-01	0.000000000000000000e+00
4.368175974698667687e+02	8.397963820070994956e-01	0.000000000000000000e+00
4.372373069110668098e+02	8.435316230807518023e-01	0.000000000000000000e+00
4.376570163522667940e+02	8.472507379099404323e-01	0.000000000000000000e+00
4.380767257934667782e+02	8.509466257827673630e-01	0.000000000000000000e+00
4.384964352346668193e+02	8.546169858894939741e-01	0.000000000000000000e+00
4.389161446758668035e+02	8.582565435331266368e-01	0.000000000000000000e+00
4.393358541170667877e+02	8.618596879889108830e-01	0.000000000000000000e+00
4.397555635582667719e+02	8.654254893340650456e-01	0.000000000000000000e+00
4.401752729994668130e+02	8.689432048547459653e-01	0.000000000000000000e+00
4.405949824406667972e+02	8.724159144480901906e-01	0.000000000000000000e+00
4.410146918818667814e+02	8.758325219614434554e-01	0.000000000000000000e+00
4.414344013230668224e+02	8.791940107715099373e-01	0.000000000000000000e+00
4.418541107642668067e+02	8.824935807130450671e-01	0.000000000000000000e+00
4.422738202054667909e+02	8.857270336906420960e-01	0.000000000000000000e+00
4.426935296466667751e+02	8.888936135066869415e-01	0.000000000000000000e+00
4.431132390878668161e+02	8.919830619154587303e-01	0.000000000000000000e+00
4.435329485290668003e+02	8.950014751017963954e-01	0.000000000000000000e+00
4.439526579702667846e+02	8.979319607740332554e-01	0.000000000000000000e+00
4.443723674114668256e+02	9.007860038422976778e-01	0.000000000000000000e+00
4.447920768526668098e+02	9.035456906543816169e-01	0.000000000000000000e+00
4.452117862938667940e+02	9.062212708230926728e-01	0.000000000000000000e+00
4.456314957350667783e+02	9.087985910102507336e-01	0.000000000000000000e+00
4.460512051762667625e+02	9.112838957778625071e-01	0.000000000000000000e+00
4.464709146174668035e+02	9.136676319579948302e-01	0.000000000000000000e+00
4.468906240586667877e+02	9.159523092249874932e-01	0.000000000000000000e+00
4.473103334998667719e+02	9.181326260722042498e-01	0.000000000000000000e+00
4.477300429410668130e+02	9.202078664378821049e-01	0.000000000000000000e+00
4.481497523822667972e+02	9.221763938695941576e-01	0.000000000000000000e+00
4.485694618234667814e+02	9.240349859836801683e-01	0.000000000000000000e+00
4.489891712646667656e+02	9.257848776229090637e-01	0.000000000000000000e+00
4.494088807058668067e+02	9.274212347314587657e-01	0.000000000000000000e+00
4.498285901470667909e+02	9.289471995212754685e-01	0.000000000000000000e+00
4.502482995882667751e+02	9.303573561850007057e-01	0.000000000000000000e+00
4.506680090294668162e+02	9.316556617282181207e-01	0.000000000000000000e+00
4.510877184706668004e+02	9.328372405665866784e-01	0.000000000000000000e+00
4.515074279118667846e+02	9.339056875083386888e-01	0.000000000000000000e+00
4.519271373530667688e+02	9.348578366916050486e-01	0.000000000000000000e+00
4.523468467942668099e+02	9.356957042199490759e-01	0.000000000000000000e+00
4.527665562354667941e+02	9.364190072498282946e-01	0.000000000000000000e+00
4.531862656766667783e+02	9.370269705223064349e-01	0.000000000000000000e+00
4.536059751178668193e+02	9.375233305717501908e-01	0.000000000000000000e+00
4.540256845590668036e+02	9.379033515494777928e-01	0.000000000000000000e+00
4.544453940002667878e+02	9.381758532393259520e-01	0.000000000000000000e+00
4.548651034414667720e+02	9.383310469926178232e-01	0.000000000000000000e+00
4.552848128826667562e+02	9.383837989452300521e-01	0.000000000000000000e+00
4.557045223238667973e+02	9.383182779614125391e-01	0.000000000000000000e+00
4.561242317650667815e+02	9.381557625206404794e-01	0.000000000000000000e+00
4.565439412062668225e+02	9.378749391309116890e-01	0.000000000000000000e+00
4.569636506474668067e+02	9.374990120748726286e-01	0.000000000000000000e+00
4.573833600886667909e+02	9.370122230109039219e-01	0.000000000000000000e+00
4.578030695298667752e+02	9.364286744887054814e-01	0.000000000000000000e+00
4.582227789710667594e+02	9.357422232075771618e-01	0.000000000000000000e+00
4.586424884122668004e+02	9.349571756233687747e-01	0.000000000000000000e+00
4.590621978534667846e+02	9.340775233054311455e-01	0.000000000000000000e+00
4.594819072946667688e+02	9.330972130721248980e-01	0.000000000000000000e+00
4.599016167358668099e+02	9.320307775197707034e-01	0.000000000000000000e+00
4.603213261770667941e+02	9.308613307422655136e-01	0.000000000000000000e+00
4.607410356182667783e+02	9.296090480780828669e-01	0.000000000000000000e+00
4.611607450594667625e+02	9.282614930049903901e-01	0.000000000000000000e+00
4.615804545006668036e+02	9.268282443868637310e-01	0.000000000000000000e+00
4.620001639418667878e+02	9.253086626737982989e-01	0.000000000000000000e+00
4.624198733830667720e+02	9.236993331762406445e-01	0.000000000000000000e+00
4.628395828242668131e+02	9.220123209789500285e-01	0.000000000000000000e+00
4.632592922654667973e+02	9.202309533571112476e-01	0.000000000000000000e+00
4.636790017066667815e+02	9.183732221822973329e-01	0.000000000000000000e+00
4.640987111478667657e+02	9.164296915907794716e-01	0.000000000000000000e+00
4.645184205890668068e+02	9.144034804622027668e-01	0.000000000000000000e+00
4.649381300302667910e+02	9.122996892866147567e-01	0.000000000000000000e+00
4.653578394714667752e+02	9.101057585332180677e-01	0.000000000000000000e+00
4.657775489126668162e+02	9.078361566889688872e-01	0.000000000000000000e+00
4.661972583538668005e+02	9.054796629046321099e-01	0.000000000000000000e+00
4.666169677950667847e+02	9.030402550496724468e-01	0.000000000000000000e+00
4.670366772362667689e+02	9.005213749973300930e-01	0.000000000000000000e+00
4.674563866774667531e+02	8.979082866178232925e-01	0.000000000000000000e+00
4.678760961186667942e+02	8.952150139273978846e-01	0.000000000000000000e+00
4.682958055598667784e+02	8.924303638325901122e-01	0.000000000000000000e+00
4.687155150010668194e+02	8.895535074098214201e-01	0.000000000000000000e+00
4.691352244422668036e+02	8.865907354673556728e-01	0.000000000000000000e+00
4.695549338834667878e+02	8.835218353762248622e-01	0.000000000000000000e+00
4.699746433246667721e+02	8.803599091103327945e-01	0.000000000000000000e+00
4.703943527658667563e+02	8.770981633723544668e-01	0.000000000000000000e+00
4.708140622070667973e+02	8.737227840271691859e-01	0.000000000000000000e+00
4.712337716482667815e+02	8.702452982661780245e-01	0.000000000000000000e+00
4.716534810894667658e+02	8.666490098830046396e-01	0.000000000000000000e+00
4.720731905306668068e+02	8.629311392405966119e-01	0.000000000000000000e+00
4.724928999718667910e+02	8.590972188209947680e-01	0.000000000000000000e+00
4.729126094130667752e+02	8.551213584028782844e-01	0.000000000000000000e+00
4.733323188542667594e+02	8.510122798234875940e-01	0.000000000000000000e+00
4.737520282954668005e+02	8.467694610432980884e-01	0.000000000000000000e+00
4.741717377366667847e+02	8.423570163877096562e-01	0.000000000000000000e+00
4.745914471778667689e+02	8.377956395817163227e-01	0.000000000000000000e+00
4.750111566190668100e+02	8.330746216196960319e-01	0.000000000000000000e+00
4.754308660602667942e+02	8.281598331336843533e-01	0.000000000000000000e+00
4.758505755014667784e+02	8.230716627415259889e-01	0.000000000000000000e+00
4.762702849426667626e+02	8.177939991817961829e-01	0.000000000000000000e+00
4.766899943838667468e+02	8.122931516710819588e-01	0.000000000000000000e+00
4.771097038250667879e+02	8.065895760920426261e-01	0.000000000000000000e+00
4.775294132662667721e+02	8.006638111044970252e-01	0.000000000000000000e+00
4.779491227074668132e+02	7.944785526824101884e-01	0.000000000000000000e+00
4.783688321486667974e+02	7.880567566413257952e-01	0.000000000000000000e+00
4.787885415898667816e+02	7.813786060111556075e-01	0.000000000000000000e+00
4.792082510310667658e+02	7.743969425742837087e-01	0.000000000000000000e+00
4.796279604722667500e+02	7.671409195584890650e-01	0.000000000000000000e+00
4.800476699134667911e+02	7.595951279923800481e-01	0.000000000000000000e+00
4.804673793546667753e+02	7.516935796248737089e-01	0.000000000000000000e+00
4.808870887958667595e+02	7.434769535910294991e-01	0.000000000000000000e+00
4.813067982370668005e+02	7.349326599028690454e-01	0.000000000000000000e+00
4.817265076782667848e+02	7.259893236238287306e-01	0.000000000000000000e+00
4.821462171194667690e+02	7.166809758747627601e-01	0.000000000000000000e+00
4.825659265606667532e+02	7.070038637251148117e-01	0.000000000000000000e+00
4.829856360018667942e+02	6.969011653922152494e-01	0.000000000000000000e+00
4.834053454430667784e+02	6.863749502245157785e-01	0.000000000000000000e+00
4.838250548842667627e+02	6.754431864882139980e-01	0.000000000000000000e+00
4.842447643254668037e+02	6.640756959670339743e-01	0.000000000000000000e+00
4.846644737666667879e+02	6.522256551325896767e-01	0.000000000000000000e+00
4.850841832078667721e+02	6.399438054011771237e-01	0.000000000000000000e+00
4.855038926490667563e+02	6.272254132337989896e-01	0.000000000000000000e+00
4.859236020902667974e+02	6.140010051367018606e-01	0.000000000000000000e+00
4.863433115314667816e+02	6.003238079937610605e-01	0.000000000000000000e+00
4.867630209726667658e+02	5.862102193421391272e-01	0.000000000000000000e+00
4.871827304138668069e+02	5.716428029852838044e-01	0.000000000000000000e+00
4.876024398550667911e+02	5.566033388487405809e-01	0.000000000000000000e+00
4.880221492962667753e+02	5.411583659032973559e-01	0.000000000000000000e+00
4.884418587374667595e+02	5.253242178132143669e-01	0.000000000000000000e+00
4.888615681786667437e+02	5.090793104751363263e-01	0.000000000000000000e+00
4.892812776198667848e+02	4.924750022282630146e-01	0.000000000000000000e+00
4.897009870610667690e+02	4.755591214752252771e-01	0.000000000000000000e+00
4.901206965022668101e+02	4.583617100637294994e-01	0.000000000000000000e+00
4.905404059434667943e+02	4.408809741894953449e-01	0.000000000000000000e+00
4.909601153846667785e+02	4.231960799304613219e-01	0.000000000000000000e+00
4.913798248258667627e+02	4.053491660153447640e-01	0.000000000000000000e+00
4.917995342670667469e+02	3.873828387252711281e-01	0.000000000000000000e+00
4.922192437082667880e+02	3.693454145628971008e-01	0.000000000000000000e+00
4.926389531494667722e+02	3.513105747911651200e-01	0.000000000000000000e+00
4.930586625906667564e+02	3.333441348575896801e-01	0.000000000000000000e+00
4.934783720318667974e+02	3.155262047991345686e-01	0.000000000000000000e+00
4.938980814730667817e+02	2.979911121533494467e-01	0.000000000000000000e+00
4.943177909142667659e+02	2.808181802421980122e-01	0.000000000000000000e+00
4.947375003554667501e+02	2.641237285052651096e-01	0.000000000000000000e+00
4.951572097966667911e+02	2.480362361017831030e-01	0.000000000000000000e+00
4.955769192378667753e+02	2.328375450502607191e-01	0.000000000000000000e+00
4.959966286790667596e+02	2.185813332594376268e-01	0.000000000000000000e+00
4.964163381202668006e+02	2.054268858334557801e-01	0.000000000000000000e+00
4.968360475614667848e+02	1.935417594297699495e-01	0.000000000000000000e+00
4.972557570026667690e+02	1.832760613585000808e-01	0.000000000000000000e+00
4.976754664438667533e+02	1.747363930439867763e-01	0.000000000000000000e+00
4.980951758850667943e+02	1.680203861573293100e-01	0.000000000000000000e+00
4.985148853262667785e+02	1.632842274381841596e-01	0.000000000000000000e+00
4.989345947674667627e+02	1.607545186685401251e-01	0.000000000000000000e+00
4.993543042086668038e+02	1.607325723119416017e-01	0.000000000000000000e+00
4.997740136498667880e+02	1.630472872536610218e-01	0.000000000000000000e+00
5.001937230910667722e+02	1.677345608589424497e-01	0.000000000000000000e+00
5.006134325322667564e+02	1.747852440659544426e-01	0.000000000000000000e+00
5.010331419734667406e+02	1.843376817775764231e-01	0.000000000000000000e+00
5.014528514146667817e+02	1.961801923972371631e-01	0.000000000000000000e+00
5.018725608558667659e+02	2.100064402437850364e-01	0.000000000000000000e+00
5.022922702970668070e+02	2.256024994758774604e-01	0.000000000000000000e+00
5.027119797382667912e+02	2.427216028368553713e-01	0.000000000000000000e+00
5.031316891794667754e+02	2.611971068460378631e-01	0.000000000000000000e+00
5.035513986206667596e+02	2.806206106416124779e-01	0.000000000000000000e+00
5.039711080618667438e+02	3.006722846956409456e-01	0.000000000000000000e+00
5.043908175030667849e+02	3.210915711821542007e-01	0.000000000000000000e+00
5.048105269442667691e+02	3.416404666139449264e-01	0.000000000000000000e+00
5.052302363854667533e+02	3.620858358895502338e-01	0.000000000000000000e+00
5.056499458266667943e+02	3.822302467742964560e-01	0.000000000000000000e+00
5.060696552678667786e+02	4.019434719578007242e-01	0.000000000000000000e+00
5.064893647090667628e+02	4.211200229288231678e-01	0.000000000000000000e+00
5.069090741502667470e+02	4.396823641942485539e-01	0.000000000000000000e+00
5.073287835914667880e+02	4.575559942887266751e-01	0.000000000000000000e+00
5.077484930326667723e+02	4.746580544976647942e-01	0.000000000000000000e+00
5.081682024738668133e+02	4.910473729918601316e-01	0.000000000000000000e+00
5.085879119150667975e+02	5.067266250915045678e-01	0.000000000000000000e+00
5.090076213562667817e+02	5.217081316067725405e-01	0.000000000000000000e+00
5.094273307974667659e+02	5.360112876080310729e-01	0.000000000000000000e+00
5.098470402386667502e+02	5.496211846327065942e-01	0.000000000000000000e+00
5.102667496798667344e+02	5.625703338901828499e-01	0.000000000000000000e+00
5.106864591210667754e+02	5.749293889257556245e-01	0.000000000000000000e+00
5.111061685622667596e+02	5.867282233909842937e-01	0.000000000000000000e+00
5.115258780034668007e+02	5.979964146288929694e-01	0.000000000000000000e+00
5.119455874446667849e+02	6.087627377985372901e-01	0.000000000000000000e+00
5.123652968858667691e+02	6.190355807977819813e-01	0.000000000000000000e+00
5.127850063270667533e+02	6.288302606722652177e-01	0.000000000000000000e+00
5.132047157682667375e+02	6.382069612260249380e-01	0.000000000000000000e+00
5.136244252094668354e+02	6.471884201531530323e-01	0.000000000000000000e+00
5.140441346506668197e+02	6.557958518206328247e-01	0.000000000000000000e+00
5.144638440918668039e+02	6.640489949220307331e-01	0.000000000000000000e+00
5.148835535330667881e+02	6.719661810386114986e-01	0.000000000000000000e+00
5.153032629742667723e+02	6.795396347201352327e-01	0.000000000000000000e+00
5.157229724154667565e+02	6.868036001363734266e-01	0.000000000000000000e+00
5.161426818566667407e+02	6.937819071413191541e-01	0.000000000000000000e+00
5.165623912978667249e+02	7.004878340790600122e-01	0.000000000000000000e+00
5.169821007390667091e+02	7.069337207912629317e-01	0.000000000000000000e+00
5.174018101802668070e+02	7.131310493918813220e-01	0.000000000000000000e+00
5.178215196214667912e+02	7.190905198173297430e-01	0.000000000000000000e+00
5.182412290626667755e+02	7.248112526116371468e-01	0.000000000000000000e+00
5.186609385038667597e+02	7.303030708232352008e-01	0.000000000000000000e+00
5.190806479450667439e+02	7.355868143434129980e-01	0.000000000000000000e+00
5.195003573862667281e+02	7.406705585468732478e-01	0.000000000000000000e+00
5.199200668274668260e+02	7.455619074766244303e-01	0.000000000000000000e+00
5.203397762686668102e+02	7.502680360237936608e-01	0.000000000000000000e+00
5.207594857098667944e+02	7.547957279733620295e-01	0.000000000000000000e+00
5.211791951510667786e+02	7.591514102666585551e-01	0.000000000000000000e+00
5.215989045922667628e+02	7.633350425634599645e-01	0.000000000000000000e+00
5.220186140334667471e+02	7.673504167691296285e-01	0.000000000000000000e+00
5.224383234746667313e+02	7.712122569259413085e-01	0.000000000000000000e+00
5.228580329158667155e+02	7.749257750722735594e-01	0.000000000000000000e+00
5.232777423570666997e+02	7.784959582334866068e-01	0.000000000000000000e+00
5.236974517982667976e+02	7.819275857201006819e-01	0.000000000000000000e+00
5.241171612394667818e+02	7.852252446758044568e-01	0.000000000000000000e+00
5.245368706806667660e+02	7.883933440578534402e-01	0.000000000000000000e+00
5.249565801218667502e+02	7.914361272140509884e-01	0.000000000000000000e+00
5.253762895630667344e+02	7.943559622486328076e-01	0.000000000000000000e+00
5.257959990042668323e+02	7.971508986893951487e-01	0.000000000000000000e+00
5.262157084454668166e+02	7.998330378299750576e-01	0.000000000000000000e+00
5.266354178866668008e+02	8.024060289197924023e-01	0.000000000000000000e+00
5.270551273278667850e+02	8.048734043173346731e-01	0.000000000000000000e+00
5.274748367690667692e+02	8.072385860172744954e-01	0.000000000000000000e+00
5.278945462102667534e+02	8.095048915593338057e-01	0.000000000000000000e+00
5.283142556514667376e+02	8.116755393827180809e-01	0.000000000000000000e+00
5.287339650926667218e+02	8.137536536831690981e-01	0.000000000000000000e+00
5.291536745338667060e+02	8.157422688236272146e-01	0.000000000000000000e+00
5.295733839750668039e+02	8.176443333442514616e-01	0.000000000000000000e+00
5.299930934162667882e+02	8.194619800883370386e-01	0.000000000000000000e+00
5.304128028574667724e+02	8.211940926595969747e-01	0.000000000000000000e+00
5.308325122986667566e+02	8.228484437760587022e-01	0.000000000000000000e+00
5.312522217398667408e+02	8.244276522654924166e-01	0.000000000000000000e+00
5.316719311810667250e+02	8.259342672881593295e-01	0.000000000000000000e+00
5.320916406222668229e+02	8.273707706055990485e-01	0.000000000000000000e+00
5.325113500634668071e+02	8.287395786683936505e-01	0.000000000000000000e+00
5.329310595046667913e+02	8.300430445415319936e-01	0.000000000000000000e+00
5.333507689458667755e+02	8.312834596841079948e-01	0.000000000000000000e+00
5.337704783870667598e+02	8.324630555985330638e-01	0.000000000000000000e+00
5.341901878282667440e+02	8.335840053629320900e-01	0.000000000000000000e+00
5.346098972694667282e+02	8.346484250591243992e-01	0.000000000000000000e+00
5.350296067106667124e+02	8.356583751073765054e-01	0.000000000000000000e+00
5.354493161518666966e+02	8.366158615180453451e-01	0.000000000000000000e+00
5.358690255930667945e+02	8.375228370692893165e-01	0.000000000000000000e+00
5.362887350342667787e+02	8.383798681656744467e-01	0.000000000000000000e+00
5.367084444754667629e+02	8.391892970280644404e-01	0.000000000000000000e+00
5.371281539166667471e+02	8.399539811944862766e-01	0.000000000000000000e+00
5.375478633578667313e+02	8.406756592361437352e-01	0.000000000000000000e+00
5.379675727990668292e+02	8.413560219218962910e-01	0.000000000000000000e+00
5.383872822402668135e+02	8.419967130899972396e-01	0.000000000000000000e+00
5.388069916814667977e+02	8.425993304905874393e-01	0.000000000000000000e+00
5.392267011226667819e+02	8.431654266027691635e-01	0.000000000000000000e+00
5.396464105638667661e+02	8.436965094296801082e-01	0.000000000000000000e+00
5.400661200050667503e+02	8.441940432746067868e-01	0.000000000000000000e+00
5.404858294462667345e+02	8.446594495008528103e-01	0.000000000000000000e+00
5.409055388874667187e+02	8.450941072777574670e-01	0.000000000000000000e+00
5.413252483286667029e+02	8.454993543149751378e-01	0.000000000000000000e+00
5.417449577698668008e+02	8.458764875868799438e-01	0.000000000000000000e+00
5.421646672110667851e+02	8.462267640486992315e-01	0.000000000000000000e+00
5.425843766522667693e+02	8.465514013457895448e-01	0.000000000000000000e+00
5.430040860934667535e+02	8.468515785172444632e-01	0.000000000000000000e+00
5.434237955346667377e+02	8.471284366948643729e-01	0.000000000000000000e+00
5.438435049758667219e+02	8.473830797983379348e-01	0.000000000000000000e+00
5.442632144170668198e+02	8.476165752273445708e-01	0.000000000000000000e+00
5.446829238582668040e+02	8.478299545511466251e-01	0.000000000000000000e+00
5.451026332994667882e+02	8.480242141961263913e-01	0.000000000000000000e+00
5.455223427406667724e+02	8.482003161315979645e-01	0.000000000000000000e+00
5.459420521818667567e+02	8.483591885541424960e-01	0.000000000000000000e+00
5.463617616230667409e+02	8.485017265706018552e-01	0.000000000000000000e+00
5.467814710642667251e+02	8.486287928798218472e-01	0.000000000000000000e+00
5.472011805054667093e+02	8.487412184531346604e-01	0.000000000000000000e+00
5.476208899466666935e+02	8.488398032135059390e-01	0.000000000000000000e+00
5.480405993878667914e+02	8.489253167132688738e-01	0.000000000000000000e+00
5.484603088290667756e+02	8.489984988102431407e-01	0.000000000000000000e+00
5.488800182702667598e+02	8.490600603420513925e-01	0.000000000000000000e+00
5.492997277114667440e+02	8.491106837984035982e-01	0.000000000000000000e+00
5.497194371526667283e+02	8.491510239910713409e-01	0.000000000000000000e+00
5.501391465938668262e+02	8.491817087212523152e-01	0.000000000000000000e+00
5.505588560350668104e+02	8.492033394440472449e-01	0.000000000000000000e+00
5.509785654762667946e+02	8.492164919296744108e-01	0.000000000000000000e+00
5.513982749174667788e+02	8.492217169211280225e-01	0.000000000000000000e+00
5.518179843586667630e+02	8.492195407879139513e-01	0.000000000000000000e+00
5.522376937998667472e+02	8.492104661755023320e-01	0.000000000000000000e+00
5.526574032410667314e+02	8.491949726501787366e-01	0.000000000000000000e+00
5.530771126822667156e+02	8.491735173389020064e-01	0.000000000000000000e+00
5.534968221234666998e+02	8.491465355638437851e-01	0.000000000000000000e+00
5.539165315646667977e+02	8.491144414712554767e-01	0.000000000000000000e+00
5.543362410058667820e+02	8.490776286543335605e-01	0.000000000000000000e+00
5.547559504470667662e+02	8.490364707697313218e-01	0.000000000000000000e+00
5.551756598882667504e+02	8.489913221474263416e-01	0.000000000000000000e+00
5.555953693294667346e+02	8.489425183936050168e-01	0.000000000000000000e+00
5.560150787706667188e+02	8.488903769862730098e-01	0.000000000000000000e+00
5.564347882118668167e+02	8.488351978633180694e-01	0.000000000000000000e+00
5.568544976530668009e+02	8.487772640027235749e-01	0.000000000000000000e+00
5.572742070942667851e+02	8.487168419946911069e-01	0.000000000000000000e+00
5.576939165354667693e+02	8.486541826054168070e-01	0.000000000000000000e+00
5.581136259766667536e+02	8.485895213322879327e-01	0.000000000000000000e+00
5.585333354178667378e+02	8.485230789502719029e-01	0.000000000000000000e+00
5.589530448590667220e+02	8.484550620493068740e-01	0.000000000000000000e+00
5.593727543002667062e+02	8.483856635624820175e-01	0.000000000000000000e+00
5.597924637414666904e+02	8.483150632848451833e-01	0.000000000000000000e+00
5.602121731826667883e+02	8.482434283826646437e-01	0.000000000000000000e+00
5.606318826238667725e+02	8.481709138929948155e-01	0.000000000000000000e+00
5.610515920650667567e+02	8.480976632134138438e-01	0.000000000000000000e+00
5.614713015062667409e+02	8.480238085818041505e-01	0.000000000000000000e+00
5.618910109474667252e+02	8.479494715460662579e-01	0.000000000000000000e+00
5.623107203886668231e+02	8.478747634236679653e-01	0.000000000000000000e+00
5.627304298298668073e+02	8.477997857509504964e-01	0.000000000000000000e+00
5.631501392710667915e+02	8.477246307221042443e-01	0.000000000000000000e+00
5.635698487122667757e+02	8.476493816177619323e-01	0.000000000000000000e+00
5.639895581534667599e+02	8.475741132231665587e-01	0.000000000000000000e+00
5.644092675946667441e+02	8.474988922358559496e-01	0.000000000000000000e+00
5.648289770358667283e+02	8.474237776628573693e-01	0.000000000000000000e+00
5.652486864770667125e+02	8.473488212073566617e-01	0.000000000000000000e+00
5.656683959182666968e+02	8.472740676448579089e-01	0.000000000000000000e+00
5.660881053594667947e+02	8.471995551888059639e-01	0.000000000000000000e+00
5.665078148006667789e+02	8.471253237156574079e-01	0.000000000000000000e+00
5.669275242418667631e+02	8.470514040828702740e-01	0.000000000000000000e+00
5.673472336830667473e+02	8.469778067262221377e-01	0.000000000000000000e+00
5.677669431242667315e+02	8.469045461095439098e-01	0.000000000000000000e+00
5.681866525654667157e+02	8.468316318269435428e-01	0.000000000000000000e+00
5.686063620066668136e+02	8.467590689088344558e-01	0.000000000000000000e+00
5.690260714478667978e+02	8.466868581175168718e-01	0.000000000000000000e+00
5.694457808890667820e+02	8.466149962323666900e-01	0.000000000000000000e+00
5.698654903302667663e+02	8.465434763247354777e-01	0.000000000000000000e+00
5.702851997714667505e+02	8.464722880226227542e-01	0.000000000000000000e+00
5.707049092126667347e+02	8.464014177652315896e-01	0.000000000000000000e+00
5.711246186538667189e+02	8.463308490475143220e-01	0.000000000000000000e+00
5.715443280950667031e+02	8.462605626548040938e-01	0.000000000000000000e+00
5.719640375362666873e+02	8.461905368876625477e-01	0.000000000000000000e+00
5.723837469774667852e+02	8.461207477770833485e-01	0.000000000000000000e+00
5.728034564186667694e+02	8.460511692901635517e-01	0.000000000000000000e+00
5.732231658598667536e+02	8.459817849476600760e-01	0.000000000000000000e+00
5.736428753010667378e+02	8.459125499002878579e-01	0.000000000000000000e+00
5.740625847422667221e+02	8.458434303033991464e-01	0.000000000000000000e+00
5.744822941834668200e+02	8.457743931004989557e-01	0.000000000000000000e+00
5.749020036246668042e+02	8.457054041113951648e-01	0.000000000000000000e+00
5.753217130658667884e+02	8.456364281834253260e-01	0.000000000000000000e+00
5.757414225070667726e+02	8.455674293340394998e-01	0.000000000000000000e+00
5.761611319482667568e+02	8.454983708849664881e-01	0.000000000000000000e+00
5.765808413894667410e+02	8.454292155881928394e-01	0.000000000000000000e+00
5.770005508306667252e+02	8.453599257439494696e-01	0.000000000000000000e+00
5.774202602718667094e+02	8.452904633109057375e-01	0.000000000000000000e+00
5.778399697130666937e+02	8.452207900088563042e-01	0.000000000000000000e+00
5.782596791542667916e+02	8.451508399299665353e-01	0.000000000000000000e+00
5.786793885954667758e+02	8.450805864930603928e-01	0.000000000000000000e+00
5.790990980366667600e+02	8.450099958998696925e-01	0.000000000000000000e+00
5.795188074778667442e+02	8.449390295221272940e-01	0.000000000000000000e+00
5.799385169190667284e+02	8.448676489406551360e-01	0.000000000000000000e+00
5.803582263602667126e+02	8.447958160050147436e-01	0.000000000000000000e+00
5.807779358014668105e+02	8.447234928872567883e-01	0.000000000000000000e+00
5.811976452426667947e+02	8.446506421300646883e-01	0.000000000000000000e+00
5.816173546838667789e+02	8.445772266895853475e-01	0.000000000000000000e+00
5.820370641250667632e+02	8.445032099732336928e-01	0.000000000000000000e+00
5.824567735662667474e+02	8.444285022023606535e-01	0.000000000000000000e+00
5.828764830074667316e+02	8.443530744351660511e-01	0.000000000000000000e+00
5.832961924486667158e+02	8.442769258795466136e-01	0.000000000000000000e+00
5.837159018898667000e+02	8.442000219678627015e-01	0.000000000000000000e+00
5.841356113310666842e+02	8.441223287260902763e-01	0.000000000000000000e+00
5.845553207722667821e+02	8.440438127843987726e-01	0.000000000000000000e+00
5.849750302134667663e+02	8.439644413848040871e-01	0.000000000000000000e+00
5.853947396546667505e+02	8.438841823861603642e-01	0.000000000000000000e+00
5.858144490958667348e+02	8.438030042667377106e-01	0.000000000000000000e+00
5.862341585370667190e+02	8.437207980981210609e-01	0.000000000000000000e+00
5.866538679782668169e+02	8.436375291044693192e-01	0.000000000000000000e+00
5.870735774194668011e+02	8.435532365790274767e-01	0.000000000000000000e+00
5.874932868606667853e+02	8.434678914680852069e-01	0.000000000000000000e+00
5.879129963018667695e+02	8.433814653210011114e-01	0.000000000000000000e+00
5.883327057430667537e+02	8.432939302788603486e-01	0.000000000000000000e+00
5.887524151842667379e+02	8.432052590613763332e-01	0.000000000000000000e+00
5.891721246254667221e+02	8.431154249519788868e-01	0.000000000000000000e+00
5.895918340666667063e+02	8.430243462347438710e-01	0.000000000000000000e+00
5.900115435078666906e+02	8.429318920789121705e-01	0.000000000000000000e+00
5.904312529490666748e+02	8.428381839082145222e-01	0.000000000000000000e+00
5.908509623902667727e+02	8.427431969785880161e-01	0.000000000000000000e+00
5.912706718314667569e+02	8.426469069367299447e-01	0.000000000000000000e+00
5.916903812726667411e+02	8.425492897644816237e-01	0.000000000000000000e+00
5.921100907138667253e+02	8.424503217136521949e-01	0.000000000000000000e+00
5.925298001550667095e+02	8.423499792311549550e-01	0.000000000000000000e+00
5.929495095962668074e+02	8.422480673397303441e-01	0.000000000000000000e+00
5.933692190374667916e+02	8.421446239266500156e-01	0.000000000000000000e+00
5.937889284786667758e+02	8.420397186987994553e-01	0.000000000000000000e+00
5.942086379198667601e+02	8.419333264311458231e-01	0.000000000000000000e+00
5.946283473610667443e+02	8.418254208924914606e-01	0.000000000000000000e+00
5.950480568022667285e+02	8.417159744996323134e-01	0.000000000000000000e+00
5.954677662434667127e+02	8.416049579315160178e-01	0.000000000000000000e+00
5.958874756846666969e+02	8.414921703053634960e-01	0.000000000000000000e+00
5.963071851258666811e+02	8.413775575882687097e-01	0.000000000000000000e+00
5.967268945670667790e+02	8.412612378459815021e-01	0.000000000000000000e+00
5.971466040082667632e+02	8.411431604337941126e-01	0.000000000000000000e+00
5.975663134494667474e+02	8.410232667690833441e-01	0.000000000000000000e+00
5.979860228906667317e+02	8.409014887963361939e-01	0.000000000000000000e+00
5.984057323318667159e+02	8.407777473733515361e-01	0.000000000000000000e+00
5.988254417730668138e+02	8.406515703326681299e-01	0.000000000000000000e+00
5.992451512142667980e+02	8.405230284837923449e-01	0.000000000000000000e+00
5.996648606554667822e+02	8.403920664401406393e-01	0.000000000000000000e+00
6.000845700966667664e+02	8.402584900931989731e-01	0.000000000000000000e+00
6.005042795378667506e+02	8.401220681322413286e-01	0.000000000000000000e+00
6.009239889790667348e+02	8.399825269576851605e-01	0.000000000000000000e+00
6.013436984202667190e+02	8.398391934384205060e-01	0.000000000000000000e+00
6.017634078614667033e+02	8.396912006490605540e-01	0.000000000000000000e+00
6.021831173026666875e+02	8.395384972688183511e-01	0.000000000000000000e+00
6.026028267438666717e+02	8.393804100479417274e-01	0.000000000000000000e+00
6.030225361850667696e+02	8.392161491277557728e-01	0.000000000000000000e+00
6.034422456262667538e+02	8.390447972233229246e-01	0.000000000000000000e+00
6.038619550674667380e+02	8.388646491728982690e-01	0.000000000000000000e+00
6.042816645086667222e+02	8.386725405023144342e-01	0.000000000000000000e+00
6.047013739498667064e+02	8.384682693420982824e-01	0.000000000000000000e+00
6.051210833910668043e+02	8.382498577043667742e-01	0.000000000000000000e+00
6.055407928322667885e+02	8.380150815119102869e-01	0.000000000000000000e+00
6.059605022734667727e+02	8.377614678520178826e-01	0.000000000000000000e+00
6.063802117146667570e+02	8.374835032082436070e-01	0.000000000000000000e+00
6.067999211558667412e+02	8.371747504502300430e-01	0.000000000000000000e+00
6.072196305970667254e+02	8.368350318543054112e-01	0.000000000000000000e+00
6.076393400382667096e+02	8.364604445277739053e-01	0.000000000000000000e+00
6.080590494794666938e+02	8.360469628711475476e-01	0.000000000000000000e+00
6.084787589206666780e+02	8.355904786096364223e-01	0.000000000000000000e+00
6.088984683618667759e+02	8.350753741235369398e-01	0.000000000000000000e+00
6.093181778030667601e+02	8.345024158227254407e-01	0.000000000000000000e+00
6.097378872442667443e+02	8.338716059943095393e-01	0.000000000000000000e+00
6.101575966854667286e+02	8.331799933968001559e-01	0.000000000000000000e+00
6.105773061266667128e+02	8.324251251598490109e-01	0.000000000000000000e+00
6.109970155678666970e+02	8.315991950649620490e-01	0.000000000000000000e+00
6.114167250090667949e+02	8.306927028176629424e-01	0.000000000000000000e+00
6.118364344502667791e+02	8.297198050701581895e-01	0.000000000000000000e+00
6.122561438914667633e+02	8.286815215284834002e-01	0.000000000000000000e+00
6.126758533326667475e+02	8.275792627575957461e-01	0.000000000000000000e+00
6.130955627738667317e+02	8.264144736298500993e-01	0.000000000000000000e+00
6.135152722150667159e+02	8.251721438104505646e-01	0.000000000000000000e+00
6.139349816562667002e+02	8.238734063699627574e-01	0.000000000000000000e+00
6.143546910974666844e+02	8.225200786859278024e-01	0.000000000000000000e+00
6.147744005386666686e+02	8.211136823922574601e-01	0.000000000000000000e+00
6.151941099798667665e+02	8.196554454995056416e-01	0.000000000000000000e+00
6.156138194210667507e+02	8.181311065315026720e-01	0.000000000000000000e+00
6.160335288622667349e+02	8.165533845232951782e-01	0.000000000000000000e+00
6.164532383034667191e+02	8.149230513089891215e-01	0.000000000000000000e+00
6.168729477446667033e+02	8.132387208462047434e-01	0.000000000000000000e+00
6.172926571858668012e+02	8.114986600629805480e-01	0.000000000000000000e+00
6.177123666270667854e+02	8.096806676020510407e-01	0.000000000000000000e+00
6.181320760682667697e+02	8.077965441951246994e-01	0.000000000000000000e+00
6.185517855094667539e+02	8.058445326783173490e-01	0.000000000000000000e+00
6.189714949506667381e+02	8.038208645744654435e-01	0.000000000000000000e+00
6.193912043918667223e+02	8.017199081679540207e-01	0.000000000000000000e+00
6.198109138330667065e+02	7.995081286962210099e-01	0.000000000000000000e+00
6.202306232742666907e+02	7.972059341912688391e-01	0.000000000000000000e+00
6.206503327154666749e+02	7.948081771577854004e-01	0.000000000000000000e+00
6.210700421566667728e+02	7.923096101923858825e-01	0.000000000000000000e+00
6.214897515978667570e+02	7.896908571816876332e-01	0.000000000000000000e+00
6.219094610390667413e+02	7.869254896646168396e-01	0.000000000000000000e+00
6.223291704802667255e+02	7.840342822900937536e-01	0.000000000000000000e+00
6.227488799214667097e+02	7.810108304500338328e-01	0.000000000000000000e+00
6.231685893626666939e+02	7.778486621471150109e-01	0.000000000000000000e+00
6.235882988038667918e+02	7.744976666471368176e-01	0.000000000000000000e+00
6.240080082450667760e+02	7.709665206097999768e-01	0.000000000000000000e+00
6.244277176862667602e+02	7.672651901704922173e-01	0.000000000000000000e+00
6.248474271274667444e+02	7.633859688713737768e-01	0.000000000000000000e+00
6.252671365686667286e+02	7.593073956619540432e-01	0.000000000000000000e+00
6.256868460098667128e+02	7.549601003400109311e-01	0.000000000000000000e+00
6.261065554510666971e+02	7.503974406990643331e-01	0.000000000000000000e+00
6.265262648922666813e+02	7.456104110691077480e-01	0.000000000000000000e+00
6.269459743334666655e+02	7.405900064973357511e-01	0.000000000000000000e+00
6.273656837746667634e+02	7.352448379723283134e-01	0.000000000000000000e+00
6.277853932158667476e+02	7.296042949559549129e-01	0.000000000000000000e+00
6.282051026570667318e+02	7.236855808472815177e-01	0.000000000000000000e+00
6.286248120982667160e+02	7.174786473564859213e-01	0.000000000000000000e+00
6.290445215394667002e+02	7.109187035491341122e-01	0.000000000000000000e+00
6.294642309806667981e+02	7.039524472365751295e-01	0.000000000000000000e+00
6.298839404218667823e+02	6.966487072472221653e-01	0.000000000000000000e+00
6.303036498630667666e+02	6.889971345584351425e-01	0.000000000000000000e+00
6.307233593042667508e+02	6.809655449387699289e-01	0.000000000000000000e+00
6.311430687454667350e+02	6.724063664172934551e-01	0.000000000000000000e+00
6.315627781866667192e+02	6.634501401169442536e-01	0.000000000000000000e+00
6.319824876278667034e+02	6.540878126310196716e-01	0.000000000000000000e+00
6.324021970690666876e+02	6.443106140650939340e-01	0.000000000000000000e+00
6.328219065102666718e+02	6.339134090209280759e-01	0.000000000000000000e+00
6.332416159514667697e+02	6.230586154717722147e-01	0.000000000000000000e+00
6.336613253926667539e+02	6.117527479941337054e-01	0.000000000000000000e+00
6.340810348338667382e+02	5.999911634605227251e-01	0.000000000000000000e+00
6.345007442750667224e+02	5.875827417718844092e-01	0.000000000000000000e+00
6.349204537162667066e+02	5.746696863276296030e-01	0.000000000000000000e+00
6.353401631574666908e+02	5.612931448924560751e-01	0.000000000000000000e+00
6.357598725986667887e+02	5.474563075848440930e-01	0.000000000000000000e+00
6.361795820398667729e+02	5.329924966228978267e-01	0.000000000000000000e+00
6.365992914810667571e+02	5.180465476581513906e-01	0.000000000000000000e+00
6.370190009222667413e+02	5.026824363619614155e-01	0.000000000000000000e+00
6.374387103634667255e+02	4.869149744429676074e-01	0.000000000000000000e+00
6.378584198046667098e+02	4.706242519815507230e-01	0.000000000000000000e+00
6.382781292458666940e+02	4.539743611175571236e-01	0.000000000000000000e+00
6.386978386870666782e+02	4.370328248133405480e-01	0.000000000000000000e+00
6.391175481282666624e+02	4.198279756919104932e-01	0.000000000000000000e+00
6.395372575694666466e+02	4.023295619104056420e-01	0.000000000000000000e+00
6.399569670106667445e+02	3.846996140349578930e-01	0.000000000000000000e+00
6.403766764518667287e+02	3.669922788721560192e-01	0.000000000000000000e+00
6.407963858930667129e+02	3.492475306396089496e-01	0.000000000000000000e+00
6.412160953342668108e+02	3.315887338074708368e-01	0.000000000000000000e+00
6.416358047754667950e+02	3.140832633072043190e-01	0.000000000000000000e+00
6.420555142166667792e+02	2.967758225058982902e-01	0.000000000000000000e+00
6.424752236578667635e+02	2.797504030669516473e-01	0.000000000000000000e+00
6.428949330990667477e+02	2.632347481524403010e-01	0.000000000000000000e+00
6.433146425402667319e+02	2.471552837140097991e-01	0.000000000000000000e+00
6.437343519814667161e+02	2.315493612888687436e-01	0.000000000000000000e+00
6.441540614226667003e+02	2.166125420089761167e-01	0.000000000000000000e+00
6.445737708638666845e+02	2.024801892266286096e-01	0.000000000000000000e+00
6.449934803050666687e+02	1.890041542109484884e-01	0.000000000000000000e+00
6.454131897462666529e+02	1.762068464196303585e-01	0.000000000000000000e+00
6.458328991874667508e+02	1.644460273150741281e-01	0.000000000000000000e+00
6.462526086286667351e+02	1.535592817176819336e-01	0.000000000000000000e+00
6.466723180698667193e+02	1.434390587874599388e-01	0.000000000000000000e+00
6.470920275110667035e+02	1.341294619183611980e-01	0.000000000000000000e+00
6.475117369522668014e+02	1.260425104554010467e-01	0.000000000000000000e+00
6.479314463934667856e+02	1.187356934887503490e-01	0.000000000000000000e+00
6.483511558346667698e+02	1.122031970785033472e-01	0.000000000000000000e+00
6.487708652758667540e+02	1.066597145067890717e-01	0.000000000000000000e+00
6.491905747170667382e+02	1.021235600728365445e-01	0.000000000000000000e+00
6.496102841582667224e+02	9.832955834935558359e-02	0.000000000000000000e+00
6.500299935994667067e+02	9.527049990713545857e-02	0.000000000000000000e+00
6.504497030406666909e+02	9.335334464835258472e-02	0.000000000000000000e+00
6.508694124818666751e+02	9.220879046274067792e-02	0.000000000000000000e+00
6.512891219230666593e+02	9.178676949592305678e-02	0.000000000000000000e+00
6.517088313642666435e+02	9.226244170953527834e-02	0.000000000000000000e+00
6.521285408054667414e+02	9.379605335280186140e-02	0.000000000000000000e+00
6.525482502466667256e+02	9.609500638928684946e-02	0.000000000000000000e+00
6.529679596878667098e+02	9.916750272605424910e-02	0.000000000000000000e+00
6.533876691290668077e+02	1.035305755693157609e-01	0.000000000000000000e+00
6.538073785702667919e+02	1.088285819398401161e-01	0.000000000000000000e+00
6.542270880114667762e+02	1.150032763726771406e-01	0.000000000000000000e+00
6.546467974526667604e+02	1.223460667534528867e-01	0.000000000000000000e+00
6.550665068938667446e+02	1.310214297143462714e-01	0.000000000000000000e+00
6.554862163350667288e+02	1.406618980306034161e-01	0.000000000000000000e+00
6.559059257762667130e+02	1.512742825039977979e-01	0.000000000000000000e+00
6.563256352174666972e+02	1.635477849680062323e-01	0.000000000000000000e+00
6.567453446586666814e+02	1.767563122422009247e-01	0.000000000000000000e+00
6.571650540998666656e+02	1.908754849573634227e-01	0.000000000000000000e+00
6.575847635410666499e+02	2.062400447361555089e-01	0.000000000000000000e+00
6.580044729822667477e+02	2.225472141347910604e-01	0.000000000000000000e+00
6.584241824234667320e+02	2.395082786104783257e-01	0.000000000000000000e+00
6.588438918646667162e+02	2.571724619337155127e-01	0.000000000000000000e+00
6.592636013058667004e+02	2.754589097438971956e-01	0.000000000000000000e+00
6.596833107470667983e+02	2.939967420189156244e-01	0.000000000000000000e+00
6.601030201882667825e+02	3.127399113811802911e-01	0.000000000000000000e+00
6.605227296294667667e+02	3.315211715217394328e-01	0.000000000000000000e+00
6.609424390706667509e+02	3.501470698317939445e-01	0.000000000000000000e+00
6.613621485118667351e+02	3.685856978804298856e-01	0.000000000000000000e+00
6.617818579530667193e+02	3.865665192844265352e-01	0.000000000000000000e+00
6.622015673942667036e+02	4.040308749167472735e-01	0.000000000000000000e+00
6.626212768354666878e+02	4.210457711938586645e-01	0.000000000000000000e+00
6.630409862766666720e+02	4.373948603669366442e-01	0.000000000000000000e+00
6.634606957178666562e+02	4.529491627138695908e-01	0.000000000000000000e+00
6.638804051590666404e+02	4.679441445557433465e-01	0.000000000000000000e+00
6.643001146002667383e+02	4.822737248417660050e-01	0.000000000000000000e+00
6.647198240414667225e+02	4.956636346599948006e-01	0.000000000000000000e+00
6.651395334826667067e+02	5.084972227491438845e-01	0.000000000000000000e+00
6.655592429238668046e+02	5.207697352398519275e-01	0.000000000000000000e+00
6.659789523650667888e+02	5.320791054615774396e-01	0.000000000000000000e+00
6.663986618062667731e+02	5.428947553738679987e-01	0.000000000000000000e+00
6.668183712474667573e+02	5.532241053066510039e-01	0.000000000000000000e+00
6.672380806886667415e+02	5.627618828593646816e-01	0.000000000000000000e+00
6.676577901298667257e+02	5.718315383704274391e-01	0.000000000000000000e+00
6.680774995710667099e+02	5.804962601217892315e-01	0.000000000000000000e+00
6.684972090122666941e+02	5.885445133182322097e-01	0.000000000000000000e+00
6.689169184534666783e+02	5.961670820413239591e-01	0.000000000000000000e+00
6.693366278946666625e+02	6.034625232276086271e-01	0.000000000000000000e+00
6.697563373358666468e+02	6.102848757246345235e-01	0.000000000000000000e+00
6.701760467770667447e+02	6.167351031532081196e-01	0.000000000000000000e+00
6.705957562182667289e+02	6.229246938948915790e-01	0.000000000000000000e+00
6.710154656594667131e+02	6.287515362795879081e-01	0.000000000000000000e+00
6.714351751006666973e+02	6.342613099890911377e-01	0.000000000000000000e+00
6.718548845418667952e+02	6.395641338121180741e-01	0.000000000000000000e+00
6.722745939830667794e+02	6.445863015012116559e-01	0.000000000000000000e+00
6.726943034242667636e+02	6.493427730950775967e-01	0.000000000000000000e+00
6.731140128654667478e+02	6.539344037354538619e-01	0.000000000000000000e+00
6.735337223066667320e+02	6.583053993412165683e-01	0.000000000000000000e+00
6.739534317478667163e+02	6.624561615732260655e-01	0.000000000000000000e+00
6.743731411890667005e+02	6.664746755816945978e-01	0.000000000000000000e+00
6.747928506302666847e+02	6.703161167429635414e-01	0.000000000000000000e+00
6.752125600714666689e+02	6.739763603930136737e-01	0.000000000000000000e+00
6.756322695126666531e+02	6.775294890504988121e-01	0.000000000000000000e+00
6.760519789538666373e+02	6.809371269741162358e-01	0.000000000000000000e+00
6.764716883950667352e+02	6.841965277483250674e-01	0.000000000000000000e+00
6.768913978362667194e+02	6.873682374453490285e-01	0.000000000000000000e+00
6.773111072774667036e+02	6.904174150907678165e-01	0.000000000000000000e+00
6.777308167186668015e+02	6.933459582958947376e-01	0.000000000000000000e+00
6.781505261598667857e+02	6.962019111507573577e-01	0.000000000000000000e+00
6.785702356010667700e+02	6.989521020421883835e-01	0.000000000000000000e+00
6.789899450422667542e+02	7.016047157001136236e-01	0.000000000000000000e+00
6.794096544834667384e+02	7.041965753128258676e-01	0.000000000000000000e+00
6.798293639246667226e+02	7.066949922194848410e-01	0.000000000000000000e+00
6.802490733658667068e+02	7.091151170805191084e-01	0.000000000000000000e+00
6.806687828070666910e+02	7.114838539868919565e-01	0.000000000000000000e+00
6.810884922482666752e+02	7.137682490793166856e-01	0.000000000000000000e+00
6.815082016894666594e+02	7.159905451284386269e-01	0.000000000000000000e+00
6.819279111306666437e+02	7.181689402279577417e-01	0.000000000000000000e+00
6.823476205718667416e+02	7.202697502149847386e-01	0.000000000000000000e+00
6.827673300130667258e+02	7.223221337854227597e-01	0.000000000000000000e+00
6.831870394542667100e+02	7.243366636345062171e-01	0.000000000000000000e+00
6.836067488954666942e+02	7.262786436421977410e-01	0.000000000000000000e+00
6.840264583366667921e+02	7.281838181958618650e-01	0.000000000000000000e+00
6.844461677778667763e+02	7.300542393807681885e-01	0.000000000000000000e+00
6.848658772190667605e+02	7.318595402185240628e-01	0.000000000000000000e+00
6.852855866602667447e+02	7.336361488788073482e-01	0.000000000000000000e+00
6.857052961014667289e+02	7.353768556107196375e-01	0.000000000000000000e+00
6.861250055426667132e+02	7.370656835411458774e-01	0.000000000000000000e+00
6.865447149838666974e+02	7.387291805505646902e-01	0.000000000000000000e+00
6.869644244250666816e+02	7.403555350541076718e-01	0.000000000000000000e+00
6.873841338662666658e+02	7.419413568443281592e-01	0.000000000000000000e+00
6.878038433074666500e+02	7.435046703149994496e-01	0.000000000000000000e+00
6.882235527486666342e+02	7.450295640218649318e-01	0.000000000000000000e+00
6.886432621898667321e+02	7.465237208653308087e-01	0.000000000000000000e+00
6.890629716310667163e+02	7.479977602208981446e-01	0.000000000000000000e+00
6.894826810722667005e+02	7.494321030039378106e-01	0.000000000000000000e+00
6.899023905134667984e+02	7.508442264116541587e-01	0.000000000000000000e+00
6.903220999546667827e+02	7.522368718938989840e-01	0.000000000000000000e+00
6.907418093958667669e+02	7.535913734678585385e-01	0.000000000000000000e+00
6.911615188370667511e+02	7.549297077820105173e-01	0.000000000000000000e+00
6.915812282782667353e+02	7.562452585998539201e-01	0.000000000000000000e+00
6.920009377194667195e+02	7.575315809584031168e-01	0.000000000000000000e+00
6.924206471606667037e+02	7.588032354440381599e-01	0.000000000000000000e+00
6.928403566018666879e+02	7.600491316436277511e-01	0.000000000000000000e+00
6.932600660430666721e+02	7.612736385497733682e-01	0.000000000000000000e+00
6.936797754842666563e+02	7.624847860121430898e-01	0.000000000000000000e+00
6.940994849254666406e+02	7.636674925902052768e-01	0.000000000000000000e+00
6.945191943666667385e+02	7.648357381587997939e-01	0.000000000000000000e+00
6.949389038078667227e+02	7.659890155736871487e-01	0.000000000000000000e+00
6.953586132490667069e+02	7.671169442204879285e-01	0.000000000000000000e+00
6.957783226902666911e+02	7.682338051261350387e-01	0.000000000000000000e+00
6.961980321314667890e+02	7.693321131644451638e-01	0.000000000000000000e+00
6.966177415726667732e+02	7.704120806977963198e-01	0.000000000000000000e+00
6.970374510138667574e+02	7.714818626010683245e-01	0.000000000000000000e+00
6.974571604550667416e+02	7.725298790513609459e-01	0.000000000000000000e+00
6.978768698962667258e+02	7.735658018842707095e-01	0.000000000000000000e+00
6.982965793374667101e+02	7.745902587213151502e-01	0.000000000000000000e+00
6.987162887786666943e+02	7.755942011100447342e-01	0.000000000000000000e+00
6.991359982198666785e+02	7.765895683494357105e-01	0.000000000000000000e+00
6.995557076610666627e+02	7.775697864918380553e-01	0.000000000000000000e+00
6.999754171022666469e+02	7.785356760870032478e-01	0.000000000000000000e+00
7.003951265434666311e+02	7.794936096807871806e-01	0.000000000000000000e+00
7.008148359846667290e+02	7.804330898211406797e-01	0.000000000000000000e+00
7.012345454258667132e+02	7.813637912908737437e-01	0.000000000000000000e+00
7.016542548670666974e+02	7.822841011574587222e-01	0.000000000000000000e+00
7.020739643082667953e+02	7.831889799792345341e-01	0.000000000000000000e+00
7.024936737494667796e+02	7.840870746739155850e-01	0.000000000000000000e+00
7.029133831906667638e+02	7.849712403582482789e-01	0.000000000000000000e+00
7.033330926318667480e+02	7.858453978748534130e-01	0.000000000000000000e+00
7.037528020730667322e+02	7.867125171656520477e-01	0.000000000000000000e+00
7.041725115142667164e+02	7.875639318279936685e-01	0.000000000000000000e+00
7.045922209554667006e+02	7.884095239973254454e-01	0.000000000000000000e+00
7.050119303966666848e+02	7.892444378469813948e-01	0.000000000000000000e+00
7.054316398378666690e+02	7.900688842639358445e-01	0.000000000000000000e+00
7.058513492790666533e+02	7.908878707375236461e-01	0.000000000000000000e+00
7.062710587202666375e+02	7.916929000275241268e-01	0.000000000000000000e+00
7.066907681614667354e+02	7.924921939479006028e-01	0.000000000000000000e+00
7.071104776026667196e+02	7.932830844107539026e-01	0.000000000000000000e+00
7.075301870438667038e+02	7.940636150145218286e-01	0.000000000000000000e+00
7.079498964850666880e+02	7.948394141451797790e-01	0.000000000000000000e+00
7.083696059262667859e+02	7.956035132589240888e-01	0.000000000000000000e+00
7.087893153674667701e+02	7.963617934897267991e-01	0.000000000000000000e+00
7.092090248086667543e+02	7.971131957819385105e-01	0.000000000000000000e+00
7.096287342498667385e+02	7.978547580713699627e-01	0.000000000000000000e+00
7.100484436910667227e+02	7.985921984808179719e-01	0.000000000000000000e+00
7.104681531322667070e+02	7.993195027267683272e-01	0.000000000000000000e+00
7.108878625734666912e+02	8.000412959459670681e-01	0.000000000000000000e+00
7.113075720146666754e+02	8.007571612121406890e-01	0.000000000000000000e+00
7.117272814558666596e+02	8.014640003090596210e-01	0.000000000000000000e+00
7.121469908970666438e+02	8.021672301059136201e-01	0.000000000000000000e+00
7.125667003382666280e+02	8.028613499218195670e-01	0.000000000000000000e+00
7.129864097794667259e+02	8.035505500749261509e-01	0.000000000000000000e+00
7.134061192206667101e+02	8.042343308361714627e-01	0.000000000000000000e+00
7.138258286618666943e+02	8.049101025634644024e-01	0.000000000000000000e+00
7.142455381030666786e+02	8.055826976275994866e-01	0.000000000000000000e+00
7.146652475442667765e+02	8.062467915867338464e-01	0.000000000000000000e+00
7.150849569854667607e+02	8.069067581111006859e-01	0.000000000000000000e+00
7.155046664266667449e+02	8.075614758693901996e-01	0.000000000000000000e+00
7.159243758678667291e+02	8.082093360175363062e-01	0.000000000000000000e+00
7.163440853090667133e+02	8.088543857773824453e-01	0.000000000000000000e+00
7.167637947502666975e+02	8.094912187758840361e-01	0.000000000000000000e+00
7.171835041914666817e+02	8.101248548697559393e-01	0.000000000000000000e+00
7.176032136326666659e+02	8.107531541954150489e-01	0.000000000000000000e+00
7.180229230738666502e+02	8.113758300877469409e-01	0.000000000000000000e+00
7.184426325150666344e+02	8.119958522733654593e-01	0.000000000000000000e+00
7.188623419562667323e+02	8.126079966982552305e-01	0.000000000000000000e+00
7.192820513974667165e+02	8.132178126689081354e-01	0.000000000000000000e+00
7.197017608386667007e+02	8.138220050032276554e-01	0.000000000000000000e+00
7.201214702798666849e+02	8.144218537900637100e-01	0.000000000000000000e+00
7.205411797210667828e+02	8.150184718391020322e-01	0.000000000000000000e+00
7.209608891622667670e+02	8.156087248812668999e-01	0.000000000000000000e+00
7.213805986034667512e+02	8.161968902441616436e-01	0.000000000000000000e+00
7.218003080446667354e+02	8.167789898605383181e-01	0.000000000000000000e+00
7.222200174858667197e+02	8.173580467826315754e-01	0.000000000000000000e+00
7.226397269270667039e+02	8.179331828263755044e-01	0.000000000000000000e+00
7.230594363682666881e+02	8.185034521031512300e-01	0.000000000000000000e+00
7.234791458094666723e+02	8.190718092514417403e-01	0.000000000000000000e+00
7.238988552506666565e+02	8.196335931210554371e-01	0.000000000000000000e+00
7.243185646918666407e+02	8.201936121275295033e-01	0.000000000000000000e+00
7.247382741330666249e+02	8.207489300437887936e-01	0.000000000000000000e+00
7.251579835742667228e+02	8.213008568638654472e-01	0.000000000000000000e+00
7.255776930154667070e+02	8.218498974024130987e-01	0.000000000000000000e+00
7.259974024566666913e+02	8.223939913025979376e-01	0.000000000000000000e+00
7.264171118978666755e+02	8.229364797848993662e-01	0.000000000000000000e+00
7.268368213390667734e+02	8.234734094036004759e-01	0.000000000000000000e+00
7.272565307802667576e+02	8.240084014696295034e-01	0.000000000000000000e+00
7.276762402214667418e+02	8.245394820312036410e-01	0.000000000000000000e+00
7.280959496626667260e+02	8.250671986715738537e-01	0.000000000000000000e+00
7.285156591038667102e+02	8.255925578255193242e-01	0.000000000000000000e+00
7.289353685450666944e+02	8.261132058273845669e-01	0.000000000000000000e+00
7.293550779862666786e+02	8.266324658051010799e-01	0.000000000000000000e+00
7.297747874274666628e+02	8.271467365785203363e-01	0.000000000000000000e+00
7.301944968686666471e+02	8.276591944778530774e-01	0.000000000000000000e+00
7.306142063098666313e+02	8.281680845582271022e-01	0.000000000000000000e+00
7.310339157510667292e+02	8.286739145682162633e-01	0.000000000000000000e+00
7.314536251922667134e+02	8.291775241535337404e-01	0.000000000000000000e+00
7.318733346334666976e+02	8.296768883039634668e-01	0.000000000000000000e+00
7.322930440746666818e+02	8.301750359317764394e-01	0.000000000000000000e+00
7.327127535158667797e+02	8.306683599283546382e-01	0.000000000000000000e+00
7.331324629570667639e+02	8.311602496089202097e-01	0.000000000000000000e+00
7.335521723982667481e+02	8.316485564048885504e-01	0.000000000000000000e+00
7.339718818394667323e+02	8.321343225323881709e-01	0.000000000000000000e+00
7.343915912806667166e+02	8.326176881053228840e-01	0.000000000000000000e+00
7.348113007218667008e+02	8.330974547332480329e-01	0.000000000000000000e+00
7.352310101630666850e+02	8.335759494827013061e-01	0.000000000000000000e+00
7.356507196042666692e+02	8.340498307975845460e-01	0.000000000000000000e+00
7.360704290454666534e+02	8.345226775992709012e-01	0.000000000000000000e+00
7.364901384866666376e+02	8.349916205158476323e-01	0.000000000000000000e+00
7.369098479278666218e+02	8.354587278474033818e-01	0.000000000000000000e+00
7.373295573690667197e+02	8.359229795210922909e-01	0.000000000000000000e+00
7.377492668102667039e+02	8.363844395564233869e-01	0.000000000000000000e+00
7.381689762514666882e+02	8.368440499172596914e-01	0.000000000000000000e+00
7.385886856926666724e+02	8.372999465836337141e-01	0.000000000000000000e+00
7.390083951338667703e+02	8.377549112547416632e-01	0.000000000000000000e+00
7.394281045750667545e+02	8.382053703077380069e-01	0.000000000000000000e+00
7.398478140162667387e+02	8.386548799611925897e-01	0.000000000000000000e+00
7.402675234574667229e+02	8.391008202332909116e-01	0.000000000000000000e+00
7.406872328986667071e+02	8.395449407394015573e-01	0.000000000000000000e+00
7.411069423398666913e+02	8.399863945884299410e-01	0.000000000000000000e+00
7.415266517810666755e+02	8.404251850759804077e-01	0.000000000000000000e+00
7.419463612222666598e+02	8.408621809165097716e-01	0.000000000000000000e+00
7.423660706634666440e+02	8.412956941786268183e-01	0.000000000000000000e+00
7.427857801046666282e+02	8.417282566621847595e-01	0.000000000000000000e+00
7.432054895458666124e+02	8.421565395566653622e-01	0.000000000000000000e+00
7.436251989870667103e+02	8.425840280208970468e-01	0.000000000000000000e+00
7.440449084282666945e+02	8.430077835967247912e-01	0.000000000000000000e+00
7.444646178694666787e+02	8.434301047292594999e-01	0.000000000000000000e+00
7.448843273106667766e+02	8.438494801338650708e-01	0.000000000000000000e+00
7.453040367518667608e+02	8.442666683729627142e-01	0.000000000000000000e+00
7.457237461930667450e+02	8.446816750184029665e-01	0.000000000000000000e+00
7.461434556342667292e+02	8.450937602333657983e-01	0.000000000000000000e+00
7.465631650754667135e+02	8.455044066786100432e-01	0.000000000000000000e+00
7.469828745166666977e+02	8.459114145440321808e-01	0.000000000000000000e+00
7.474025839578666819e+02	8.463177066793997616e-01	0.000000000000000000e+00
7.478222933990666661e+02	8.467196590445027482e-01	0.000000000000000000e+00
7.482420028402666503e+02	8.471209240901894644e-01	0.000000000000000000e+00
7.486617122814666345e+02	8.475185155300789530e-01	0.000000000000000000e+00
7.490814217226666187e+02	8.479147597497155298e-01	0.000000000000000000e+00
7.495011311638667166e+02	8.483080003975748129e-01	0.000000000000000000e+00
7.499208406050667008e+02	8.486992382516799216e-01	0.000000000000000000e+00
7.503405500462666851e+02	8.490881251869362156e-01	0.000000000000000000e+00
7.507602594874666693e+02	8.494743685484175133e-01	0.000000000000000000e+00
7.511799689286667672e+02	8.498588971186010754e-01	0.000000000000000000e+00
7.515996783698667514e+02	8.502401556154290940e-01	0.000000000000000000e+00
7.520193878110667356e+02	8.506203196263902866e-01	0.000000000000000000e+00
7.524390972522667198e+02	8.509966009787066632e-01	0.000000000000000000e+00
7.528588066934667040e+02	8.513722921375587172e-01	0.000000000000000000e+00
7.532785161346666882e+02	8.517437032371572014e-01	0.000000000000000000e+00
7.536982255758666724e+02	8.521144379571532479e-01	0.000000000000000000e+00
7.541179350170666567e+02	8.524814585798160538e-01	0.000000000000000000e+00
7.545376444582666409e+02	8.528472415941891205e-01	0.000000000000000000e+00
7.549573538994666251e+02	8.532098612975118623e-01	0.000000000000000000e+00
7.553770633406666093e+02	8.535706965261603552e-01	0.000000000000000000e+00
7.557967727818667072e+02	8.539289042885953585e-01	0.000000000000000000e+00
7.562164822230666914e+02	8.542847951433665266e-01	0.000000000000000000e+00
7.566361916642666756e+02	8.546385795583308909e-01	0.000000000000000000e+00
7.570559011054667735e+02	8.549895292412816872e-01	0.000000000000000000e+00
7.574756105466667577e+02	8.553388787114922787e-01	0.000000000000000000e+00
7.578953199878667419e+02	8.556848905058067611e-01	0.000000000000000000e+00
7.583150294290667262e+02	8.560297934376972506e-01	0.000000000000000000e+00
7.587347388702667104e+02	8.563708709909271244e-01	0.000000000000000000e+00
7.591544483114666946e+02	8.567113159889611085e-01	0.000000000000000000e+00
7.595741577526666788e+02	8.570474635882453507e-01	0.000000000000000000e+00
7.599938671938666630e+02	8.573831657823364205e-01	0.000000000000000000e+00
7.604135766350666472e+02	8.577146624878545511e-01	0.000000000000000000e+00
7.608332860762666314e+02	8.580454559190526798e-01	0.000000000000000000e+00
7.612529955174666156e+02	8.583724636299826516e-01	0.000000000000000000e+00
7.616727049586667135e+02	8.586983550995046510e-01	0.000000000000000000e+00
7.620924143998666977e+02	8.590208651468222989e-01	0.000000000000000000e+00
7.625121238410666820e+02	8.593418629181349688e-01	0.000000000000000000e+00
7.629318332822666662e+02	8.596598677939331079e-01	0.000000000000000000e+00
7.633515427234667641e+02	8.599759818238068565e-01	0.000000000000000000e+00
7.637712521646667483e+02	8.602894753706148423e-01	0.000000000000000000e+00
7.641909616058667325e+02	8.606007175302026191e-01	0.000000000000000000e+00
7.646106710470667167e+02	8.609096951285931665e-01	0.000000000000000000e+00
7.650303804882667009e+02	8.612160794141691111e-01	0.000000000000000000e+00
7.654500899294666851e+02	8.615205381683929131e-01	0.000000000000000000e+00
7.658697993706666693e+02	8.618220809013975581e-01	0.000000000000000000e+00
7.662895088118666536e+02	8.621220198227315112e-01	0.000000000000000000e+00
7.667092182530666378e+02	8.624187398387695991e-01	0.000000000000000000e+00
7.671289276942666220e+02	8.627141600262844268e-01	0.000000000000000000e+00
7.675486371354666062e+02	8.630060788527367244e-01	0.000000000000000000e+00
7.679683465766667041e+02	8.632969836711587019e-01	0.000000000000000000e+00
7.683880560178666883e+02	8.635841256930727461e-01	0.000000000000000000e+00
7.688077654590666725e+02	8.638705209474093483e-01	0.000000000000000000e+00
7.692274749002667704e+02	8.641529135613572610e-01	0.000000000000000000e+00
7.696471843414667546e+02	8.644348076679526649e-01	0.000000000000000000e+00
7.700668937826667388e+02	8.647124814235560564e-01	0.000000000000000000e+00
7.704866032238667231e+02	8.649898855772228945e-01	0.000000000000000000e+00
7.709063126650667073e+02	8.652628743060629679e-01	0.000000000000000000e+00
7.713260221062666915e+02	8.655356738188515475e-01	0.000000000000000000e+00
7.717457315474666757e+02	8.658041435745904568e-01	0.000000000000000000e+00
7.721654409886666599e+02	8.660723155323206690e-01	0.000000000000000000e+00
7.725851504298666441e+02	8.663363471953132722e-01	0.000000000000000000e+00
7.730048598710666283e+02	8.665999325185255175e-01	0.000000000000000000e+00
7.734245693122666125e+02	8.668595499776815538e-01	0.000000000000000000e+00
7.738442787534667104e+02	8.671185931115706902e-01	0.000000000000000000e+00
7.742639881946666947e+02	8.673738237983564803e-01	0.000000000000000000e+00
7.746836976358666789e+02	8.676283727814280144e-01	0.000000000000000000e+00
7.751034070770666631e+02	8.678792478057387738e-01	0.000000000000000000e+00
7.755231165182667610e+02	8.681293543251005218e-01	0.000000000000000000e+00
7.759428259594667452e+02	8.683759086045944597e-01	0.000000000000000000e+00
7.763625354006667294e+02	8.686216280378165067e-01	0.000000000000000000e+00
7.767822448418667136e+02	8.688639004203247973e-01	0.000000000000000000e+00
7.772019542830666978e+02	8.691052918638294544e-01	0.000000000000000000e+00
7.776216637242666820e+02	8.693433252424563884e-01	0.000000000000000000e+00
7.780413731654666663e+02	8.695804515264388135e-01	0.000000000000000000e+00
7.784610826066666505e+02	8.698142929469746543e-01	0.000000000000000000e+00
7.788807920478666347e+02	8.700472206369020967e-01	0.000000000000000000e+00
7.793005014890666189e+02	8.702769213971717210e-01	0.000000000000000000e+00
7.797202109302666031e+02	8.705057207819451026e-01	0.000000000000000000e+00
7.801399203714667010e+02	8.707313365227231650e-01	0.000000000000000000e+00
7.805596298126666852e+02	8.709560815896330022e-01	0.000000000000000000e+00
7.809793392538666694e+02	8.711776723767706843e-01	0.000000000000000000e+00
7.813990486950667673e+02	8.713984407734269855e-01	0.000000000000000000e+00
7.818187581362667515e+02	8.716160711708320630e-01	0.000000000000000000e+00
7.822384675774667357e+02	8.718329441542862490e-01	0.000000000000000000e+00
7.826581770186667200e+02	8.720466832874250729e-01	0.000000000000000000e+00
7.830778864598667042e+02	8.722597456607592559e-01	0.000000000000000000e+00
7.834975959010666884e+02	8.724696672703593503e-01	0.000000000000000000e+00
7.839173053422666726e+02	8.726790073070604947e-01	0.000000000000000000e+00
7.843370147834666568e+02	8.728851897926942494e-01	0.000000000000000000e+00
7.847567242246666410e+02	8.730908991491735938e-01	0.000000000000000000e+00
7.851764336658666252e+02	8.732934256024544872e-01	0.000000000000000000e+00
7.855961431070666094e+02	8.734955992191372198e-01	0.000000000000000000e+00
7.860158525482667073e+02	8.736945574462349207e-01	0.000000000000000000e+00
7.864355619894666916e+02	8.738932934376661965e-01	0.000000000000000000e+00
7.868552714306666758e+02	8.740887759709217164e-01	0.000000000000000000e+00
7.872749808718666600e+02	8.742841755054144848e-01	0.000000000000000000e+00
7.876946903130667579e+02	8.744762796038033636e-01	0.000000000000000000e+00
7.881143997542667421e+02	8.746683837021921315e-01	0.000000000000000000e+00
7.885341091954667263e+02	8.748572744114272437e-01	0.000000000000000000e+00
7.889538186366667105e+02	8.750461020496975717e-01	0.000000000000000000e+00
7.893735280778666947e+02	8.752319739376415164e-01	0.000000000000000000e+00
7.897932375190666789e+02	8.754176317839507115e-01	0.000000000000000000e+00
7.902129469602666632e+02	8.756005990213072687e-01	0.000000000000000000e+00
7.906326564014666474e+02	8.757831984032136141e-01	0.000000000000000000e+00
7.910523658426666316e+02	8.759633775942523570e-01	0.000000000000000000e+00
7.914720752838666158e+02	8.761430344529582692e-01	0.000000000000000000e+00
7.918917847250666000e+02	8.763205444601065430e-01	0.000000000000000000e+00
7.923114941662666979e+02	8.764973792928814067e-01	0.000000000000000000e+00
7.927312036074666821e+02	8.766723410547283546e-01	0.000000000000000000e+00
7.931509130486666663e+02	8.768464788454699566e-01	0.000000000000000000e+00
7.935706224898667642e+02	8.770190151889898367e-01	0.000000000000000000e+00
7.939903319310667484e+02	8.771905853269132969e-01	0.000000000000000000e+00
7.944100413722667327e+02	8.773608207747533028e-01	0.000000000000000000e+00
7.948297508134667169e+02	8.775299569612527995e-01	0.000000000000000000e+00
7.952494602546667011e+02	8.776980175349495816e-01	0.000000000000000000e+00
7.956691696958666853e+02	8.778648576787010382e-01	0.000000000000000000e+00
7.960888791370666695e+02	8.780308706987021150e-01	0.000000000000000000e+00
7.965085885782666537e+02	8.781955567991056588e-01	0.000000000000000000e+00
7.969282980194666379e+02	8.783596506824981054e-01	0.000000000000000000e+00
7.973480074606666221e+02	8.785223287016347138e-01	0.000000000000000000e+00
7.977677169018666063e+02	8.786846327584896255e-01	0.000000000000000000e+00
7.981874263430667042e+02	8.788454524817574942e-01	0.000000000000000000e+00
7.986071357842666885e+02	8.790060967109928347e-01	0.000000000000000000e+00
7.990268452254666727e+02	8.791652115966749337e-01	0.000000000000000000e+00
7.994465546666666569e+02	8.793243264823569216e-01	0.000000000000000000e+00
