# lambda  Re(T_ZminTE(0,0),ZmaxTE(0,0))    Im(T_ZminTE(0,0),ZmaxTE(0,0)), 
3.797371134666668127e+02	7.958046193608833141e-01	0.000000000000000000e+00
3.801568229078667969e+02	7.962889064676639261e-01	0.000000000000000000e+00
3.805765323490668379e+02	7.968455368932479965e-01	0.000000000000000000e+00
3.809962417902668221e+02	7.974741977916629532e-01	0.000000000000000000e+00
3.814159512314668063e+02	7.981743563983610956e-01	0.000000000000000000e+00
3.818356606726667906e+02	7.989452690626538400e-01	0.000000000000000000e+00
3.822553701138668316e+02	7.997859905547646253e-01	0.000000000000000000e+00
3.826750795550668158e+02	8.006953836004269132e-01	0.000000000000000000e+00
3.830947889962668000e+02	8.016721285962810084e-01	0.000000000000000000e+00
3.835144984374667843e+02	8.027147334670257095e-01	0.000000000000000000e+00
3.839342078786668253e+02	8.038215436290082616e-01	0.000000000000000000e+00
3.843539173198668095e+02	8.049907520254394599e-01	0.000000000000000000e+00
3.847736267610667937e+02	8.062204092067534189e-01	0.000000000000000000e+00
3.851933362022668348e+02	8.075084334281151799e-01	0.000000000000000000e+00
3.856130456434668190e+02	8.088529381366439397e-01	0.000000000000000000e+00
3.860327550846668032e+02	8.102514480649438688e-01	0.000000000000000000e+00
3.864524645258667874e+02	8.117012907631376839e-01	0.000000000000000000e+00
3.868721739670668285e+02	8.131999606767523758e-01	0.000000000000000000e+00
3.872918834082668127e+02	8.147448708511099147e-01	0.000000000000000000e+00
3.877115928494667969e+02	8.163333626389951414e-01	0.000000000000000000e+00
3.881313022906667811e+02	8.179627152990791572e-01	0.000000000000000000e+00
3.885510117318668222e+02	8.196301554712712711e-01	0.000000000000000000e+00
3.889707211730668064e+02	8.213328665168719844e-01	0.000000000000000000e+00
3.893904306142667906e+02	8.230679977087405064e-01	0.000000000000000000e+00
3.898101400554668317e+02	8.248326732601640732e-01	0.000000000000000000e+00
3.902298494966668159e+02	8.266240011770320528e-01	0.000000000000000000e+00
3.906495589378668001e+02	8.284390819209997980e-01	0.000000000000000000e+00
3.910692683790667843e+02	8.302750168686300336e-01	0.000000000000000000e+00
3.914889778202668253e+02	8.321289165525732612e-01	0.000000000000000000e+00
3.919086872614668096e+02	8.339979086697667521e-01	0.000000000000000000e+00
3.923283967026667938e+02	8.358791458416129361e-01	0.000000000000000000e+00
3.927481061438668348e+02	8.377698131107728097e-01	0.000000000000000000e+00
3.931678155850668190e+02	8.396671351594340305e-01	0.000000000000000000e+00
3.935875250262668033e+02	8.415683832332296888e-01	0.000000000000000000e+00
3.940072344674667875e+02	8.434708767404773821e-01	0.000000000000000000e+00
3.944269439086668285e+02	8.453719508943438044e-01	0.000000000000000000e+00
3.948466533498668127e+02	8.472690385507279931e-01	0.000000000000000000e+00
3.952663627910667969e+02	8.491596537479580986e-01	0.000000000000000000e+00
3.956860722322667812e+02	8.510413875246584103e-01	0.000000000000000000e+00
3.961057816734668222e+02	8.529119128299614827e-01	0.000000000000000000e+00
3.965254911146668064e+02	8.547689890391304557e-01	0.000000000000000000e+00
3.969452005558667906e+02	8.566104660647279045e-01	0.000000000000000000e+00
3.973649099970668317e+02	8.584342880549316046e-01	0.000000000000000000e+00
3.977846194382668159e+02	8.602384966724796467e-01	0.000000000000000000e+00
3.982043288794668001e+02	8.620212339494126574e-01	0.000000000000000000e+00
3.986240383206667843e+02	8.637807447148500017e-01	0.000000000000000000e+00
3.990437477618668254e+02	8.655153785950099321e-01	0.000000000000000000e+00
3.994634572030668096e+02	8.672235915869122014e-01	0.000000000000000000e+00
3.998831666442667938e+02	8.689036344643714660e-01	0.000000000000000000e+00
4.003028760854667780e+02	8.705539045785378738e-01	0.000000000000000000e+00
4.007225855266668191e+02	8.721736588475608176e-01	0.000000000000000000e+00
4.011422949678668033e+02	8.737617916776565519e-01	0.000000000000000000e+00
4.015620044090667875e+02	8.753173064500042733e-01	0.000000000000000000e+00
4.019817138502668286e+02	8.768393146283950390e-01	0.000000000000000000e+00
4.024014232914668128e+02	8.783270345007728741e-01	0.000000000000000000e+00
4.028211327326667970e+02	8.797797895725449902e-01	0.000000000000000000e+00
4.032408421738667812e+02	8.811970066311036742e-01	0.000000000000000000e+00
4.036605516150668223e+02	8.825770311292026049e-01	0.000000000000000000e+00
4.040802610562668065e+02	8.839203540378978152e-01	0.000000000000000000e+00
4.044999704974667907e+02	8.852269478650827139e-01	0.000000000000000000e+00
4.049196799386668317e+02	8.864966391892274977e-01	0.000000000000000000e+00
4.053393893798668159e+02	8.877293443823026653e-01	0.000000000000000000e+00
4.057590988210668002e+02	8.889250660690742878e-01	0.000000000000000000e+00
4.061788082622667844e+02	8.900838614320647491e-01	0.000000000000000000e+00
4.065985177034668254e+02	8.912041847060068189e-01	0.000000000000000000e+00
4.070182271446668096e+02	8.922879883331411577e-01	0.000000000000000000e+00
4.074379365858667938e+02	8.933355951715040710e-01	0.000000000000000000e+00
4.078576460270667781e+02	8.943473944809663401e-01	0.000000000000000000e+00
4.082773554682668191e+02	8.953238376540202381e-01	0.000000000000000000e+00
4.086970649094668033e+02	8.962651187388624985e-01	0.000000000000000000e+00
4.091167743506667875e+02	8.971705329990260491e-01	0.000000000000000000e+00
4.095364837918668286e+02	8.980423049654576717e-01	0.000000000000000000e+00
4.099561932330668128e+02	8.988811046760116774e-01	0.000000000000000000e+00
4.103759026742667970e+02	8.996876424705507747e-01	0.000000000000000000e+00
4.107956121154667812e+02	9.004626648436276914e-01	0.000000000000000000e+00
4.112153215566668223e+02	9.012051517629185993e-01	0.000000000000000000e+00
4.116350309978668065e+02	9.019176740414981408e-01	0.000000000000000000e+00
4.120547404390667907e+02	9.026011782480508616e-01	0.000000000000000000e+00
4.124744498802667749e+02	9.032565259618460241e-01	0.000000000000000000e+00
4.128941593214668160e+02	9.038842575856710360e-01	0.000000000000000000e+00
4.133138687626668002e+02	9.044841516680910409e-01	0.000000000000000000e+00
4.137335782038667844e+02	9.050586624628619292e-01	0.000000000000000000e+00
4.141532876450668255e+02	9.056087037962206043e-01	0.000000000000000000e+00
4.145729970862668097e+02	9.061351919115708808e-01	0.000000000000000000e+00
4.149927065274667939e+02	9.066377610026448153e-01	0.000000000000000000e+00
4.154124159686667781e+02	9.071183319975870685e-01	0.000000000000000000e+00
4.158321254098668192e+02	9.075782154131809554e-01	0.000000000000000000e+00
4.162518348510668034e+02	9.080183148687893668e-01	0.000000000000000000e+00
4.166715442922667876e+02	9.084385767254419264e-01	0.000000000000000000e+00
4.170912537334668286e+02	9.088403958698120233e-01	0.000000000000000000e+00
4.175109631746668128e+02	9.092252097913320341e-01	0.000000000000000000e+00
4.179306726158667971e+02	9.095938694277598824e-01	0.000000000000000000e+00
4.183503820570667813e+02	9.099462688656870801e-01	0.000000000000000000e+00
4.187700914982668223e+02	9.102839354529806970e-01	0.000000000000000000e+00
4.191898009394668065e+02	9.106080289017621787e-01	0.000000000000000000e+00
4.196095103806667908e+02	9.109192999938861002e-01	0.000000000000000000e+00
4.200292198218668318e+02	9.112174648660463783e-01	0.000000000000000000e+00
4.204489292630668160e+02	9.115044365684324967e-01	0.000000000000000000e+00
4.208686387042668002e+02	9.117809099575940879e-01	0.000000000000000000e+00
4.212883481454667844e+02	9.120471241990095734e-01	0.000000000000000000e+00
4.217080575866667687e+02	9.123037656471034706e-01	0.000000000000000000e+00
4.221277670278668097e+02	9.125519727025116490e-01	0.000000000000000000e+00
4.225474764690667939e+02	9.127922828558725499e-01	0.000000000000000000e+00
4.229671859102667781e+02	9.130246521198480680e-01	0.000000000000000000e+00
4.233868953514668192e+02	9.132503915340111078e-01	0.000000000000000000e+00
4.238066047926668034e+02	9.134700023904533950e-01	0.000000000000000000e+00
4.242263142338667876e+02	9.136835095536387508e-01	0.000000000000000000e+00
4.246460236750667718e+02	9.138917881588449754e-01	0.000000000000000000e+00
4.250657331162668129e+02	9.140953891881754556e-01	0.000000000000000000e+00
4.254854425574667971e+02	9.142944230005040085e-01	0.000000000000000000e+00
4.259051519986667813e+02	9.144894397632241656e-01	0.000000000000000000e+00
4.263248614398668224e+02	9.146809633600252454e-01	0.000000000000000000e+00
4.267445708810668066e+02	9.148691090509748491e-01	0.000000000000000000e+00
4.271642803222667908e+02	9.150542587037882036e-01	0.000000000000000000e+00
4.275839897634667750e+02	9.152368398380735792e-01	0.000000000000000000e+00
4.280036992046668161e+02	9.154169284723215894e-01	0.000000000000000000e+00
4.284234086458668003e+02	9.155948199816710265e-01	0.000000000000000000e+00
4.288431180870667845e+02	9.157708185303242709e-01	0.000000000000000000e+00
4.292628275282668255e+02	9.159449379793884738e-01	0.000000000000000000e+00
4.296825369694668098e+02	9.161174233038605896e-01	0.000000000000000000e+00
4.301022464106667940e+02	9.162884552343003586e-01	0.000000000000000000e+00
4.305219558518667782e+02	9.164579684202021070e-01	0.000000000000000000e+00
4.309416652930668192e+02	9.166261774508310811e-01	0.000000000000000000e+00
4.313613747342668034e+02	9.167931304871512754e-01	0.000000000000000000e+00
4.317810841754667877e+02	9.169587178693242580e-01	0.000000000000000000e+00
4.322007936166667719e+02	9.171230960070697602e-01	0.000000000000000000e+00
4.326205030578668129e+02	9.172861657761299803e-01	0.000000000000000000e+00
4.330402124990667971e+02	9.174478496704925323e-01	0.000000000000000000e+00
4.334599219402667813e+02	9.176081951397672132e-01	0.000000000000000000e+00
4.338796313814667656e+02	9.177669355760451619e-01	0.000000000000000000e+00
4.342993408226668066e+02	9.179240872310979737e-01	0.000000000000000000e+00
4.347190502638667908e+02	9.180795170791660187e-01	0.000000000000000000e+00
4.351387597050667750e+02	9.182329020067820924e-01	0.000000000000000000e+00
4.355584691462668161e+02	9.183842992313945297e-01	0.000000000000000000e+00
4.359781785874668003e+02	9.185332643952640597e-01	0.000000000000000000e+00
4.363978880286667845e+02	9.186797163040083536e-01	0.000000000000000000e+00
4.368175974698667687e+02	9.188234510643733532e-01	0.000000000000000000e+00
4.372373069110668098e+02	9.189639339821784603e-01	0.000000000000000000e+00
4.376570163522667940e+02	9.191012785247687500e-01	0.000000000000000000e+00
4.380767257934667782e+02	9.192347034547798668e-01	0.000000000000000000e+00
4.384964352346668193e+02	9.193642519718071560e-01	0.000000000000000000e+00
4.389161446758668035e+02	9.194894291291915156e-01	0.000000000000000000e+00
4.393358541170667877e+02	9.196097172532904374e-01	0.000000000000000000e+00
4.397555635582667719e+02	9.197251657034719585e-01	0.000000000000000000e+00
4.401752729994668130e+02	9.198345495041606590e-01	0.000000000000000000e+00
4.405949824406667972e+02	9.199383535839692483e-01	0.000000000000000000e+00
4.410146918818667814e+02	9.200352672514214847e-01	0.000000000000000000e+00
4.414344013230668224e+02	9.201254379742627165e-01	0.000000000000000000e+00
4.418541107642668067e+02	9.202080251087104701e-01	0.000000000000000000e+00
4.422738202054667909e+02	9.202824684799907340e-01	0.000000000000000000e+00
4.426935296466667751e+02	9.203486048734286218e-01	0.000000000000000000e+00
4.431132390878668161e+02	9.204050373831758058e-01	0.000000000000000000e+00
4.435329485290668003e+02	9.204524051516205230e-01	0.000000000000000000e+00
4.439526579702667846e+02	9.204883491327684464e-01	0.000000000000000000e+00
4.443723674114668256e+02	9.205141648287268330e-01	0.000000000000000000e+00
4.447920768526668098e+02	9.205272081242280580e-01	0.000000000000000000e+00
4.452117862938667940e+02	9.205285877548149420e-01	0.000000000000000000e+00
4.456314957350667783e+02	9.205160054219652110e-01	0.000000000000000000e+00
4.460512051762667625e+02	9.204899790716480901e-01	0.000000000000000000e+00
4.464709146174668035e+02	9.204487046034578457e-01	0.000000000000000000e+00
4.468906240586667877e+02	9.203920902030411355e-01	0.000000000000000000e+00
4.473103334998667719e+02	9.203188269066424620e-01	0.000000000000000000e+00
4.477300429410668130e+02	9.202282242231835108e-01	0.000000000000000000e+00
4.481497523822667972e+02	9.201194358590805145e-01	0.000000000000000000e+00
4.485694618234667814e+02	9.199912204486949685e-01	0.000000000000000000e+00
4.489891712646667656e+02	9.198431215578287690e-01	0.000000000000000000e+00
4.494088807058668067e+02	9.196734387746076100e-01	0.000000000000000000e+00
4.498285901470667909e+02	9.194819847526839451e-01	0.000000000000000000e+00
4.502482995882667751e+02	9.192667438951687142e-01	0.000000000000000000e+00
4.506680090294668162e+02	9.190276208619171383e-01	0.000000000000000000e+00
4.510877184706668004e+02	9.187624895237599398e-01	0.000000000000000000e+00
4.515074279118667846e+02	9.184711040188964226e-01	0.000000000000000000e+00
4.519271373530667688e+02	9.181515026919150335e-01	0.000000000000000000e+00
4.523468467942668099e+02	9.178029712094208925e-01	0.000000000000000000e+00
4.527665562354667941e+02	9.174240681658006880e-01	0.000000000000000000e+00
4.531862656766667783e+02	9.170132065131245680e-01	0.000000000000000000e+00
4.536059751178668193e+02	9.165699129693988256e-01	0.000000000000000000e+00
4.540256845590668036e+02	9.160912254089970119e-01	0.000000000000000000e+00
4.544453940002667878e+02	9.155781909471202296e-01	0.000000000000000000e+00
4.548651034414667720e+02	9.150258590418256510e-01	0.000000000000000000e+00
4.552848128826667562e+02	9.144374672348437594e-01	0.000000000000000000e+00
4.557045223238667973e+02	9.138053382791332391e-01	0.000000000000000000e+00
4.561242317650667815e+02	9.131355071734755802e-01	0.000000000000000000e+00
4.565439412062668225e+02	9.124172773110844625e-01	0.000000000000000000e+00
4.569636506474668067e+02	9.116580888803457183e-01	0.000000000000000000e+00
4.573833600886667909e+02	9.108486564652690243e-01	0.000000000000000000e+00
4.578030695298667752e+02	9.099930781316264428e-01	0.000000000000000000e+00
4.582227789710667594e+02	9.090858038227666027e-01	0.000000000000000000e+00
4.586424884122668004e+02	9.081264218502704821e-01	0.000000000000000000e+00
4.590621978534667846e+02	9.071143751337483740e-01	0.000000000000000000e+00
4.594819072946667688e+02	9.060433783400100305e-01	0.000000000000000000e+00
4.599016167358668099e+02	9.049193314435327595e-01	0.000000000000000000e+00
4.603213261770667941e+02	9.037284928764233172e-01	0.000000000000000000e+00
4.607410356182667783e+02	9.024811466014204253e-01	0.000000000000000000e+00
4.611607450594667625e+02	9.011655698200049525e-01	0.000000000000000000e+00
4.615804545006668036e+02	8.997856027765560594e-01	0.000000000000000000e+00
4.620001639418667878e+02	8.983376404224470146e-01	0.000000000000000000e+00
4.624198733830667720e+02	8.968156975927604746e-01	0.000000000000000000e+00
4.628395828242668131e+02	8.952268667796066115e-01	0.000000000000000000e+00
4.632592922654667973e+02	8.935531473570340610e-01	0.000000000000000000e+00
4.636790017066667815e+02	8.918077751037457590e-01	0.000000000000000000e+00
4.640987111478667657e+02	8.899787792749547233e-01	0.000000000000000000e+00
4.645184205890668068e+02	8.880661919322090370e-01	0.000000000000000000e+00
4.649381300302667910e+02	8.860724749345123552e-01	0.000000000000000000e+00
4.653578394714667752e+02	8.839813950690967870e-01	0.000000000000000000e+00
4.657775489126668162e+02	8.818061140434585443e-01	0.000000000000000000e+00
4.661972583538668005e+02	8.795315995276142829e-01	0.000000000000000000e+00
4.666169677950667847e+02	8.771601363489462955e-01	0.000000000000000000e+00
4.670366772362667689e+02	8.746938736939792181e-01	0.000000000000000000e+00
4.674563866774667531e+02	8.721132068461642239e-01	0.000000000000000000e+00
4.678760961186667942e+02	8.694337092396595690e-01	0.000000000000000000e+00
4.682958055598667784e+02	8.666403271654480323e-01	0.000000000000000000e+00
4.687155150010668194e+02	8.637310416702971283e-01	0.000000000000000000e+00
4.691352244422668036e+02	8.607131612447354030e-01	0.000000000000000000e+00
4.695549338834667878e+02	8.575607516677811182e-01	0.000000000000000000e+00
4.699746433246667721e+02	8.542903975430445884e-01	0.000000000000000000e+00
4.703943527658667563e+02	8.508937714156481480e-01	0.000000000000000000e+00
4.708140622070667973e+02	8.473540776300741983e-01	0.000000000000000000e+00
4.712337716482667815e+02	8.436867014500224471e-01	0.000000000000000000e+00
4.716534810894667658e+02	8.398720513718824776e-01	0.000000000000000000e+00
4.720731905306668068e+02	8.359082750320557809e-01	0.000000000000000000e+00
4.724928999718667910e+02	8.318038061371593184e-01	0.000000000000000000e+00
4.729126094130667752e+02	8.275296014925115351e-01	0.000000000000000000e+00
4.733323188542667594e+02	8.230984439684103648e-01	0.000000000000000000e+00
4.737520282954668005e+02	8.185119716776465548e-01	0.000000000000000000e+00
4.741717377366667847e+02	8.137318291240845936e-01	0.000000000000000000e+00
4.745914471778667689e+02	8.087845984090347162e-01	0.000000000000000000e+00
4.750111566190668100e+02	8.036610903074127288e-01	0.000000000000000000e+00
4.754308660602667942e+02	7.983274563666901136e-01	0.000000000000000000e+00
4.758505755014667784e+02	7.928091823201427468e-01	0.000000000000000000e+00
4.762702849426667626e+02	7.870923924159967111e-01	0.000000000000000000e+00
4.766899943838667468e+02	7.811459256357862202e-01	0.000000000000000000e+00
4.771097038250667879e+02	7.749944300604515446e-01	0.000000000000000000e+00
4.775294132662667721e+02	7.686216938897850737e-01	0.000000000000000000e+00
4.779491227074668132e+02	7.619947915551824602e-01	0.000000000000000000e+00
4.783688321486667974e+02	7.551398072934546457e-01	0.000000000000000000e+00
4.787885415898667816e+02	7.480409652908011076e-01	0.000000000000000000e+00
4.792082510310667658e+02	7.406574597764412626e-01	0.000000000000000000e+00
4.796279604722667500e+02	7.330199752812646130e-01	0.000000000000000000e+00
4.800476699134667911e+02	7.251170877084337496e-01	0.000000000000000000e+00
4.804673793546667753e+02	7.168919160536733060e-01	0.000000000000000000e+00
4.808870887958667595e+02	7.083840565609935691e-01	0.000000000000000000e+00
4.813067982370668005e+02	6.995843203045403191e-01	0.000000000000000000e+00
4.817265076782667848e+02	6.904315384932115940e-01	0.000000000000000000e+00
4.821462171194667690e+02	6.809575098609391697e-01	0.000000000000000000e+00
4.825659265606667532e+02	6.711599805969937771e-01	0.000000000000000000e+00
4.829856360018667942e+02	6.609897801481495749e-01	0.000000000000000000e+00
4.834053454430667784e+02	6.504487337915799694e-01	0.000000000000000000e+00
4.838250548842667627e+02	6.395519420801241139e-01	0.000000000000000000e+00
4.842447643254668037e+02	6.282715399438107973e-01	0.000000000000000000e+00
4.846644737666667879e+02	6.165637087766047131e-01	0.000000000000000000e+00
4.850841832078667721e+02	6.044702083752667710e-01	0.000000000000000000e+00
4.855038926490667563e+02	5.919830961066702146e-01	0.000000000000000000e+00
4.859236020902667974e+02	5.790336168977663345e-01	0.000000000000000000e+00
4.863433115314667816e+02	5.656637212599715525e-01	0.000000000000000000e+00
4.867630209726667658e+02	5.518816714819904101e-01	0.000000000000000000e+00
4.871827304138668069e+02	5.376623646197695727e-01	0.000000000000000000e+00
4.876024398550667911e+02	5.229771807342545875e-01	0.000000000000000000e+00
4.880221492962667753e+02	5.078811366623293688e-01	0.000000000000000000e+00
4.884418587374667595e+02	4.923806164119925444e-01	0.000000000000000000e+00
4.888615681786667437e+02	4.764403325476045392e-01	0.000000000000000000e+00
4.892812776198667848e+02	4.601033413756039914e-01	0.000000000000000000e+00
4.897009870610667690e+02	4.434128868626537878e-01	0.000000000000000000e+00
4.901206965022668101e+02	4.263957703827783163e-01	0.000000000000000000e+00
4.905404059434667943e+02	4.090441954026476923e-01	0.000000000000000000e+00
4.909601153846667785e+02	3.914511368284736004e-01	0.000000000000000000e+00
4.913798248258667627e+02	3.736710250596956828e-01	0.000000000000000000e+00
4.917995342670667469e+02	3.557637162627735883e-01	0.000000000000000000e+00
4.922192437082667880e+02	3.378057310469463337e-01	0.000000000000000000e+00
4.926389531494667722e+02	3.198980699975406128e-01	0.000000000000000000e+00
4.930586625906667564e+02	3.021357029443816899e-01	0.000000000000000000e+00
4.934783720318667974e+02	2.846312448295615916e-01	0.000000000000000000e+00
4.938980814730667817e+02	2.675709832974749181e-01	0.000000000000000000e+00
4.943177909142667659e+02	2.510438385251259064e-01	0.000000000000000000e+00
4.947375003554667501e+02	2.351892440962382591e-01	0.000000000000000000e+00
4.951572097966667911e+02	2.201542085793070924e-01	0.000000000000000000e+00
4.955769192378667753e+02	2.062699154232442988e-01	0.000000000000000000e+00
4.959966286790667596e+02	1.935588860062966154e-01	0.000000000000000000e+00
4.964163381202668006e+02	1.821732466777622739e-01	0.000000000000000000e+00
4.968360475614667848e+02	1.722631883875619385e-01	0.000000000000000000e+00
4.972557570026667690e+02	1.641637378715882778e-01	0.000000000000000000e+00
4.976754664438667533e+02	1.579169284746110014e-01	0.000000000000000000e+00
4.980951758850667943e+02	1.535514190232667719e-01	0.000000000000000000e+00
4.985148853262667785e+02	1.511504282971992685e-01	0.000000000000000000e+00
4.989345947674667627e+02	1.508509102214724562e-01	0.000000000000000000e+00
4.993543042086668038e+02	1.528378376531014660e-01	0.000000000000000000e+00
4.997740136498667880e+02	1.568684967364518679e-01	0.000000000000000000e+00
5.001937230910667722e+02	1.629029677332932691e-01	0.000000000000000000e+00
5.006134325322667564e+02	1.708719494648696380e-01	0.000000000000000000e+00
5.010331419734667406e+02	1.808318157699712880e-01	0.000000000000000000e+00
5.014528514146667817e+02	1.925762521925489246e-01	0.000000000000000000e+00
5.018725608558667659e+02	2.058501448565837888e-01	0.000000000000000000e+00
5.022922702970668070e+02	2.204890969661330580e-01	0.000000000000000000e+00
5.027119797382667912e+02	2.363178326577886901e-01	0.000000000000000000e+00
5.031316891794667754e+02	2.532417702873165366e-01	0.000000000000000000e+00
5.035513986206667596e+02	2.709806687803703595e-01	0.000000000000000000e+00
5.039711080618667438e+02	2.893195445093563190e-01	0.000000000000000000e+00
5.043908175030667849e+02	3.080865272962367563e-01	0.000000000000000000e+00
5.048105269442667691e+02	3.271196007273679540e-01	0.000000000000000000e+00
5.052302363854667533e+02	3.462664473383786912e-01	0.000000000000000000e+00
5.056499458266667943e+02	3.653676353171199098e-01	0.000000000000000000e+00
5.060696552678667786e+02	3.843014911130988587e-01	0.000000000000000000e+00
5.064893647090667628e+02	4.029658477601540389e-01	0.000000000000000000e+00
5.069090741502667470e+02	4.212731882177098153e-01	0.000000000000000000e+00
5.073287835914667880e+02	4.391348377570296058e-01	0.000000000000000000e+00
5.077484930326667723e+02	4.564493292874322594e-01	0.000000000000000000e+00
5.081682024738668133e+02	4.732178708216481788e-01	0.000000000000000000e+00
5.085879119150667975e+02	4.894072921562209189e-01	0.000000000000000000e+00
5.090076213562667817e+02	5.049941118127344586e-01	0.000000000000000000e+00
5.094273307974667659e+02	5.199633926560922603e-01	0.000000000000000000e+00
5.098470402386667502e+02	5.342683281009560359e-01	0.000000000000000000e+00
5.102667496798667344e+02	5.479086668989004982e-01	0.000000000000000000e+00
5.106864591210667754e+02	5.609297312739531804e-01	0.000000000000000000e+00
5.111061685622667596e+02	5.733413359100976159e-01	0.000000000000000000e+00
5.115258780034668007e+02	5.851566970826846958e-01	0.000000000000000000e+00
5.119455874446667849e+02	5.963917428317627722e-01	0.000000000000000000e+00
5.123652968858667691e+02	6.070411659215391165e-01	0.000000000000000000e+00
5.127850063270667533e+02	6.171099816220992906e-01	0.000000000000000000e+00
5.132047157682667375e+02	6.266618701387666190e-01	0.000000000000000000e+00
5.136244252094668354e+02	6.357183709829952178e-01	0.000000000000000000e+00
5.140441346506668197e+02	6.443013383642922642e-01	0.000000000000000000e+00
5.144638440918668039e+02	6.524326887263804942e-01	0.000000000000000000e+00
5.148835535330667881e+02	6.601341930499716737e-01	0.000000000000000000e+00
5.153032629742667723e+02	6.673956468645744211e-01	0.000000000000000000e+00
5.157229724154667565e+02	6.742619742458905163e-01	0.000000000000000000e+00
5.161426818566667407e+02	6.807656130417191198e-01	0.000000000000000000e+00
5.165623912978667249e+02	6.869261473992154254e-01	0.000000000000000000e+00
5.169821007390667091e+02	6.927624541325344554e-01	0.000000000000000000e+00
5.174018101802668070e+02	6.982926657241207424e-01	0.000000000000000000e+00
5.178215196214667912e+02	7.035341467418714245e-01	0.000000000000000000e+00
5.182412290626667755e+02	7.084907453384983178e-01	0.000000000000000000e+00
5.186609385038667597e+02	7.131794866282438194e-01	0.000000000000000000e+00
5.190806479450667439e+02	7.176297492161224367e-01	0.000000000000000000e+00
5.195003573862667281e+02	7.218555580349111933e-01	0.000000000000000000e+00
5.199200668274668260e+02	7.258701893223226120e-01	0.000000000000000000e+00
5.203397762686668102e+02	7.296861888789162309e-01	0.000000000000000000e+00
5.207594857098667944e+02	7.333153926082442986e-01	0.000000000000000000e+00
5.211791951510667786e+02	7.367689486880998340e-01	0.000000000000000000e+00
5.215989045922667628e+02	7.400513913589661374e-01	0.000000000000000000e+00
5.220186140334667471e+02	7.431710808627141063e-01	0.000000000000000000e+00
5.224383234746667313e+02	7.461462742287445771e-01	0.000000000000000000e+00
5.228580329158667155e+02	7.489854536979961841e-01	0.000000000000000000e+00
5.232777423570666997e+02	7.516965433166969968e-01	0.000000000000000000e+00
5.236974517982667976e+02	7.542869328725723133e-01	0.000000000000000000e+00
5.241171612394667818e+02	7.567635015425937528e-01	0.000000000000000000e+00
5.245368706806667660e+02	7.591326412289498560e-01	0.000000000000000000e+00
5.249565801218667502e+02	7.614002795889900366e-01	0.000000000000000000e+00
5.253762895630667344e+02	7.635705700926730399e-01	0.000000000000000000e+00
5.257959990042668323e+02	7.656441676216252379e-01	0.000000000000000000e+00
5.262157084454668166e+02	7.676322249682302479e-01	0.000000000000000000e+00
5.266354178866668008e+02	7.695389533761043399e-01	0.000000000000000000e+00
5.270551273278667850e+02	7.713682191869531968e-01	0.000000000000000000e+00
5.274748367690667692e+02	7.731235659006294725e-01	0.000000000000000000e+00
5.278945462102667534e+02	7.748082362934365364e-01	0.000000000000000000e+00
5.283142556514667376e+02	7.764251946201452537e-01	0.000000000000000000e+00
5.287339650926667218e+02	7.779771489056680478e-01	0.000000000000000000e+00
5.291536745338667060e+02	7.794665733095877957e-01	0.000000000000000000e+00
5.295733839750668039e+02	7.808957305216293054e-01	0.000000000000000000e+00
5.299930934162667882e+02	7.822661837188537026e-01	0.000000000000000000e+00
5.304128028574667724e+02	7.835771136920057778e-01	0.000000000000000000e+00
5.308325122986667566e+02	7.848337875661869356e-01	0.000000000000000000e+00
5.312522217398667408e+02	7.860378210808607324e-01	0.000000000000000000e+00
5.316719311810667250e+02	7.871907326217474354e-01	0.000000000000000000e+00
5.320916406222668229e+02	7.882939630461556213e-01	0.000000000000000000e+00
5.325113500634668071e+02	7.893488944970509236e-01	0.000000000000000000e+00
5.329310595046667913e+02	7.903568680064447793e-01	0.000000000000000000e+00
5.333507689458667755e+02	7.913191996938071515e-01	0.000000000000000000e+00
5.337704783870667598e+02	7.922371953780269482e-01	0.000000000000000000e+00
5.341901878282667440e+02	7.931121634418385469e-01	0.000000000000000000e+00
5.346098972694667282e+02	7.939454258151297239e-01	0.000000000000000000e+00
5.350296067106667124e+02	7.947383269772089198e-01	0.000000000000000000e+00
5.354493161518666966e+02	7.954922409167226593e-01	0.000000000000000000e+00
5.358690255930667945e+02	7.962085760302928250e-01	0.000000000000000000e+00
5.362887350342667787e+02	7.968877893816893598e-01	0.000000000000000000e+00
5.367084444754667629e+02	7.975317438523338298e-01	0.000000000000000000e+00
5.371281539166667471e+02	7.981427558697874458e-01	0.000000000000000000e+00
5.375478633578667313e+02	7.987223799565938975e-01	0.000000000000000000e+00
5.379675727990668292e+02	7.992721997832857861e-01	0.000000000000000000e+00
5.383872822402668135e+02	7.997938224870225765e-01	0.000000000000000000e+00
5.388069916814667977e+02	8.002888719689493779e-01	0.000000000000000000e+00
5.392267011226667819e+02	8.007589814068698519e-01	0.000000000000000000e+00
5.396464105638667661e+02	8.012057852215342946e-01	0.000000000000000000e+00
5.400661200050667503e+02	8.016309107292709513e-01	0.000000000000000000e+00
5.404858294462667345e+02	8.020359697018499823e-01	0.000000000000000000e+00
5.409055388874667187e+02	8.024225500371003905e-01	0.000000000000000000e+00
5.413252483286667029e+02	8.027922077221059105e-01	0.000000000000000000e+00
5.417449577698668008e+02	8.031464592459389706e-01	0.000000000000000000e+00
5.421646672110667851e+02	8.034867745920801774e-01	0.000000000000000000e+00
5.425843766522667693e+02	8.038145709130719574e-01	0.000000000000000000e+00
5.430040860934667535e+02	8.041312069625758951e-01	0.000000000000000000e+00
5.434237955346667377e+02	8.044379783338169165e-01	0.000000000000000000e+00
5.438435049758667219e+02	8.047361135290767020e-01	0.000000000000000000e+00
5.442632144170668198e+02	8.050267708630369778e-01	0.000000000000000000e+00
5.446829238582668040e+02	8.053110361837427789e-01	0.000000000000000000e+00
5.451026332994667882e+02	8.055899213789398106e-01	0.000000000000000000e+00
5.455223427406667724e+02	8.058643636226487939e-01	0.000000000000000000e+00
5.459420521818667567e+02	8.061352253069363760e-01	0.000000000000000000e+00
5.463617616230667409e+02	8.064032945968234722e-01	0.000000000000000000e+00
5.467814710642667251e+02	8.066692865418371161e-01	0.000000000000000000e+00
5.472011805054667093e+02	8.069338446755945915e-01	0.000000000000000000e+00
5.476208899466666935e+02	8.071975430346718383e-01	0.000000000000000000e+00
5.480405993878667914e+02	8.074608885295289085e-01	0.000000000000000000e+00
5.484603088290667756e+02	8.077243236030603457e-01	0.000000000000000000e+00
5.488800182702667598e+02	8.079882291162117092e-01	0.000000000000000000e+00
5.492997277114667440e+02	8.082529274046074130e-01	0.000000000000000000e+00
5.497194371526667283e+02	8.085186854551862368e-01	0.000000000000000000e+00
5.501391465938668262e+02	8.087857181570802245e-01	0.000000000000000000e+00
5.505588560350668104e+02	8.090541915863284084e-01	0.000000000000000000e+00
5.509785654762667946e+02	8.093242262892370587e-01	0.000000000000000000e+00
5.513982749174667788e+02	8.095959005342922010e-01	0.000000000000000000e+00
5.518179843586667630e+02	8.098692535072652410e-01	0.000000000000000000e+00
5.522376937998667472e+02	8.101442884286259583e-01	0.000000000000000000e+00
5.526574032410667314e+02	8.104209755763974732e-01	0.000000000000000000e+00
5.530771126822667156e+02	8.106992552012657338e-01	0.000000000000000000e+00
5.534968221234666998e+02	8.109790403240100254e-01	0.000000000000000000e+00
5.539165315646667977e+02	8.112602194081591778e-01	0.000000000000000000e+00
5.543362410058667820e+02	8.115426589032921356e-01	0.000000000000000000e+00
5.547559504470667662e+02	8.118262056564802265e-01	0.000000000000000000e+00
5.551756598882667504e+02	8.121106891911846759e-01	0.000000000000000000e+00
5.555953693294667346e+02	8.123959238544133932e-01	0.000000000000000000e+00
5.560150787706667188e+02	8.126817108341173324e-01	0.000000000000000000e+00
5.564347882118668167e+02	8.129678400498352442e-01	0.000000000000000000e+00
5.568544976530668009e+02	8.132540919202964069e-01	0.000000000000000000e+00
5.572742070942667851e+02	8.135402390123017691e-01	0.000000000000000000e+00
5.576939165354667693e+02	8.138260475756010637e-01	0.000000000000000000e+00
5.581136259766667536e+02	8.141112789687485751e-01	0.000000000000000000e+00
5.585333354178667378e+02	8.143956909811309597e-01	0.000000000000000000e+00
5.589530448590667220e+02	8.146790390563459772e-01	0.000000000000000000e+00
5.593727543002667062e+02	8.149610774221943688e-01	0.000000000000000000e+00
5.597924637414666904e+02	8.152415601323903527e-01	0.000000000000000000e+00
5.602121731826667883e+02	8.155202420250580175e-01	0.000000000000000000e+00
5.606318826238667725e+02	8.157968796028518543e-01	0.000000000000000000e+00
5.610515920650667567e+02	8.160712318393950060e-01	0.000000000000000000e+00
5.614713015062667409e+02	8.163430609165234220e-01	0.000000000000000000e+00
5.618910109474667252e+02	8.166121328965606496e-01	0.000000000000000000e+00
5.623107203886668231e+02	8.168782183337301994e-01	0.000000000000000000e+00
5.627304298298668073e+02	8.171410928284390529e-01	0.000000000000000000e+00
5.631501392710667915e+02	8.174005375280453123e-01	0.000000000000000000e+00
5.635698487122667757e+02	8.176563395775290344e-01	0.000000000000000000e+00
5.639895581534667599e+02	8.179082925231260237e-01	0.000000000000000000e+00
5.644092675946667441e+02	8.181561966719004264e-01	0.000000000000000000e+00
5.648289770358667283e+02	8.183998594100192481e-01	0.000000000000000000e+00
5.652486864770667125e+02	8.186390954823313804e-01	0.000000000000000000e+00
5.656683959182666968e+02	8.188737272354962293e-01	0.000000000000000000e+00
5.660881053594667947e+02	8.191035848270270536e-01	0.000000000000000000e+00
5.665078148006667789e+02	8.193283730210317861e-01	0.000000000000000000e+00
5.669275242418667631e+02	8.195478760848580180e-01	0.000000000000000000e+00
5.673472336830667473e+02	8.197621154986539649e-01	0.000000000000000000e+00
5.677669431242667315e+02	8.199709549819608201e-01	0.000000000000000000e+00
5.681866525654667157e+02	8.201742667970173262e-01	0.000000000000000000e+00
5.686063620066668136e+02	8.203719317863378269e-01	0.000000000000000000e+00
5.690260714478667978e+02	8.205638393875308578e-01	0.000000000000000000e+00
5.694457808890667820e+02	8.207498876268651822e-01	0.000000000000000000e+00
5.698654903302667663e+02	8.209299830925637087e-01	0.000000000000000000e+00
5.702851997714667505e+02	8.211040408890638576e-01	0.000000000000000000e+00
5.707049092126667347e+02	8.212719845732007196e-01	0.000000000000000000e+00
5.711246186538667189e+02	8.214337460734180141e-01	0.000000000000000000e+00
5.715443280950667031e+02	8.215892655929615263e-01	0.000000000000000000e+00
5.719640375362666873e+02	8.217384914977549082e-01	0.000000000000000000e+00
5.723837469774667852e+02	8.218813801901384553e-01	0.000000000000000000e+00
5.728034564186667694e+02	8.220178959689308229e-01	0.000000000000000000e+00
5.732231658598667536e+02	8.221475127375852399e-01	0.000000000000000000e+00
5.736428753010667378e+02	8.222706179806380522e-01	0.000000000000000000e+00
5.740625847422667221e+02	8.223872745424553043e-01	0.000000000000000000e+00
5.744822941834668200e+02	8.224974789031980205e-01	0.000000000000000000e+00
5.749020036246668042e+02	8.226012345944196946e-01	0.000000000000000000e+00
5.753217130658667884e+02	8.226985519818659220e-01	0.000000000000000000e+00
5.757414225070667726e+02	8.227894480392197174e-01	0.000000000000000000e+00
5.761611319482667568e+02	8.228739461135042843e-01	0.000000000000000000e+00
5.765808413894667410e+02	8.229520756826396166e-01	0.000000000000000000e+00
5.770005508306667252e+02	8.230238721057441253e-01	0.000000000000000000e+00
5.774202602718667094e+02	8.230893763668377661e-01	0.000000000000000000e+00
5.778399697130666937e+02	8.231486348123048247e-01	0.000000000000000000e+00
5.782596791542667916e+02	8.232011318428507085e-01	0.000000000000000000e+00
5.786793885954667758e+02	8.232473701230007546e-01	0.000000000000000000e+00
5.790990980366667600e+02	8.232875342588511502e-01	0.000000000000000000e+00
5.795188074778667442e+02	8.233216915328898100e-01	0.000000000000000000e+00
5.799385169190667284e+02	8.233499130935615362e-01	0.000000000000000000e+00
5.803582263602667126e+02	8.233722736489836880e-01	0.000000000000000000e+00
5.807779358014668105e+02	8.233888511574717350e-01	0.000000000000000000e+00
5.811976452426667947e+02	8.233997265154456846e-01	0.000000000000000000e+00
5.816173546838667789e+02	8.234049832432184246e-01	0.000000000000000000e+00
5.820370641250667632e+02	8.234047071690928643e-01	0.000000000000000000e+00
5.824567735662667474e+02	8.233985662050410381e-01	0.000000000000000000e+00
5.828764830074667316e+02	8.233867921224254927e-01	0.000000000000000000e+00
5.832961924486667158e+02	8.233697686587589937e-01	0.000000000000000000e+00
5.837159018898667000e+02	8.233475887556621631e-01	0.000000000000000000e+00
5.841356113310666842e+02	8.233203457852491525e-01	0.000000000000000000e+00
5.845553207722667821e+02	8.232881332070804969e-01	0.000000000000000000e+00
5.849750302134667663e+02	8.232510442257549022e-01	0.000000000000000000e+00
5.853947396546667505e+02	8.232091714496441170e-01	0.000000000000000000e+00
5.858144490958667348e+02	8.231626065513349966e-01	0.000000000000000000e+00
5.862341585370667190e+02	8.231110855484484734e-01	0.000000000000000000e+00
5.866538679782668169e+02	8.230547373901335728e-01	0.000000000000000000e+00
5.870735774194668011e+02	8.229939805478803105e-01	0.000000000000000000e+00
5.874932868606667853e+02	8.229288982869400471e-01	0.000000000000000000e+00
5.879129963018667695e+02	8.228595707499195555e-01	0.000000000000000000e+00
5.883327057430667537e+02	8.227860745971440348e-01	0.000000000000000000e+00
5.887524151842667379e+02	8.227084826509734050e-01	0.000000000000000000e+00
5.891721246254667221e+02	8.226268635448844568e-01	0.000000000000000000e+00
5.895918340666667063e+02	8.225411044253775339e-01	0.000000000000000000e+00
5.900115435078666906e+02	8.224509635989510903e-01	0.000000000000000000e+00
5.904312529490666748e+02	8.223569785820241673e-01	0.000000000000000000e+00
5.908509623902667727e+02	8.222591928957767582e-01	0.000000000000000000e+00
5.912706718314667569e+02	8.221576433510853210e-01	0.000000000000000000e+00
5.916903812726667411e+02	8.220523596780376918e-01	0.000000000000000000e+00
5.921100907138667253e+02	8.219433641635743859e-01	0.000000000000000000e+00
5.925298001550667095e+02	8.218306712987649698e-01	0.000000000000000000e+00
5.929495095962668074e+02	8.217138437187119226e-01	0.000000000000000000e+00
5.933692190374667916e+02	8.215930544869974872e-01	0.000000000000000000e+00
5.937889284786667758e+02	8.214685311422157410e-01	0.000000000000000000e+00
5.942086379198667601e+02	8.213402425854594568e-01	0.000000000000000000e+00
5.946283473610667443e+02	8.212081469424723501e-01	0.000000000000000000e+00
5.950480568022667285e+02	8.210721911929343975e-01	0.000000000000000000e+00
5.954677662434667127e+02	8.209323108166475258e-01	0.000000000000000000e+00
5.958874756846666969e+02	8.207880056065327556e-01	0.000000000000000000e+00
5.963071851258666811e+02	8.206391341366648939e-01	0.000000000000000000e+00
5.967268945670667790e+02	8.204859833173165917e-01	0.000000000000000000e+00
5.971466040082667632e+02	8.203284201781898544e-01	0.000000000000000000e+00
5.975663134494667474e+02	8.201662966607413674e-01	0.000000000000000000e+00
5.979860228906667317e+02	8.199994492532692858e-01	0.000000000000000000e+00
5.984057323318667159e+02	8.198276986576215064e-01	0.000000000000000000e+00
5.988254417730668138e+02	8.196499266746181123e-01	0.000000000000000000e+00
5.992451512142667980e+02	8.194664168810775751e-01	0.000000000000000000e+00
5.996648606554667822e+02	8.192771752421700304e-01	0.000000000000000000e+00
6.000845700966667664e+02	8.190819244475310290e-01	0.000000000000000000e+00
6.005042795378667506e+02	8.188803669833506493e-01	0.000000000000000000e+00
6.009239889790667348e+02	8.186721848209018715e-01	0.000000000000000000e+00
6.013436984202667190e+02	8.184563855529810583e-01	0.000000000000000000e+00
6.017634078614667033e+02	8.182319443024735905e-01	0.000000000000000000e+00
6.021831173026666875e+02	8.179994751262712471e-01	0.000000000000000000e+00
6.026028267438666717e+02	8.177585279143645414e-01	0.000000000000000000e+00
6.030225361850667696e+02	8.175086265758395587e-01	0.000000000000000000e+00
6.034422456262667538e+02	8.172492688041391729e-01	0.000000000000000000e+00
6.038619550674667380e+02	8.169792259926972333e-01	0.000000000000000000e+00
6.042816645086667222e+02	8.166963192290460638e-01	0.000000000000000000e+00
6.047013739498667064e+02	8.164017676619675923e-01	0.000000000000000000e+00
6.051210833910668043e+02	8.160948920519406347e-01	0.000000000000000000e+00
6.055407928322667885e+02	8.157749801771345677e-01	0.000000000000000000e+00
6.059605022734667727e+02	8.154412867980564972e-01	0.000000000000000000e+00
6.063802117146667570e+02	8.150913612793021512e-01	0.000000000000000000e+00
6.067999211558667412e+02	8.147229672554686664e-01	0.000000000000000000e+00
6.072196305970667254e+02	8.143375319660510758e-01	0.000000000000000000e+00
6.076393400382667096e+02	8.139340737329775477e-01	0.000000000000000000e+00
6.080590494794666938e+02	8.135115696388345308e-01	0.000000000000000000e+00
6.084787589206666780e+02	8.130689559422592527e-01	0.000000000000000000e+00
6.088984683618667759e+02	8.126001722287453655e-01	0.000000000000000000e+00
6.093181778030667601e+02	8.121063519378668438e-01	0.000000000000000000e+00
6.097378872442667443e+02	8.115876987047779823e-01	0.000000000000000000e+00
6.101575966854667286e+02	8.110428336032839969e-01	0.000000000000000000e+00
6.105773061266667128e+02	8.104703273607759551e-01	0.000000000000000000e+00
6.109970155678666970e+02	8.098659024710269660e-01	0.000000000000000000e+00
6.114167250090667949e+02	8.092231259257591791e-01	0.000000000000000000e+00
6.118364344502667791e+02	8.085463407586772622e-01	0.000000000000000000e+00
6.122561438914667633e+02	8.078337122447840635e-01	0.000000000000000000e+00
6.126758533326667475e+02	8.070833443135497776e-01	0.000000000000000000e+00
6.130955627738667317e+02	8.062930547923470304e-01	0.000000000000000000e+00
6.135152722150667159e+02	8.054467180057219844e-01	0.000000000000000000e+00
6.139349816562667002e+02	8.045541289866319223e-01	0.000000000000000000e+00
6.143546910974666844e+02	8.036128720764736943e-01	0.000000000000000000e+00
6.147744005386666686e+02	8.026204584090226302e-01	0.000000000000000000e+00
6.151941099798667665e+02	8.015743299752803308e-01	0.000000000000000000e+00
6.156138194210667507e+02	8.004535372133710913e-01	0.000000000000000000e+00
6.160335288622667349e+02	7.992682625246378958e-01	0.000000000000000000e+00
6.164532383034667191e+02	7.980173789213468316e-01	0.000000000000000000e+00
6.168729477446667033e+02	7.966976531831214681e-01	0.000000000000000000e+00
6.172926571858668012e+02	7.953057744122774553e-01	0.000000000000000000e+00
6.177123666270667854e+02	7.938121432235755170e-01	0.000000000000000000e+00
6.181320760682667697e+02	7.922323893922319504e-01	0.000000000000000000e+00
6.185517855094667539e+02	7.905648334357102680e-01	0.000000000000000000e+00
6.189714949506667381e+02	7.888053261641014835e-01	0.000000000000000000e+00
6.193912043918667223e+02	7.869475294459361558e-01	0.000000000000000000e+00
6.198109138330667065e+02	7.849509971268339159e-01	0.000000000000000000e+00
6.202306232742666907e+02	7.828430480374058975e-01	0.000000000000000000e+00
6.206503327154666749e+02	7.806185328763972642e-01	0.000000000000000000e+00
6.210700421566667728e+02	7.782722132966549689e-01	0.000000000000000000e+00
6.214897515978667570e+02	7.757822113017016630e-01	0.000000000000000000e+00
6.219094610390667413e+02	7.731192439481809897e-01	0.000000000000000000e+00
6.223291704802667255e+02	7.703094005898848406e-01	0.000000000000000000e+00
6.227488799214667097e+02	7.673462898715711633e-01	0.000000000000000000e+00
6.231685893626666939e+02	7.642234508328469289e-01	0.000000000000000000e+00
6.235882988038667918e+02	7.608850615756777014e-01	0.000000000000000000e+00
6.240080082450667760e+02	7.573428918824722800e-01	0.000000000000000000e+00
6.244277176862667602e+02	7.536094203854333262e-01	0.000000000000000000e+00
6.248474271274667444e+02	7.496769720683796878e-01	0.000000000000000000e+00
6.252671365686667286e+02	7.455226924940701050e-01	0.000000000000000000e+00
6.256868460098667128e+02	7.410716527712903900e-01	0.000000000000000000e+00
6.261065554510666971e+02	7.363844143533365694e-01	0.000000000000000000e+00
6.265262648922666813e+02	7.314521814984656922e-01	0.000000000000000000e+00
6.269459743334666655e+02	7.262661850778799888e-01	0.000000000000000000e+00
6.273656837746667634e+02	7.207293082861057076e-01	0.000000000000000000e+00
6.277853932158667476e+02	7.148756355223412351e-01	0.000000000000000000e+00
6.282051026570667318e+02	7.087251827856111408e-01	0.000000000000000000e+00
6.286248120982667160e+02	7.022685596855345880e-01	0.000000000000000000e+00
6.290445215394667002e+02	6.954390257603058068e-01	0.000000000000000000e+00
6.294642309806667981e+02	6.881836740178548517e-01	0.000000000000000000e+00
6.298839404218667823e+02	6.805770741600479790e-01	0.000000000000000000e+00
6.303036498630667666e+02	6.726101891067364225e-01	0.000000000000000000e+00
6.307233593042667508e+02	6.642517036090628268e-01	0.000000000000000000e+00
6.311430687454667350e+02	6.553544077415491831e-01	0.000000000000000000e+00
6.315627781866667192e+02	6.460551971930172943e-01	0.000000000000000000e+00
6.319824876278667034e+02	6.363471257773521961e-01	0.000000000000000000e+00
6.324021970690666876e+02	6.262235361525170241e-01	0.000000000000000000e+00
6.328219065102666718e+02	6.154851490015966764e-01	0.000000000000000000e+00
6.332416159514667697e+02	6.042978799102800558e-01	0.000000000000000000e+00
6.336613253926667539e+02	5.926709295805271394e-01	0.000000000000000000e+00
6.340810348338667382e+02	5.806023995352188605e-01	0.000000000000000000e+00
6.345007442750667224e+02	5.679139029586967036e-01	0.000000000000000000e+00
6.349204537162667066e+02	5.547477919643060140e-01	0.000000000000000000e+00
6.353401631574666908e+02	5.411465130670555235e-01	0.000000000000000000e+00
6.357598725986667887e+02	5.271160591038516197e-01	0.000000000000000000e+00
6.361795820398667729e+02	5.125085673226220662e-01	0.000000000000000000e+00
6.365992914810667571e+02	4.974643936979815106e-01	0.000000000000000000e+00
6.370190009222667413e+02	4.820455598087817761e-01	0.000000000000000000e+00
6.374387103634667255e+02	4.662687507476482862e-01	0.000000000000000000e+00
6.378584198046667098e+02	4.500366651872004797e-01	0.000000000000000000e+00
6.382781292458666940e+02	4.335007959537952038e-01	0.000000000000000000e+00
6.386978386870666782e+02	4.167236431108455874e-01	0.000000000000000000e+00
6.391175481282666624e+02	3.997335172864928676e-01	0.000000000000000000e+00
6.395372575694666466e+02	3.825218980702610461e-01	0.000000000000000000e+00
6.399569670106667445e+02	3.652282381087375018e-01	0.000000000000000000e+00
6.403766764518667287e+02	3.479012684899095431e-01	0.000000000000000000e+00
6.407963858930667129e+02	3.305791528106288291e-01	0.000000000000000000e+00
6.412160953342668108e+02	3.133990419747761935e-01	0.000000000000000000e+00
6.416358047754667950e+02	2.964024456738026947e-01	0.000000000000000000e+00
6.420555142166667792e+02	2.796310150080297263e-01	0.000000000000000000e+00
6.424752236578667635e+02	2.631676930282010329e-01	0.000000000000000000e+00
6.428949330990667477e+02	2.472389890289874159e-01	0.000000000000000000e+00
6.433146425402667319e+02	2.317589388386497862e-01	0.000000000000000000e+00
6.437343519814667161e+02	2.167630240827661259e-01	0.000000000000000000e+00
6.441540614226667003e+02	2.024462077044507091e-01	0.000000000000000000e+00
6.445737708638666845e+02	1.889416257896766316e-01	0.000000000000000000e+00
6.449934803050666687e+02	1.760990945562421472e-01	0.000000000000000000e+00
6.454131897462666529e+02	1.639411823208390129e-01	0.000000000000000000e+00
6.458328991874667508e+02	1.528300013743207342e-01	0.000000000000000000e+00
6.462526086286667351e+02	1.426041013594951945e-01	0.000000000000000000e+00
6.466723180698667193e+02	1.331559839616356100e-01	0.000000000000000000e+00
6.470920275110667035e+02	1.245315645541091865e-01	0.000000000000000000e+00
6.475117369522668014e+02	1.171524165230829612e-01	0.000000000000000000e+00
6.479314463934667856e+02	1.105677854737786292e-01	0.000000000000000000e+00
6.483511558346667698e+02	1.047706361607839143e-01	0.000000000000000000e+00
6.487708652758667540e+02	9.997646159353361373e-02	0.000000000000000000e+00
6.491905747170667382e+02	9.619326162883662379e-02	0.000000000000000000e+00
6.496102841582667224e+02	9.314526602517228526e-02	0.000000000000000000e+00
6.500299935994667067e+02	9.081993683641267912e-02	0.000000000000000000e+00
6.504497030406666909e+02	8.958831891323267016e-02	0.000000000000000000e+00
6.508694124818666751e+02	8.906903200113935881e-02	0.000000000000000000e+00
6.512891219230666593e+02	8.920323474187233370e-02	0.000000000000000000e+00
6.517088313642666435e+02	9.012783952706304724e-02	0.000000000000000000e+00
6.521285408054667414e+02	9.193927027333388680e-02	0.000000000000000000e+00
6.525482502466667256e+02	9.437083369680707157e-02	0.000000000000000000e+00
6.529679596878667098e+02	9.742088007510955883e-02	0.000000000000000000e+00
6.533876691290668077e+02	1.014743485307866289e-01	0.000000000000000000e+00
6.538073785702667919e+02	1.062482465164322348e-01	0.000000000000000000e+00
6.542270880114667762e+02	1.117026435233282461e-01	0.000000000000000000e+00
6.546467974526667604e+02	1.180729629721432999e-01	0.000000000000000000e+00
6.550665068938667446e+02	1.255351514916202837e-01	0.000000000000000000e+00
6.554862163350667288e+02	1.338270918314525548e-01	0.000000000000000000e+00
6.559059257762667130e+02	1.429704891144231160e-01	0.000000000000000000e+00
6.563256352174666972e+02	1.536965015452144978e-01	0.000000000000000000e+00
6.567453446586666814e+02	1.654010629044059821e-01	0.000000000000000000e+00
6.571650540998666656e+02	1.780842161282548686e-01	0.000000000000000000e+00
6.575847635410666499e+02	1.922049537016796705e-01	0.000000000000000000e+00
6.580044729822667477e+02	2.075228013220887791e-01	0.000000000000000000e+00
6.584241824234667320e+02	2.237082272550832140e-01	0.000000000000000000e+00
6.588438918646667162e+02	2.408695494927392822e-01	0.000000000000000000e+00
6.592636013058667004e+02	2.589676313820022391e-01	0.000000000000000000e+00
6.596833107470667983e+02	2.774670896180908009e-01	0.000000000000000000e+00
6.601030201882667825e+02	2.963045649229898992e-01	0.000000000000000000e+00
6.605227296294667667e+02	3.152490118429351895e-01	0.000000000000000000e+00
6.609424390706667509e+02	3.339762784820825003e-01	0.000000000000000000e+00
6.613621485118667351e+02	3.524362823226908636e-01	0.000000000000000000e+00
6.617818579530667193e+02	3.702224656605635489e-01	0.000000000000000000e+00
6.622015673942667036e+02	3.872572257887949565e-01	0.000000000000000000e+00
6.626212768354666878e+02	4.036499073669144733e-01	0.000000000000000000e+00
6.630409862766666720e+02	4.191089066351557646e-01	0.000000000000000000e+00
6.634606957178666562e+02	4.335107806382417772e-01	0.000000000000000000e+00
6.638804051590666404e+02	4.471989521480173591e-01	0.000000000000000000e+00
6.643001146002667383e+02	4.600568068962913593e-01	0.000000000000000000e+00
6.647198240414667225e+02	4.718222671749277564e-01	0.000000000000000000e+00
6.651395334826667067e+02	4.829790815314358721e-01	0.000000000000000000e+00
6.655592429238668046e+02	4.935305141823105313e-01	0.000000000000000000e+00
6.659789523650667888e+02	5.031184945492036542e-01	0.000000000000000000e+00
6.663986618062667731e+02	5.122474029627153147e-01	0.000000000000000000e+00
6.668183712474667573e+02	5.209284253621391247e-01	0.000000000000000000e+00
6.672380806886667415e+02	5.289252542522070444e-01	0.000000000000000000e+00
6.676577901298667257e+02	5.365437207259501351e-01	0.000000000000000000e+00
6.680774995710667099e+02	5.438394196880559361e-01	0.000000000000000000e+00
6.684972090122666941e+02	5.506665415649323325e-01	0.000000000000000000e+00
6.689169184534666783e+02	5.571873624909995382e-01	0.000000000000000000e+00
6.693366278946666625e+02	5.634764276504002911e-01	0.000000000000000000e+00
6.697563373358666468e+02	5.694408769250222102e-01	0.000000000000000000e+00
6.701760467770667447e+02	5.751599283235312443e-01	0.000000000000000000e+00
6.705957562182667289e+02	5.807093340499245304e-01	0.000000000000000000e+00
6.710154656594667131e+02	5.860269734995496860e-01	0.000000000000000000e+00
6.714351751006666973e+02	5.911467331701344419e-01	0.000000000000000000e+00
6.718548845418667952e+02	5.961382962868900792e-01	0.000000000000000000e+00
6.722745939830667794e+02	6.009573888240811179e-01	0.000000000000000000e+00
6.726943034242667636e+02	6.056144571693793388e-01	0.000000000000000000e+00
6.731140128654667478e+02	6.101710256682625344e-01	0.000000000000000000e+00
6.735337223066667320e+02	6.145931035165504985e-01	0.000000000000000000e+00
6.739534317478667163e+02	6.188800841363953920e-01	0.000000000000000000e+00
6.743731411890667005e+02	6.230853718157640664e-01	0.000000000000000000e+00
6.747928506302666847e+02	6.271806831122836989e-01	0.000000000000000000e+00
6.752125600714666689e+02	6.311614392622298952e-01	0.000000000000000000e+00
6.756322695126666531e+02	6.350736047997616041e-01	0.000000000000000000e+00
6.760519789538666373e+02	6.388917057016287870e-01	0.000000000000000000e+00
6.764716883950667352e+02	6.426114108215885690e-01	0.000000000000000000e+00
6.768913978362667194e+02	6.462719466338807672e-01	0.000000000000000000e+00
6.773111072774667036e+02	6.498487109907769010e-01	0.000000000000000000e+00
6.777308167186668015e+02	6.533403101632949683e-01	0.000000000000000000e+00
6.781505261598667857e+02	6.567797529549899149e-01	0.000000000000000000e+00
6.785702356010667700e+02	6.601419408535308397e-01	0.000000000000000000e+00
6.789899450422667542e+02	6.634302731962141708e-01	0.000000000000000000e+00
6.794096544834667384e+02	6.666718552375382467e-01	0.000000000000000000e+00
6.798293639246667226e+02	6.698400788551429619e-01	0.000000000000000000e+00
6.802490733658667068e+02	6.729445127632525114e-01	0.000000000000000000e+00
6.806687828070666910e+02	6.760065047268770666e-01	0.000000000000000000e+00
6.810884922482666752e+02	6.789971595845731844e-01	0.000000000000000000e+00
6.815082016894666594e+02	6.819332908250014258e-01	0.000000000000000000e+00
6.819279111306666437e+02	6.848305184447560645e-01	0.000000000000000000e+00
6.823476205718667416e+02	6.876570507207244720e-01	0.000000000000000000e+00
6.827673300130667258e+02	6.904378099810609681e-01	0.000000000000000000e+00
6.831870394542667100e+02	6.931826483433277675e-01	0.000000000000000000e+00
6.836067488954666942e+02	6.958563958864437682e-01	0.000000000000000000e+00
6.840264583366667921e+02	6.984927822026095745e-01	0.000000000000000000e+00
6.844461677778667763e+02	7.010938903641712461e-01	0.000000000000000000e+00
6.848658772190667605e+02	7.036265761147659781e-01	0.000000000000000000e+00
6.852855866602667447e+02	7.061281511787824705e-01	0.000000000000000000e+00
6.857052961014667289e+02	7.085907157319502048e-01	0.000000000000000000e+00
6.861250055426667132e+02	7.109950401586142554e-01	0.000000000000000000e+00
6.865447149838666974e+02	7.133702680390443529e-01	0.000000000000000000e+00
6.869644244250666816e+02	7.157024589254981084e-01	0.000000000000000000e+00
6.873841338662666658e+02	7.179862243782750841e-01	0.000000000000000000e+00
6.878038433074666500e+02	7.202427099448717174e-01	0.000000000000000000e+00
6.882235527486666342e+02	7.224519161475441154e-01	0.000000000000000000e+00
6.886432621898667321e+02	7.246222022328324686e-01	0.000000000000000000e+00
6.890629716310667163e+02	7.267668621790720485e-01	0.000000000000000000e+00
6.894826810722667005e+02	7.288598551540036441e-01	0.000000000000000000e+00
6.899023905134667984e+02	7.309231529413191542e-01	0.000000000000000000e+00
6.903220999546667827e+02	7.329604193644385646e-01	0.000000000000000000e+00
6.907418093958667669e+02	7.349453950261782831e-01	0.000000000000000000e+00
6.911615188370667511e+02	7.369077071626988218e-01	0.000000000000000000e+00
6.915812282782667353e+02	7.388380141095874931e-01	0.000000000000000000e+00
6.920009377194667195e+02	7.407262905259169861e-01	0.000000000000000000e+00
6.924206471606667037e+02	7.425932074657588533e-01	0.000000000000000000e+00
6.928403566018666879e+02	7.444222454790370147e-01	0.000000000000000000e+00
6.932600660430666721e+02	7.462191494107680567e-01	0.000000000000000000e+00
6.936797754842666563e+02	7.479959085520551110e-01	0.000000000000000000e+00
6.940994849254666406e+02	7.497290590849033931e-01	0.000000000000000000e+00
6.945191943666667385e+02	7.514396016317047566e-01	0.000000000000000000e+00
6.949389038078667227e+02	7.531267433356453322e-01	0.000000000000000000e+00
6.953586132490667069e+02	7.547735175551771869e-01	0.000000000000000000e+00
6.957783226902666911e+02	7.564024332153880259e-01	0.000000000000000000e+00
6.961980321314667890e+02	7.580012827710348455e-01	0.000000000000000000e+00
6.966177415726667732e+02	7.595699154217169236e-01	0.000000000000000000e+00
6.970374510138667574e+02	7.611216936361964169e-01	0.000000000000000000e+00
6.974571604550667416e+02	7.626370500919829043e-01	0.000000000000000000e+00
6.978768698962667258e+02	7.641318719769041312e-01	0.000000000000000000e+00
6.982965793374667101e+02	7.656072249719820810e-01	0.000000000000000000e+00
6.987162887786666943e+02	7.670472673026409449e-01	0.000000000000000000e+00
6.991359982198666785e+02	7.684724069543674707e-01	0.000000000000000000e+00
6.995557076610666627e+02	7.698711390901502583e-01	0.000000000000000000e+00
6.999754171022666469e+02	7.712446008094866468e-01	0.000000000000000000e+00
7.003951265434666311e+02	7.726040025541367484e-01	0.000000000000000000e+00
7.008148359846667290e+02	7.739305094886764769e-01	0.000000000000000000e+00
7.012345454258667132e+02	7.752412155104344560e-01	0.000000000000000000e+00
7.016542548670666974e+02	7.765332174684335120e-01	0.000000000000000000e+00
7.020739643082667953e+02	7.777972032097016930e-01	0.000000000000000000e+00
7.024936737494667796e+02	7.790488192345277341e-01	0.000000000000000000e+00
7.029133831906667638e+02	7.802749526626084897e-01	0.000000000000000000e+00
7.033330926318667480e+02	7.814826560690039114e-01	0.000000000000000000e+00
7.037528020730667322e+02	7.826773985960684410e-01	0.000000000000000000e+00
7.041725115142667164e+02	7.838430624936354452e-01	0.000000000000000000e+00
7.045922209554667006e+02	7.849979041576056193e-01	0.000000000000000000e+00
7.050119303966666848e+02	7.861328876934030596e-01	0.000000000000000000e+00
7.054316398378666690e+02	7.872483429425924939e-01	0.000000000000000000e+00
7.058513492790666533e+02	7.883536093377205844e-01	0.000000000000000000e+00
7.062710587202666375e+02	7.894327845757349582e-01	0.000000000000000000e+00
7.066907681614667354e+02	7.905012299730334036e-01	0.000000000000000000e+00
7.071104776026667196e+02	7.915539540190335011e-01	0.000000000000000000e+00
7.075301870438667038e+02	7.925873064202010321e-01	0.000000000000000000e+00
7.079498964850666880e+02	7.936118165471111041e-01	0.000000000000000000e+00
7.083696059262667859e+02	7.946144892167811280e-01	0.000000000000000000e+00
7.087893153674667701e+02	7.956063361932981248e-01	0.000000000000000000e+00
7.092090248086667543e+02	7.965853871652456286e-01	0.000000000000000000e+00
7.096287342498667385e+02	7.975462167049255369e-01	0.000000000000000000e+00
7.100484436910667227e+02	7.984994329258344736e-01	0.000000000000000000e+00
7.104681531322667070e+02	7.994339950871764966e-01	0.000000000000000000e+00
7.108878625734666912e+02	8.003584936359897650e-01	0.000000000000000000e+00
7.113075720146666754e+02	8.012721672287603791e-01	0.000000000000000000e+00
7.117272814558666596e+02	8.021695132828059460e-01	0.000000000000000000e+00
7.121469908970666438e+02	8.030603622811273157e-01	0.000000000000000000e+00
7.125667003382666280e+02	8.039349158123120231e-01	0.000000000000000000e+00
7.129864097794667259e+02	8.048007835046316893e-01	0.000000000000000000e+00
7.134061192206667101e+02	8.056570830687336260e-01	0.000000000000000000e+00
7.138258286618666943e+02	8.064994531840258274e-01	0.000000000000000000e+00
7.142455381030666786e+02	8.073363332182820207e-01	0.000000000000000000e+00
7.146652475442667765e+02	8.081586784739036577e-01	0.000000000000000000e+00
7.150849569854667607e+02	8.089741015628887366e-01	0.000000000000000000e+00
7.155046664266667449e+02	8.097807218880579416e-01	0.000000000000000000e+00
7.159243758678667291e+02	8.105760869288273218e-01	0.000000000000000000e+00
7.163440853090667133e+02	8.113668621545182535e-01	0.000000000000000000e+00
7.167637947502666975e+02	8.121444718492245585e-01	0.000000000000000000e+00
7.171835041914666817e+02	8.129170939842805810e-01	0.000000000000000000e+00
7.176032136326666659e+02	8.136813901125009574e-01	0.000000000000000000e+00
7.180229230738666502e+02	8.144371674665160654e-01	0.000000000000000000e+00
7.184426325150666344e+02	8.151889247980673714e-01	0.000000000000000000e+00
7.188623419562667323e+02	8.159291285457727083e-01	0.000000000000000000e+00
7.192820513974667165e+02	8.166660285999125524e-01	0.000000000000000000e+00
7.197017608386667007e+02	8.173949686978122520e-01	0.000000000000000000e+00
7.201214702798666849e+02	8.181179948984543815e-01	0.000000000000000000e+00
7.205411797210667828e+02	8.188366223325416193e-01	0.000000000000000000e+00
7.209608891622667670e+02	8.195469430248694120e-01	0.000000000000000000e+00
7.213805986034667512e+02	8.202546033619785293e-01	0.000000000000000000e+00
7.218003080446667354e+02	8.209547042089165858e-01	0.000000000000000000e+00
7.222200174858667197e+02	8.216511982634184807e-01	0.000000000000000000e+00
7.226397269270667039e+02	8.223430445311052939e-01	0.000000000000000000e+00
7.230594363682666881e+02	8.230294264304881535e-01	0.000000000000000000e+00
7.234791458094666723e+02	8.237136614067994689e-01	0.000000000000000000e+00
7.238988552506666565e+02	8.243909364284632835e-01	0.000000000000000000e+00
7.243185646918666407e+02	8.250664553784563537e-01	0.000000000000000000e+00
7.247382741330666249e+02	8.257373018218940874e-01	0.000000000000000000e+00
7.251579835742667228e+02	8.264049994409696787e-01	0.000000000000000000e+00
7.255776930154667070e+02	8.270700169846046945e-01	0.000000000000000000e+00
7.259974024566666913e+02	8.277307642280575806e-01	0.000000000000000000e+00
7.264171118978666755e+02	8.283901530321888806e-01	0.000000000000000000e+00
7.268368213390667734e+02	8.290451021700935286e-01	0.000000000000000000e+00
7.272565307802667576e+02	8.296986264687017387e-01	0.000000000000000000e+00
7.276762402214667418e+02	8.303492743215048488e-01	0.000000000000000000e+00
7.280959496626667260e+02	8.309976544587281966e-01	0.000000000000000000e+00
7.285156591038667102e+02	8.316444453468665454e-01	0.000000000000000000e+00
7.289353685450666944e+02	8.322883357429953222e-01	0.000000000000000000e+00
7.293550779862666786e+02	8.329313989188603662e-01	0.000000000000000000e+00
7.297747874274666628e+02	8.335716641694429496e-01	0.000000000000000000e+00
7.301944968686666471e+02	8.342110041860930636e-01	0.000000000000000000e+00
7.306142063098666313e+02	8.348485233001281536e-01	0.000000000000000000e+00
7.310339157510667292e+02	8.354846186689175447e-01	0.000000000000000000e+00
7.314536251922667134e+02	8.361196809506623584e-01	0.000000000000000000e+00
7.318733346334666976e+02	8.367529329994338738e-01	0.000000000000000000e+00
7.322930440746666818e+02	8.373856750601146315e-01	0.000000000000000000e+00
7.327127535158667797e+02	8.380165133245561782e-01	0.000000000000000000e+00
7.331324629570667639e+02	8.386468193860855402e-01	0.000000000000000000e+00
7.335521723982667481e+02	8.392757960183959698e-01	0.000000000000000000e+00
7.339718818394667323e+02	8.399038671128318256e-01	0.000000000000000000e+00
7.343915912806667166e+02	8.405310826083944864e-01	0.000000000000000000e+00
7.348113007218667008e+02	8.411570324574092483e-01	0.000000000000000000e+00
7.352310101630666850e+02	8.417825350229580783e-01	0.000000000000000000e+00
7.356507196042666692e+02	8.424063875558919223e-01	0.000000000000000000e+00
7.360704290454666534e+02	8.430298553478027257e-01	0.000000000000000000e+00
7.364901384866666376e+02	8.436518585578103302e-01	0.000000000000000000e+00
7.369098479278666218e+02	8.442731185780494307e-01	0.000000000000000000e+00
7.373295573690667197e+02	8.448932224024794380e-01	0.000000000000000000e+00
7.377492668102667039e+02	8.455120772058128953e-01	0.000000000000000000e+00
7.381689762514666882e+02	8.461301044368861879e-01	0.000000000000000000e+00
7.385886856926666724e+02	8.467462627627203586e-01	0.000000000000000000e+00
7.390083951338667703e+02	8.473619486163708192e-01	0.000000000000000000e+00
7.394281045750667545e+02	8.479750540538477654e-01	0.000000000000000000e+00
7.398478140162667387e+02	8.485875367030930594e-01	0.000000000000000000e+00
7.402675234574667229e+02	8.491976779053450608e-01	0.000000000000000000e+00
7.406872328986667071e+02	8.498064487297624092e-01	0.000000000000000000e+00
7.411069423398666913e+02	8.504132114235836148e-01	0.000000000000000000e+00
7.415266517810666755e+02	8.510176737243376754e-01	0.000000000000000000e+00
7.419463612222666598e+02	8.516205859562786529e-01	0.000000000000000000e+00
7.423660706634666440e+02	8.522200589244922631e-01	0.000000000000000000e+00
7.427857801046666282e+02	8.528185929394868081e-01	0.000000000000000000e+00
7.432054895458666124e+02	8.534123169431176992e-01	0.000000000000000000e+00
7.436251989870667103e+02	8.540050500917294451e-01	0.000000000000000000e+00
7.440449084282666945e+02	8.545930350806913989e-01	0.000000000000000000e+00
7.444646178694666787e+02	8.551789680143241368e-01	0.000000000000000000e+00
7.448843273106667766e+02	8.557606869112460712e-01	0.000000000000000000e+00
7.453040367518667608e+02	8.563389100155612832e-01	0.000000000000000000e+00
7.457237461930667450e+02	8.569136462328752479e-01	0.000000000000000000e+00
7.461434556342667292e+02	8.574832007838165682e-01	0.000000000000000000e+00
7.465631650754667135e+02	8.580502034257783128e-01	0.000000000000000000e+00
7.469828745166666977e+02	8.586100933702069948e-01	0.000000000000000000e+00
7.474025839578666819e+02	8.591685842051914879e-01	0.000000000000000000e+00
7.478222933990666661e+02	8.597177893580993935e-01	0.000000000000000000e+00
7.482420028402666503e+02	8.602653978320093930e-01	0.000000000000000000e+00
7.486617122814666345e+02	8.608044612361573922e-01	0.000000000000000000e+00
7.490814217226666187e+02	8.613401409269806352e-01	0.000000000000000000e+00
7.495011311638667166e+02	8.618682767690366564e-01	0.000000000000000000e+00
7.499208406050667008e+02	8.623910174160820397e-01	0.000000000000000000e+00
7.503405500462666851e+02	8.629074250767094778e-01	0.000000000000000000e+00
7.507602594874666693e+02	8.634162453852315400e-01	0.000000000000000000e+00
7.511799689286667672e+02	8.639201440511328212e-01	0.000000000000000000e+00
7.515996783698667514e+02	8.644141087835115478e-01	0.000000000000000000e+00
7.520193878110667356e+02	8.649047486516864280e-01	0.000000000000000000e+00
7.524390972522667198e+02	8.653829858378855322e-01	0.000000000000000000e+00
7.528588066934667040e+02	8.658593233340114992e-01	0.000000000000000000e+00
7.532785161346666882e+02	8.663213774303173409e-01	0.000000000000000000e+00
7.536982255758666724e+02	8.667810886512732349e-01	0.000000000000000000e+00
7.541179350170666567e+02	8.672279348079084960e-01	0.000000000000000000e+00
7.545376444582666409e+02	8.676703601526842835e-01	0.000000000000000000e+00
7.549573538994666251e+02	8.681014859585637344e-01	0.000000000000000000e+00
7.553770633406666093e+02	8.685260809567552087e-01	0.000000000000000000e+00
7.557967727818667072e+02	8.689410599728342177e-01	0.000000000000000000e+00
7.562164822230666914e+02	8.693474078760364820e-01	0.000000000000000000e+00
7.566361916642666756e+02	8.697459087165243519e-01	0.000000000000000000e+00
7.570559011054667735e+02	8.701337309846773893e-01	0.000000000000000000e+00
7.574756105466667577e+02	8.705155251741920619e-01	0.000000000000000000e+00
7.578953199878667419e+02	8.708846895158111057e-01	0.000000000000000000e+00
7.583150294290667262e+02	8.712496578946741232e-01	0.000000000000000000e+00
7.587347388702667104e+02	8.716001835730887715e-01	0.000000000000000000e+00
7.591544483114666946e+02	8.719483210421198338e-01	0.000000000000000000e+00
7.595741577526666788e+02	8.722803812438952864e-01	0.000000000000000000e+00
7.599938671938666630e+02	8.726107915489231814e-01	0.000000000000000000e+00
7.604135766350666472e+02	8.729257208357625863e-01	0.000000000000000000e+00
7.608332860762666314e+02	8.732381211588277070e-01	0.000000000000000000e+00
7.612529955174666156e+02	8.735369080892989579e-01	0.000000000000000000e+00
7.616727049586667135e+02	8.738318031068462721e-01	0.000000000000000000e+00
7.620924143998666977e+02	8.741149083800913155e-01	0.000000000000000000e+00
7.625121238410666820e+02	8.743929408925374958e-01	0.000000000000000000e+00
7.629318332822666662e+02	8.746609340715607583e-01	0.000000000000000000e+00
7.633515427234667641e+02	8.749228747298513076e-01	0.000000000000000000e+00
7.637712521646667483e+02	8.751764273286605222e-01	0.000000000000000000e+00
7.641909616058667325e+02	8.754231619986356794e-01	0.000000000000000000e+00
7.646106710470667167e+02	8.756630388447129709e-01	0.000000000000000000e+00
7.650303804882667009e+02	8.758955539766167808e-01	0.000000000000000000e+00
7.654500899294666851e+02	8.761226030454350999e-01	0.000000000000000000e+00
7.658697993706666693e+02	8.763419694669830617e-01	0.000000000000000000e+00
7.662895088118666536e+02	8.765571104325323715e-01	0.000000000000000000e+00
7.667092182530666378e+02	8.767644660226802111e-01	0.000000000000000000e+00
7.671289276942666220e+02	8.769686777946409384e-01	0.000000000000000000e+00
7.675486371354666062e+02	8.771652095087630885e-01	0.000000000000000000e+00
7.679683465766667041e+02	8.773595170477189731e-01	0.000000000000000000e+00
7.683880560178666883e+02	8.775464427627032160e-01	0.000000000000000000e+00
7.688077654590666725e+02	8.777319034750509230e-01	0.000000000000000000e+00
7.692274749002667704e+02	8.779104541022918484e-01	0.000000000000000000e+00
7.696471843414667546e+02	8.780881441155633516e-01	0.000000000000000000e+00
7.700668937826667388e+02	8.782595463888873688e-01	0.000000000000000000e+00
7.704866032238667231e+02	8.784305469925705045e-01	0.000000000000000000e+00
7.709063126650667073e+02	8.785960072922582853e-01	0.000000000000000000e+00
7.713260221062666915e+02	8.787612599685546977e-01	0.000000000000000000e+00
7.717457315474666757e+02	8.789220813253721953e-01	0.000000000000000000e+00
7.721654409886666599e+02	8.790826649967465878e-01	0.000000000000000000e+00
7.725851504298666441e+02	8.792399441202026766e-01	0.000000000000000000e+00
7.730048598710666283e+02	8.793969640052458070e-01	0.000000000000000000e+00
7.734245693122666125e+02	8.795516793168983716e-01	0.000000000000000000e+00
7.738442787534667104e+02	8.797061802758852078e-01	0.000000000000000000e+00
7.742639881946666947e+02	8.798592583335198558e-01	0.000000000000000000e+00
7.746836976358666789e+02	8.800122157765334352e-01	0.000000000000000000e+00
7.751034070770666631e+02	8.801645231818044923e-01	0.000000000000000000e+00
7.755231165182667610e+02	8.803168357825253976e-01	0.000000000000000000e+00
7.759428259594667452e+02	8.804691723980344609e-01	0.000000000000000000e+00
7.763625354006667294e+02	8.806216565821806119e-01	0.000000000000000000e+00
7.767822448418667136e+02	8.807747500720067846e-01	0.000000000000000000e+00
7.772019542830666978e+02	8.809281362071271770e-01	0.000000000000000000e+00
7.776216637242666820e+02	8.810826378813254589e-01	0.000000000000000000e+00
7.780413731654666663e+02	8.812375680588084847e-01	0.000000000000000000e+00
7.784610826066666505e+02	8.813940499759974623e-01	0.000000000000000000e+00
7.788807920478666347e+02	8.815510772505409376e-01	0.000000000000000000e+00
7.793005014890666189e+02	8.817100305083072076e-01	0.000000000000000000e+00
7.797202109302666031e+02	8.818696194412364298e-01	0.000000000000000000e+00
7.801399203714667010e+02	8.820314535687869828e-01	0.000000000000000000e+00
7.805596298126666852e+02	8.821939819120920845e-01	0.000000000000000000e+00
7.809793392538666694e+02	8.823590252622117713e-01	0.000000000000000000e+00
7.813990486950667673e+02	8.825247866144459996e-01	0.000000000000000000e+00
7.818187581362667515e+02	8.826932876507460612e-01	0.000000000000000000e+00
7.822384675774667357e+02	8.828624949209510353e-01	0.000000000000000000e+00
7.826581770186667200e+02	8.830346242806458301e-01	0.000000000000000000e+00
7.830778864598667042e+02	8.832074137968637384e-01	0.000000000000000000e+00
7.834975959010666884e+02	8.833832670229124773e-01	0.000000000000000000e+00
7.839173053422666726e+02	8.835597031399528012e-01	0.000000000000000000e+00
7.843370147834666568e+02	8.837393039644207970e-01	0.000000000000000000e+00
7.847567242246666410e+02	8.839193840288432913e-01	0.000000000000000000e+00
7.851764336658666252e+02	8.841026881059250719e-01	0.000000000000000000e+00
7.855961431070666094e+02	8.842863476580185011e-01	0.000000000000000000e+00
7.860158525482667073e+02	8.844732466434812590e-01	0.000000000000000000e+00
7.864355619894666916e+02	8.846603647446834584e-01	0.000000000000000000e+00
7.868552714306666758e+02	8.848506906293436280e-01	0.000000000000000000e+00
7.872749808718666600e+02	8.850410952208572768e-01	0.000000000000000000e+00
7.876946903130667579e+02	8.852346248397614525e-01	0.000000000000000000e+00
7.881143997542667421e+02	8.854281544586655173e-01	0.000000000000000000e+00
7.885341091954667263e+02	8.856245576910760642e-01	0.000000000000000000e+00
7.889538186366667105e+02	8.858210173254870146e-01	0.000000000000000000e+00
7.893735280778666947e+02	8.860199110742817963e-01	0.000000000000000000e+00
7.897932375190666789e+02	8.862189810902725284e-01	0.000000000000000000e+00
7.902129469602666632e+02	8.864200300028698409e-01	0.000000000000000000e+00
7.906326564014666474e+02	8.866213494668238049e-01	0.000000000000000000e+00
7.910523658426666316e+02	8.868241919802289930e-01	0.000000000000000000e+00
7.914720752838666158e+02	8.870273632024080479e-01	0.000000000000000000e+00
7.918917847250666000e+02	8.872316160187131429e-01	0.000000000000000000e+00
7.923114941662666979e+02	8.874362089911103091e-01	0.000000000000000000e+00
7.927312036074666821e+02	8.876414712589069111e-01	0.000000000000000000e+00
7.931509130486666663e+02	8.878470279523239528e-01	0.000000000000000000e+00
7.935706224898667642e+02	8.880528851474662755e-01	0.000000000000000000e+00
7.939903319310667484e+02	8.882589236451482462e-01	0.000000000000000000e+00
7.944100413722667327e+02	8.884649511480028350e-01	0.000000000000000000e+00
7.948297508134667169e+02	8.886709695954303490e-01	0.000000000000000000e+00
7.952494602546667011e+02	8.888767359690380454e-01	0.000000000000000000e+00
7.956691696958666853e+02	8.890822163303953030e-01	0.000000000000000000e+00
7.960888791370666695e+02	8.892872863045866438e-01	0.000000000000000000e+00
7.965085885782666537e+02	8.894916979120308653e-01	0.000000000000000000e+00
7.969282980194666379e+02	8.896956350836339178e-01	0.000000000000000000e+00
7.973480074606666221e+02	8.898984379805768841e-01	0.000000000000000000e+00
7.977677169018666063e+02	8.901008072416674022e-01	0.000000000000000000e+00
7.981874263430667042e+02	8.903014553124355412e-01	0.000000000000000000e+00
7.986071357842666885e+02	8.905018250181302442e-01	0.000000000000000000e+00
7.990268452254666727e+02	8.906997689101134874e-01	0.000000000000000000e+00
7.994465546666666569e+02	8.908977128020967307e-01	0.000000000000000000e+00
