# lambda  Re(R_ZmaxTE(0,0),ZmaxTE(0,0))    Im(R_ZmaxTE(0,0),ZmaxTE(0,0)), 
3.797371134666668127e+02	3.709239128460042195e-02	0.000000000000000000e+00
3.801568229078667969e+02	3.966401029825009084e-02	0.000000000000000000e+00
3.805765323490668379e+02	4.229755801564758638e-02	0.000000000000000000e+00
3.809962417902668221e+02	4.498896818184317664e-02	0.000000000000000000e+00
3.814159512314668063e+02	4.773425003977089381e-02	0.000000000000000000e+00
3.818356606726667906e+02	5.052949917705779059e-02	0.000000000000000000e+00
3.822553701138668316e+02	5.337090714009398718e-02	0.000000000000000000e+00
3.826750795550668158e+02	5.625476986512880501e-02	0.000000000000000000e+00
3.830947889962668000e+02	5.917749498396687735e-02	0.000000000000000000e+00
3.835144984374667843e+02	6.213560806794138358e-02	0.000000000000000000e+00
3.839342078786668253e+02	6.512575787836248631e-02	0.000000000000000000e+00
3.843539173198668095e+02	6.814472069470990656e-02	0.000000000000000000e+00
3.847736267610667937e+02	7.118940379356937520e-02	0.000000000000000000e+00
3.851933362022668348e+02	7.425684815188360322e-02	0.000000000000000000e+00
3.856130456434668190e+02	7.734433208962621098e-02	0.000000000000000000e+00
3.860327550846668032e+02	8.044909157850116399e-02	0.000000000000000000e+00
3.864524645258667874e+02	8.356849777452270145e-02	0.000000000000000000e+00
3.868721739670668285e+02	8.670015076214498961e-02	0.000000000000000000e+00
3.872918834082668127e+02	8.984178801588697805e-02	0.000000000000000000e+00
3.877115928494667969e+02	9.299128388920083199e-02	0.000000000000000000e+00
3.881313022906667811e+02	9.614664879410687870e-02	0.000000000000000000e+00
3.885510117318668222e+02	9.930602812227098952e-02	0.000000000000000000e+00
3.889707211730668064e+02	1.024677009539075589e-01	0.000000000000000000e+00
3.893904306142667906e+02	1.056300785965041816e-01	0.000000000000000000e+00
3.898101400554668317e+02	1.087917029909608729e-01	0.000000000000000000e+00
3.902298494966668159e+02	1.119512450183568486e-01	0.000000000000000000e+00
3.906495589378668001e+02	1.151075027362310210e-01	0.000000000000000000e+00
3.910692683790667843e+02	1.182593995689865674e-01	0.000000000000000000e+00
3.914889778202668253e+02	1.214059824728737497e-01	0.000000000000000000e+00
3.919086872614668096e+02	1.245464200919179643e-01	0.000000000000000000e+00
3.923283967026667938e+02	1.276800009171789596e-01	0.000000000000000000e+00
3.927481061438668348e+02	1.308061314578293222e-01	0.000000000000000000e+00
3.931678155850668190e+02	1.339243344287072979e-01	0.000000000000000000e+00
3.935875250262668033e+02	1.370342469552640052e-01	0.000000000000000000e+00
3.940072344674667875e+02	1.401355881030146300e-01	0.000000000000000000e+00
3.944269439086668285e+02	1.432281729444909724e-01	0.000000000000000000e+00
3.948466533498668127e+02	1.463120395144559271e-01	0.000000000000000000e+00
3.952663627910667969e+02	1.493872695425444153e-01	0.000000000000000000e+00
3.956860722322667812e+02	1.524540509864563131e-01	0.000000000000000000e+00
3.961057816734668222e+02	1.555126761416618375e-01	0.000000000000000000e+00
3.965254911146668064e+02	1.585635396618980397e-01	0.000000000000000000e+00
3.969452005558667906e+02	1.616071364573043734e-01	0.000000000000000000e+00
3.973649099970668317e+02	1.646440594315503603e-01	0.000000000000000000e+00
3.977846194382668159e+02	1.676749970135268109e-01	0.000000000000000000e+00
3.982043288794668001e+02	1.707007304326805808e-01	0.000000000000000000e+00
3.986240383206667843e+02	1.737221306800526832e-01	0.000000000000000000e+00
3.990437477618668254e+02	1.767401550892666040e-01	0.000000000000000000e+00
3.994634572030668096e+02	1.797558434631101043e-01	0.000000000000000000e+00
3.998831666442667938e+02	1.827703140345647848e-01	0.000000000000000000e+00
4.003028760854667780e+02	1.857848113626590358e-01	0.000000000000000000e+00
4.007225855266668191e+02	1.888006264332707518e-01	0.000000000000000000e+00
4.011422949678668033e+02	1.918190896140646584e-01	0.000000000000000000e+00
4.015620044090667875e+02	1.948415834946797265e-01	0.000000000000000000e+00
4.019817138502668286e+02	1.978695336242028424e-01	0.000000000000000000e+00
4.024014232914668128e+02	2.009043978162602384e-01	0.000000000000000000e+00
4.028211327326667970e+02	2.039476538112028892e-01	0.000000000000000000e+00
4.032408421738667812e+02	2.070007850614796752e-01	0.000000000000000000e+00
4.036605516150668223e+02	2.100656849295989836e-01	0.000000000000000000e+00
4.040802610562668065e+02	2.131435918361225534e-01	0.000000000000000000e+00
4.044999704974667907e+02	2.162358183367018849e-01	0.000000000000000000e+00
4.049196799386668317e+02	2.193436693488585998e-01	0.000000000000000000e+00
4.053393893798668159e+02	2.224683361936852510e-01	0.000000000000000000e+00
4.057590988210668002e+02	2.256108618244090924e-01	0.000000000000000000e+00
4.061788082622667844e+02	2.287721158963700319e-01	0.000000000000000000e+00
4.065985177034668254e+02	2.319536447980618810e-01	0.000000000000000000e+00
4.070182271446668096e+02	2.351548648670963304e-01	0.000000000000000000e+00
4.074379365858667938e+02	2.383756859142355522e-01	0.000000000000000000e+00
4.078576460270667781e+02	2.416155782010329378e-01	0.000000000000000000e+00
4.082773554682668191e+02	2.448734910997760195e-01	0.000000000000000000e+00
4.086970649094668033e+02	2.481478882599585378e-01	0.000000000000000000e+00
4.091167743506667875e+02	2.514366654879363616e-01	0.000000000000000000e+00
4.095364837918668286e+02	2.547356187185116916e-01	0.000000000000000000e+00
4.099561932330668128e+02	2.580402697274599144e-01	0.000000000000000000e+00
4.103759026742667970e+02	2.613449528206289729e-01	0.000000000000000000e+00
4.107956121154667812e+02	2.646426415592683656e-01	0.000000000000000000e+00
4.112153215566668223e+02	2.679230373151149647e-01	0.000000000000000000e+00
4.116350309978668065e+02	2.711754496003037640e-01	0.000000000000000000e+00
4.120547404390667907e+02	2.743868610212618075e-01	0.000000000000000000e+00
4.124744498802667749e+02	2.775417944785630864e-01	0.000000000000000000e+00
4.128941593214668160e+02	2.806208237187696741e-01	0.000000000000000000e+00
4.133138687626668002e+02	2.835957972323667753e-01	0.000000000000000000e+00
4.137335782038667844e+02	2.864450963558324847e-01	0.000000000000000000e+00
4.141532876450668255e+02	2.891390826827511806e-01	0.000000000000000000e+00
4.145729970862668097e+02	2.916439252748372901e-01	0.000000000000000000e+00
4.149927065274667939e+02	2.939045019201976250e-01	0.000000000000000000e+00
4.154124159686667781e+02	2.958805586716064528e-01	0.000000000000000000e+00
4.158321254098668192e+02	2.975256742318715397e-01	0.000000000000000000e+00
4.162518348510668034e+02	2.987840327105566463e-01	0.000000000000000000e+00
4.166715442922667876e+02	2.995662830572936031e-01	0.000000000000000000e+00
4.170912537334668286e+02	2.998048175424197770e-01	0.000000000000000000e+00
4.175109631746668128e+02	2.994398017523978717e-01	0.000000000000000000e+00
4.179306726158667971e+02	2.983941277499277955e-01	0.000000000000000000e+00
4.183503820570667813e+02	2.965314935871790625e-01	0.000000000000000000e+00
4.187700914982668223e+02	2.937901407373165186e-01	0.000000000000000000e+00
4.191898009394668065e+02	2.901103675913833113e-01	0.000000000000000000e+00
4.196095103806667908e+02	2.854182845105763811e-01	0.000000000000000000e+00
4.200292198218668318e+02	2.795448136133230066e-01	0.000000000000000000e+00
4.204489292630668160e+02	2.725412249678910159e-01	0.000000000000000000e+00
4.208686387042668002e+02	2.643870479937706075e-01	0.000000000000000000e+00
4.212883481454667844e+02	2.550345314718506784e-01	0.000000000000000000e+00
4.217080575866667687e+02	2.445235533494527769e-01	0.000000000000000000e+00
4.221277670278668097e+02	2.329971632662478642e-01	0.000000000000000000e+00
4.225474764690667939e+02	2.205635049915150581e-01	0.000000000000000000e+00
4.229671859102667781e+02	2.073207132870039660e-01	0.000000000000000000e+00
4.233868953514668192e+02	1.935373358787912113e-01	0.000000000000000000e+00
4.238066047926668034e+02	1.794021035410788001e-01	0.000000000000000000e+00
4.242263142338667876e+02	1.651162895458993252e-01	0.000000000000000000e+00
4.246460236750667718e+02	1.509074362557305538e-01	0.000000000000000000e+00
4.250657331162668129e+02	1.369479698264070011e-01	0.000000000000000000e+00
4.254854425574667971e+02	1.234292638716642521e-01	0.000000000000000000e+00
4.259051519986667813e+02	1.104877302036659514e-01	0.000000000000000000e+00
4.263248614398668224e+02	9.819736555473104755e-02	0.000000000000000000e+00
4.267445708810668066e+02	8.668268307881969725e-02	0.000000000000000000e+00
4.271642803222667908e+02	7.599065678870979557e-02	0.000000000000000000e+00
4.275839897634667750e+02	6.610316572195443219e-02	0.000000000000000000e+00
4.280036992046668161e+02	5.708822283481414239e-02	0.000000000000000000e+00
4.284234086458668003e+02	4.892104755059168558e-02	0.000000000000000000e+00
4.288431180870667845e+02	4.153687040680574538e-02	0.000000000000000000e+00
4.292628275282668255e+02	3.497443703594330100e-02	0.000000000000000000e+00
4.296825369694668098e+02	2.915557260372385329e-02	0.000000000000000000e+00
4.301022464106667940e+02	2.400979361983543101e-02	0.000000000000000000e+00
4.305219558518667782e+02	1.956700830313108652e-02	0.000000000000000000e+00
4.309416652930668192e+02	1.571357559747119104e-02	0.000000000000000000e+00
4.313613747342668034e+02	1.240478143359519461e-02	0.000000000000000000e+00
4.317810841754667877e+02	9.646918167722272688e-03	0.000000000000000000e+00
4.322007936166667719e+02	7.332502135750488398e-03	0.000000000000000000e+00
4.326205030578668129e+02	5.448605577556052057e-03	0.000000000000000000e+00
4.330402124990667971e+02	3.959257955118411325e-03	0.000000000000000000e+00
4.334599219402667813e+02	2.798243001832098013e-03	0.000000000000000000e+00
4.338796313814667656e+02	1.968860104152004090e-03	0.000000000000000000e+00
4.342993408226668066e+02	1.409900086214674244e-03	0.000000000000000000e+00
4.347190502638667908e+02	1.096074808533615327e-03	0.000000000000000000e+00
4.351387597050667750e+02	1.017717768285842728e-03	0.000000000000000000e+00
4.355584691462668161e+02	1.125895791430754720e-03	0.000000000000000000e+00
4.359781785874668003e+02	1.419911852295051855e-03	0.000000000000000000e+00
4.363978880286667845e+02	1.867383252349075684e-03	0.000000000000000000e+00
4.368175974698667687e+02	2.450905447728688076e-03	0.000000000000000000e+00
4.372373069110668098e+02	3.164309156510435820e-03	0.000000000000000000e+00
4.376570163522667940e+02	3.979254010052168944e-03	0.000000000000000000e+00
4.380767257934667782e+02	4.896669190897997258e-03	0.000000000000000000e+00
4.384964352346668193e+02	5.894989982512107915e-03	0.000000000000000000e+00
4.389161446758668035e+02	6.967983568177675557e-03	0.000000000000000000e+00
4.393358541170667877e+02	8.107562384105058972e-03	0.000000000000000000e+00
4.397555635582667719e+02	9.300979075636914284e-03	0.000000000000000000e+00
4.401752729994668130e+02	1.054828465927461559e-02	0.000000000000000000e+00
4.405949824406667972e+02	1.183539570783008824e-02	0.000000000000000000e+00
4.410146918818667814e+02	1.316223578209967104e-02	0.000000000000000000e+00
4.414344013230668224e+02	1.451987123266976036e-02	0.000000000000000000e+00
4.418541107642668067e+02	1.590547269958803717e-02	0.000000000000000000e+00
4.422738202054667909e+02	1.731457296472543872e-02	0.000000000000000000e+00
4.426935296466667751e+02	1.874275695462545091e-02	0.000000000000000000e+00
4.431132390878668161e+02	2.018805756029060788e-02	0.000000000000000000e+00
4.435329485290668003e+02	2.164572087890296453e-02	0.000000000000000000e+00
4.439526579702667846e+02	2.311493302998571600e-02	0.000000000000000000e+00
4.443723674114668256e+02	2.459153480233381567e-02	0.000000000000000000e+00
4.447920768526668098e+02	2.607456169752291053e-02	0.000000000000000000e+00
4.452117862938667940e+02	2.756118397107990697e-02	0.000000000000000000e+00
4.456314957350667783e+02	2.905003142600590463e-02	0.000000000000000000e+00
4.460512051762667625e+02	3.053924189571231157e-02	0.000000000000000000e+00
4.464709146174668035e+02	3.202734345780068603e-02	0.000000000000000000e+00
4.468906240586667877e+02	3.351296152383204802e-02	0.000000000000000000e+00
4.473103334998667719e+02	3.499477398839144493e-02	0.000000000000000000e+00
4.477300429410668130e+02	3.647159385041731650e-02	0.000000000000000000e+00
4.481497523822667972e+02	3.794237441886835760e-02	0.000000000000000000e+00
4.485694618234667814e+02	3.940594995419827162e-02	0.000000000000000000e+00
4.489891712646667656e+02	4.086158192166045033e-02	0.000000000000000000e+00
4.494088807058668067e+02	4.230806037404127862e-02	0.000000000000000000e+00
4.498285901470667909e+02	4.374491752293566127e-02	0.000000000000000000e+00
4.502482995882667751e+02	4.517091165580382206e-02	0.000000000000000000e+00
4.506680090294668162e+02	4.658575345869712947e-02	0.000000000000000000e+00
4.510877184706668004e+02	4.798824394470747878e-02	0.000000000000000000e+00
4.515074279118667846e+02	4.937813524060978565e-02	0.000000000000000000e+00
4.519271373530667688e+02	5.075439675252611804e-02	0.000000000000000000e+00
4.523468467942668099e+02	5.211664681626550222e-02	0.000000000000000000e+00
4.527665562354667941e+02	5.346419263081215317e-02	0.000000000000000000e+00
4.531862656766667783e+02	5.479630955996478425e-02	0.000000000000000000e+00
4.536059751178668193e+02	5.611285055386220494e-02	0.000000000000000000e+00
4.540256845590668036e+02	5.741250769997918030e-02	0.000000000000000000e+00
4.544453940002667878e+02	5.869592246303601685e-02	0.000000000000000000e+00
4.548651034414667720e+02	5.996093427385040808e-02	0.000000000000000000e+00
4.552848128826667562e+02	6.120924773421903414e-02	0.000000000000000000e+00
4.557045223238667973e+02	6.243755288439920004e-02	0.000000000000000000e+00
4.561242317650667815e+02	6.364883444559775449e-02	0.000000000000000000e+00
4.565439412062668225e+02	6.483857147006036326e-02	0.000000000000000000e+00
4.569636506474668067e+02	6.601034606290412388e-02	0.000000000000000000e+00
4.573833600886667909e+02	6.716042505535761709e-02	0.000000000000000000e+00
4.578030695298667752e+02	6.829089453562889322e-02	0.000000000000000000e+00
4.582227789710667594e+02	6.939976505119739569e-02	0.000000000000000000e+00
4.586424884122668004e+02	7.048723215646800211e-02	0.000000000000000000e+00
4.590621978534667846e+02	7.155345316213812534e-02	0.000000000000000000e+00
4.594819072946667688e+02	7.259632037207051913e-02	0.000000000000000000e+00
4.599016167358668099e+02	7.361855835357945799e-02	0.000000000000000000e+00
4.603213261770667941e+02	7.461532789901818841e-02	0.000000000000000000e+00
4.607410356182667783e+02	7.559097750175290675e-02	0.000000000000000000e+00
4.611607450594667625e+02	7.654163014275956745e-02	0.000000000000000000e+00
4.615804545006668036e+02	7.746917028350008838e-02	0.000000000000000000e+00
4.620001639418667878e+02	7.837280907191671031e-02	0.000000000000000000e+00
4.624198733830667720e+02	7.925098851155439050e-02	0.000000000000000000e+00
4.628395828242668131e+02	8.010663358468736450e-02	0.000000000000000000e+00
4.632592922654667973e+02	8.093432266094703620e-02	0.000000000000000000e+00
4.636790017066667815e+02	8.173895293238482573e-02	0.000000000000000000e+00
4.640987111478667657e+02	8.251726850841269167e-02	0.000000000000000000e+00
4.645184205890668068e+02	8.326988280304187251e-02	0.000000000000000000e+00
4.649381300302667910e+02	8.399812448758295358e-02	0.000000000000000000e+00
4.653578394714667752e+02	8.469782298189132419e-02	0.000000000000000000e+00
4.657775489126668162e+02	8.537344165139132413e-02	0.000000000000000000e+00
4.661972583538668005e+02	8.602137016151165105e-02	0.000000000000000000e+00
4.666169677950667847e+02	8.664292116196001259e-02	0.000000000000000000e+00
4.670366772362667689e+02	8.723931168330563424e-02	0.000000000000000000e+00
4.674563866774667531e+02	8.780613448037645485e-02	0.000000000000000000e+00
4.678760961186667942e+02	8.834809377391246443e-02	0.000000000000000000e+00
4.682958055598667784e+02	8.886214362354148688e-02	0.000000000000000000e+00
4.687155150010668194e+02	8.934855468145586066e-02	0.000000000000000000e+00
4.691352244422668036e+02	8.980975098715676674e-02	0.000000000000000000e+00
4.695549338834667878e+02	9.024059852041101115e-02	0.000000000000000000e+00
4.699746433246667721e+02	9.064560433464920186e-02	0.000000000000000000e+00
4.703943527658667563e+02	9.102369313360639258e-02	0.000000000000000000e+00
4.708140622070667973e+02	9.137217690259308300e-02	0.000000000000000000e+00
4.712337716482667815e+02	9.169501764387609499e-02	0.000000000000000000e+00
4.716534810894667658e+02	9.198914458739267108e-02	0.000000000000000000e+00
4.720731905306668068e+02	9.225507857202171202e-02	0.000000000000000000e+00
4.724928999718667910e+02	9.249519822413101999e-02	0.000000000000000000e+00
4.729126094130667752e+02	9.270515256003639126e-02	0.000000000000000000e+00
4.733323188542667594e+02	9.288810241839602633e-02	0.000000000000000000e+00
4.737520282954668005e+02	9.304511469032951398e-02	0.000000000000000000e+00
4.741717377366667847e+02	9.317085965433792583e-02	0.000000000000000000e+00
4.745914471778667689e+02	9.327053505472453210e-02	0.000000000000000000e+00
4.750111566190668100e+02	9.334353403417164352e-02	0.000000000000000000e+00
4.754308660602667942e+02	9.338581589574310171e-02	0.000000000000000000e+00
4.758505755014667784e+02	9.340203156663225148e-02	0.000000000000000000e+00
4.762702849426667626e+02	9.339110175326195695e-02	0.000000000000000000e+00
4.766899943838667468e+02	9.334985671276579966e-02	0.000000000000000000e+00
4.771097038250667879e+02	9.328249220402684561e-02	0.000000000000000000e+00
4.775294132662667721e+02	9.318785041924067258e-02	0.000000000000000000e+00
4.779491227074668132e+02	9.306297981189069757e-02	0.000000000000000000e+00
4.783688321486667974e+02	9.291193945142788013e-02	0.000000000000000000e+00
4.787885415898667816e+02	9.273382238605804018e-02	0.000000000000000000e+00
4.792082510310667658e+02	9.252522584779840353e-02	0.000000000000000000e+00
4.796279604722667500e+02	9.229040069826062453e-02	0.000000000000000000e+00
4.800476699134667911e+02	9.202902858897908656e-02	0.000000000000000000e+00
4.804673793546667753e+02	9.173656875016301948e-02	0.000000000000000000e+00
4.808870887958667595e+02	9.141780282899746035e-02	0.000000000000000000e+00
4.813067982370668005e+02	9.107269826056384188e-02	0.000000000000000000e+00
4.817265076782667848e+02	9.069682294580631854e-02	0.000000000000000000e+00
4.821462171194667690e+02	9.029388664433025957e-02	0.000000000000000000e+00
4.825659265606667532e+02	8.986449919802182162e-02	0.000000000000000000e+00
4.829856360018667942e+02	8.940557671842278009e-02	0.000000000000000000e+00
4.834053454430667784e+02	8.891815134699131151e-02	0.000000000000000000e+00
4.838250548842667627e+02	8.840413269170301069e-02	0.000000000000000000e+00
4.842447643254668037e+02	8.786216385432919773e-02	0.000000000000000000e+00
4.846644737666667879e+02	8.728984269892427206e-02	0.000000000000000000e+00
4.850841832078667721e+02	8.669076123280190782e-02	0.000000000000000000e+00
4.855038926490667563e+02	8.606486123126147469e-02	0.000000000000000000e+00
4.859236020902667974e+02	8.540800330837824972e-02	0.000000000000000000e+00
4.863433115314667816e+02	8.472337910296127983e-02	0.000000000000000000e+00
4.867630209726667658e+02	8.401176069338404939e-02	0.000000000000000000e+00
4.871827304138668069e+02	8.327161040529475200e-02	0.000000000000000000e+00
4.876024398550667911e+02	8.250098933723917782e-02	0.000000000000000000e+00
4.880221492962667753e+02	8.170322984234187902e-02	0.000000000000000000e+00
4.884418587374667595e+02	8.087829747108747636e-02	0.000000000000000000e+00
4.888615681786667437e+02	8.002292037308753048e-02	0.000000000000000000e+00
4.892812776198667848e+02	7.913881170378328500e-02	0.000000000000000000e+00
4.897009870610667690e+02	7.822751956554303832e-02	0.000000000000000000e+00
4.901206965022668101e+02	7.728907286195714488e-02	0.000000000000000000e+00
4.905404059434667943e+02	7.631913267948350899e-02	0.000000000000000000e+00
4.909601153846667785e+02	7.532195367362690130e-02	0.000000000000000000e+00
4.913798248258667627e+02	7.429792705954031684e-02	0.000000000000000000e+00
4.917995342670667469e+02	7.324681917965851496e-02	0.000000000000000000e+00
4.922192437082667880e+02	7.216522739497997774e-02	0.000000000000000000e+00
4.926389531494667722e+02	7.105754515104387159e-02	0.000000000000000000e+00
4.930586625906667564e+02	6.992412760586751153e-02	0.000000000000000000e+00
4.934783720318667974e+02	6.876496947347361666e-02	0.000000000000000000e+00
4.938980814730667817e+02	6.757748574637886807e-02	0.000000000000000000e+00
4.943177909142667659e+02	6.636605595577767247e-02	0.000000000000000000e+00
4.947375003554667501e+02	6.513145738322462241e-02	0.000000000000000000e+00
4.951572097966667911e+02	6.387460373548600745e-02	0.000000000000000000e+00
4.955769192378667753e+02	6.259340945036384607e-02	0.000000000000000000e+00
4.959966286790667596e+02	6.129262902376521327e-02	0.000000000000000000e+00
4.964163381202668006e+02	5.997384442413564859e-02	0.000000000000000000e+00
4.968360475614667848e+02	5.863881834240650126e-02	0.000000000000000000e+00
4.972557570026667690e+02	5.728828291876574691e-02	0.000000000000000000e+00
4.976754664438667533e+02	5.592595438910771127e-02	0.000000000000000000e+00
4.980951758850667943e+02	5.455529029385911000e-02	0.000000000000000000e+00
4.985148853262667785e+02	5.317951001772486946e-02	0.000000000000000000e+00
4.989345947674667627e+02	5.180241270641249007e-02	0.000000000000000000e+00
4.993543042086668038e+02	5.042922680563732829e-02	0.000000000000000000e+00
4.997740136498667880e+02	4.906499952420733529e-02	0.000000000000000000e+00
5.001937230910667722e+02	4.771539295449907236e-02	0.000000000000000000e+00
5.006134325322667564e+02	4.638682748345893808e-02	0.000000000000000000e+00
5.010331419734667406e+02	4.508988294908654326e-02	0.000000000000000000e+00
5.014528514146667817e+02	4.383350771176236504e-02	0.000000000000000000e+00
5.018725608558667659e+02	4.262560769356295298e-02	0.000000000000000000e+00
5.022922702970668070e+02	4.147702828401961250e-02	0.000000000000000000e+00
5.027119797382667912e+02	4.039994808301576590e-02	0.000000000000000000e+00
5.031316891794667754e+02	3.941872582717144413e-02	0.000000000000000000e+00
5.035513986206667596e+02	3.854523045150930888e-02	0.000000000000000000e+00
5.039711080618667438e+02	3.779382688955713193e-02	0.000000000000000000e+00
5.043908175030667849e+02	3.718402217344204258e-02	0.000000000000000000e+00
5.048105269442667691e+02	3.673738094892224637e-02	0.000000000000000000e+00
5.052302363854667533e+02	3.649625784491791064e-02	0.000000000000000000e+00
5.056499458266667943e+02	3.648434548917633274e-02	0.000000000000000000e+00
5.060696552678667786e+02	3.672094491014556844e-02	0.000000000000000000e+00
5.064893647090667628e+02	3.723735722711498525e-02	0.000000000000000000e+00
5.069090741502667470e+02	3.806707607991517001e-02	0.000000000000000000e+00
5.073287835914667880e+02	3.925759446557779142e-02	0.000000000000000000e+00
5.077484930326667723e+02	4.087887151986140805e-02	0.000000000000000000e+00
5.081682024738668133e+02	4.293322311457042906e-02	0.000000000000000000e+00
5.085879119150667975e+02	4.545945753512592447e-02	0.000000000000000000e+00
5.090076213562667817e+02	4.849574164262924342e-02	0.000000000000000000e+00
5.094273307974667659e+02	5.207846284134081544e-02	0.000000000000000000e+00
5.098470402386667502e+02	5.627914201982924663e-02	0.000000000000000000e+00
5.102667496798667344e+02	6.112983701751283777e-02	0.000000000000000000e+00
5.106864591210667754e+02	6.661307183120147857e-02	0.000000000000000000e+00
5.111061685622667596e+02	7.273953656260578882e-02	0.000000000000000000e+00
5.115258780034668007e+02	7.950921457595633290e-02	0.000000000000000000e+00
5.119455874446667849e+02	8.690982122070430027e-02	0.000000000000000000e+00
5.123652968858667691e+02	9.493990628838969159e-02	0.000000000000000000e+00
5.127850063270667533e+02	1.035702324533743224e-01	0.000000000000000000e+00
5.132047157682667375e+02	1.126979515726203723e-01	0.000000000000000000e+00
5.136244252094668354e+02	1.222544496551224574e-01	0.000000000000000000e+00
5.140441346506668197e+02	1.321622135744668081e-01	0.000000000000000000e+00
5.144638440918668039e+02	1.423386550384709293e-01	0.000000000000000000e+00
5.148835535330667881e+02	1.527008122025942383e-01	0.000000000000000000e+00
5.153032629742667723e+02	1.631736956790908744e-01	0.000000000000000000e+00
5.157229724154667565e+02	1.736782431308059593e-01	0.000000000000000000e+00
5.161426818566667407e+02	1.841634766093898368e-01	0.000000000000000000e+00
5.165623912978667249e+02	1.945999198422284082e-01	0.000000000000000000e+00
5.169821007390667091e+02	2.049766388874210143e-01	0.000000000000000000e+00
5.174018101802668070e+02	2.152978478802903550e-01	0.000000000000000000e+00
5.178215196214667912e+02	2.255754881033790737e-01	0.000000000000000000e+00
5.182412290626667755e+02	2.358151344023552143e-01	0.000000000000000000e+00
5.186609385038667597e+02	2.459980389257160616e-01	0.000000000000000000e+00
5.190806479450667439e+02	2.560637671075446375e-01	0.000000000000000000e+00
5.195003573862667281e+02	2.658914716175038717e-01	0.000000000000000000e+00
5.199200668274668260e+02	2.752926765315783508e-01	0.000000000000000000e+00
5.203397762686668102e+02	2.840133972192477874e-01	0.000000000000000000e+00
5.207594857098667944e+02	2.917503614677327550e-01	0.000000000000000000e+00
5.211791951510667786e+02	2.981808138853676016e-01	0.000000000000000000e+00
5.215989045922667628e+02	3.029293819647533303e-01	0.000000000000000000e+00
5.220186140334667471e+02	3.057014736741281435e-01	0.000000000000000000e+00
5.224383234746667313e+02	3.064595288678622631e-01	0.000000000000000000e+00
5.228580329158667155e+02	3.051801284556854843e-01	0.000000000000000000e+00
5.232777423570666997e+02	3.019427026069111952e-01	0.000000000000000000e+00
5.236974517982667976e+02	2.969141695937282388e-01	0.000000000000000000e+00
5.241171612394667818e+02	2.903278491618559998e-01	0.000000000000000000e+00
5.245368706806667660e+02	2.824618078243143482e-01	0.000000000000000000e+00
5.249565801218667502e+02	2.736200140430656291e-01	0.000000000000000000e+00
5.253762895630667344e+02	2.641128464450923641e-01	0.000000000000000000e+00
5.257959990042668323e+02	2.542660550582352963e-01	0.000000000000000000e+00
5.262157084454668166e+02	2.444260137959902435e-01	0.000000000000000000e+00
5.266354178866668008e+02	2.348799106487333976e-01	0.000000000000000000e+00
5.270551273278667850e+02	2.258912301722406368e-01	0.000000000000000000e+00
5.274748367690667692e+02	2.176922565445466584e-01	0.000000000000000000e+00
5.278945462102667534e+02	2.104764152530999022e-01	0.000000000000000000e+00
5.283142556514667376e+02	2.043912806497060197e-01	0.000000000000000000e+00
5.287339650926667218e+02	1.995333389083914499e-01	0.000000000000000000e+00
5.291536745338667060e+02	1.959455467222877556e-01	0.000000000000000000e+00
5.295733839750668039e+02	1.936183775335329205e-01	0.000000000000000000e+00
5.299930934162667882e+02	1.925044888506807772e-01	0.000000000000000000e+00
5.304128028574667724e+02	1.925530530433083032e-01	0.000000000000000000e+00
5.308325122986667566e+02	1.935603793563299979e-01	0.000000000000000000e+00
5.312522217398667408e+02	1.953792330694551771e-01	0.000000000000000000e+00
5.316719311810667250e+02	1.978562743402418611e-01	0.000000000000000000e+00
5.320916406222668229e+02	2.008409015573195400e-01	0.000000000000000000e+00
5.325113500634668071e+02	2.041920960277107677e-01	0.000000000000000000e+00
5.329310595046667913e+02	2.077831109531198539e-01	0.000000000000000000e+00
5.333507689458667755e+02	2.115041361457631885e-01	0.000000000000000000e+00
5.337704783870667598e+02	2.152632557444058015e-01	0.000000000000000000e+00
5.341901878282667440e+02	2.189861011475233987e-01	0.000000000000000000e+00
5.346098972694667282e+02	2.226146066497832754e-01	0.000000000000000000e+00
5.350296067106667124e+02	2.261052289389538505e-01	0.000000000000000000e+00
5.354493161518666966e+02	2.294269198380263497e-01	0.000000000000000000e+00
5.358690255930667945e+02	2.325590642169576006e-01	0.000000000000000000e+00
5.362887350342667787e+02	2.354836066869856193e-01	0.000000000000000000e+00
5.367084444754667629e+02	2.381967019156209786e-01	0.000000000000000000e+00
5.371281539166667471e+02	2.407031120620837239e-01	0.000000000000000000e+00
5.375478633578667313e+02	2.430067949225490909e-01	0.000000000000000000e+00
5.379675727990668292e+02	2.451143544312529288e-01	0.000000000000000000e+00
5.383872822402668135e+02	2.470342194128960500e-01	0.000000000000000000e+00
5.388069916814667977e+02	2.487759944134835810e-01	0.000000000000000000e+00
5.392267011226667819e+02	2.503499559178126721e-01	0.000000000000000000e+00
5.396464105638667661e+02	2.517666687983977081e-01	0.000000000000000000e+00
5.400661200050667503e+02	2.530367004258099461e-01	0.000000000000000000e+00
5.404858294462667345e+02	2.541704128770183591e-01	0.000000000000000000e+00
5.409055388874667187e+02	2.551778167153908039e-01	0.000000000000000000e+00
5.413252483286667029e+02	2.560684726590579108e-01	0.000000000000000000e+00
5.417449577698668008e+02	2.568514299910945042e-01	0.000000000000000000e+00
5.421646672110667851e+02	2.575351927544733965e-01	0.000000000000000000e+00
5.425843766522667693e+02	2.581277066191269842e-01	0.000000000000000000e+00
5.430040860934667535e+02	2.586363608333468456e-01	0.000000000000000000e+00
5.434237955346667377e+02	2.590680009139869622e-01	0.000000000000000000e+00
5.438435049758667219e+02	2.594289487296571051e-01	0.000000000000000000e+00
5.442632144170668198e+02	2.597250274274581217e-01	0.000000000000000000e+00
5.446829238582668040e+02	2.599615892824966856e-01	0.000000000000000000e+00
5.451026332994667882e+02	2.601435450417485251e-01	0.000000000000000000e+00
5.455223427406667724e+02	2.602753937164540288e-01	0.000000000000000000e+00
5.459420521818667567e+02	2.603612520723333490e-01	0.000000000000000000e+00
5.463617616230667409e+02	2.604048832928309021e-01	0.000000000000000000e+00
5.467814710642667251e+02	2.604097244621004226e-01	0.000000000000000000e+00
5.472011805054667093e+02	2.603789126434620793e-01	0.000000000000000000e+00
5.476208899466666935e+02	2.603153094250573174e-01	0.000000000000000000e+00
5.480405993878667914e+02	2.602215238749906456e-01	0.000000000000000000e+00
5.484603088290667756e+02	2.600999338991763499e-01	0.000000000000000000e+00
5.488800182702667598e+02	2.599527060311720983e-01	0.000000000000000000e+00
5.492997277114667440e+02	2.597818137079678236e-01	0.000000000000000000e+00
5.497194371526667283e+02	2.595890541019128528e-01	0.000000000000000000e+00
5.501391465938668262e+02	2.593760635888106569e-01	0.000000000000000000e+00
5.505588560350668104e+02	2.591443319373823440e-01	0.000000000000000000e+00
5.509785654762667946e+02	2.588952153070814832e-01	0.000000000000000000e+00
5.513982749174667788e+02	2.586299481405838208e-01	0.000000000000000000e+00
5.518179843586667630e+02	2.583496540349485837e-01	0.000000000000000000e+00
5.522376937998667472e+02	2.580553556719664687e-01	0.000000000000000000e+00
5.526574032410667314e+02	2.577479838840387449e-01	0.000000000000000000e+00
5.530771126822667156e+02	2.574283859273219788e-01	0.000000000000000000e+00
5.534968221234666998e+02	2.570973330291168590e-01	0.000000000000000000e+00
5.539165315646667977e+02	2.567555272716500192e-01	0.000000000000000000e+00
5.543362410058667820e+02	2.564036078697156662e-01	0.000000000000000000e+00
5.547559504470667662e+02	2.560421568950801974e-01	0.000000000000000000e+00
5.551756598882667504e+02	2.556717044962373842e-01	0.000000000000000000e+00
5.555953693294667346e+02	2.552927336580226303e-01	0.000000000000000000e+00
5.560150787706667188e+02	2.549056845417834172e-01	0.000000000000000000e+00
5.564347882118668167e+02	2.545109584432591610e-01	0.000000000000000000e+00
5.568544976530668009e+02	2.541089214020509912e-01	0.000000000000000000e+00
5.572742070942667851e+02	2.536999074935361032e-01	0.000000000000000000e+00
5.576939165354667693e+02	2.532842218313304250e-01	0.000000000000000000e+00
5.581136259766667536e+02	2.528621433058446666e-01	0.000000000000000000e+00
5.585333354178667378e+02	2.524339270821789882e-01	0.000000000000000000e+00
5.589530448590667220e+02	2.519998068784953804e-01	0.000000000000000000e+00
5.593727543002667062e+02	2.515599970440682287e-01	0.000000000000000000e+00
5.597924637414666904e+02	2.511146944544811466e-01	0.000000000000000000e+00
5.602121731826667883e+02	2.506640802398518164e-01	0.000000000000000000e+00
5.606318826238667725e+02	2.502083213605142964e-01	0.000000000000000000e+00
5.610515920650667567e+02	2.497475720432970336e-01	0.000000000000000000e+00
5.614713015062667409e+02	2.492819750903406406e-01	0.000000000000000000e+00
5.618910109474667252e+02	2.488116630713357313e-01	0.000000000000000000e+00
5.623107203886668231e+02	2.483367594090754027e-01	0.000000000000000000e+00
5.627304298298668073e+02	2.478573793673494174e-01	0.000000000000000000e+00
5.631501392710667915e+02	2.473736309494026231e-01	0.000000000000000000e+00
5.635698487122667757e+02	2.468856157144546370e-01	0.000000000000000000e+00
5.639895581534667599e+02	2.463934295191284318e-01	0.000000000000000000e+00
5.644092675946667441e+02	2.458971631900344901e-01	0.000000000000000000e+00
5.648289770358667283e+02	2.453969031332234596e-01	0.000000000000000000e+00
5.652486864770667125e+02	2.448927318857292423e-01	0.000000000000000000e+00
5.656683959182666968e+02	2.443847286139796959e-01	0.000000000000000000e+00
5.660881053594667947e+02	2.438729695634545280e-01	0.000000000000000000e+00
5.665078148006667789e+02	2.433574342692614856e-01	0.000000000000000000e+00
5.669275242418667631e+02	2.428381665958337099e-01	0.000000000000000000e+00
5.673472336830667473e+02	2.423153602201213175e-01	0.000000000000000000e+00
5.677669431242667315e+02	2.417890835129054838e-01	0.000000000000000000e+00
5.681866525654667157e+02	2.412594036287244170e-01	0.000000000000000000e+00
5.686063620066668136e+02	2.407263867316716821e-01	0.000000000000000000e+00
5.690260714478667978e+02	2.401900981945864766e-01	0.000000000000000000e+00
5.694457808890667820e+02	2.396506027738590505e-01	0.000000000000000000e+00
5.698654903302667663e+02	2.391079647619012705e-01	0.000000000000000000e+00
5.702851997714667505e+02	2.385622481191751465e-01	0.000000000000000000e+00
5.707049092126667347e+02	2.380135165875315040e-01	0.000000000000000000e+00
5.711246186538667189e+02	2.374618337864724815e-01	0.000000000000000000e+00
5.715443280950667031e+02	2.369072632938294953e-01	0.000000000000000000e+00
5.719640375362666873e+02	2.363498687122383979e-01	0.000000000000000000e+00
5.723837469774667852e+02	2.357897137226922235e-01	0.000000000000000000e+00
5.728034564186667694e+02	2.352268621263553239e-01	0.000000000000000000e+00
5.732231658598667536e+02	2.346611796100339098e-01	0.000000000000000000e+00
5.736428753010667378e+02	2.340929054251808250e-01	0.000000000000000000e+00
5.740625847422667221e+02	2.335221346392998831e-01	0.000000000000000000e+00
5.744822941834668200e+02	2.329489323107290510e-01	0.000000000000000000e+00
5.749020036246668042e+02	2.323733636926396395e-01	0.000000000000000000e+00
5.753217130658667884e+02	2.317954942206772173e-01	0.000000000000000000e+00
5.757414225070667726e+02	2.312153894952262145e-01	0.000000000000000000e+00
5.761611319482667568e+02	2.306331152589400635e-01	0.000000000000000000e+00
5.765808413894667410e+02	2.300487373701339266e-01	0.000000000000000000e+00
5.770005508306667252e+02	2.294623217725917930e-01	0.000000000000000000e+00
5.774202602718667094e+02	2.288739344622995053e-01	0.000000000000000000e+00
5.778399697130666937e+02	2.282836414515728718e-01	0.000000000000000000e+00
5.782596791542667916e+02	2.276913459068131418e-01	0.000000000000000000e+00
5.786793885954667758e+02	2.270972531768163938e-01	0.000000000000000000e+00
5.790990980366667600e+02	2.265014655885002615e-01	0.000000000000000000e+00
5.795188074778667442e+02	2.259040493177023601e-01	0.000000000000000000e+00
5.799385169190667284e+02	2.253050703258648590e-01	0.000000000000000000e+00
5.803582263602667126e+02	2.247045943139839019e-01	0.000000000000000000e+00
5.807779358014668105e+02	2.241026866765745140e-01	0.000000000000000000e+00
5.811976452426667947e+02	2.234994124558871420e-01	0.000000000000000000e+00
5.816173546838667789e+02	2.228948362965883501e-01	0.000000000000000000e+00
5.820370641250667632e+02	2.222890224011030980e-01	0.000000000000000000e+00
5.824567735662667474e+02	2.216819482370798733e-01	0.000000000000000000e+00
5.828764830074667316e+02	2.210737170339841517e-01	0.000000000000000000e+00
5.832961924486667158e+02	2.204644543658502154e-01	0.000000000000000000e+00
5.837159018898667000e+02	2.198542225005482575e-01	0.000000000000000000e+00
5.841356113310666842e+02	2.192430830129214747e-01	0.000000000000000000e+00
5.845553207722667821e+02	2.186310967460581289e-01	0.000000000000000000e+00
5.849750302134667663e+02	2.180183237742952529e-01	0.000000000000000000e+00
5.853947396546667505e+02	2.174048233680115350e-01	0.000000000000000000e+00
5.858144490958667348e+02	2.167906539602622584e-01	0.000000000000000000e+00
5.862341585370667190e+02	2.161758305290318316e-01	0.000000000000000000e+00
5.866538679782668169e+02	2.155604270162225500e-01	0.000000000000000000e+00
5.870735774194668011e+02	2.149445430531065071e-01	0.000000000000000000e+00
5.874932868606667853e+02	2.143282334003148992e-01	0.000000000000000000e+00
5.879129963018667695e+02	2.137115517948555143e-01	0.000000000000000000e+00
5.883327057430667537e+02	2.130945509285211981e-01	0.000000000000000000e+00
5.887524151842667379e+02	2.124772824283758521e-01	0.000000000000000000e+00
5.891721246254667221e+02	2.118597968392849640e-01	0.000000000000000000e+00
5.895918340666667063e+02	2.112421387402704243e-01	0.000000000000000000e+00
5.900115435078666906e+02	2.106243600953644490e-01	0.000000000000000000e+00
5.904312529490666748e+02	2.100065281876842271e-01	0.000000000000000000e+00
5.908509623902667727e+02	2.093886888011133873e-01	0.000000000000000000e+00
5.912706718314667569e+02	2.087708865339875097e-01	0.000000000000000000e+00
5.916903812726667411e+02	2.081531647943068997e-01	0.000000000000000000e+00
5.921100907138667253e+02	2.075355657967646039e-01	0.000000000000000000e+00
5.925298001550667095e+02	2.069181305615084843e-01	0.000000000000000000e+00
5.929495095962668074e+02	2.063009296474482002e-01	0.000000000000000000e+00
5.933692190374667916e+02	2.056840031257126111e-01	0.000000000000000000e+00
5.937889284786667758e+02	2.050673738629775755e-01	0.000000000000000000e+00
5.942086379198667601e+02	2.044510775728407559e-01	0.000000000000000000e+00
5.946283473610667443e+02	2.038351487556364916e-01	0.000000000000000000e+00
5.950480568022667285e+02	2.032196207081557182e-01	0.000000000000000000e+00
5.954677662434667127e+02	2.026045255345985951e-01	0.000000000000000000e+00
5.958874756846666969e+02	2.019899458724409569e-01	0.000000000000000000e+00
5.963071851258666811e+02	2.013759233337068799e-01	0.000000000000000000e+00
5.967268945670667790e+02	2.007624386260951355e-01	0.000000000000000000e+00
5.971466040082667632e+02	2.001495184980161268e-01	0.000000000000000000e+00
5.975663134494667474e+02	1.995371885514737875e-01	0.000000000000000000e+00
5.979860228906667317e+02	1.989254732612517895e-01	0.000000000000000000e+00
5.984057323318667159e+02	1.983143959947192836e-01	0.000000000000000000e+00
5.988254417730668138e+02	1.977040963236804394e-01	0.000000000000000000e+00
5.992451512142667980e+02	1.970945259362090474e-01	0.000000000000000000e+00
5.996648606554667822e+02	1.964856701670683881e-01	0.000000000000000000e+00
6.000845700966667664e+02	1.958775473349345930e-01	0.000000000000000000e+00
6.005042795378667506e+02	1.952701747472397886e-01	0.000000000000000000e+00
6.009239889790667348e+02	1.946635687249080593e-01	0.000000000000000000e+00
6.013436984202667190e+02	1.940578144998713339e-01	0.000000000000000000e+00
6.017634078614667033e+02	1.934529841220156976e-01	0.000000000000000000e+00
6.021831173026666875e+02	1.928489741000489199e-01	0.000000000000000000e+00
6.026028267438666717e+02	1.922457961886090139e-01	0.000000000000000000e+00
6.030225361850667696e+02	1.916434612821610040e-01	0.000000000000000000e+00
6.034422456262667538e+02	1.910419794417811401e-01	0.000000000000000000e+00
6.038619550674667380e+02	1.904414165062420228e-01	0.000000000000000000e+00
6.042816645086667222e+02	1.898418935012983477e-01	0.000000000000000000e+00
6.047013739498667064e+02	1.892432568348606792e-01	0.000000000000000000e+00
6.051210833910668043e+02	1.886455126373441094e-01	0.000000000000000000e+00
6.055407928322667885e+02	1.880486663489953081e-01	0.000000000000000000e+00
6.059605022734667727e+02	1.874527227460112411e-01	0.000000000000000000e+00
6.063802117146667570e+02	1.868577821940156924e-01	0.000000000000000000e+00
6.067999211558667412e+02	1.862639042237433651e-01	0.000000000000000000e+00
6.072196305970667254e+02	1.856709446523464591e-01	0.000000000000000000e+00
6.076393400382667096e+02	1.850789050553386939e-01	0.000000000000000000e+00
6.080590494794666938e+02	1.844877864915736021e-01	0.000000000000000000e+00
6.084787589206666780e+02	1.838975895263709193e-01	0.000000000000000000e+00
6.088984683618667759e+02	1.833085102549557310e-01	0.000000000000000000e+00
6.093181778030667601e+02	1.827204210239601057e-01	0.000000000000000000e+00
6.097378872442667443e+02	1.821332549372136900e-01	0.000000000000000000e+00
6.101575966854667286e+02	1.815470101266784819e-01	0.000000000000000000e+00
6.105773061266667128e+02	1.809616843710981082e-01	0.000000000000000000e+00
6.109970155678666970e+02	1.803773558609784167e-01	0.000000000000000000e+00
6.114167250090667949e+02	1.797941336418854563e-01	0.000000000000000000e+00
6.118364344502667791e+02	1.792118228985361827e-01	0.000000000000000000e+00
6.122561438914667633e+02	1.786304196191762506e-01	0.000000000000000000e+00
6.126758533326667475e+02	1.780499195675528668e-01	0.000000000000000000e+00
6.130955627738667317e+02	1.774703230340433369e-01	0.000000000000000000e+00
6.135152722150667159e+02	1.768918954437797564e-01	0.000000000000000000e+00
6.139349816562667002e+02	1.763143568785021653e-01	0.000000000000000000e+00
6.143546910974666844e+02	1.757377019257033157e-01	0.000000000000000000e+00
6.147744005386666686e+02	1.751619250601542110e-01	0.000000000000000000e+00
6.151941099798667665e+02	1.745870206525026447e-01	0.000000000000000000e+00
6.156138194210667507e+02	1.740132359417761176e-01	0.000000000000000000e+00
6.160335288622667349e+02	1.734403412424377622e-01	0.000000000000000000e+00
6.164532383034667191e+02	1.728683000951941051e-01	0.000000000000000000e+00
6.168729477446667033e+02	1.722971063402052583e-01	0.000000000000000000e+00
6.172926571858668012e+02	1.717267537990292137e-01	0.000000000000000000e+00
6.177123666270667854e+02	1.711574958569492544e-01	0.000000000000000000e+00
6.181320760682667697e+02	1.705890905761681675e-01	0.000000000000000000e+00
6.185517855094667539e+02	1.700215060952416923e-01	0.000000000000000000e+00
6.189714949506667381e+02	1.694547361825273213e-01	0.000000000000000000e+00
6.193912043918667223e+02	1.688887909366489914e-01	0.000000000000000000e+00
6.198109138330667065e+02	1.683239176688431094e-01	0.000000000000000000e+00
6.202306232742666907e+02	1.677598387943316782e-01	0.000000000000000000e+00
6.206503327154666749e+02	1.671965483780195882e-01	0.000000000000000000e+00
6.210700421566667728e+02	1.666340405743108877e-01	0.000000000000000000e+00
6.214897515978667570e+02	1.660724021071348921e-01	0.000000000000000000e+00
6.219094610390667413e+02	1.655117293410797441e-01	0.000000000000000000e+00
6.223291704802667255e+02	1.649518209402540403e-01	0.000000000000000000e+00
6.227488799214667097e+02	1.643926716815568012e-01	0.000000000000000000e+00
6.231685893626666939e+02	1.638342764514221783e-01	0.000000000000000000e+00
6.235882988038667918e+02	1.632768316082139903e-01	0.000000000000000000e+00
6.240080082450667760e+02	1.627202189956751255e-01	0.000000000000000000e+00
6.244277176862667602e+02	1.621643455740218454e-01	0.000000000000000000e+00
6.248474271274667444e+02	1.616092070872673370e-01	0.000000000000000000e+00
6.252671365686667286e+02	1.610548489713408138e-01	0.000000000000000000e+00
6.256868460098667128e+02	1.605014620303169548e-01	0.000000000000000000e+00
6.261065554510666971e+02	1.599487988531973492e-01	0.000000000000000000e+00
6.265262648922666813e+02	1.593968561917330773e-01	0.000000000000000000e+00
6.269459743334666655e+02	1.588456309016184620e-01	0.000000000000000000e+00
6.273656837746667634e+02	1.582953409590818761e-01	0.000000000000000000e+00
6.277853932158667476e+02	1.577458433865423504e-01	0.000000000000000000e+00
6.282051026570667318e+02	1.571970573098537272e-01	0.000000000000000000e+00
6.286248120982667160e+02	1.566489806695998410e-01	0.000000000000000000e+00
6.290445215394667002e+02	1.561017323083805086e-01	0.000000000000000000e+00
6.294642309806667981e+02	1.555553796631249930e-01	0.000000000000000000e+00
6.298839404218667823e+02	1.550097353972692271e-01	0.000000000000000000e+00
6.303036498630667666e+02	1.544647985645119237e-01	0.000000000000000000e+00
6.307233593042667508e+02	1.539206094134787928e-01	0.000000000000000000e+00
6.311430687454667350e+02	1.533774071591663402e-01	0.000000000000000000e+00
6.315627781866667192e+02	1.528349163601415150e-01	0.000000000000000000e+00
6.319824876278667034e+02	1.522931371626876085e-01	0.000000000000000000e+00
6.324021970690666876e+02	1.517520697195847978e-01	0.000000000000000000e+00
6.328219065102666718e+02	1.512120317000387737e-01	0.000000000000000000e+00
6.332416159514667697e+02	1.506727336097315462e-01	0.000000000000000000e+00
6.336613253926667539e+02	1.501341575026215458e-01	0.000000000000000000e+00
6.340810348338667382e+02	1.495963045181925299e-01	0.000000000000000000e+00
6.345007442750667224e+02	1.490594698670409390e-01	0.000000000000000000e+00
6.349204537162667066e+02	1.485234316962047163e-01	0.000000000000000000e+00
6.353401631574666908e+02	1.479881319616729307e-01	0.000000000000000000e+00
6.357598725986667887e+02	1.474535726841053607e-01	0.000000000000000000e+00
6.361795820398667729e+02	1.469200505541256307e-01	0.000000000000000000e+00
6.365992914810667571e+02	1.463873671412659061e-01	0.000000000000000000e+00
6.370190009222667413e+02	1.458554443837625780e-01	0.000000000000000000e+00
6.374387103634667255e+02	1.453242850493221272e-01	0.000000000000000000e+00
6.378584198046667098e+02	1.447942138308850879e-01	0.000000000000000000e+00
6.382781292458666940e+02	1.442650066383493190e-01	0.000000000000000000e+00
6.386978386870666782e+02	1.437365876385255647e-01	0.000000000000000000e+00
6.391175481282666624e+02	1.432089601905668363e-01	0.000000000000000000e+00
6.395372575694666466e+02	1.426825073127924448e-01	0.000000000000000000e+00
6.399569670106667445e+02	1.421569228316091338e-01	0.000000000000000000e+00
6.403766764518667287e+02	1.416321588327203729e-01	0.000000000000000000e+00
6.407963858930667129e+02	1.411082252147856653e-01	0.000000000000000000e+00
6.412160953342668108e+02	1.405855802774735319e-01	0.000000000000000000e+00
6.416358047754667950e+02	1.400637879204814362e-01	0.000000000000000000e+00
6.420555142166667792e+02	1.395428524279440086e-01	0.000000000000000000e+00
6.424752236578667635e+02	1.390228784538247997e-01	0.000000000000000000e+00
6.428949330990667477e+02	1.385041757962051090e-01	0.000000000000000000e+00
6.433146425402667319e+02	1.379863653646911936e-01	0.000000000000000000e+00
6.437343519814667161e+02	1.374694515445095688e-01	0.000000000000000000e+00
6.441540614226667003e+02	1.369536770042420748e-01	0.000000000000000000e+00
6.445737708638666845e+02	1.364391211727373210e-01	0.000000000000000000e+00
6.449934803050666687e+02	1.359254999851758072e-01	0.000000000000000000e+00
6.454131897462666529e+02	1.354128177496441987e-01	0.000000000000000000e+00
6.458328991874667508e+02	1.349015062573243051e-01	0.000000000000000000e+00
6.462526086286667351e+02	1.343913169968091181e-01	0.000000000000000000e+00
6.466723180698667193e+02	1.338821067693857225e-01	0.000000000000000000e+00
6.470920275110667035e+02	1.333739277477488105e-01	0.000000000000000000e+00
6.475117369522668014e+02	1.328673161515189494e-01	0.000000000000000000e+00
6.479314463934667856e+02	1.323617251274505635e-01	0.000000000000000000e+00
6.483511558346667698e+02	1.318571586949868479e-01	0.000000000000000000e+00
6.487708652758667540e+02	1.313539281156621275e-01	0.000000000000000000e+00
6.491905747170667382e+02	1.308521084969767601e-01	0.000000000000000000e+00
6.496102841582667224e+02	1.303513559215716267e-01	0.000000000000000000e+00
6.500299935994667067e+02	1.298516738843414897e-01	0.000000000000000000e+00
6.504497030406666909e+02	1.293537058031957454e-01	0.000000000000000000e+00
6.508694124818666751e+02	1.288569237715260773e-01	0.000000000000000000e+00
6.512891219230666593e+02	1.283612550168021782e-01	0.000000000000000000e+00
6.517088313642666435e+02	1.278669763609581733e-01	0.000000000000000000e+00
6.521285408054667414e+02	1.273743239776631009e-01	0.000000000000000000e+00
6.525482502466667256e+02	1.268828276902939090e-01	0.000000000000000000e+00
6.529679596878667098e+02	1.263924899645725020e-01	0.000000000000000000e+00
6.533876691290668077e+02	1.259040246362046200e-01	0.000000000000000000e+00
6.538073785702667919e+02	1.254168609320079064e-01	0.000000000000000000e+00
6.542270880114667762e+02	1.249308978338775356e-01	0.000000000000000000e+00
6.546467974526667604e+02	1.244464972794434438e-01	0.000000000000000000e+00
6.550665068938667446e+02	1.239638261113029660e-01	0.000000000000000000e+00
6.554862163350667288e+02	1.234823968532181848e-01	0.000000000000000000e+00
6.559059257762667130e+02	1.230022139650194662e-01	0.000000000000000000e+00
6.563256352174666972e+02	1.225241940513147471e-01	0.000000000000000000e+00
6.567453446586666814e+02	1.220474562722094342e-01	0.000000000000000000e+00
6.571650540998666656e+02	1.215720010932695994e-01	0.000000000000000000e+00
6.575847635410666499e+02	1.210984321931714014e-01	0.000000000000000000e+00
6.580044729822667477e+02	1.206265409380710141e-01	0.000000000000000000e+00
6.584241824234667320e+02	1.201559704216551838e-01	0.000000000000000000e+00
6.588438918646667162e+02	1.196870018369182997e-01	0.000000000000000000e+00
6.592636013058667004e+02	1.192201085805558169e-01	0.000000000000000000e+00
6.596833107470667983e+02	1.187545724545007453e-01	0.000000000000000000e+00
6.601030201882667825e+02	1.182903922599818913e-01	0.000000000000000000e+00
6.605227296294667667e+02	1.178286072039161775e-01	0.000000000000000000e+00
6.609424390706667509e+02	1.173682504386391601e-01	0.000000000000000000e+00
6.613621485118667351e+02	1.169092832405089905e-01	0.000000000000000000e+00
6.617818579530667193e+02	1.164524726056845177e-01	0.000000000000000000e+00
6.622015673942667036e+02	1.159974345753235769e-01	0.000000000000000000e+00
6.626212768354666878e+02	1.155438174791919848e-01	0.000000000000000000e+00
6.630409862766666720e+02	1.150921260400464691e-01	0.000000000000000000e+00
6.634606957178666562e+02	1.146425397500931143e-01	0.000000000000000000e+00
6.638804051590666404e+02	1.141944032964233580e-01	0.000000000000000000e+00
6.643001146002667383e+02	1.137479720414893425e-01	0.000000000000000000e+00
6.647198240414667225e+02	1.133039634276794966e-01	0.000000000000000000e+00
6.651395334826667067e+02	1.128614309199500176e-01	0.000000000000000000e+00
6.655592429238668046e+02	1.124203964222391244e-01	0.000000000000000000e+00
6.659789523650667888e+02	1.119820837245077416e-01	0.000000000000000000e+00
6.663986618062667731e+02	1.115452706329956856e-01	0.000000000000000000e+00
6.668183712474667573e+02	1.111099520710932820e-01	0.000000000000000000e+00
6.672380806886667415e+02	1.106772576691340965e-01	0.000000000000000000e+00
6.676577901298667257e+02	1.102462711128034401e-01	0.000000000000000000e+00
6.680774995710667099e+02	1.098167990004968037e-01	0.000000000000000000e+00
6.684972090122666941e+02	1.093898196587149430e-01	0.000000000000000000e+00
6.689169184534666783e+02	1.089647579667579469e-01	0.000000000000000000e+00
6.693366278946666625e+02	1.085412277097628775e-01	0.000000000000000000e+00
6.697563373358666468e+02	1.081200801173927556e-01	0.000000000000000000e+00
6.701760467770667447e+02	1.077010324710771100e-01	0.000000000000000000e+00
6.705957562182667289e+02	1.072835302873203361e-01	0.000000000000000000e+00
6.710154656594667131e+02	1.068683243602807503e-01	0.000000000000000000e+00
6.714351751006666973e+02	1.064553705148845592e-01	0.000000000000000000e+00
6.718548845418667952e+02	1.060439731840178701e-01	0.000000000000000000e+00
6.722745939830667794e+02	1.056348116646292079e-01	0.000000000000000000e+00
6.726943034242667636e+02	1.052280217504234089e-01	0.000000000000000000e+00
6.731140128654667478e+02	1.048227964411246882e-01	0.000000000000000000e+00
6.735337223066667320e+02	1.044197745476958122e-01	0.000000000000000000e+00
6.739534317478667163e+02	1.040192089481635634e-01	0.000000000000000000e+00
6.743731411890667005e+02	1.036202131211526045e-01	0.000000000000000000e+00
6.747928506302666847e+02	1.032234182489073226e-01	0.000000000000000000e+00
6.752125600714666689e+02	1.028291275536724475e-01	0.000000000000000000e+00
6.756322695126666531e+02	1.024364089376940262e-01	0.000000000000000000e+00
6.760519789538666373e+02	1.020459204120969243e-01	0.000000000000000000e+00
6.764716883950667352e+02	1.016579454413916173e-01	0.000000000000000000e+00
6.768913978362667194e+02	1.012715420787935333e-01	0.000000000000000000e+00
6.773111072774667036e+02	1.008874309618944254e-01	0.000000000000000000e+00
6.777308167186668015e+02	1.005058028588099034e-01	0.000000000000000000e+00
6.781505261598667857e+02	1.001257432168045219e-01	0.000000000000000000e+00
6.785702356010667700e+02	9.974807216683137523e-02	0.000000000000000000e+00
6.789899450422667542e+02	9.937281255309195205e-02	0.000000000000000000e+00
6.794096544834667384e+02	9.899911569631328345e-02	0.000000000000000000e+00
6.798293639246667226e+02	9.862793888033512257e-02	0.000000000000000000e+00
6.802490733658667068e+02	9.825906007090511041e-02	0.000000000000000000e+00
6.806687828070666910e+02	9.789173589047694968e-02	0.000000000000000000e+00
6.810884922482666752e+02	9.752709894957188597e-02	0.000000000000000000e+00
6.815082016894666594e+02	9.716460422104654382e-02	0.000000000000000000e+00
6.819279111306666437e+02	9.680365371505628147e-02	0.000000000000000000e+00
6.823476205718667416e+02	9.644559378106877523e-02	0.000000000000000000e+00
6.827673300130667258e+02	9.608947768852482696e-02	0.000000000000000000e+00
6.831870394542667100e+02	9.573489328854928315e-02	0.000000000000000000e+00
6.836067488954666942e+02	9.538343905116383747e-02	0.000000000000000000e+00
6.840264583366667921e+02	9.503368778793878924e-02	0.000000000000000000e+00
6.844461677778667763e+02	9.468554454968043654e-02	0.000000000000000000e+00
6.848658772190667605e+02	9.434062554863846539e-02	0.000000000000000000e+00
6.852855866602667447e+02	9.399721734337665446e-02	0.000000000000000000e+00
6.857052961014667289e+02	9.365570727337720058e-02	0.000000000000000000e+00
6.861250055426667132e+02	9.331712013636128678e-02	0.000000000000000000e+00
6.865447149838666974e+02	9.298002568160847192e-02	0.000000000000000000e+00
6.869644244250666816e+02	9.264515697267591832e-02	0.000000000000000000e+00
6.873841338662666658e+02	9.231286681841649466e-02	0.000000000000000000e+00
6.878038433074666500e+02	9.198204972504675503e-02	0.000000000000000000e+00
6.882235527486666342e+02	9.165382273330764662e-02	0.000000000000000000e+00
6.886432621898667321e+02	9.132778789897141869e-02	0.000000000000000000e+00
6.890629716310667163e+02	9.100320517080383309e-02	0.000000000000000000e+00
6.894826810722667005e+02	9.068161268552418774e-02	0.000000000000000000e+00
6.899023905134667984e+02	9.036178521909733752e-02	0.000000000000000000e+00
6.903220999546667827e+02	9.004350500164456927e-02	0.000000000000000000e+00
6.907418093958667669e+02	8.972841529390332416e-02	0.000000000000000000e+00
6.911615188370667511e+02	8.941474145784206184e-02	0.000000000000000000e+00
6.915812282782667353e+02	8.910307142670385872e-02	0.000000000000000000e+00
6.920009377194667195e+02	8.879410070319120052e-02	0.000000000000000000e+00
6.924206471606667037e+02	8.848652148407050444e-02	0.000000000000000000e+00
6.928403566018666879e+02	8.818143693615453083e-02	0.000000000000000000e+00
6.932600660430666721e+02	8.787852212678090580e-02	0.000000000000000000e+00
6.936797754842666563e+02	8.757697374592701700e-02	0.000000000000000000e+00
6.940994849254666406e+02	8.727844363815821793e-02	0.000000000000000000e+00
6.945191943666667385e+02	8.698151726483051294e-02	0.000000000000000000e+00
6.949389038078667227e+02	8.668625086853797013e-02	0.000000000000000000e+00
6.953586132490667069e+02	8.639391905324392273e-02	0.000000000000000000e+00
6.957783226902666911e+02	8.610290973953130256e-02	0.000000000000000000e+00
6.961980321314667890e+02	8.581414025399609902e-02	0.000000000000000000e+00
6.966177415726667732e+02	8.552767756585759329e-02	0.000000000000000000e+00
6.970374510138667574e+02	8.524251053562902081e-02	0.000000000000000000e+00
6.974571604550667416e+02	8.496019295216777900e-02	0.000000000000000000e+00
6.978768698962667258e+02	8.467952187380335671e-02	0.000000000000000000e+00
6.982965793374667101e+02	8.440041185198922380e-02	0.000000000000000000e+00
6.987162887786666943e+02	8.412420396994174654e-02	0.000000000000000000e+00
6.991359982198666785e+02	8.384924442469302019e-02	0.000000000000000000e+00
6.995557076610666627e+02	8.357650999133826863e-02	0.000000000000000000e+00
6.999754171022666469e+02	8.330595901896542532e-02	0.000000000000000000e+00
7.003951265434666311e+02	8.303662882928856959e-02	0.000000000000000000e+00
7.008148359846667290e+02	8.277021396037684275e-02	0.000000000000000000e+00
7.012345454258667132e+02	8.250523592024520958e-02	0.000000000000000000e+00
7.016542548670666974e+02	8.224195870192582691e-02	0.000000000000000000e+00
7.020739643082667953e+02	8.198129638572373978e-02	0.000000000000000000e+00
7.024936737494667796e+02	8.172180597033761040e-02	0.000000000000000000e+00
7.029133831906667638e+02	8.146475782576803604e-02	0.000000000000000000e+00
7.033330926318667480e+02	8.120952429324757027e-02	0.000000000000000000e+00
7.037528020730667322e+02	8.095556688336019713e-02	0.000000000000000000e+00
7.041725115142667164e+02	8.070455231302901822e-02	0.000000000000000000e+00
7.045922209554667006e+02	8.045466040412686815e-02	0.000000000000000000e+00
7.050119303966666848e+02	8.020683538206156704e-02	0.000000000000000000e+00
7.054316398378666690e+02	7.996110208394684171e-02	0.000000000000000000e+00
7.058513492790666533e+02	7.971646437255151818e-02	0.000000000000000000e+00
7.062710587202666375e+02	7.947470470636906759e-02	0.000000000000000000e+00
7.066907681614667354e+02	7.923416484695942896e-02	0.000000000000000000e+00
7.071104776026667196e+02	7.899541224714662357e-02	0.000000000000000000e+00
7.075301870438667038e+02	7.875893116287120688e-02	0.000000000000000000e+00
7.079498964850666880e+02	7.852349723666252057e-02	0.000000000000000000e+00
7.083696059262667859e+02	7.829070687889216895e-02	0.000000000000000000e+00
7.087893153674667701e+02	7.805927078314546519e-02	0.000000000000000000e+00
7.092090248086667543e+02	7.782943542952192040e-02	0.000000000000000000e+00
7.096287342498667385e+02	7.760195805657997548e-02	0.000000000000000000e+00
7.100484436910667227e+02	7.737548034761915217e-02	0.000000000000000000e+00
7.104681531322667070e+02	7.715150257483258112e-02	0.000000000000000000e+00
7.108878625734666912e+02	7.692892320128363881e-02	0.000000000000000000e+00
7.113075720146666754e+02	7.670784802021367310e-02	0.000000000000000000e+00
7.117272814558666596e+02	7.648912833595838956e-02	0.000000000000000000e+00
7.121469908970666438e+02	7.627136211436465196e-02	0.000000000000000000e+00
7.125667003382666280e+02	7.605603998291934897e-02	0.000000000000000000e+00
7.129864097794667259e+02	7.584207428544136043e-02	0.000000000000000000e+00
7.134061192206667101e+02	7.562960280565729498e-02	0.000000000000000000e+00
7.138258286618666943e+02	7.541939989342349993e-02	0.000000000000000000e+00
7.142455381030666786e+02	7.521010580058871964e-02	0.000000000000000000e+00
7.146652475442667765e+02	7.500328457623631206e-02	0.000000000000000000e+00
7.150849569854667607e+02	7.479769590627662057e-02	0.000000000000000000e+00
7.155046664266667449e+02	7.459367464805073678e-02	0.000000000000000000e+00
7.159243758678667291e+02	7.439175496410339872e-02	0.000000000000000000e+00
7.163440853090667133e+02	7.419070118763249067e-02	0.000000000000000000e+00
7.167637947502666975e+02	7.399223064362828173e-02	0.000000000000000000e+00
7.171835041914666817e+02	7.379479078565391592e-02	0.000000000000000000e+00
7.176032136326666659e+02	7.359907150839065104e-02	0.000000000000000000e+00
7.180229230738666502e+02	7.340521077460129828e-02	0.000000000000000000e+00
7.184426325150666344e+02	7.321222709029523434e-02	0.000000000000000000e+00
7.188623419562667323e+02	7.302191140623014165e-02	0.000000000000000000e+00
7.192820513974667165e+02	7.283240223654451062e-02	0.000000000000000000e+00
7.197017608386667007e+02	7.264484401559855031e-02	0.000000000000000000e+00
7.201214702798666849e+02	7.245882873088585474e-02	0.000000000000000000e+00
7.205411797210667828e+02	7.227396108469369418e-02	0.000000000000000000e+00
7.209608891622667670e+02	7.209140764041865879e-02	0.000000000000000000e+00
7.213805986034667512e+02	7.190962240749949885e-02	0.000000000000000000e+00
7.218003080446667354e+02	7.173009351279013845e-02	0.000000000000000000e+00
7.222200174858667197e+02	7.155172208426621716e-02	0.000000000000000000e+00
7.226397269270667039e+02	7.137484219044272493e-02	0.000000000000000000e+00
7.230594363682666881e+02	7.119985475568886557e-02	0.000000000000000000e+00
7.234791458094666723e+02	7.102561085867127588e-02	0.000000000000000000e+00
7.238988552506666565e+02	7.085397853862780704e-02	0.000000000000000000e+00
7.243185646918666407e+02	7.068306204096881651e-02	0.000000000000000000e+00
7.247382741330666249e+02	7.051405296074991780e-02	0.000000000000000000e+00
7.251579835742667228e+02	7.034644830228088674e-02	0.000000000000000000e+00
7.255776930154667070e+02	7.018003899668219525e-02	0.000000000000000000e+00
7.259974024566666913e+02	7.001571972784427500e-02	0.000000000000000000e+00
7.264171118978666755e+02	6.985208230669069651e-02	0.000000000000000000e+00
7.268368213390667734e+02	6.969083976792170287e-02	0.000000000000000000e+00
7.272565307802667576e+02	6.953044790906301453e-02	0.000000000000000000e+00
7.276762402214667418e+02	6.937177339100585038e-02	0.000000000000000000e+00
7.280959496626667260e+02	6.921460314052378660e-02	0.000000000000000000e+00
7.285156591038667102e+02	6.905848710331624618e-02	0.000000000000000000e+00
7.289353685450666944e+02	6.890451552323856310e-02	0.000000000000000000e+00
7.293550779862666786e+02	6.875117967708194167e-02	0.000000000000000000e+00
7.297747874274666628e+02	6.860015413585046629e-02	0.000000000000000000e+00
7.301944968686666471e+02	6.844998205439105365e-02	0.000000000000000000e+00
7.306142063098666313e+02	6.830148962072266072e-02	0.000000000000000000e+00
7.310339157510667292e+02	6.815446087039229994e-02	0.000000000000000000e+00
7.314536251922667134e+02	6.800849418667676005e-02	0.000000000000000000e+00
7.318733346334666976e+02	6.786458934280588384e-02	0.000000000000000000e+00
7.322930440746666818e+02	6.772127727843900435e-02	0.000000000000000000e+00
7.327127535158667797e+02	6.758034224638327647e-02	0.000000000000000000e+00
7.331324629570667639e+02	6.744012391945702900e-02	0.000000000000000000e+00
7.335521723982667481e+02	6.730169590355462861e-02	0.000000000000000000e+00
7.339718818394667323e+02	6.716455430186446529e-02	0.000000000000000000e+00
7.343915912806667166e+02	6.702862817064896006e-02	0.000000000000000000e+00
7.348113007218667008e+02	6.689454724454339807e-02	0.000000000000000000e+00
7.352310101630666850e+02	6.676111841972014183e-02	0.000000000000000000e+00
7.356507196042666692e+02	6.663008306371566436e-02	0.000000000000000000e+00
7.360704290454666534e+02	6.649958930381269506e-02	0.000000000000000000e+00
7.364901384866666376e+02	6.637114354753713419e-02	0.000000000000000000e+00
7.369098479278666218e+02	6.624367084050283849e-02	0.000000000000000000e+00
7.373295573690667197e+02	6.611771192644953776e-02	0.000000000000000000e+00
7.377492668102667039e+02	6.599324733218737971e-02	0.000000000000000000e+00
7.381689762514666882e+02	6.586977283938191818e-02	0.000000000000000000e+00
7.385886856926666724e+02	6.574830426994129895e-02	0.000000000000000000e+00
7.390083951338667703e+02	6.562733933541167741e-02	0.000000000000000000e+00
7.394281045750667545e+02	6.550882848466769992e-02	0.000000000000000000e+00
7.398478140162667387e+02	6.539083873072920605e-02	0.000000000000000000e+00
7.402675234574667229e+02	6.527480810268043721e-02	0.000000000000000000e+00
7.406872328986667071e+02	6.515978332282210128e-02	0.000000000000000000e+00
7.411069423398666913e+02	6.504623249742742808e-02	0.000000000000000000e+00
7.415266517810666755e+02	6.493416321502645805e-02	0.000000000000000000e+00
7.419463612222666598e+02	6.482309223749029015e-02	0.000000000000000000e+00
7.423660706634666440e+02	6.471396966698290953e-02	0.000000000000000000e+00
7.427857801046666282e+02	6.460537903098151347e-02	0.000000000000000000e+00
7.432054895458666124e+02	6.449919503690476619e-02	0.000000000000000000e+00
7.436251989870667103e+02	6.439345949054528506e-02	0.000000000000000000e+00
7.440449084282666945e+02	6.428983272046021047e-02	0.000000000000000000e+00
7.444646178694666787e+02	6.418701953127835258e-02	0.000000000000000000e+00
7.448843273106667766e+02	6.408587708642023151e-02	0.000000000000000000e+00
7.453040367518667608e+02	6.398597943611211702e-02	0.000000000000000000e+00
7.457237461930667450e+02	6.388732340921360331e-02	0.000000000000000000e+00
7.461434556342667292e+02	6.379033497026870281e-02	0.000000000000000000e+00
7.465631650754667135e+02	6.369416779853144528e-02	0.000000000000000000e+00
7.469828745166666977e+02	6.360008268572681089e-02	0.000000000000000000e+00
7.474025839578666819e+02	6.350640712616162364e-02	0.000000000000000000e+00
7.478222933990666661e+02	6.341521984666491363e-02	0.000000000000000000e+00
7.482420028402666503e+02	6.332442726799390742e-02	0.000000000000000000e+00
7.486617122814666345e+02	6.323574435243688174e-02	0.000000000000000000e+00
7.490814217226666187e+02	6.314783603648152499e-02	0.000000000000000000e+00
7.495011311638667166e+02	6.306165465826867045e-02	0.000000000000000000e+00
7.499208406050667008e+02	6.297662576895583786e-02	0.000000000000000000e+00
7.503405500462666851e+02	6.289294969386681478e-02	0.000000000000000000e+00
7.507602594874666693e+02	6.281079560735665368e-02	0.000000000000000000e+00
7.511799689286667672e+02	6.272962878013724208e-02	0.000000000000000000e+00
7.515996783698667514e+02	6.265034503123419196e-02	0.000000000000000000e+00
7.520193878110667356e+02	6.257169154421811375e-02	0.000000000000000000e+00
7.524390972522667198e+02	6.249527377227037661e-02	0.000000000000000000e+00
7.528588066934667040e+02	6.241919582930920141e-02	0.000000000000000000e+00
7.532785161346666882e+02	6.234558172749592175e-02	0.000000000000000000e+00
7.536982255758666724e+02	6.227235679826006315e-02	0.000000000000000000e+00
7.541179350170666567e+02	6.220126887142195249e-02	0.000000000000000000e+00
7.545376444582666409e+02	6.213089256851307002e-02	0.000000000000000000e+00
7.549573538994666251e+02	6.206233516731804456e-02	0.000000000000000000e+00
7.553770633406666093e+02	6.199480302521245823e-02	0.000000000000000000e+00
7.557967727818667072e+02	6.192878047786692236e-02	0.000000000000000000e+00
7.562164822230666914e+02	6.186408789939188552e-02	0.000000000000000000e+00
7.566361916642666756e+02	6.180060447543534591e-02	0.000000000000000000e+00
7.570559011054667735e+02	6.173874667867330218e-02	0.000000000000000000e+00
7.574756105466667577e+02	6.167780655220066882e-02	0.000000000000000000e+00
7.578953199878667419e+02	6.161877851799021227e-02	0.000000000000000000e+00
7.583150294290667262e+02	6.156038573037848211e-02	0.000000000000000000e+00
7.587347388702667104e+02	6.150418215058160026e-02	0.000000000000000000e+00
7.591544483114666946e+02	6.144834057279843775e-02	0.000000000000000000e+00
7.595741577526666788e+02	6.139495579950102200e-02	0.000000000000000000e+00
7.599938671938666630e+02	6.134182550715016474e-02	0.000000000000000000e+00
7.604135766350666472e+02	6.129109708988603883e-02	0.000000000000000000e+00
7.608332860762666314e+02	6.124076996071061568e-02	0.000000000000000000e+00
7.612529955174666156e+02	6.119260296223771878e-02	0.000000000000000000e+00
7.616727049586667135e+02	6.114507235971740340e-02	0.000000000000000000e+00
7.620924143998666977e+02	6.109946958695655628e-02	0.000000000000000000e+00
7.625121238410666820e+02	6.105472838273811459e-02	0.000000000000000000e+00
7.629318332822666662e+02	6.101169228037781750e-02	0.000000000000000000e+00
7.633515427234667641e+02	6.096973281047424892e-02	0.000000000000000000e+00
7.637712521646667483e+02	6.092926542254530758e-02	0.000000000000000000e+00
7.641909616058667325e+02	6.089007944532420086e-02	0.000000000000000000e+00
7.646106710470667167e+02	6.085218237697689880e-02	0.000000000000000000e+00
7.650303804882667009e+02	6.081576103307615583e-02	0.000000000000000000e+00
7.654500899294666851e+02	6.078043541263490612e-02	0.000000000000000000e+00
7.658697993706666693e+02	6.074676918694104505e-02	0.000000000000000000e+00
7.662895088118666536e+02	6.071401562835825050e-02	0.000000000000000000e+00
7.667092182530666378e+02	6.068309431417334004e-02	0.000000000000000000e+00
7.671289276942666220e+02	6.065291287995104585e-02	0.000000000000000000e+00
7.675486371354666062e+02	6.062472554547140152e-02	0.000000000000000000e+00
7.679683465766667041e+02	6.059711571017464826e-02	0.000000000000000000e+00
7.683880560178666883e+02	6.057165066738522813e-02	0.000000000000000000e+00
7.688077654590666725e+02	6.054661128181684088e-02	0.000000000000000000e+00
7.692274749002667704e+02	6.052385605792047485e-02	0.000000000000000000e+00
7.696471843414667546e+02	6.050138531408662951e-02	0.000000000000000000e+00
7.700668937826667388e+02	6.048132662554315392e-02	0.000000000000000000e+00
7.704866032238667231e+02	6.046142202247240666e-02	0.000000000000000000e+00
7.709063126650667073e+02	6.044404575174439076e-02	0.000000000000000000e+00
7.713260221062666915e+02	6.042677799870856820e-02	0.000000000000000000e+00
7.717457315474666757e+02	6.041199523736265342e-02	0.000000000000000000e+00
7.721654409886666599e+02	6.039738386084546329e-02	0.000000000000000000e+00
7.725851504298666441e+02	6.038515525279539858e-02	0.000000000000000000e+00
7.730048598710666283e+02	6.037318434091931002e-02	0.000000000000000000e+00
7.734245693122666125e+02	6.036350429226263609e-02	0.000000000000000000e+00
7.738442787534667104e+02	6.035415706292424076e-02	0.000000000000000000e+00
7.742639881946666947e+02	6.034701913225112152e-02	0.000000000000000000e+00
7.746836976358666789e+02	6.034027792285535929e-02	0.000000000000000000e+00
7.751034070770666631e+02	6.033567479424404439e-02	0.000000000000000000e+00
7.755231165182667610e+02	6.033152105434499979e-02	0.000000000000000000e+00
7.759428259594667452e+02	6.032944451186920271e-02	0.000000000000000000e+00
7.763625354006667294e+02	6.032785879872551438e-02	0.000000000000000000e+00
7.767822448418667136e+02	6.032829970252533147e-02	0.000000000000000000e+00
7.772019542830666978e+02	6.032926167954827390e-02	0.000000000000000000e+00
7.776216637242666820e+02	6.033220994356944950e-02	0.000000000000000000e+00
7.780413731654666663e+02	6.033569838167091026e-02	0.000000000000000000e+00
7.784610826066666505e+02	6.034114295312818788e-02	0.000000000000000000e+00
7.788807920478666347e+02	6.034713573492986316e-02	0.000000000000000000e+00
7.793005014890666189e+02	6.035506457556859272e-02	0.000000000000000000e+00
7.797202109302666031e+02	6.036353870243993391e-02	0.000000000000000000e+00
7.801399203714667010e+02	6.037393877165971728e-02	0.000000000000000000e+00
7.805596298126666852e+02	6.038487037353250375e-02	0.000000000000000000e+00
7.809793392538666694e+02	6.039772761341563601e-02	0.000000000000000000e+00
7.813990486950667673e+02	6.041109196130945574e-02	0.000000000000000000e+00
7.818187581362667515e+02	6.042639128363885143e-02	0.000000000000000000e+00
7.822384675774667357e+02	6.044216280484174253e-02	0.000000000000000000e+00
7.826581770186667200e+02	6.045988808011377308e-02	0.000000000000000000e+00
7.830778864598667042e+02	6.047804037591071602e-02	0.000000000000000000e+00
7.834975959010666884e+02	6.049817442441995236e-02	0.000000000000000000e+00
7.839173053422666726e+02	6.051868029030116336e-02	0.000000000000000000e+00
7.843370147834666568e+02	6.054120487531805539e-02	0.000000000000000000e+00
7.847567242246666410e+02	6.056403632355200628e-02	0.000000000000000000e+00
7.851764336658666252e+02	6.058893214660981963e-02	0.000000000000000000e+00
7.855961431070666094e+02	6.061406043106370989e-02	0.000000000000000000e+00
7.860158525482667073e+02	6.064130712941159101e-02	0.000000000000000000e+00
7.864355619894666916e+02	6.066870277252185695e-02	0.000000000000000000e+00
7.868552714306666758e+02	6.069827891871226733e-02	0.000000000000000000e+00
7.872749808718666600e+02	6.072791174044155776e-02	0.000000000000000000e+00
7.876946903130667579e+02	6.075979484411558190e-02	0.000000000000000000e+00
7.881143997542667421e+02	6.079167794778959910e-02	0.000000000000000000e+00
7.885341091954667263e+02	6.082580050462940702e-02	0.000000000000000000e+00
7.889538186366667105e+02	6.085996701645411677e-02	0.000000000000000000e+00
7.893735280778666947e+02	6.089623980734808206e-02	0.000000000000000000e+00
7.897932375190666789e+02	6.093266512513542676e-02	0.000000000000000000e+00
7.902129469602666632e+02	6.097105500988649757e-02	0.000000000000000000e+00
7.906326564014666474e+02	6.100971348686993340e-02	0.000000000000000000e+00
7.910523658426666316e+02	6.105018676638488545e-02	0.000000000000000000e+00
7.914720752838666158e+02	6.109105172163607073e-02	0.000000000000000000e+00
7.918917847250666000e+02	6.113357417690550022e-02	0.000000000000000000e+00
7.923114941662666979e+02	6.117661790786912274e-02	0.000000000000000000e+00
7.927312036074666821e+02	6.122115484003526342e-02	0.000000000000000000e+00
7.931509130486666663e+02	6.126634863715348100e-02	0.000000000000000000e+00
7.935706224898667642e+02	6.131286490849824355e-02	0.000000000000000000e+00
7.939903319310667484e+02	6.136017907188805187e-02	0.000000000000000000e+00
7.944100413722667327e+02	6.140863914756426040e-02	0.000000000000000000e+00
7.948297508134667169e+02	6.145804300568991074e-02	0.000000000000000000e+00
7.952494602546667011e+02	6.150841099604358736e-02	0.000000000000000000e+00
7.956691696958666853e+02	6.155987292637216807e-02	0.000000000000000000e+00
7.960888791370666695e+02	6.161211262967047908e-02	0.000000000000000000e+00
7.965085885782666537e+02	6.166560008119915254e-02	0.000000000000000000e+00
7.969282980194666379e+02	6.171967502660345717e-02	0.000000000000000000e+00
7.973480074606666221e+02	6.177515454425648589e-02	0.000000000000000000e+00
7.977677169018666063e+02	6.183102803488180199e-02	0.000000000000000000e+00
7.981874263430667042e+02	6.188846528566069316e-02	0.000000000000000000e+00
7.986071357842666885e+02	6.194610044154661571e-02	0.000000000000000000e+00
7.990268452254666727e+02	6.200546024239758647e-02	0.000000000000000000e+00
7.994465546666666569e+02	6.206482004324855029e-02	0.000000000000000000e+00
