wavelength_nm	ideal_target_transmittance	cvae_target_transmittance	tandem_response_transmittance
3.7973711347e+02	8.2824158669e-01	7.2072952986e-01	9.4329339266e-01
3.8015682291e+02	8.2502508163e-01	7.2323542833e-01	9.4251102209e-01
3.8057653235e+02	8.2171899080e-01	7.2621905804e-01	9.4171130657e-01
3.8099624179e+02	8.1832009554e-01	7.2841918468e-01	9.4071501493e-01
3.8141595123e+02	8.1482517719e-01	7.3080563545e-01	9.3865925074e-01
3.8183566067e+02	8.1123071909e-01	7.3376101255e-01	9.3613284826e-01
3.8225537011e+02	8.0753326416e-01	7.3614722490e-01	9.3282002211e-01
3.8267507956e+02	8.0372905731e-01	7.3879736662e-01	9.2965674400e-01
3.8309478900e+02	7.9981434345e-01	7.4146461487e-01	9.2511910200e-01
3.8351449844e+02	7.9578500986e-01	7.4380981922e-01	9.2115658522e-01
3.8393420788e+02	7.9163700342e-01	7.4663680792e-01	9.1643399000e-01
3.8435391732e+02	7.8736597300e-01	7.4943625927e-01	9.1108399630e-01
3.8477362676e+02	7.8296744823e-01	7.5223571062e-01	9.0541356802e-01
3.8519333620e+02	7.7843677998e-01	7.5582170486e-01	8.9926302433e-01
3.8561304564e+02	7.7376914024e-01	7.5862687826e-01	8.9283335209e-01
3.8603275508e+02	7.6895952225e-01	7.6164048910e-01	8.8719737530e-01
3.8645246453e+02	7.6400268078e-01	7.6463234425e-01	8.7976723909e-01
3.8687217397e+02	7.5889325142e-01	7.6728188992e-01	8.7280935049e-01
3.8729188341e+02	7.5362563133e-01	7.7047127485e-01	8.6563205719e-01
3.8771159285e+02	7.4819397926e-01	7.7274739742e-01	8.5785502195e-01
3.8813130229e+02	7.4259233475e-01	7.7596676350e-01	8.5131198168e-01
3.8855101173e+02	7.3681449890e-01	7.7853405476e-01	8.4410965443e-01
3.8897072117e+02	7.3085397482e-01	7.8071707487e-01	8.3653646708e-01
3.8939043061e+02	7.2470420599e-01	7.8334283829e-01	8.2768392563e-01
3.8981014006e+02	7.1835827827e-01	7.8564286232e-01	8.2098871469e-01
3.9022984950e+02	7.1180915833e-01	7.8779232502e-01	8.1316930056e-01
3.9064955894e+02	7.0504951477e-01	7.9006218910e-01	8.0452632904e-01
3.9106926838e+02	6.9807195663e-01	7.9173952341e-01	7.9633498192e-01
3.9148897782e+02	6.9086879492e-01	7.9370635748e-01	7.8776049614e-01
3.9190868726e+02	6.8343216181e-01	7.9510986805e-01	7.7986937761e-01
3.9232839670e+02	6.7575395107e-01	7.9616636038e-01	7.7170890570e-01
3.9274810614e+02	6.6782599688e-01	7.9758548737e-01	7.6282197237e-01
3.9316781559e+02	6.5964001417e-01	7.9782754183e-01	7.5396490097e-01
3.9358752503e+02	6.5118747950e-01	7.9812735319e-01	7.4423480034e-01
3.9400723447e+02	6.4245986938e-01	7.9810822010e-01	7.3651432991e-01
3.9442694391e+02	6.3344860077e-01	7.9762876034e-01	7.2445648909e-01
3.9484665335e+02	6.2414497137e-01	7.9636371136e-01	7.1365147829e-01
3.9526636279e+02	6.1454039812e-01	7.9549515247e-01	7.0345413685e-01
3.9568607223e+02	6.0462641716e-01	7.9332113266e-01	6.9334149361e-01
3.9610578167e+02	5.9439468384e-01	7.9078161716e-01	6.8384253979e-01
3.9652549111e+02	5.8383697271e-01	7.8806483746e-01	6.7174029350e-01
3.9694520056e+02	5.7294541597e-01	7.8427940607e-01	6.6151332855e-01
3.9736491000e+02	5.6171268225e-01	7.8003394604e-01	6.5006029606e-01
3.9778461944e+02	5.5013179779e-01	7.7465158701e-01	6.3865691423e-01
3.9820432888e+02	5.3819644451e-01	7.6918947697e-01	6.2684172392e-01
3.9862403832e+02	5.2590107918e-01	7.6249128580e-01	6.1437457800e-01
3.9904374776e+02	5.1324111223e-01	7.5533509254e-01	6.0326260328e-01
3.9946345720e+02	5.0021302700e-01	7.4691188335e-01	5.9300184250e-01
3.9988316664e+02	4.8681458831e-01	7.3717838526e-01	5.7889616489e-01
4.0030287609e+02	4.7304508090e-01	7.2677606344e-01	5.6598961353e-01
4.0072258553e+02	4.5890554786e-01	7.1458899975e-01	5.5407953262e-01
4.0114229497e+02	4.4439890981e-01	7.0133256912e-01	5.3821951151e-01
4.0156200441e+02	4.2953044176e-01	6.8723994493e-01	5.2487599850e-01
4.0198171385e+02	4.1430792212e-01	6.7169034481e-01	5.0852257013e-01
4.0240142329e+02	3.9874193072e-01	6.5501344204e-01	4.9581637979e-01
4.0282113273e+02	3.8284626603e-01	6.3726824522e-01	4.8147296906e-01
4.0324084217e+02	3.6663824320e-01	6.1728525162e-01	4.6933078766e-01
4.0366055162e+02	3.5013896227e-01	5.9624540806e-01	4.6056759357e-01
4.0408026106e+02	3.3337375522e-01	5.7473570108e-01	4.5102187991e-01
4.0449997050e+02	3.1637248397e-01	5.4824566841e-01	4.4018974900e-01
4.0491967994e+02	2.9916980863e-01	5.2283537388e-01	4.1889429092e-01
4.0533938938e+02	2.8180560470e-01	4.9822321534e-01	4.0069377422e-01
4.0575909882e+02	2.6432511210e-01	4.7099387646e-01	3.9388135076e-01
4.0617880826e+02	2.4677926302e-01	4.4318127632e-01	3.8026949763e-01
4.0659851770e+02	2.2922469676e-01	4.1393226385e-01	3.6491891742e-01
4.0701822714e+02	2.1172390878e-01	3.8365754485e-01	3.4769147635e-01
4.0743793659e+02	1.9434523582e-01	3.5697793961e-01	3.3343201876e-01
4.0785764603e+02	1.7716261744e-01	3.2985818386e-01	3.2026091218e-01
4.0827735547e+02	1.6025541723e-01	3.0471614003e-01	3.0486971140e-01
4.0869706491e+02	1.4370790124e-01	2.7822983265e-01	2.9088833928e-01
4.0911677435e+02	1.2760871649e-01	2.5278750062e-01	2.7751609683e-01
4.0953648379e+02	1.1205006391e-01	2.2960741818e-01	2.6182827353e-01
4.0995619323e+02	9.7126841545e-02	2.0728245378e-01	2.4792201817e-01
4.1037590267e+02	8.2935467362e-02	1.8648084998e-01	2.3484618962e-01
4.1079561212e+02	6.9572672248e-02	1.6724120080e-01	2.2200903296e-01
4.1121532156e+02	5.7134065777e-02	1.4917303622e-01	2.0834387839e-01
4.1163503100e+02	4.5712649822e-02	1.3231948018e-01	1.9479170442e-01
4.1205474044e+02	3.5397198051e-02	1.1670804024e-01	1.8238112330e-01
4.1247444988e+02	2.6270644739e-02	1.0257910192e-01	1.6996848583e-01
4.1289415932e+02	1.8408464268e-02	9.0009726584e-02	1.5772996843e-01
4.1331386876e+02	1.1877128854e-02	7.8728504479e-02	1.4611396194e-01
4.1373357820e+02	6.7326850258e-03	6.8619959056e-02	1.3462431729e-01
4.1415328765e+02	3.0195056461e-03	6.0014557093e-02	1.2453278154e-01
4.1457299709e+02	7.6927186456e-04	5.2642501891e-02	1.1368747801e-01
4.1499270653e+02	2.2446968728e-07	4.6683665365e-02	1.0371296108e-01
4.1541241597e+02	7.1671372280e-04	4.1304413229e-02	9.5618493855e-02
4.1583212541e+02	2.9090717435e-03	3.7171691656e-02	8.6810022593e-02
4.1625183485e+02	6.5538114868e-03	3.5274237394e-02	8.0260701478e-02
4.1667154429e+02	1.1614142917e-02	3.4759372473e-02	8.0293476582e-02
4.1709125373e+02	1.8040789291e-02	3.4897103906e-02	7.6004467905e-02
4.1751096317e+02	2.5773063302e-02	3.4142930061e-02	7.4104987085e-02
4.1793067262e+02	3.4740161151e-02	3.4525495023e-02	7.4710257351e-02
4.1835038206e+02	4.4862627983e-02	3.5893809050e-02	7.7255375683e-02
4.1877009150e+02	5.6053943932e-02	3.8838345557e-02	7.8831583261e-02
4.1918980094e+02	6.8222142756e-02	4.2570549995e-02	8.2049109042e-02
4.1960951038e+02	8.1271469593e-02	4.5492634177e-02	8.8636428118e-02
4.2002921982e+02	9.5103964210e-02	4.8589635640e-02	9.7644329071e-02
4.2044892926e+02	1.0962097347e-01	5.8050297201e-02	1.0810139030e-01
4.2086863870e+02	1.2472454458e-01	7.2239711881e-02	1.1821086705e-01
4.2128834815e+02	1.4031864703e-01	8.6166046560e-02	1.3413357735e-01
4.2170805759e+02	1.5631030500e-01	1.0139134526e-01	1.5041042864e-01
4.2212776703e+02	1.7261040211e-01	1.1876581609e-01	1.6774016619e-01
4.2254747647e+02	1.8913449347e-01	1.3797073066e-01	1.8825760484e-01
4.2296718591e+02	2.0580333471e-01	1.5920728445e-01	2.0837323368e-01
4.2338689535e+02	2.2254326940e-01	1.8212956190e-01	2.2814209759e-01
4.2380660479e+02	2.3928649724e-01	2.0636527240e-01	2.4869896472e-01
4.2422631423e+02	2.5597116351e-01	2.3093111813e-01	2.7033501863e-01
4.2464602368e+02	2.7254143357e-01	2.5639653206e-01	2.8983783722e-01
4.2506573312e+02	2.8894722462e-01	2.8186720610e-01	3.0920785666e-01
4.2548544256e+02	3.0514422059e-01	3.0718505383e-01	3.2983961701e-01
4.2590515200e+02	3.2109361887e-01	3.3157089353e-01	3.4712463617e-01
4.2632486144e+02	3.3676162362e-01	3.5559630394e-01	3.6184969544e-01
4.2674457088e+02	3.5211944580e-01	3.7865385413e-01	3.7822729349e-01
4.2716428032e+02	3.6714267731e-01	4.0045607090e-01	3.9231529832e-01
4.2758398976e+02	3.8181117177e-01	4.2184066772e-01	4.0597000718e-01
4.2800369920e+02	3.9610850811e-01	4.3898272514e-01	4.1989588737e-01
4.2842340865e+02	4.1002166271e-01	4.5838120580e-01	4.3066853285e-01
4.2884311809e+02	4.2354086041e-01	4.7699695826e-01	4.3764802814e-01
4.2926282753e+02	4.3665891886e-01	4.9404817820e-01	4.4823649526e-01
4.2968253697e+02	4.4937124848e-01	5.0752240419e-01	4.5565396547e-01
4.3010224641e+02	4.6167534590e-01	5.2012151480e-01	4.7271481156e-01
4.3052195585e+02	4.7357064486e-01	5.3263080120e-01	4.7633835673e-01
4.3094166529e+02	4.8505818844e-01	5.4396003485e-01	4.7656676173e-01
4.3136137473e+02	4.9614039063e-01	5.5761688948e-01	4.9345704913e-01
4.3178108418e+02	5.0682097673e-01	5.6560981274e-01	5.0778657198e-01
4.3220079362e+02	5.1710450649e-01	5.6886422634e-01	5.2621805668e-01
4.3262050306e+02	5.2699655294e-01	5.7591348886e-01	5.3879511356e-01
4.3304021250e+02	5.3650325537e-01	5.9036022425e-01	5.5207997561e-01
4.3345992194e+02	5.4563128948e-01	5.9747588634e-01	5.7404375076e-01
4.3387963138e+02	5.5438780785e-01	6.0446333885e-01	5.8471077681e-01
4.3429934082e+02	5.6278020144e-01	6.1172759533e-01	6.0365813971e-01
4.3471905026e+02	5.7081609964e-01	6.1794179678e-01	6.1466056108e-01
4.3513875971e+02	5.7850337029e-01	6.2443041801e-01	6.2383860350e-01
4.3555846915e+02	5.8584976196e-01	6.3032943010e-01	6.3604009151e-01
4.3597817859e+02	5.9286320210e-01	6.3549941778e-01	6.4729142189e-01
4.3639788803e+02	5.9955132008e-01	6.4021152258e-01	6.5706169605e-01
4.3681759747e+02	6.0592192411e-01	6.4539551735e-01	6.6478085518e-01
4.3723730691e+02	6.1198252439e-01	6.4998018742e-01	6.7297649384e-01
4.3765701635e+02	6.1774039268e-01	6.5509200096e-01	6.8081116676e-01
4.3807672579e+02	6.2320274115e-01	6.5932697058e-01	6.8563753366e-01
4.3849643523e+02	6.2837654352e-01	6.6250556707e-01	6.8952161074e-01
4.3891614468e+02	6.3326835632e-01	6.6602897644e-01	6.9238257408e-01
4.3933585412e+02	6.3788467646e-01	6.6918504238e-01	6.9550359249e-01
4.3975556356e+02	6.4223158360e-01	6.7255419493e-01	6.9982784986e-01
4.4017527300e+02	6.4631497860e-01	6.7626374960e-01	7.0155972242e-01
4.4059498244e+02	6.5014040470e-01	6.7825776339e-01	7.0263725519e-01
4.4101469188e+02	6.5371304750e-01	6.8037188053e-01	7.0379114151e-01
4.4143440132e+02	6.5703797340e-01	6.8306535482e-01	7.0537567139e-01
4.4185411076e+02	6.6011971235e-01	6.8482273817e-01	7.0481050014e-01
4.4227382021e+02	6.6296267509e-01	6.8819552660e-01	7.0524853468e-01
4.4269352965e+02	6.6557079554e-01	6.9058227539e-01	7.0486050844e-01
4.4311323909e+02	6.6794782877e-01	6.9150191545e-01	7.0311594009e-01
4.4353294853e+02	6.7009711266e-01	6.9067686796e-01	7.0547860861e-01
4.4395265797e+02	6.7202174664e-01	6.9249284267e-01	7.0641744137e-01
4.4437236741e+02	6.7372453213e-01	6.9496744871e-01	7.0237195492e-01
4.4479207685e+02	6.7520785332e-01	6.9325017929e-01	6.9554811716e-01
4.4521178629e+02	6.7647385597e-01	6.9651895761e-01	7.0913147926e-01
4.4563149574e+02	6.7752444744e-01	6.9715708494e-01	7.0318228006e-01
4.4605120518e+02	6.7836105824e-01	7.0146793127e-01	6.8599802256e-01
4.4647091462e+02	6.7898488045e-01	6.9855374098e-01	6.8763840199e-01
4.4689062406e+02	6.7939692736e-01	7.0186305046e-01	6.8719846010e-01
4.4731033350e+02	6.7959773540e-01	6.9975370169e-01	6.8618905544e-01
4.4773004294e+02	6.7958760262e-01	7.0239472389e-01	6.8154972792e-01
4.4814975238e+02	6.7936646938e-01	7.0232903957e-01	6.7562192678e-01
4.4856946182e+02	6.7893409729e-01	7.0257735252e-01	6.7444920540e-01
4.4898917126e+02	6.7828983068e-01	7.0306849480e-01	6.6436994076e-01
4.4940888071e+02	6.7743271589e-01	6.9878679514e-01	6.7899423838e-01
4.4982859015e+02	6.7636144161e-01	6.9637310505e-01	6.4093452692e-01
4.5024829959e+02	6.7507463694e-01	6.9457751513e-01	6.4773225784e-01
4.5066800903e+02	6.7357027531e-01	6.9206726551e-01	6.4651876688e-01
4.5108771847e+02	6.7184627056e-01	6.8953973055e-01	6.3946497440e-01
4.5150742791e+02	6.6990017891e-01	6.8660813570e-01	6.3094699383e-01
4.5192713735e+02	6.6772907972e-01	6.8270260096e-01	6.2995857000e-01
4.5234684679e+02	6.6532999277e-01	6.7846041918e-01	6.2222635746e-01
4.5276655624e+02	6.6269946098e-01	6.7277133465e-01	6.1488312483e-01
4.5318626568e+02	6.5983372927e-01	6.6802877188e-01	6.1011475325e-01
4.5360597512e+02	6.5672874451e-01	6.6165232658e-01	6.0069924593e-01
4.5402568456e+02	6.5338021517e-01	6.5453851223e-01	5.9375232458e-01
4.5444539400e+02	6.4978343248e-01	6.4769262075e-01	5.8666372299e-01
4.5486510344e+02	6.4593344927e-01	6.4007842541e-01	5.7678240538e-01
4.5528481288e+02	6.4182496071e-01	6.3109600544e-01	5.7081472874e-01
4.5570452232e+02	6.3745236397e-01	6.2206912041e-01	5.6261169910e-01
4.5612423177e+02	6.3280981779e-01	6.1292570829e-01	5.5447506905e-01
4.5654394121e+02	6.2789118290e-01	6.0091930628e-01	5.4423195124e-01
4.5696365065e+02	6.2268990278e-01	5.8898597956e-01	5.3631114960e-01
4.5738336009e+02	6.1719942093e-01	5.8256876469e-01	5.2779328823e-01
4.5780306953e+02	6.1141276360e-01	5.6338465214e-01	5.2476948500e-01
4.5822277897e+02	6.0532265902e-01	5.5556786060e-01	5.2155786753e-01
4.5864248841e+02	5.9892183542e-01	5.3572279215e-01	5.0654286146e-01
4.5906219785e+02	5.9220272303e-01	5.2530539036e-01	4.9727183580e-01
4.5948190729e+02	5.8515763283e-01	5.0691270828e-01	4.8786666989e-01
4.5990161674e+02	5.7777881622e-01	4.9078482389e-01	4.7563990951e-01
4.6032132618e+02	5.7005834579e-01	4.7765892744e-01	4.5902547240e-01
4.6074103562e+02	5.6198847294e-01	4.5997488499e-01	4.4821637869e-01
4.6116074506e+02	5.5356132984e-01	4.4015890360e-01	4.4282287359e-01
4.6158045450e+02	5.4476940632e-01	4.2323878407e-01	4.3251353502e-01
4.6200016394e+02	5.3560525179e-01	4.0485554934e-01	4.2270135880e-01
4.6241987338e+02	5.2606177330e-01	3.8661283255e-01	4.1362765431e-01
4.6283958282e+02	5.1613235474e-01	3.6703157425e-01	3.9864695072e-01
4.6325929227e+02	5.0581079721e-01	3.4807559848e-01	3.9218726754e-01
4.6367900171e+02	4.9509179592e-01	3.3108693361e-01	3.7805694342e-01
4.6409871115e+02	4.8397073150e-01	3.1383493543e-01	3.6398115754e-01
4.6451842059e+02	4.7244405746e-01	2.9400599003e-01	3.5437551141e-01
4.6493813003e+02	4.6050947905e-01	2.7609837055e-01	3.4146994352e-01
4.6535783947e+02	4.4816604257e-01	2.5856631994e-01	3.3217006922e-01
4.6577754891e+02	4.3541452289e-01	2.4110868573e-01	3.1852737069e-01
4.6619725835e+02	4.2225763202e-01	2.2390606999e-01	3.0793559551e-01
4.6661696780e+02	4.0870019794e-01	2.0724926889e-01	2.9495599866e-01
4.6703667724e+02	3.9474961162e-01	1.9142793119e-01	2.8345569968e-01
4.6745638668e+02	3.8041594625e-01	1.7612142861e-01	2.7044185996e-01
4.6787609612e+02	3.6571258307e-01	1.6097854078e-01	2.5865882635e-01
4.6829580556e+02	3.5065618157e-01	1.4715394378e-01	2.4530549347e-01
4.6871551500e+02	3.3526742458e-01	1.3413685560e-01	2.3421330750e-01
4.6913522444e+02	3.1957098842e-01	1.2115424871e-01	2.2061884403e-01
4.6955493388e+02	3.0359625816e-01	1.0942995548e-01	2.0788946748e-01
4.6997464332e+02	2.8737738729e-01	9.8657555878e-02	1.9543500245e-01
4.7039435277e+02	2.7095374465e-01	8.8577143848e-02	1.8340779841e-01
4.7081406221e+02	2.5437021255e-01	7.9846814275e-02	1.7109705508e-01
4.7123377165e+02	2.3767739534e-01	5.8735337108e-02	1.6122515500e-01
4.7165348109e+02	2.2093169391e-01	4.1954584420e-02	1.4686614275e-01
4.7207319053e+02	2.0419555902e-01	4.1285131127e-02	1.3513988256e-01
4.7249289997e+02	1.8753734231e-01	3.9657749236e-02	1.2125675380e-01
4.7291260941e+02	1.7103126645e-01	3.9864648134e-02	1.1429826915e-01
4.7333231885e+02	1.5475709736e-01	4.0050338954e-02	1.0656762868e-01
4.7375202830e+02	1.3879975677e-01	4.0128562599e-02	1.0374459624e-01
4.7417173774e+02	1.2324873358e-01	3.8398176432e-02	9.3649446964e-02
4.7459144718e+02	1.0819737613e-01	3.7978116423e-02	8.5360400379e-02
4.7501115662e+02	9.3741938472e-02	3.8266122341e-02	8.4666363895e-02
4.7543086606e+02	7.9980500042e-02	3.8221836090e-02	8.0366879702e-02
4.7585057550e+02	6.7011706531e-02	3.6584034562e-02	7.9554893076e-02
4.7627028494e+02	5.4933365434e-02	3.5951219499e-02	7.5641617179e-02
4.7668999438e+02	4.3840952218e-02	3.6868799478e-02	7.7688165009e-02
4.7710970383e+02	3.3825971186e-02	3.6882709712e-02	7.8568503261e-02
4.7752941327e+02	2.4974334985e-02	3.8248594850e-02	8.1195287406e-02
4.7794912271e+02	1.7364736646e-02	3.9426021278e-02	8.4879405797e-02
4.7836883215e+02	1.1067063548e-02	4.1765980422e-02	9.3840636313e-02
4.7878854159e+02	6.1409617774e-03	4.1732896119e-02	9.4201259315e-02
4.7920825103e+02	2.6345495135e-03	4.4560503215e-02	9.8509646952e-02
4.7962796047e+02	5.8336689835e-04	5.0305213779e-02	1.0487645864e-01
4.8004766991e+02	9.5896048151e-06	5.7870451361e-02	1.1126619577e-01
4.8046737935e+02	9.2154025333e-04	6.6020883620e-02	1.1762712896e-01
4.8088708880e+02	3.3135216217e-03	7.4682898819e-02	1.2693852186e-01
4.8130679824e+02	7.1659758687e-03	8.4337301552e-02	1.3248834014e-01
4.8172650768e+02	1.2445962057e-02	9.5619216561e-02	1.4128860831e-01
4.8214621712e+02	1.9107937813e-02	1.0735909641e-01	1.4982894063e-01
4.8256592656e+02	2.7094796300e-02	1.2069697678e-01	1.5907876194e-01
4.8298563600e+02	3.6339133978e-02	1.3468067348e-01	1.6801793873e-01
4.8340534544e+02	4.6764690429e-02	1.4975403249e-01	1.7498180270e-01
4.8382505488e+02	5.8287899941e-02	1.6642005742e-01	1.8399733305e-01
4.8424476433e+02	7.0819512010e-02	1.8231648207e-01	1.9255994260e-01
4.8466447377e+02	8.4266200662e-02	1.9878336787e-01	1.9937239587e-01
4.8508418321e+02	9.8532192409e-02	2.1731726825e-01	2.0709989965e-01
4.8550389265e+02	1.1352071911e-01	2.3566630483e-01	2.1305996180e-01
4.8592360209e+02	1.2913545966e-01	2.5377100706e-01	2.1913973987e-01
4.8634331153e+02	1.4528173208e-01	2.7486991882e-01	2.2539219260e-01
4.8676302097e+02	1.6186764836e-01	2.8558060527e-01	2.3252058029e-01
4.8718273041e+02	1.7880493402e-01	3.0283400416e-01	2.3832994699e-01
4.8760243986e+02	1.9600977004e-01	3.2623040676e-01	2.3526360095e-01
4.8802214930e+02	2.1340332925e-01	3.3825030923e-01	2.4640882015e-01
4.8844185874e+02	2.3091216385e-01	3.5997515917e-01	2.5055482984e-01
4.8886156818e+02	2.4846851826e-01	3.7118408084e-01	2.5299063325e-01
4.8928127762e+02	2.6601046324e-01	3.9404132962e-01	2.4939721823e-01
4.8970098706e+02	2.8348186612e-01	4.0714582801e-01	2.6755210757e-01
4.9012069650e+02	3.0083242059e-01	4.2543801665e-01	2.7933996916e-01
4.9054040594e+02	3.1801736355e-01	4.3817901611e-01	2.8233382106e-01
4.9096011538e+02	3.3499735594e-01	4.5997136831e-01	2.8842821717e-01
4.9137982483e+02	3.5173821449e-01	4.7303217649e-01	2.9507476091e-01
4.9179953427e+02	3.6821049452e-01	4.8514223099e-01	3.0813416839e-01
4.9221924371e+02	3.8438934088e-01	4.8980361223e-01	3.1607607007e-01
4.9263895315e+02	4.0025395155e-01	5.0836700201e-01	3.3037453890e-01
4.9305866259e+02	4.1578745842e-01	5.1698434353e-01	3.4692904353e-01
4.9347837203e+02	4.3097633123e-01	5.2856546640e-01	3.5630169511e-01
4.9389808147e+02	4.4581028819e-01	5.3974813223e-01	3.6935186386e-01
4.9431779091e+02	4.6028178930e-01	5.4967617989e-01	3.8269847631e-01
4.9473750036e+02	4.7438585758e-01	5.5707812309e-01	3.9844498038e-01
4.9515720980e+02	4.8811966181e-01	5.6558370590e-01	4.1332313418e-01
4.9557691924e+02	5.0148242712e-01	5.7381731272e-01	4.2685008049e-01
4.9599662868e+02	5.1447498798e-01	5.8291506767e-01	4.4497811794e-01
4.9641633812e+02	5.2709966898e-01	5.9069907665e-01	4.5958247781e-01
4.9683604756e+02	5.3936022520e-01	5.9863108397e-01	4.7893545032e-01
4.9725575700e+02	5.5126124620e-01	6.0619205236e-01	4.9724283814e-01
4.9767546644e+02	5.6280833483e-01	6.1341047287e-01	5.1188415289e-01
4.9809517589e+02	5.7400792837e-01	6.2185019255e-01	5.2832627296e-01
4.9851488533e+02	5.8486700058e-01	6.2851351500e-01	5.4373788834e-01
4.9893459477e+02	5.9539300203e-01	6.3584673405e-01	5.5987501144e-01
4.9935430421e+02	6.0559386015e-01	6.4210414886e-01	5.7512587309e-01
4.9977401365e+02	6.1547768116e-01	6.4801824093e-01	5.9098625183e-01
5.0019372309e+02	6.2505292892e-01	6.5432035923e-01	6.0679888725e-01
5.0061343253e+02	6.3432806730e-01	6.5960341692e-01	6.2575107813e-01
5.0103314197e+02	6.4331167936e-01	6.6464412212e-01	6.1992043257e-01
5.0145285141e+02	6.5201246738e-01	6.6968899965e-01	6.3400572538e-01
5.0187256086e+02	6.6043895483e-01	6.7529493570e-01	6.4645379782e-01
5.0229227030e+02	6.6859978437e-01	6.7815613747e-01	6.5663087368e-01
5.0271197974e+02	6.7650330067e-01	6.8334740400e-01	6.6194283962e-01
5.0313168918e+02	6.8415790796e-01	6.8402570486e-01	6.6621387005e-01
5.0355139862e+02	6.9157177210e-01	6.8775838614e-01	6.8016940355e-01
5.0397110806e+02	6.9875293970e-01	6.9483917952e-01	6.9510084391e-01
5.0439081750e+02	7.0570915937e-01	6.9802463055e-01	7.0598113537e-01
5.0481052694e+02	7.1244817972e-01	7.0157831907e-01	7.1650105715e-01
5.0523023639e+02	7.1897745132e-01	7.0419067144e-01	7.2121530771e-01
5.0564994583e+02	7.2530424595e-01	7.0651656389e-01	7.2793745995e-01
5.0606965527e+02	7.3143553734e-01	7.1197724342e-01	7.4369257689e-01
5.0648936471e+02	7.3737818003e-01	7.1570652723e-01	7.4783265591e-01
5.0690907415e+02	7.4313879013e-01	7.1742486954e-01	7.4912130833e-01
5.0732878359e+02	7.4872380495e-01	7.2220903635e-01	7.5735050440e-01
5.0774849303e+02	7.5413936377e-01	7.2414296865e-01	7.6187252998e-01
5.0816820247e+02	7.5939154625e-01	7.2591781616e-01	7.6911938190e-01
5.0858791192e+02	7.6448607445e-01	7.2961521149e-01	7.7347093821e-01
5.0900762136e+02	7.6942855120e-01	7.3091274500e-01	7.7806431055e-01
5.0942733080e+02	7.7422428131e-01	7.3336583376e-01	7.8168201447e-01
5.0984704024e+02	7.7887851000e-01	7.3611831665e-01	7.8988981247e-01
5.1026674968e+02	7.8339630365e-01	7.3905414343e-01	7.9179275036e-01
5.1068645912e+02	7.8778231144e-01	7.4134075642e-01	7.9661989212e-01
5.1110616856e+02	7.9204136133e-01	7.4316030741e-01	8.0022513866e-01
5.1152587800e+02	7.9617774487e-01	7.4542671442e-01	8.0438703299e-01
5.1194558744e+02	8.0019587278e-01	7.4744766951e-01	8.0911999941e-01
5.1236529689e+02	8.0409979820e-01	7.4980157614e-01	8.1264567375e-01
5.1278500633e+02	8.0789357424e-01	7.5170665979e-01	8.1458503008e-01
5.1320471577e+02	8.1158095598e-01	7.5385981798e-01	8.1834036112e-01
5.1362442521e+02	8.1516563892e-01	7.5566291809e-01	8.2080298662e-01
5.1404413465e+02	8.1865119934e-01	7.5769811869e-01	8.2233589888e-01
5.1446384409e+02	8.2204103470e-01	7.5960147381e-01	8.2447171211e-01
5.1488355353e+02	8.2533836365e-01	7.6133757830e-01	8.2768595219e-01
5.1530326297e+02	8.2854640484e-01	7.6288664341e-01	8.2876533270e-01
5.1572297242e+02	8.3166813850e-01	7.6488643885e-01	8.3159613609e-01
5.1614268186e+02	8.3470648527e-01	7.6613861322e-01	8.3240211010e-01
5.1656239130e+02	8.3766418695e-01	7.6803028584e-01	8.3443313837e-01
5.1698210074e+02	8.4054404497e-01	7.7012515068e-01	8.3682698011e-01
5.1740181018e+02	8.4334862232e-01	7.7135080099e-01	8.3956116438e-01
5.1782151962e+02	8.4608036280e-01	7.7205640078e-01	8.4094387293e-01
5.1824122906e+02	8.4874165058e-01	7.7533239126e-01	8.4263300896e-01
5.1866093850e+02	8.5133486986e-01	7.7522629499e-01	8.4287101030e-01
5.1908064795e+02	8.5386216640e-01	7.7458631992e-01	8.4921461344e-01
5.1950035739e+02	8.5632568598e-01	7.7770113945e-01	8.4803807735e-01
5.1992006683e+02	8.5872751474e-01	7.7674347162e-01	8.5369747877e-01
5.2033977627e+02	8.6106956005e-01	7.7751737833e-01	8.5851609707e-01
5.2075948571e+02	8.6335378885e-01	7.8027725220e-01	8.5660159588e-01
5.2117919515e+02	8.6558204889e-01	7.8030848503e-01	8.5966098309e-01
5.2159890459e+02	8.6775606871e-01	7.8132891655e-01	8.5895764828e-01
5.2201861403e+02	8.6987751722e-01	7.8285181522e-01	8.6309665442e-01
5.2243832347e+02	8.7194806337e-01	7.8256142139e-01	8.6524003744e-01
5.2285803292e+02	8.7396925688e-01	7.8470075130e-01	8.6804336309e-01
5.2327774236e+02	8.7594264746e-01	7.8543078899e-01	8.7132441998e-01
5.2369745180e+02	8.7786966562e-01	7.8508305550e-01	8.7367254496e-01
5.2411716124e+02	8.7975180149e-01	7.8681057692e-01	8.7508916855e-01
5.2453687068e+02	8.8159030676e-01	7.8943341970e-01	8.7778329849e-01
5.2495658012e+02	8.8338649273e-01	7.8956645727e-01	8.7901085615e-01
5.2537628956e+02	8.8514173031e-01	7.9022663832e-01	8.7977480888e-01
5.2579599900e+02	8.8685715199e-01	7.9151862860e-01	8.8139820099e-01
5.2621570845e+02	8.8853394985e-01	7.9182928801e-01	8.8302087784e-01
5.2663541789e+02	8.9017325640e-01	7.9277032614e-01	8.8432687521e-01
5.2705512733e+02	8.9177614450e-01	7.9336166382e-01	8.8512969017e-01
5.2747483677e+02	8.9334368706e-01	7.9400795698e-01	8.8726127148e-01
5.2789454621e+02	8.9487695694e-01	7.9455572367e-01	8.8780212402e-01
5.2831425565e+02	8.9637684822e-01	7.9541343451e-01	8.8919633627e-01
5.2873396509e+02	8.9784431458e-01	7.9632753134e-01	8.9007198811e-01
5.2915367453e+02	8.9928030968e-01	7.9699134827e-01	8.9181327820e-01
5.2957338398e+02	9.0068572760e-01	7.9767340422e-01	8.9244812727e-01
5.2999309342e+02	9.0206146240e-01	7.9874563217e-01	8.9373731613e-01
5.3041280286e+02	9.0340822935e-01	7.9939395189e-01	8.9518535137e-01
5.3083251230e+02	9.0472686291e-01	7.9982507229e-01	8.9689117670e-01
5.3125222174e+02	9.0601819754e-01	8.0119699240e-01	8.9756685495e-01
5.3167193118e+02	9.0728288889e-01	8.0177783966e-01	8.9967620373e-01
5.3209164062e+02	9.0852171183e-01	8.0029535294e-01	8.9993119240e-01
5.3251135006e+02	9.0973538160e-01	8.0332982540e-01	9.0167605877e-01
5.3293105950e+02	9.1092455387e-01	8.0653703213e-01	9.0206015110e-01
5.3335076895e+02	9.1208988428e-01	8.0381661654e-01	9.0514296293e-01
5.3377047839e+02	9.1323196888e-01	8.0467313528e-01	9.0329110622e-01
5.3419018783e+02	9.1435146332e-01	8.0339509249e-01	9.0222835541e-01
5.3460989727e+02	9.1544890404e-01	8.0659627914e-01	9.0770977736e-01
5.3502960671e+02	9.1652488708e-01	8.0748629570e-01	9.0803164244e-01
5.3544931615e+02	9.1758006811e-01	8.0682653189e-01	9.0895158052e-01
5.3586902559e+02	9.1861480474e-01	8.0694359541e-01	9.1133332253e-01
5.3628873503e+02	9.1962975264e-01	8.0881875753e-01	9.1413468122e-01
5.3670844448e+02	9.2062538862e-01	8.0864793062e-01	9.1321933270e-01
5.3712815392e+02	9.2160212994e-01	8.0911016464e-01	9.1324943304e-01
5.3754786336e+02	9.2256057262e-01	8.1008702517e-01	9.1360962391e-01
5.3796757280e+02	9.2350101471e-01	8.1032764912e-01	9.1415417194e-01
5.3838728224e+02	9.2442405224e-01	8.1136178970e-01	9.1475009918e-01
5.3880699168e+02	9.2533004284e-01	8.1225049496e-01	9.1521167755e-01
5.3922670112e+02	9.2621946335e-01	8.1208306551e-01	9.1634881496e-01
5.3964641056e+02	9.2709261179e-01	8.1282007694e-01	9.1687256098e-01
5.4006612001e+02	9.2794996500e-01	8.1258189678e-01	9.1770064831e-01
5.4048582945e+02	9.2879188061e-01	8.1312459707e-01	9.1910398006e-01
5.4090553889e+02	9.2961871624e-01	8.1374186277e-01	9.1964244843e-01
5.4132524833e+02	9.3043082952e-01	8.1388485432e-01	9.2012542486e-01
5.4174495777e+02	9.3122863770e-01	8.1475281715e-01	9.2160409689e-01
5.4216466721e+02	9.3201237917e-01	8.1560385227e-01	9.2280507088e-01
5.4258437665e+02	9.3278241158e-01	8.1625258923e-01	9.2333000898e-01
5.4300408609e+02	9.3353915215e-01	8.1649774313e-01	9.2448943853e-01
5.4342379553e+02	9.3428277969e-01	8.1692463160e-01	9.2523562908e-01
5.4384350498e+02	9.3501359224e-01	8.1768608093e-01	9.2609578371e-01
5.4426321442e+02	9.3573200703e-01	8.1821548939e-01	9.2672741413e-01
5.4468292386e+02	9.3643820286e-01	8.1845885515e-01	9.2761766911e-01
5.4510263330e+02	9.3713253736e-01	8.1896704435e-01	9.2880278826e-01
5.4552234274e+02	9.3781518936e-01	8.1961196661e-01	9.2954075336e-01
5.4594205218e+02	9.3848645687e-01	8.2023698092e-01	9.3013626337e-01
5.4636176162e+02	9.3914663792e-01	8.2044982910e-01	9.3098843098e-01
5.4678147106e+02	9.3979591131e-01	8.2096999884e-01	9.3159544468e-01
5.4720118051e+02	9.4043451548e-01	8.2185786963e-01	9.3268382549e-01
5.4762088995e+02	9.4106274843e-01	8.2072079182e-01	9.3343615532e-01
5.4804059939e+02	9.4168084860e-01	8.2238769531e-01	9.3385475874e-01
5.4846030883e+02	9.4228893518e-01	8.2646870613e-01	9.3291497231e-01
5.4888001827e+02	9.4288724661e-01	8.2419896126e-01	9.3261283636e-01
5.4929972771e+02	9.4347608089e-01	8.2466661930e-01	9.3717277050e-01
5.4971943715e+02	9.4405555725e-01	8.2291358709e-01	9.3805527687e-01
5.5013914659e+02	9.4462591410e-01	8.2543849945e-01	9.3650889397e-01
5.5055885604e+02	9.4518733025e-01	8.2588595152e-01	9.3658751249e-01
5.5097856548e+02	9.4573998451e-01	8.2422131300e-01	9.4034403563e-01
5.5139827492e+02	9.4628411531e-01	8.2664972544e-01	9.3875408173e-01
5.5181798436e+02	9.4681984186e-01	8.2717514038e-01	9.4026845694e-01
5.5223769380e+02	9.4734728336e-01	8.2603091002e-01	9.4200921059e-01
5.5265740324e+02	9.4786673784e-01	8.2780551910e-01	9.4202315807e-01
5.5307711268e+02	9.4837832451e-01	8.2730180025e-01	9.4237357378e-01
5.5349682212e+02	9.4888216257e-01	8.3020740747e-01	9.4267773628e-01
5.5391653156e+02	9.4937843084e-01	8.2984215021e-01	9.4248259068e-01
5.5433624101e+02	9.4986730814e-01	8.3128696680e-01	9.4297009706e-01
5.5475595045e+02	9.5034891367e-01	8.3212476969e-01	9.4315940142e-01
5.5517565989e+02	9.5082336664e-01	8.3183485270e-01	9.4422298670e-01
5.5559536933e+02	9.5129090548e-01	8.3275455236e-01	9.4444596767e-01
5.5601507877e+02	9.5175158978e-01	8.3327901363e-01	9.4548320770e-01
5.5643478821e+02	9.5220553875e-01	8.3378314972e-01	9.4593346119e-01
5.5685449765e+02	9.5265293121e-01	8.3431696892e-01	9.4665563107e-01
5.5727420709e+02	9.5309388638e-01	8.3497524261e-01	9.4670057297e-01
5.5769391654e+02	9.5352852345e-01	8.3545696735e-01	9.4719958305e-01
5.5811362598e+02	9.5395696163e-01	8.3592700958e-01	9.4788628817e-01
5.5853333542e+02	9.5437932014e-01	8.3664286137e-01	9.4854706526e-01
5.5895304486e+02	9.5479565859e-01	8.3708661795e-01	9.4905251265e-01
5.5937275430e+02	9.5520621538e-01	8.3809578419e-01	9.4942224026e-01
5.5979246374e+02	9.5561105013e-01	8.3841133118e-01	9.4932138920e-01
5.6021217318e+02	9.5601022243e-01	8.3915191889e-01	9.5000147820e-01
5.6063188262e+02	9.5640385151e-01	8.3969140053e-01	9.5046281815e-01
5.6105159207e+02	9.5679205656e-01	8.4065997601e-01	9.5080316067e-01
5.6147130151e+02	9.5717495680e-01	8.4113270044e-01	9.5113915205e-01
5.6189101095e+02	9.5755267143e-01	8.4178787470e-01	9.5118027925e-01
5.6231072039e+02	9.5792520046e-01	8.4225261211e-01	9.5133322477e-01
5.6273042983e+02	9.5829272270e-01	8.4331572056e-01	9.5154571533e-01
5.6315013927e+02	9.5865529776e-01	8.4371793270e-01	9.5146852732e-01
5.6356984871e+02	9.5901304483e-01	8.4469431639e-01	9.5226305723e-01
5.6398955815e+02	9.5936596394e-01	8.4478211403e-01	9.5210516453e-01
5.6440926759e+02	9.5971423388e-01	8.4507411718e-01	9.5225268602e-01
5.6482897704e+02	9.6005797386e-01	8.4550511837e-01	9.5224910975e-01
5.6524868648e+02	9.6039712429e-01	8.4602022171e-01	9.5231050253e-01
5.6566839592e+02	9.6073186398e-01	8.4623456001e-01	9.5252245665e-01
5.6608810536e+02	9.6106225252e-01	8.4573823214e-01	9.5287525654e-01
5.6650781480e+02	9.6138834953e-01	8.4790444374e-01	9.5054638386e-01
5.6692752424e+02	9.6171027422e-01	8.4856736660e-01	9.5258563757e-01
5.6734723368e+02	9.6202802658e-01	8.4727311134e-01	9.5176929235e-01
5.6776694312e+02	9.6234172583e-01	8.4711515903e-01	9.5414727926e-01
5.6818665257e+02	9.6265143156e-01	8.4925085306e-01	9.5238488913e-01
5.6860636201e+02	9.6295726299e-01	8.4955507517e-01	9.5277571678e-01
5.6902607145e+02	9.6325922012e-01	8.4977954626e-01	9.5253854990e-01
5.6944578089e+02	9.6355736256e-01	8.4968417883e-01	9.5378881693e-01
5.6986549033e+02	9.6385180950e-01	8.5091549158e-01	9.5423227549e-01
5.7028519977e+02	9.6414256096e-01	8.5217022896e-01	9.5458811522e-01
5.7070490921e+02	9.6442973614e-01	8.5210543871e-01	9.5402723551e-01
5.7112461865e+02	9.6471339464e-01	8.5179996490e-01	9.5493072271e-01
5.7154432810e+02	9.6499353647e-01	8.5199350119e-01	9.5496571064e-01
5.7196403754e+02	9.6527028084e-01	8.5333830118e-01	9.5406448841e-01
5.7238374698e+02	9.6554362774e-01	8.5349088907e-01	9.5491939783e-01
5.7280345642e+02	9.6581369638e-01	8.5361737013e-01	9.5513588190e-01
5.7322316586e+02	9.6608048677e-01	8.5391652584e-01	9.5491170883e-01
5.7364287530e+02	9.6634411812e-01	8.5495585203e-01	9.5635163784e-01
5.7406258474e+02	9.6660453081e-01	8.5520249605e-01	9.5676136017e-01
5.7448229418e+02	9.6686190367e-01	8.5545247793e-01	9.5655512810e-01
5.7490200362e+02	9.6711617708e-01	8.5615313053e-01	9.5662158728e-01
5.7532171307e+02	9.6736747026e-01	8.5622125864e-01	9.5650899410e-01
5.7574142251e+02	9.6761578321e-01	8.5738134384e-01	9.5690387487e-01
5.7616113195e+02	9.6786123514e-01	8.5761111975e-01	9.5689350367e-01
5.7658084139e+02	9.6810376644e-01	8.5850363970e-01	9.5674192905e-01
5.7700055083e+02	9.6834355593e-01	8.5939455032e-01	9.5729583502e-01
5.7742026027e+02	9.6858054399e-01	8.5968804359e-01	9.5704656839e-01
5.7783996971e+02	9.6881479025e-01	8.6108946800e-01	9.5685619116e-01
5.7825967915e+02	9.6904635429e-01	8.6179471016e-01	9.5709103346e-01
5.7867938860e+02	9.6927523613e-01	8.6258608103e-01	9.5732486248e-01
5.7909909804e+02	9.6950155497e-01	8.6349403858e-01	9.5751029253e-01
5.7951880748e+02	9.6972531080e-01	8.6450308561e-01	9.5741957426e-01
5.7993851692e+02	9.6994656324e-01	8.6520898342e-01	9.5758187771e-01
5.8035822636e+02	9.7016531229e-01	8.6629700661e-01	9.5786815882e-01
5.8077793580e+02	9.7038161755e-01	8.6723810434e-01	9.5752680302e-01
5.8119764524e+02	9.7059547901e-01	8.6784583330e-01	9.5760059357e-01
5.8161735468e+02	9.7080701590e-01	8.6910629272e-01	9.5758289099e-01
5.8203706413e+02	9.7101616859e-01	8.7016302347e-01	9.5763677359e-01
5.8245677357e+02	9.7122305632e-01	8.7116146088e-01	9.5749425888e-01
5.8287648301e+02	9.7142761946e-01	8.7302786112e-01	9.5789581537e-01
5.8329619245e+02	9.7162997723e-01	8.7555313110e-01	9.5816421509e-01
5.8371590189e+02	9.7183012962e-01	8.7380594015e-01	9.5784848928e-01
5.8413561133e+02	9.7202813625e-01	8.7229442596e-01	9.5746660233e-01
5.8455532077e+02	9.7222399712e-01	8.7479567528e-01	9.5749062300e-01
5.8497503021e+02	9.7241771221e-01	8.7507492304e-01	9.5832335949e-01
5.8539473965e+02	9.7260940075e-01	8.7445831299e-01	9.5762068033e-01
5.8581444910e+02	9.7279900312e-01	8.7448793650e-01	9.5954352617e-01
5.8623415854e+02	9.7298663855e-01	8.7580549717e-01	9.5833879709e-01
5.8665386798e+02	9.7317224741e-01	8.7618833780e-01	9.5849925280e-01
5.8707357742e+02	9.7335588932e-01	8.7831699848e-01	9.5944249630e-01
5.8749328686e+02	9.7353762388e-01	8.7711548805e-01	9.5914834738e-01
5.8791299630e+02	9.7371739149e-01	8.7755566835e-01	9.5845061541e-01
5.8833270574e+02	9.7389537096e-01	8.7827295065e-01	9.5867407322e-01
5.8875241518e+02	9.7407144308e-01	8.7879949808e-01	9.5929884911e-01
5.8917212463e+02	9.7424572706e-01	8.7863594294e-01	9.6014344692e-01
5.8959183407e+02	9.7441816330e-01	8.7894445658e-01	9.6008890867e-01
5.9001154351e+02	9.7458887100e-01	8.8014155626e-01	9.6044969559e-01
5.9043125295e+02	9.7475785017e-01	8.7959587574e-01	9.6044927835e-01
5.9085096239e+02	9.7492504120e-01	8.8039696217e-01	9.6047848463e-01
5.9127067183e+02	9.7509056330e-01	8.8058781624e-01	9.6070599556e-01
5.9169038127e+02	9.7525441647e-01	8.8114744425e-01	9.6035170555e-01
5.9211009071e+02	9.7541660070e-01	8.8127684593e-01	9.6054601669e-01
5.9252980016e+02	9.7557717562e-01	8.8168632984e-01	9.6110457182e-01
5.9294950960e+02	9.7573608160e-01	8.8192522526e-01	9.6113723516e-01
5.9336921904e+02	9.7589343786e-01	8.8228893280e-01	9.6141618490e-01
5.9378892848e+02	9.7604924440e-01	8.8300120831e-01	9.6122735739e-01
5.9420863792e+02	9.7620350122e-01	8.8337326050e-01	9.6152794361e-01
5.9462834736e+02	9.7635620832e-01	8.8394474983e-01	9.6142619848e-01
5.9504805680e+02	9.7650742531e-01	8.8413983583e-01	9.6136689186e-01
5.9546776624e+02	9.7665715218e-01	8.8495278358e-01	9.6123242378e-01
5.9588747568e+02	9.7680544853e-01	8.8528656960e-01	9.6115952730e-01
5.9630718513e+02	9.7695225477e-01	8.8579070568e-01	9.6097671986e-01
5.9672689457e+02	9.7709763050e-01	8.8658690453e-01	9.6100217104e-01
5.9714660401e+02	9.7724163532e-01	8.8685357571e-01	9.6078741550e-01
5.9756631345e+02	9.7738426924e-01	8.8738054037e-01	9.5994216204e-01
5.9798602289e+02	9.7752547264e-01	8.8821929693e-01	9.5977550745e-01
5.9840573233e+02	9.7766536474e-01	8.8902407885e-01	9.5982736349e-01
5.9882544177e+02	9.7780388594e-01	8.8857120275e-01	9.5942610502e-01
5.9924515121e+02	9.7794109583e-01	8.8962745667e-01	9.5916765928e-01
5.9966486066e+02	9.7807705402e-01	8.8994628191e-01	9.5920342207e-01
6.0008457010e+02	9.7821170092e-01	8.9056748152e-01	9.5860964060e-01
6.0050427954e+02	9.7834503651e-01	8.9055019617e-01	9.5822143555e-01
6.0092398898e+02	9.7847718000e-01	8.8967561722e-01	9.5766389370e-01
6.0134369842e+02	9.7860807180e-01	8.9149731398e-01	9.5778185129e-01
6.0176340786e+02	9.7873771191e-01	8.9154005051e-01	9.5746582747e-01
6.0218311730e+02	9.7886615992e-01	8.9209401608e-01	9.5705223083e-01
6.0260282674e+02	9.7899347544e-01	8.9173233509e-01	9.5605683327e-01
6.0302253619e+02	9.7911953926e-01	8.9217448235e-01	9.5672565699e-01
6.0344224563e+02	9.7924447060e-01	8.9455908537e-01	9.5551854372e-01
6.0386195507e+02	9.7936826944e-01	8.9468932152e-01	9.5565718412e-01
6.0428166451e+02	9.7949093580e-01	8.9550316334e-01	9.5625603199e-01
6.0470137395e+02	9.7961246967e-01	8.9516079426e-01	9.5670002699e-01
6.0512108339e+02	9.7973287106e-01	8.9642339945e-01	9.5557481050e-01
6.0554079283e+02	9.7985225916e-01	8.9766860008e-01	9.5597666502e-01
6.0596050227e+02	9.7997051477e-01	8.9799648523e-01	9.5613473654e-01
6.0638021171e+02	9.8008769751e-01	8.9830487967e-01	9.5598936081e-01
6.0679992116e+02	9.8020386696e-01	8.9971715212e-01	9.5574396849e-01
6.0721963060e+02	9.8031896353e-01	9.0002775192e-01	9.5584309101e-01
6.0763934004e+02	9.8043304682e-01	9.0073525906e-01	9.5575261116e-01
6.0805904948e+02	9.8054617643e-01	9.0138751268e-01	9.5564794540e-01
6.0847875892e+02	9.8065823317e-01	9.0196478367e-01	9.5542055368e-01
6.0889846836e+02	9.8076933622e-01	9.0231961012e-01	9.5592534542e-01
6.0931817780e+02	9.8087942600e-01	9.0295332670e-01	9.5569944382e-01
6.0973788724e+02	9.8098856211e-01	9.0384721756e-01	9.5591658354e-01
6.1015759669e+02	9.8109674454e-01	9.0412724018e-01	9.5574378967e-01
6.1057730613e+02	9.8120403290e-01	9.0459209681e-01	9.5571184158e-01
6.1099701557e+02	9.8131030798e-01	9.0515774488e-01	9.5582890511e-01
6.1141672501e+02	9.8141574860e-01	9.0528380871e-01	9.5569097996e-01
6.1183643445e+02	9.8152023554e-01	9.0603291988e-01	9.5583307743e-01
6.1225614389e+02	9.8162376881e-01	9.0657585859e-01	9.5559233427e-01
6.1267585333e+02	9.8172646761e-01	9.0687173605e-01	9.5530146360e-01
6.1309556277e+02	9.8182833195e-01	9.0700978041e-01	9.5537072420e-01
6.1351527222e+02	9.8192924261e-01	9.0743476152e-01	9.5519167185e-01
6.1393498166e+02	9.8202937841e-01	9.0781623125e-01	9.5504671335e-01
6.1435469110e+02	9.8212862015e-01	9.0822756290e-01	9.5506137609e-01
6.1477440054e+02	9.8222702742e-01	9.0893572569e-01	9.5542752743e-01
6.1519410998e+02	9.8232460022e-01	9.0819555521e-01	9.5482993126e-01
6.1561381942e+02	9.8242133856e-01	9.0777570009e-01	9.5498955250e-01
6.1603352886e+02	9.8251730204e-01	9.0896433592e-01	9.5525878668e-01
6.1645323830e+02	9.8261243105e-01	9.0897041559e-01	9.5534443855e-01
6.1687294774e+02	9.8270678520e-01	9.0855723619e-01	9.5513427258e-01
6.1729265719e+02	9.8280036449e-01	9.0949457884e-01	9.5492851734e-01
6.1771236663e+02	9.8289316893e-01	9.0970313549e-01	9.5592600107e-01
6.1813207607e+02	9.8298519850e-01	9.1002070904e-01	9.5581322908e-01
6.1855178551e+02	9.8307645321e-01	9.1023212671e-01	9.5564025640e-01
6.1897149495e+02	9.8316699266e-01	9.1011369228e-01	9.5613342524e-01
6.1939120439e+02	9.8325675726e-01	9.1125392914e-01	9.5655125380e-01
6.1981091383e+02	9.8334580660e-01	9.1260415316e-01	9.5341980457e-01
6.2023062327e+02	9.8343414068e-01	9.1186475754e-01	9.5614343882e-01
6.2065033272e+02	9.8352175951e-01	9.1119766235e-01	9.5459622145e-01
6.2107004216e+02	9.8360866308e-01	9.1069108248e-01	9.5439934731e-01
6.2148975160e+02	9.8369485140e-01	9.1169154644e-01	9.5410817862e-01
6.2190946104e+02	9.8378038406e-01	9.1189622879e-01	9.5412653685e-01
6.2232917048e+02	9.8386520147e-01	9.1180741787e-01	9.5434916019e-01
6.2274887992e+02	9.8394930363e-01	9.1219556332e-01	9.5448738337e-01
6.2316858936e+02	9.8403280973e-01	9.1251903772e-01	9.5493656397e-01
6.2358829880e+02	9.8411560059e-01	9.1242951155e-01	9.5475465059e-01
6.2400800825e+02	9.8419773579e-01	9.1232204437e-01	9.5443850756e-01
6.2442771769e+02	9.8427927494e-01	9.1294687986e-01	9.5473432541e-01
6.2484742713e+02	9.8436015844e-01	9.1343271732e-01	9.5535695553e-01
6.2526713657e+02	9.8444038630e-01	9.1284894943e-01	9.5464938879e-01
6.2568684601e+02	9.8451995850e-01	9.1341310740e-01	9.5540630817e-01
6.2610655545e+02	9.8459893465e-01	9.1344714165e-01	9.5537346601e-01
6.2652626489e+02	9.8467731476e-01	9.1398018599e-01	9.5531874895e-01
6.2694597433e+02	9.8475503922e-01	9.1370898485e-01	9.5508849621e-01
6.2736568377e+02	9.8483216763e-01	9.1395556927e-01	9.5501804352e-01
6.2778539322e+02	9.8490875959e-01	9.1443878412e-01	9.5525956154e-01
6.2820510266e+02	9.8498469591e-01	9.1433930397e-01	9.5502477884e-01
6.2862481210e+02	9.8506009579e-01	9.1476947069e-01	9.5501780510e-01
6.2904452154e+02	9.8513489962e-01	9.1516178846e-01	9.5534515381e-01
6.2946423098e+02	9.8520910740e-01	9.1534781456e-01	9.5521169901e-01
6.2988394042e+02	9.8528277874e-01	9.1570240259e-01	9.5521724224e-01
6.3030364986e+02	9.8535585403e-01	9.1589576006e-01	9.5503050089e-01
6.3072335930e+02	9.8542845249e-01	9.1628688574e-01	9.5501744747e-01
6.3114306875e+02	9.8550045490e-01	9.1644912958e-01	9.5524305105e-01
6.3156277819e+02	9.8557186127e-01	9.1665911674e-01	9.5543885231e-01
6.3198248763e+02	9.8564279079e-01	9.1682565212e-01	9.5521193743e-01
6.3240219707e+02	9.8571318388e-01	9.1660302877e-01	9.5500278473e-01
6.3282190651e+02	9.8578304052e-01	9.1597539186e-01	9.5532113314e-01
6.3324161595e+02	9.8585236073e-01	9.1529685259e-01	9.5480877161e-01
6.3366132539e+02	9.8592120409e-01	9.1723924875e-01	9.5454281569e-01
6.3408103483e+02	9.8598951101e-01	9.1593539715e-01	9.5442646742e-01
6.3450074428e+02	9.8605734110e-01	9.1554820538e-01	9.5444905758e-01
6.3492045372e+02	9.8612463474e-01	9.1948181391e-01	9.5429086685e-01
6.3534016316e+02	9.8619145155e-01	9.1942536831e-01	9.5317864418e-01
6.3575987260e+02	9.8625773191e-01	9.1891348362e-01	9.5396673679e-01
6.3617958204e+02	9.8632359505e-01	9.1831952333e-01	9.5387995243e-01
6.3659929148e+02	9.8638892174e-01	9.2039692402e-01	9.5452475548e-01
6.3701900092e+02	9.8645383120e-01	9.2038255930e-01	9.5442605019e-01
6.3743871036e+02	9.8651820421e-01	9.1938543320e-01	9.5483607054e-01
6.3785841980e+02	9.8658216000e-01	9.1848617792e-01	9.5448046923e-01
6.3827812925e+02	9.8664563894e-01	9.2044460773e-01	9.5332211256e-01
6.3869783869e+02	9.8670864105e-01	9.1930335760e-01	9.5562380552e-01
6.3911754813e+02	9.8677122593e-01	9.1860902309e-01	9.5452815294e-01
6.3953725757e+02	9.8683333397e-01	9.2181289196e-01	9.5457255840e-01
6.3995696701e+02	9.8689496517e-01	9.2035472393e-01	9.5347929001e-01
6.4037667645e+02	9.8695623875e-01	9.1977816820e-01	9.5174908638e-01
6.4079638589e+02	9.8701697588e-01	9.2042589188e-01	9.5377475023e-01
6.4121609533e+02	9.8707735538e-01	9.2068636417e-01	9.5289963484e-01
6.4163580478e+02	9.8713731766e-01	9.2134988308e-01	9.5320791006e-01
6.4205551422e+02	9.8719680309e-01	9.2119199038e-01	9.5289194584e-01
6.4247522366e+02	9.8725587130e-01	9.2119491100e-01	9.5295345783e-01
6.4289493310e+02	9.8731458187e-01	9.2167514563e-01	9.5256990194e-01
6.4331464254e+02	9.8737281561e-01	9.2261099815e-01	9.5257264376e-01
6.4373435198e+02	9.8743069172e-01	9.2198330164e-01	9.5259034634e-01
6.4415406142e+02	9.8748815060e-01	9.2248874903e-01	9.5233643055e-01
6.4457377086e+02	9.8754519224e-01	9.2256575823e-01	9.5294290781e-01
6.4499348031e+02	9.8760181665e-01	9.2294049263e-01	9.5289087296e-01
6.4541318975e+02	9.8765808344e-01	9.2315208912e-01	9.5231515169e-01
6.4583289919e+02	9.8771393299e-01	9.2364227772e-01	9.5216250420e-01
6.4625260863e+02	9.8776942492e-01	9.2382550240e-01	9.5236176252e-01
6.4667231807e+02	9.8782455921e-01	9.2411506176e-01	9.5221167803e-01
6.4709202751e+02	9.8787927628e-01	9.2473810911e-01	9.5235085487e-01
6.4751173695e+02	9.8793363571e-01	9.2512947321e-01	9.5213854313e-01
6.4793144639e+02	9.8798757792e-01	9.2526489496e-01	9.5218294859e-01
6.4835115583e+02	9.8804122210e-01	9.2544698715e-01	9.5213019848e-01
6.4877086528e+02	9.8809444904e-01	9.2573183775e-01	9.5242416859e-01
6.4919057472e+02	9.8814731836e-01	9.2655211687e-01	9.5247173309e-01
6.4961028416e+02	9.8819988966e-01	9.2652344704e-01	9.5225644112e-01
6.5002999360e+02	9.8825204372e-01	9.2713314295e-01	9.5238339901e-01
6.5044970304e+02	9.8830384016e-01	9.2730361223e-01	9.5249432325e-01
6.5086941248e+02	9.8835533857e-01	9.2775422335e-01	9.5239806175e-01
6.5128912192e+02	9.8840647936e-01	9.2813044786e-01	9.5218813419e-01
6.5170883136e+02	9.8845726252e-01	9.2862164974e-01	9.5257520676e-01
6.5212854081e+02	9.8850768805e-01	9.2893171310e-01	9.5239138603e-01
6.5254825025e+02	9.8855781555e-01	9.2934620380e-01	9.5224779844e-01
6.5296795969e+02	9.8860758543e-01	9.2973250151e-01	9.5257598162e-01
6.5338766913e+02	9.8865699768e-01	9.3014693260e-01	9.5229339600e-01
6.5380737857e+02	9.8870617151e-01	9.3050760031e-01	9.5236295462e-01
6.5422708801e+02	9.8875492811e-01	9.3101465702e-01	9.5247888565e-01
6.5464679745e+02	9.8880344629e-01	9.3153214455e-01	9.5212370157e-01
6.5506650689e+02	9.8885160685e-01	9.3197280169e-01	9.5248329639e-01
6.5548621634e+02	9.8889940977e-01	9.3226313591e-01	9.5237839222e-01
6.5590592578e+02	9.8894697428e-01	9.3264889717e-01	9.5227473974e-01
6.5632563522e+02	9.8899418116e-01	9.3322360516e-01	9.5243984461e-01
6.5674534466e+02	9.8904109001e-01	9.3356436491e-01	9.5210134983e-01
6.5716505410e+02	9.8908770084e-01	9.3392807245e-01	9.5234739780e-01
6.5758476354e+02	9.8913401365e-01	9.3442499638e-01	9.5206409693e-01
6.5800447298e+02	9.8918002844e-01	9.3466782570e-01	9.5232528448e-01
6.5842418242e+02	9.8922574520e-01	9.3502491713e-01	9.5171129704e-01
6.5884389186e+02	9.8927116394e-01	9.3557578325e-01	9.5193940401e-01
6.5926360131e+02	9.8931628466e-01	9.3590891361e-01	9.5204257965e-01
6.5968331075e+02	9.8936110735e-01	9.3623411655e-01	9.5243787766e-01
6.6010302019e+02	9.8940569162e-01	9.3664169312e-01	9.5193451643e-01
6.6052272963e+02	9.8944991827e-01	9.3695092201e-01	9.5190668106e-01
6.6094243907e+02	9.8949390650e-01	9.3730330467e-01	9.5164304972e-01
6.6136214851e+02	9.8953765631e-01	9.3763756752e-01	9.5167243481e-01
6.6178185795e+02	9.8958104849e-01	9.3812042475e-01	9.5192003250e-01
6.6220156739e+02	9.8962420225e-01	9.3852514029e-01	9.5172739029e-01
6.6262127684e+02	9.8966711760e-01	9.3876922131e-01	9.5194768906e-01
6.6304098628e+02	9.8970973492e-01	9.3915349245e-01	9.5153057575e-01
6.6346069572e+02	9.8975205421e-01	9.3957096338e-01	9.5219355822e-01
6.6388040516e+02	9.8979413509e-01	9.3994104862e-01	9.5197427273e-01
6.6430011460e+02	9.8983597755e-01	9.4028019905e-01	9.5187622309e-01
6.6471982404e+02	9.8987752199e-01	9.4056755304e-01	9.5186680555e-01
6.6513953348e+02	9.8991882801e-01	9.4087064266e-01	9.5206427574e-01
6.6555924292e+02	9.8995989561e-01	9.4109833241e-01	9.5187175274e-01
6.6597895237e+02	9.9000066519e-01	9.4139605761e-01	9.5208793879e-01
6.6639866181e+02	9.9004119635e-01	9.4164758921e-01	9.5213711262e-01
6.6681837125e+02	9.9008148909e-01	9.4205796719e-01	9.5209574699e-01
6.6723808069e+02	9.9012154341e-01	9.4221192598e-01	9.5189142227e-01
6.6765779013e+02	9.9016135931e-01	9.4253927469e-01	9.5215541124e-01
6.6807749957e+02	9.9020087719e-01	9.4282901287e-01	9.5193713903e-01
6.6849720901e+02	9.9024021626e-01	9.4302797318e-01	9.5197135210e-01
6.6891691845e+02	9.9027925730e-01	9.4328773022e-01	9.5205348730e-01
6.6933662789e+02	9.9031811953e-01	9.4352257252e-01	9.5208191872e-01
6.6975633734e+02	9.9035668373e-01	9.4385313988e-01	9.5212781429e-01
6.7017604678e+02	9.9039506912e-01	9.4406294823e-01	9.5203179121e-01
6.7059575622e+02	9.9043321609e-01	9.4429969788e-01	9.5239859819e-01
6.7101546566e+02	9.9047112465e-01	9.4462287426e-01	9.5213204622e-01
6.7143517510e+02	9.9050879478e-01	9.4478619099e-01	9.5240610838e-01
6.7185488454e+02	9.9054622650e-01	9.4500762224e-01	9.5238780975e-01
6.7227459398e+02	9.9058341980e-01	9.4531828165e-01	9.5251131058e-01
6.7269430342e+02	9.9062043428e-01	9.4551414251e-01	9.5215779543e-01
6.7311401287e+02	9.9065721035e-01	9.4579726458e-01	9.5204323530e-01
6.7353372231e+02	9.9069374800e-01	9.4602894783e-01	9.5244741440e-01
6.7395343175e+02	9.9073010683e-01	9.4622945786e-01	9.5225441456e-01
6.7437314119e+02	9.9076622725e-01	9.4638937712e-01	9.5211648941e-01
6.7479285063e+02	9.9080216885e-01	9.4665938616e-01	9.5225667953e-01
6.7521256007e+02	9.9083787203e-01	9.4677221775e-01	9.5212447643e-01
6.7563226951e+02	9.9087333679e-01	9.4707995653e-01	9.5260304213e-01
6.7605197895e+02	9.9090862274e-01	9.4725960493e-01	9.5224368572e-01
6.7647168840e+02	9.9094367027e-01	9.4748330116e-01	9.5231318474e-01
6.7689139784e+02	9.9097853899e-01	9.4768351316e-01	9.5202052593e-01
6.7731110728e+02	9.9101322889e-01	9.4780713320e-01	9.5221537352e-01
6.7773081672e+02	9.9104768038e-01	9.4792413712e-01	9.5167404413e-01
6.7815052616e+02	9.9108195305e-01	9.4813859463e-01	9.5138955116e-01
6.7857023560e+02	9.9111598730e-01	9.4809722900e-01	9.5142978430e-01
6.7898994504e+02	9.9114990234e-01	9.4826024771e-01	9.5173352957e-01
6.7940965448e+02	9.9118351936e-01	9.4845646620e-01	9.5146572590e-01
6.7982936392e+02	9.9121701717e-01	9.4876486063e-01	9.5115244389e-01
6.8024907337e+02	9.9125027657e-01	9.4893950224e-01	9.5115512609e-01
6.8066878281e+02	9.9128341675e-01	9.4914519787e-01	9.5124548674e-01
6.8108849225e+02	9.9131631851e-01	9.4938647747e-01	9.5129579306e-01
6.8150820169e+02	9.9134898186e-01	9.4953489304e-01	9.5077347755e-01
6.8192791113e+02	9.9138152599e-01	9.4978666306e-01	9.5096319914e-01
6.8234762057e+02	9.9141383171e-01	9.5007455349e-01	9.5116502047e-01
6.8276733001e+02	9.9144601822e-01	9.5023876429e-01	9.5102095604e-01
6.8318703945e+02	9.9147796631e-01	9.5040285587e-01	9.5070701838e-01
6.8360674890e+02	9.9150979519e-01	9.5058345795e-01	9.5061683655e-01
6.8402645834e+02	9.9154138565e-01	9.5081013441e-01	9.5062601566e-01
6.8444616778e+02	9.9157279730e-01	9.5095920563e-01	9.5059639215e-01
6.8486587722e+02	9.9160408974e-01	9.5110380650e-01	9.5061081648e-01
6.8528558666e+02	9.9163514376e-01	9.5129477978e-01	9.5060813427e-01
6.8570529610e+02	9.9166607857e-01	9.5151913166e-01	9.5018118620e-01
6.8612500554e+02	9.9169677496e-01	9.5172417164e-01	9.5031690598e-01
6.8654471498e+02	9.9172735214e-01	9.5189607143e-01	9.5023101568e-01
6.8696442443e+02	9.9175775051e-01	9.5217579603e-01	9.4986474514e-01
6.8738413387e+02	9.9178797007e-01	9.5244359970e-01	9.5010519028e-01
6.8780384331e+02	9.9181801081e-01	9.5262670517e-01	9.4984132051e-01
6.8822355275e+02	9.9184787273e-01	9.5281833410e-01	9.4999027252e-01
6.8864326219e+02	9.9187761545e-01	9.5304405689e-01	9.4959121943e-01
6.8906297163e+02	9.9190711975e-01	9.5328992605e-01	9.4966548681e-01
6.8948268107e+02	9.9193650484e-01	9.5343542099e-01	9.4958978891e-01
6.8990239051e+02	9.9196577072e-01	9.5368039608e-01	9.4909667969e-01
6.9032209995e+02	9.9199479818e-01	9.5387506485e-01	9.4949692488e-01
6.9074180940e+02	9.9202370644e-01	9.5419901609e-01	9.4920140505e-01
6.9116151884e+02	9.9205249548e-01	9.5437347889e-01	9.4937628508e-01
6.9158122828e+02	9.9208104610e-01	9.5456504822e-01	9.4912588596e-01
6.9200093772e+02	9.9210953712e-01	9.5468705893e-01	9.4941258430e-01
6.9242064716e+02	9.9213778973e-01	9.5493286848e-01	9.4894504547e-01
6.9284035660e+02	9.9216592312e-01	9.5511710644e-01	9.4862133265e-01
6.9326006604e+02	9.9219387770e-01	9.5536631346e-01	9.4883513451e-01
6.9367977548e+02	9.9222171307e-01	9.5555007458e-01	9.4826114178e-01
6.9409948493e+02	9.9224936962e-01	9.5583271980e-01	9.4832777977e-01
6.9451919437e+02	9.9227690697e-01	9.5595234632e-01	9.4825845957e-01
6.9493890381e+02	9.9230426550e-01	9.5620626211e-01	9.4832962751e-01
6.9535861325e+02	9.9233150482e-01	9.5643019676e-01	9.4812649488e-01
6.9577832269e+02	9.9235856533e-01	9.5655351877e-01	9.4795680046e-01
6.9619803213e+02	9.9238550663e-01	9.5678895712e-01	9.4815212488e-01
6.9661774157e+02	9.9241232872e-01	9.5697581768e-01	9.4780921936e-01
6.9703745101e+02	9.9243897200e-01	9.5724624395e-01	9.4768339396e-01
6.9745716046e+02	9.9246549606e-01	9.5745098591e-01	9.4762587547e-01
6.9787686990e+02	9.9249184132e-01	9.5768278837e-01	9.4763618708e-01
6.9829657934e+02	9.9251806736e-01	9.5785063505e-01	9.4712013006e-01
6.9871628878e+02	9.9254417419e-01	9.5801967382e-01	9.4685095549e-01
6.9913599822e+02	9.9257010221e-01	9.5823001862e-01	9.4717866182e-01
6.9955570766e+02	9.9259591103e-01	9.5842498541e-01	9.4685995579e-01
6.9997541710e+02	9.9262160063e-01	9.5867764950e-01	9.4655048847e-01
7.0039512654e+02	9.9264717102e-01	9.5878607035e-01	9.4646590948e-01
7.0081483598e+02	9.9267256260e-01	9.5898115635e-01	9.4617319107e-01
7.0123454543e+02	9.9269783497e-01	9.5908653736e-01	9.4617521763e-01
7.0165425487e+02	9.9272298813e-01	9.5935130119e-01	9.4621950388e-01
7.0207396431e+02	9.9274796247e-01	9.5954310894e-01	9.4593274593e-01
7.0249367375e+02	9.9277287722e-01	9.5967966318e-01	9.4579511881e-01
7.0291338319e+02	9.9279761314e-01	9.5982491970e-01	9.4579809904e-01
7.0333309263e+02	9.9282222986e-01	9.6008044481e-01	9.4561696053e-01
7.0375280207e+02	9.9284672737e-01	9.6018791199e-01	9.4507855177e-01
7.0417251151e+02	9.9287110567e-01	9.6039074659e-01	9.4507378340e-01
7.0459222096e+02	9.9289536476e-01	9.6059554815e-01	9.4491291046e-01
7.0501193040e+02	9.9291944504e-01	9.6074825525e-01	9.4465166330e-01
7.0543163984e+02	9.9294346571e-01	9.6090859175e-01	9.4477331638e-01
7.0585134928e+02	9.9296730757e-01	9.6113240719e-01	9.4469964504e-01
7.0627105872e+02	9.9299108982e-01	9.6125972271e-01	9.4442981482e-01
7.0669076816e+02	9.9301469326e-01	9.6143400669e-01	9.4408196211e-01
7.0711047760e+02	9.9303823709e-01	9.6157389879e-01	9.4422775507e-01
7.0753018704e+02	9.9306160212e-01	9.6174144745e-01	9.4362729788e-01
7.0794989649e+02	9.9308484793e-01	9.6185910702e-01	9.4361734390e-01
7.0836960593e+02	9.9310803413e-01	9.6203804016e-01	9.4310045242e-01
7.0878931537e+02	9.9313104153e-01	9.6217793226e-01	9.4346034527e-01
7.0920902481e+02	9.9315398932e-01	9.6226859093e-01	9.4322782755e-01
7.0962873425e+02	9.9317675829e-01	9.6253132820e-01	9.4281226397e-01
7.1004844369e+02	9.9319946766e-01	9.6264988184e-01	9.4267058372e-01
7.1046815313e+02	9.9322199821e-01	9.6282887459e-01	9.4259393215e-01
7.1088786257e+02	9.9324446917e-01	9.6284663677e-01	9.4212949276e-01
7.1130757201e+02	9.9326682091e-01	9.6303611994e-01	9.4213426113e-01
7.1172728146e+02	9.9328905344e-01	9.6318298578e-01	9.4169849157e-01
7.1214699090e+02	9.9331116676e-01	9.6334952116e-01	9.4192266464e-01
7.1256670034e+02	9.9333316088e-01	9.6342557669e-01	9.4165021181e-01
7.1298640978e+02	9.9335509539e-01	9.6364313364e-01	9.4120162725e-01
7.1340611922e+02	9.9337685108e-01	9.6376627684e-01	9.4160330296e-01
7.1382582866e+02	9.9339854717e-01	9.6388244629e-01	9.4146198034e-01
7.1424553810e+02	9.9342012405e-01	9.6409702301e-01	9.4119644165e-01
7.1466524754e+02	9.9344158173e-01	9.6419084072e-01	9.4024199247e-01
7.1508495699e+02	9.9346297979e-01	9.6431279182e-01	9.4082391262e-01
7.1550466643e+02	9.9348419905e-01	9.6447032690e-01	9.4046592712e-01
7.1592437587e+02	9.9350535870e-01	9.6452665329e-01	9.4027477503e-01
7.1634408531e+02	9.9352639914e-01	9.6466439962e-01	9.3990397453e-01
7.1676379475e+02	9.9354737997e-01	9.6473973989e-01	9.3961948156e-01
7.1718350419e+02	9.9356818199e-01	9.6495991945e-01	9.3947815895e-01
7.1760321363e+02	9.9358892441e-01	9.6509623528e-01	9.3927490711e-01
7.1802292307e+02	9.9360960722e-01	9.6521085501e-01	9.3870323896e-01
7.1844263252e+02	9.9363011122e-01	9.6531361341e-01	9.3876409531e-01
7.1886234196e+02	9.9365055561e-01	9.6541345119e-01	9.3856447935e-01
7.1928205140e+02	9.9367088079e-01	9.6549648046e-01	9.3834048510e-01
7.1970176084e+02	9.9369114637e-01	9.6565663815e-01	9.3798959255e-01
7.2012147028e+02	9.9371129274e-01	9.6578150988e-01	9.3784552813e-01
7.2054117972e+02	9.9373131990e-01	9.6586000919e-01	9.3778032064e-01
7.2096088916e+02	9.9375128746e-01	9.6602737904e-01	9.3755412102e-01
7.2138059860e+02	9.9377113581e-01	9.6613711119e-01	9.3770003319e-01
7.2180030804e+02	9.9379086494e-01	9.6622759104e-01	9.3736982346e-01
7.2222001749e+02	9.9381053448e-01	9.6636837721e-01	9.3690228462e-01
7.2263972693e+02	9.9383014441e-01	9.6646636724e-01	9.3728345633e-01
7.2305943637e+02	9.9384957552e-01	9.6654886007e-01	9.3702149391e-01
7.2347914581e+02	9.9386900663e-01	9.6668219566e-01	9.3661093712e-01
7.2389885525e+02	9.9388825893e-01	9.6675860882e-01	9.3653011322e-01
7.2431856469e+02	9.9390745163e-01	9.6686136723e-01	9.3668287992e-01
7.2473827413e+02	9.9392658472e-01	9.6706587076e-01	9.3613028526e-01
7.2515798357e+02	9.9394559860e-01	9.6716833115e-01	9.3588149548e-01
7.2557769302e+02	9.9396449327e-01	9.6720892191e-01	9.3618875742e-01
7.2599740246e+02	9.9398332834e-01	9.6736186743e-01	9.3525165319e-01
7.2641711190e+02	9.9400210381e-01	9.6750712395e-01	9.3538504839e-01
7.2683682134e+02	9.9402076006e-01	9.6760177612e-01	9.3567675352e-01
7.2725653078e+02	9.9403929710e-01	9.6773707867e-01	9.3481266499e-01
7.2767624022e+02	9.9405783415e-01	9.6788734198e-01	9.3463468552e-01
7.2809594966e+02	9.9407619238e-01	9.6793985367e-01	9.3459576368e-01
7.2851565910e+02	9.9409449100e-01	9.6806687117e-01	9.3415391445e-01
7.2893536855e+02	9.9411273003e-01	9.6816986799e-01	9.3431913853e-01
7.2935507799e+02	9.9413084984e-01	9.6831232309e-01	9.3448984623e-01
7.2977478743e+02	9.9414891005e-01	9.6837395430e-01	9.3341863155e-01
7.3019449687e+02	9.9416691065e-01	9.6851634979e-01	9.3399232626e-01
7.3061420631e+02	9.9418479204e-01	9.6861666441e-01	9.3368405104e-01
7.3103391575e+02	9.9420261383e-01	9.6873915195e-01	9.3374174833e-01
7.3145362519e+02	9.9422031641e-01	9.6886223555e-01	9.3303948641e-01
7.3187333463e+02	9.9423795938e-01	9.6894317865e-01	9.3327534199e-01
7.3229304407e+02	9.9425554276e-01	9.6904492378e-01	9.3356746435e-01
7.3271275352e+02	9.9427300692e-01	9.6914422512e-01	9.3296068907e-01
7.3313246296e+02	9.9429041147e-01	9.6930605173e-01	9.3274629116e-01
7.3355217240e+02	9.9430769682e-01	9.6939307451e-01	9.3225771189e-01
7.3397188184e+02	9.9432492256e-01	9.6950632334e-01	9.3278920650e-01
7.3439159128e+02	9.9434208870e-01	9.6964395046e-01	9.3236571550e-01
7.3481130072e+02	9.9435919523e-01	9.6972048283e-01	9.3194556236e-01
7.3523101016e+02	9.9437618256e-01	9.6987950802e-01	9.3184411526e-01
7.3565071960e+02	9.9439311028e-01	9.6989035606e-01	9.3194270134e-01
7.3607042905e+02	9.9440997839e-01	9.7005885839e-01	9.3136250973e-01
7.3649013849e+02	9.9442672729e-01	9.7020310163e-01	9.3113040924e-01
7.3690984793e+02	9.9444341660e-01	9.7030019760e-01	9.3134564161e-01
7.3732955737e+02	9.9446004629e-01	9.7039818764e-01	9.3065750599e-01
7.3774926681e+02	9.9447655678e-01	9.7050935030e-01	9.3084794283e-01
7.3816897625e+02	9.9449306726e-01	9.7066384554e-01	9.3094485998e-01
7.3858868569e+02	9.9450945854e-01	9.7075313330e-01	9.3054229021e-01
7.3900839513e+02	9.9452579021e-01	9.7086417675e-01	9.3039172888e-01
7.3942810458e+02	9.9454200268e-01	9.7098708153e-01	9.3054723740e-01
7.3984781402e+02	9.9455821514e-01	9.7108364105e-01	9.3032884598e-01
7.4026752346e+02	9.9457430840e-01	9.7125029564e-01	9.2995852232e-01
7.4068723290e+02	9.9459034204e-01	9.7140538692e-01	9.3008112907e-01
7.4110694234e+02	9.9460625648e-01	9.7154241800e-01	9.2997944355e-01
7.4152665178e+02	9.9462217093e-01	9.7168129683e-01	9.2955785990e-01
7.4194636122e+02	9.9463796616e-01	9.7180902958e-01	9.2905783653e-01
7.4236607066e+02	9.9465376139e-01	9.7190374136e-01	9.2901480198e-01
7.4278578010e+02	9.9466943741e-01	9.7200721502e-01	9.2924749851e-01
7.4320548955e+02	9.9468499422e-01	9.7217023373e-01	9.2883718014e-01
7.4362519899e+02	9.9470055103e-01	9.7225588560e-01	9.2905676365e-01
7.4404490843e+02	9.9471604824e-01	9.7241824865e-01	9.2900174856e-01
7.4446461787e+02	9.9473142624e-01	9.7255623341e-01	9.2900174856e-01
7.4488432731e+02	9.9474674463e-01	9.7260212898e-01	9.2855995893e-01
7.4530403675e+02	9.9476200342e-01	9.7273796797e-01	9.2809867859e-01
7.4572374619e+02	9.9477720261e-01	9.7289782763e-01	9.2768156528e-01
7.4614345563e+02	9.9479234219e-01	9.7303110361e-01	9.2798870802e-01
7.4656316508e+02	9.9480742216e-01	9.7315084934e-01	9.2765492201e-01
7.4698287452e+02	9.9482244253e-01	9.7328883410e-01	9.2737770081e-01
7.4740258396e+02	9.9483734369e-01	9.7336924076e-01	9.2720592022e-01
7.4782229340e+02	9.9485224485e-01	9.7350412607e-01	9.2643707991e-01
7.4824200284e+02	9.9486702681e-01	9.7361391783e-01	9.2674005032e-01
7.4866171228e+02	9.9488174915e-01	9.7373545170e-01	9.2705363035e-01
7.4908142172e+02	9.9489647150e-01	9.7384476662e-01	9.2685556412e-01
7.4950113116e+02	9.9491107464e-01	9.7398847342e-01	9.2623364925e-01
7.4992084061e+02	9.9492561817e-01	9.7413313389e-01	9.2643451691e-01
7.5034055005e+02	9.9494010210e-01	9.7422873974e-01	9.2667269707e-01
7.5076025949e+02	9.9495452642e-01	9.7438567877e-01	9.2600142956e-01
7.5117996893e+02	9.9496889114e-01	9.7446703911e-01	9.2599487305e-01
7.5159967837e+02	9.9498319626e-01	9.7461265326e-01	9.2588961124e-01
7.5201938781e+02	9.9499744177e-01	9.7471964359e-01	9.2625296116e-01
7.5243909725e+02	9.9501156807e-01	9.7482627630e-01	9.2608392239e-01
7.5285880669e+02	9.9502569437e-01	9.7497147322e-01	9.2569017410e-01
7.5327851613e+02	9.9503976107e-01	9.7508752346e-01	9.2570745945e-01
7.5369822558e+02	9.9505376816e-01	9.7523105145e-01	9.2571991682e-01
7.5411793502e+02	9.9506771564e-01	9.7532302141e-01	9.2484706640e-01
7.5453764446e+02	9.9508160353e-01	9.7545313835e-01	9.2522436380e-01
7.5495735390e+02	9.9509537220e-01	9.7558104992e-01	9.2508661747e-01
7.5537706334e+02	9.9510914087e-01	9.7570657730e-01	9.2466855049e-01
7.5579677278e+02	9.9512284994e-01	9.7581362724e-01	9.2511266470e-01
7.5621648222e+02	9.9513649940e-01	9.7593665123e-01	9.2457622290e-01
7.5663619166e+02	9.9515008926e-01	9.7607815266e-01	9.2426228523e-01
7.5705590111e+02	9.9516361952e-01	9.7616934776e-01	9.2444491386e-01
7.5747561055e+02	9.9517709017e-01	9.7624832392e-01	9.2453628778e-01
7.5789531999e+02	9.9519050121e-01	9.7635227442e-01	9.2428183556e-01
7.5831502943e+02	9.9520385265e-01	9.7647559643e-01	9.2400741577e-01
7.5873473887e+02	9.9521714449e-01	9.7658473253e-01	9.2384898663e-01
7.5915444831e+02	9.9523037672e-01	9.7671115398e-01	9.2390984297e-01
7.5957415775e+02	9.9524360895e-01	9.7680932283e-01	9.2413926125e-01
7.5999386719e+02	9.9525672197e-01	9.7692823410e-01	9.2369598150e-01
7.6041357664e+02	9.9526983500e-01	9.7706884146e-01	9.2364841700e-01
7.6083328608e+02	9.9528282881e-01	9.7713941336e-01	9.2349201441e-01
7.6125299552e+02	9.9529582262e-01	9.7726887465e-01	9.2345553637e-01
7.6167270496e+02	9.9530875683e-01	9.7736608982e-01	9.2319291830e-01
7.6209241440e+02	9.9532157183e-01	9.7746598721e-01	9.2294782400e-01
7.6251212384e+02	9.9533438683e-01	9.7759169340e-01	9.2301207781e-01
7.6293183328e+02	9.9534714222e-01	9.7770488262e-01	9.2308461666e-01
7.6335154272e+02	9.9535989761e-01	9.7785723209e-01	9.2297452688e-01
7.6377125216e+02	9.9537253380e-01	9.7792482376e-01	9.2258256674e-01
7.6419096161e+02	9.9538511038e-01	9.7801172733e-01	9.2265635729e-01
7.6461067105e+02	9.9539768696e-01	9.7812098265e-01	9.2350214720e-01
7.6503038049e+02	9.9541014433e-01	9.7818869352e-01	9.2303055525e-01
7.6545008993e+02	9.9542260170e-01	9.7831499577e-01	9.2307609320e-01
7.6586979937e+02	9.9543499947e-01	9.7844314575e-01	9.2278802395e-01
7.6628950881e+02	9.9544733763e-01	9.7850489616e-01	9.2250901461e-01
7.6670921825e+02	9.9545967579e-01	9.7860455513e-01	9.2297381163e-01
7.6712892769e+02	9.9547189474e-01	9.7874063253e-01	9.2303341627e-01
7.6754863714e+02	9.9548411369e-01	9.7881925106e-01	9.2280018330e-01
7.6796834658e+02	9.9549621344e-01	9.7892636061e-01	9.2197674513e-01
7.6838805602e+02	9.9550831318e-01	9.7901356220e-01	9.2289417982e-01
7.6880776546e+02	9.9552035332e-01	9.7910952568e-01	9.2222994566e-01
7.6922747490e+02	9.9553239346e-01	9.7923779488e-01	9.2263340950e-01
7.6964718434e+02	9.9554431438e-01	9.7930645943e-01	9.2170929909e-01
7.7006689378e+02	9.9555623531e-01	9.7940951586e-01	9.2244422436e-01
7.7048660322e+02	9.9556809664e-01	9.7951859236e-01	9.2205041647e-01
7.7090631267e+02	9.9557989836e-01	9.7960013151e-01	9.2251431942e-01
7.7132602211e+02	9.9559164047e-01	9.7968512774e-01	9.2240649462e-01
7.7174573155e+02	9.9560332298e-01	9.7978377342e-01	9.2218154669e-01
7.7216544099e+02	9.9561500549e-01	9.7987914085e-01	9.2155283689e-01
7.7258515043e+02	9.9562662840e-01	9.7996705770e-01	9.2187947035e-01
7.7300485987e+02	9.9563819170e-01	9.8002254963e-01	9.2211103439e-01
7.7342456931e+02	9.9564969540e-01	9.8008292913e-01	9.2186343670e-01
7.7384427875e+02	9.9566119909e-01	9.8014384508e-01	9.2160153389e-01
7.7426398819e+02	9.9567264318e-01	9.8029226065e-01	9.2165619135e-01
7.7468369764e+02	9.9568402767e-01	9.8037600517e-01	9.2114585638e-01
7.7510340708e+02	9.9569535255e-01	9.8043537140e-01	9.2147964239e-01
7.7552311652e+02	9.9570667744e-01	9.8048555851e-01	9.2175275087e-01
7.7594282596e+02	9.9571788311e-01	9.8057073355e-01	9.2195391655e-01
7.7636253540e+02	9.9572908878e-01	9.8067575693e-01	9.2132276297e-01
7.7678224484e+02	9.9574029446e-01	9.8071789742e-01	9.2082613707e-01
7.7720195428e+02	9.9575138092e-01	9.8080503941e-01	9.2080062628e-01
7.7762166372e+02	9.9576246738e-01	9.8086655140e-01	9.2118781805e-01
7.7804137317e+02	9.9577349424e-01	9.8091089725e-01	9.2130637169e-01
7.7846108261e+02	9.9578452110e-01	9.8096805811e-01	9.2158734798e-01
7.7888079205e+02	9.9579542875e-01	9.8105502129e-01	9.2167425156e-01
7.7930050149e+02	9.9580633640e-01	9.8111408949e-01	9.2117363214e-01
7.7972021093e+02	9.9581718445e-01	9.8116642237e-01	9.2128199339e-01
7.8013992037e+02	9.9582803249e-01	9.8121190071e-01	9.2079001665e-01
7.8055962981e+02	9.9583876133e-01	9.8129397631e-01	9.2070734501e-01
7.8097933925e+02	9.9584954977e-01	9.8136305809e-01	9.2082113028e-01
7.8139904870e+02	9.9586021900e-01	9.8138749599e-01	9.2090082169e-01
7.8181875814e+02	9.9587088823e-01	9.8146879673e-01	9.2081761360e-01
7.8223846758e+02	9.9588149786e-01	9.8150300980e-01	9.2109423876e-01
7.8265817702e+02	9.9589204788e-01	9.8154687881e-01	9.2085146904e-01
7.8307788646e+02	9.9590253830e-01	9.8158651590e-01	9.2032474279e-01
7.8349759590e+02	9.9591302872e-01	9.8161995411e-01	9.2000120878e-01
7.8391730534e+02	9.9592351913e-01	9.8167097569e-01	9.2026704550e-01
7.8433701478e+02	9.9593389034e-01	9.8170804977e-01	9.1930109262e-01
7.8475672422e+02	9.9594426155e-01	9.8175644875e-01	9.2025578022e-01
7.8517643367e+02	9.9595457315e-01	9.8177284002e-01	9.1937267780e-01
7.8559614311e+02	9.9596488476e-01	9.8180860281e-01	9.1991156340e-01
7.8601585255e+02	9.9597513676e-01	9.8182928562e-01	9.1953903437e-01
7.8643556199e+02	9.9598532915e-01	9.8187845945e-01	9.1909384727e-01
7.8685527143e+02	9.9599546194e-01	9.8188441992e-01	9.1903781891e-01
7.8727498087e+02	9.9600559473e-01	9.8190987110e-01	9.1862612963e-01
7.8769469031e+02	9.9601572752e-01	9.8193258047e-01	9.1811418533e-01
7.8811439975e+02	9.9602574110e-01	9.8195832968e-01	9.1855889559e-01
7.8853410920e+02	9.9603575468e-01	9.8195225000e-01	9.1882723570e-01
7.8895381864e+02	9.9604576826e-01	9.8196697235e-01	9.1802656651e-01
7.8937352808e+02	9.9605566263e-01	9.8197251558e-01	9.1764110327e-01
7.8979323752e+02	9.9606555700e-01	9.8199224472e-01	9.1746687889e-01
7.9021294696e+02	9.9607545137e-01	9.8199146986e-01	9.1760879755e-01
7.9063265640e+02	9.9608528614e-01	9.8200821877e-01	9.1698086262e-01
7.9105236584e+02	9.9609506130e-01	9.8200386763e-01	9.1716194153e-01
7.9147207528e+02	9.9610477686e-01	9.8200237751e-01	9.1697257757e-01
7.9189178473e+02	9.9611449242e-01	9.8199433088e-01	9.1697013378e-01
7.9231149417e+02	9.9612420797e-01	9.8196166754e-01	9.1600012779e-01
7.9273120361e+02	9.9613386393e-01	9.8193663359e-01	9.1655385494e-01
7.9315091305e+02	9.9614346027e-01	9.8188400269e-01	9.1611975431e-01
7.9357062249e+02	9.9615299702e-01	9.8187226057e-01	9.1553843021e-01
7.9399033193e+02	9.9616253376e-01	9.8177629709e-01	9.1555678844e-01
7.9441004137e+02	9.9617201090e-01	9.8174208403e-01	9.1537809372e-01
7.9482975081e+02	9.9618148804e-01	9.8170220852e-01	9.1512715816e-01
7.9524946025e+02	9.9619090557e-01	9.8160684109e-01	9.1520673037e-01
7.9566916970e+02	9.9620032310e-01	9.8152780533e-01	9.1465675831e-01
7.9608887914e+02	9.9620968103e-01	9.8145228624e-01	9.1444247961e-01
7.9650858858e+02	9.9621897936e-01	9.8134815693e-01	9.1454100609e-01
7.9692829802e+02	9.9622827768e-01	9.8126560450e-01	9.1482323408e-01
7.9734800746e+02	9.9623751640e-01	9.8114198446e-01	9.1404592991e-01
7.9776771690e+02	9.9624675512e-01	9.8100018501e-01	9.1374123096e-01
7.9818742634e+02	9.9625593424e-01	9.8088085651e-01	9.1380846500e-01
7.9860713578e+02	9.9626511335e-01	9.8075646162e-01	9.1308534145e-01
7.9902684523e+02	9.9627423286e-01	9.8056650162e-01	9.1269081831e-01
7.9944655467e+02	9.9628329277e-01	9.8040801287e-01	9.1232872009e-01
