# lambda  Re(R_ZmaxTE(0,0),ZmaxTE(0,0))    Im(R_ZmaxTE(0,0),ZmaxTE(0,0)), 
3.797371134666668127e+02	1.340597027072444325e-01	0.000000000000000000e+00
3.801568229078667969e+02	1.380760295065726617e-01	0.000000000000000000e+00
3.805765323490668379e+02	1.419954999232534987e-01	0.000000000000000000e+00
3.809962417902668221e+02	1.457979729714226902e-01	0.000000000000000000e+00
3.814159512314668063e+02	1.494668687783602401e-01	0.000000000000000000e+00
3.818356606726667906e+02	1.529889288631550159e-01	0.000000000000000000e+00
3.822553701138668316e+02	1.563538938501689013e-01	0.000000000000000000e+00
3.826750795550668158e+02	1.595541337879174959e-01	0.000000000000000000e+00
3.830947889962668000e+02	1.625842603222612537e-01	0.000000000000000000e+00
3.835144984374667843e+02	1.654407434289325018e-01	0.000000000000000000e+00
3.839342078786668253e+02	1.681215490625096731e-01	0.000000000000000000e+00
3.843539173198668095e+02	1.706258084427106914e-01	0.000000000000000000e+00
3.847736267610667937e+02	1.729535250343033348e-01	0.000000000000000000e+00
3.851933362022668348e+02	1.751053216524072198e-01	0.000000000000000000e+00
3.856130456434668190e+02	1.770812041813832616e-01	0.000000000000000000e+00
3.860327550846668032e+02	1.788828490928505432e-01	0.000000000000000000e+00
3.864524645258667874e+02	1.805124097105801073e-01	0.000000000000000000e+00
3.868721739670668285e+02	1.819712141374793812e-01	0.000000000000000000e+00
3.872918834082668127e+02	1.832604892473802261e-01	0.000000000000000000e+00
3.877115928494667969e+02	1.843813034760350966e-01	0.000000000000000000e+00
3.881313022906667811e+02	1.853345291449478016e-01	0.000000000000000000e+00
3.885510117318668222e+02	1.861208211729379614e-01	0.000000000000000000e+00
3.889707211730668064e+02	1.867406094004717687e-01	0.000000000000000000e+00
3.893904306142667906e+02	1.871941021239081626e-01	0.000000000000000000e+00
3.898101400554668317e+02	1.874812987893050842e-01	0.000000000000000000e+00
3.902298494966668159e+02	1.876020101153418052e-01	0.000000000000000000e+00
3.906495589378668001e+02	1.875558841961041945e-01	0.000000000000000000e+00
3.910692683790667843e+02	1.873424373749803251e-01	0.000000000000000000e+00
3.914889778202668253e+02	1.869610888818790950e-01	0.000000000000000000e+00
3.919086872614668096e+02	1.864111983902208836e-01	0.000000000000000000e+00
3.923283967026667938e+02	1.856921057813145093e-01	0.000000000000000000e+00
3.927481061438668348e+02	1.848031725062293518e-01	0.000000000000000000e+00
3.931678155850668190e+02	1.837438240132703293e-01	0.000000000000000000e+00
3.935875250262668033e+02	1.825135927668622704e-01	0.000000000000000000e+00
3.940072344674667875e+02	1.811115561757804526e-01	0.000000000000000000e+00
3.944269439086668285e+02	1.795367020975223715e-01	0.000000000000000000e+00
3.948466533498668127e+02	1.777904398617364268e-01	0.000000000000000000e+00
3.952663627910667969e+02	1.758731707093610097e-01	0.000000000000000000e+00
3.956860722322667812e+02	1.737856175544293669e-01	0.000000000000000000e+00
3.961057816734668222e+02	1.715288636598434890e-01	0.000000000000000000e+00
3.965254911146668064e+02	1.691043891755750761e-01	0.000000000000000000e+00
3.969452005558667906e+02	1.665141051841020625e-01	0.000000000000000000e+00
3.973649099970668317e+02	1.637603849103037579e-01	0.000000000000000000e+00
3.977846194382668159e+02	1.608460917701372839e-01	0.000000000000000000e+00
3.982043288794668001e+02	1.577746039552538060e-01	0.000000000000000000e+00
3.986240383206667843e+02	1.545498352796479125e-01	0.000000000000000000e+00
3.990437477618668254e+02	1.511762520496192364e-01	0.000000000000000000e+00
3.994634572030668096e+02	1.476588857596478066e-01	0.000000000000000000e+00
3.998831666442667938e+02	1.440019339500593076e-01	0.000000000000000000e+00
4.003028760854667780e+02	1.402108617350706354e-01	0.000000000000000000e+00
4.007225855266668191e+02	1.362948583333239427e-01	0.000000000000000000e+00
4.011422949678668033e+02	1.322613478002044596e-01	0.000000000000000000e+00
4.015620044090667875e+02	1.281183216069395892e-01	0.000000000000000000e+00
4.019817138502668286e+02	1.238743241164724507e-01	0.000000000000000000e+00
4.024014232914668128e+02	1.195384339189560913e-01	0.000000000000000000e+00
4.028211327326667970e+02	1.151202412948604953e-01	0.000000000000000000e+00
4.032408421738667812e+02	1.106298221257460412e-01	0.000000000000000000e+00
4.036605516150668223e+02	1.060761028564362746e-01	0.000000000000000000e+00
4.040802610562668065e+02	1.014721527485227953e-01	0.000000000000000000e+00
4.044999704974667907e+02	9.682983844766507309e-02	0.000000000000000000e+00
4.049196799386668317e+02	9.216097024445150943e-02	0.000000000000000000e+00
4.053393893798668159e+02	8.747767077795548518e-02	0.000000000000000000e+00
4.057590988210668002e+02	8.279233527325659259e-02	0.000000000000000000e+00
4.061788082622667844e+02	7.811760973109885264e-02	0.000000000000000000e+00
4.065985177034668254e+02	7.346815506915796434e-02	0.000000000000000000e+00
4.070182271446668096e+02	6.885658723586174368e-02	0.000000000000000000e+00
4.074379365858667938e+02	6.429608650477584841e-02	0.000000000000000000e+00
4.078576460270667781e+02	5.979990151500445134e-02	0.000000000000000000e+00
4.082773554682668191e+02	5.538131247257369050e-02	0.000000000000000000e+00
4.086970649094668033e+02	5.105456490584584645e-02	0.000000000000000000e+00
4.091167743506667875e+02	4.683791975128985541e-02	0.000000000000000000e+00
4.095364837918668286e+02	4.274047845732078382e-02	0.000000000000000000e+00
4.099561932330668128e+02	3.877537826709778757e-02	0.000000000000000000e+00
4.103759026742667970e+02	3.495562348647852924e-02	0.000000000000000000e+00
4.107956121154667812e+02	3.129406018379608800e-02	0.000000000000000000e+00
4.112153215566668223e+02	2.781459422378061361e-02	0.000000000000000000e+00
4.116350309978668065e+02	2.452119630267692724e-02	0.000000000000000000e+00
4.120547404390667907e+02	2.142554664779521348e-02	0.000000000000000000e+00
4.124744498802667749e+02	1.853965722165810959e-02	0.000000000000000000e+00
4.128941593214668160e+02	1.587827243281737105e-02	0.000000000000000000e+00
4.133138687626668002e+02	1.346462654518864981e-02	0.000000000000000000e+00
4.137335782038667844e+02	1.129735599531545530e-02	0.000000000000000000e+00
4.141532876450668255e+02	9.387250831031238377e-03	0.000000000000000000e+00
4.145729970862668097e+02	7.744736695707415616e-03	0.000000000000000000e+00
4.149927065274667939e+02	6.397101258656851669e-03	0.000000000000000000e+00
4.154124159686667781e+02	5.343922887184248023e-03	0.000000000000000000e+00
4.158321254098668192e+02	4.589428572338285703e-03	0.000000000000000000e+00
4.162518348510668034e+02	4.142269521610546928e-03	0.000000000000000000e+00
4.166715442922667876e+02	4.027852052329094351e-03	0.000000000000000000e+00
4.170912537334668286e+02	4.248178458233269061e-03	0.000000000000000000e+00
4.175109631746668128e+02	4.800604891860163828e-03	0.000000000000000000e+00
4.179306726158667971e+02	5.691396898436988476e-03	0.000000000000000000e+00
4.183503820570667813e+02	6.949160715621796429e-03	0.000000000000000000e+00
4.187700914982668223e+02	8.565795657872292412e-03	0.000000000000000000e+00
4.191898009394668065e+02	1.053693927484068184e-02	0.000000000000000000e+00
4.196095103806667908e+02	1.286630370380027928e-02	0.000000000000000000e+00
4.200292198218668318e+02	1.559002406208844470e-02	0.000000000000000000e+00
4.204489292630668160e+02	1.867614224535711978e-02	0.000000000000000000e+00
4.208686387042668002e+02	2.212491318682350411e-02	0.000000000000000000e+00
4.212883481454667844e+02	2.595286408578573178e-02	0.000000000000000000e+00
4.217080575866667687e+02	3.016084837801765936e-02	0.000000000000000000e+00
4.221277670278668097e+02	3.472657975113864481e-02	0.000000000000000000e+00
4.225474764690667939e+02	3.964859556912218863e-02	0.000000000000000000e+00
4.229671859102667781e+02	4.495425296833315681e-02	0.000000000000000000e+00
4.233868953514668192e+02	5.060226352583230280e-02	0.000000000000000000e+00
4.238066047926668034e+02	5.658559733762153626e-02	0.000000000000000000e+00
4.242263142338667876e+02	6.292460067937147294e-02	0.000000000000000000e+00
4.246460236750667718e+02	6.958828529187748024e-02	0.000000000000000000e+00
4.250657331162668129e+02	7.655892098637324950e-02	0.000000000000000000e+00
4.254854425574667971e+02	8.384678723532218436e-02	0.000000000000000000e+00
4.259051519986667813e+02	9.143037305312638752e-02	0.000000000000000000e+00
4.263248614398668224e+02	9.928434025648780192e-02	0.000000000000000000e+00
4.267445708810668066e+02	1.074128187821298819e-01	0.000000000000000000e+00
4.271642803222667908e+02	1.157968561844179428e-01	0.000000000000000000e+00
4.275839897634667750e+02	1.244087679785600559e-01	0.000000000000000000e+00
4.280036992046668161e+02	1.332495701847048741e-01	0.000000000000000000e+00
4.284234086458668003e+02	1.422980259527959201e-01	0.000000000000000000e+00
4.288431180870667845e+02	1.515283160801886020e-01	0.000000000000000000e+00
4.292628275282668255e+02	1.609399549528305884e-01	0.000000000000000000e+00
4.296825369694668098e+02	1.705072756304392700e-01	0.000000000000000000e+00
4.301022464106667940e+02	1.802088817445907654e-01	0.000000000000000000e+00
4.305219558518667782e+02	1.900426413903659739e-01	0.000000000000000000e+00
4.309416652930668192e+02	1.999793043203124399e-01	0.000000000000000000e+00
4.313613747342668034e+02	2.100036906725710195e-01	0.000000000000000000e+00
4.317810841754667877e+02	2.201064537532840260e-01	0.000000000000000000e+00
4.322007936166667719e+02	2.302622896777951622e-01	0.000000000000000000e+00
4.326205030578668129e+02	2.404586981305859850e-01	0.000000000000000000e+00
4.330402124990667971e+02	2.506782111566457916e-01	0.000000000000000000e+00
4.334599219402667813e+02	2.609038017176935620e-01	0.000000000000000000e+00
4.338796313814667656e+02	2.711183673729334886e-01	0.000000000000000000e+00
4.342993408226668066e+02	2.813057309696417319e-01	0.000000000000000000e+00
4.347190502638667908e+02	2.914507662647600750e-01	0.000000000000000000e+00
4.351387597050667750e+02	3.015314332940650655e-01	0.000000000000000000e+00
4.355584691462668161e+02	3.115395545185673520e-01	0.000000000000000000e+00
4.359781785874668003e+02	3.214497790771988495e-01	0.000000000000000000e+00
4.363978880286667845e+02	3.312514779415155486e-01	0.000000000000000000e+00
4.368175974698667687e+02	3.409310262631411459e-01	0.000000000000000000e+00
4.372373069110668098e+02	3.504602247303663098e-01	0.000000000000000000e+00
4.376570163522667940e+02	3.598423254557522322e-01	0.000000000000000000e+00
4.380767257934667782e+02	3.690398897804760270e-01	0.000000000000000000e+00
4.384964352346668193e+02	3.780554588401920380e-01	0.000000000000000000e+00
4.389161446758668035e+02	3.868673131551809141e-01	0.000000000000000000e+00
4.393358541170667877e+02	3.954541169597883821e-01	0.000000000000000000e+00
4.397555635582667719e+02	4.038210943739721781e-01	0.000000000000000000e+00
4.401752729994668130e+02	4.119170855695479250e-01	0.000000000000000000e+00
4.405949824406667972e+02	4.197678413229554151e-01	0.000000000000000000e+00
4.410146918818667814e+02	4.273205280967554698e-01	0.000000000000000000e+00
4.414344013230668224e+02	4.345863017310713228e-01	0.000000000000000000e+00
4.418541107642668067e+02	4.415339203721689310e-01	0.000000000000000000e+00
4.422738202054667909e+02	4.481449292760184000e-01	0.000000000000000000e+00
4.426935296466667751e+02	4.544169182608432389e-01	0.000000000000000000e+00
4.431132390878668161e+02	4.602982985795933124e-01	0.000000000000000000e+00
4.435329485290668003e+02	4.658194077487112783e-01	0.000000000000000000e+00
4.439526579702667846e+02	4.708929942848585903e-01	0.000000000000000000e+00
4.443723674114668256e+02	4.755757150620630869e-01	0.000000000000000000e+00
4.447920768526668098e+02	4.797733548628858591e-01	0.000000000000000000e+00
4.452117862938667940e+02	4.835357730554125100e-01	0.000000000000000000e+00
4.456314957350667783e+02	4.867859270616728407e-01	0.000000000000000000e+00
4.460512051762667625e+02	4.895513286522506502e-01	0.000000000000000000e+00
4.464709146174668035e+02	4.917744602484749872e-01	0.000000000000000000e+00
4.468906240586667877e+02	4.934577502758109024e-01	0.000000000000000000e+00
4.473103334998667719e+02	4.945570269741585423e-01	0.000000000000000000e+00
4.477300429410668130e+02	4.950444706083517166e-01	0.000000000000000000e+00
4.481497523822667972e+02	4.948800376552612845e-01	0.000000000000000000e+00
4.485694618234667814e+02	4.939993403503184499e-01	0.000000000000000000e+00
4.489891712646667656e+02	4.923626049114114278e-01	0.000000000000000000e+00
4.494088807058668067e+02	4.898923788715911498e-01	0.000000000000000000e+00
4.498285901470667909e+02	4.866371485869567248e-01	0.000000000000000000e+00
4.502482995882667751e+02	4.829098928159157866e-01	0.000000000000000000e+00
4.506680090294668162e+02	4.799518341870444571e-01	0.000000000000000000e+00
4.510877184706668004e+02	4.798665480569514474e-01	0.000000000000000000e+00
4.515074279118667846e+02	4.752873111227821079e-01	0.000000000000000000e+00
4.519271373530667688e+02	4.595952974275155367e-01	0.000000000000000000e+00
4.523468467942668099e+02	4.422454360579626265e-01	0.000000000000000000e+00
4.527665562354667941e+02	4.254365020497629657e-01	0.000000000000000000e+00
4.531862656766667783e+02	4.083659628923998475e-01	0.000000000000000000e+00
4.536059751178668193e+02	3.905127181256632940e-01	0.000000000000000000e+00
4.540256845590668036e+02	3.715943630742296055e-01	0.000000000000000000e+00
4.544453940002667878e+02	3.515978285055766372e-01	0.000000000000000000e+00
4.548651034414667720e+02	3.304557245338073934e-01	0.000000000000000000e+00
4.552848128826667562e+02	3.084469348247065867e-01	0.000000000000000000e+00
4.557045223238667973e+02	2.857203012818145260e-01	0.000000000000000000e+00
4.561242317650667815e+02	2.627301530598618595e-01	0.000000000000000000e+00
4.565439412062668225e+02	2.399271663052214565e-01	0.000000000000000000e+00
4.569636506474668067e+02	2.177321557296423293e-01	0.000000000000000000e+00
4.573833600886667909e+02	1.967796867408116435e-01	0.000000000000000000e+00
4.578030695298667752e+02	1.773373357502525394e-01	0.000000000000000000e+00
4.582227789710667594e+02	1.598632230450947045e-01	0.000000000000000000e+00
4.586424884122668004e+02	1.444917408027840688e-01	0.000000000000000000e+00
4.590621978534667846e+02	1.312135168968709409e-01	0.000000000000000000e+00
4.594819072946667688e+02	1.201001246217259372e-01	0.000000000000000000e+00
4.599016167358668099e+02	1.106910987812197433e-01	0.000000000000000000e+00
4.603213261770667941e+02	1.030513611968628118e-01	0.000000000000000000e+00
4.607410356182667783e+02	9.658508034416328492e-02	0.000000000000000000e+00
4.611607450594667625e+02	9.118633851500020093e-02	0.000000000000000000e+00
4.615804545006668036e+02	8.651117891840032215e-02	0.000000000000000000e+00
4.620001639418667878e+02	8.236075530749779883e-02	0.000000000000000000e+00
4.624198733830667720e+02	7.858632369065869649e-02	0.000000000000000000e+00
4.628395828242668131e+02	7.502679689067155711e-02	0.000000000000000000e+00
4.632592922654667973e+02	7.163244999197501683e-02	0.000000000000000000e+00
4.636790017066667815e+02	6.832150668721338749e-02	0.000000000000000000e+00
4.640987111478667657e+02	6.507581861631206444e-02	0.000000000000000000e+00
4.645184205890668068e+02	6.188122807037108042e-02	0.000000000000000000e+00
4.649381300302667910e+02	5.873441186586336737e-02	0.000000000000000000e+00
4.653578394714667752e+02	5.565127504124540297e-02	0.000000000000000000e+00
4.657775489126668162e+02	5.263186906575224172e-02	0.000000000000000000e+00
4.661972583538668005e+02	4.969840205786753284e-02	0.000000000000000000e+00
4.666169677950667847e+02	4.685865689431871484e-02	0.000000000000000000e+00
4.670366772362667689e+02	4.411804070756738388e-02	0.000000000000000000e+00
4.674563866774667531e+02	4.150371650284331165e-02	0.000000000000000000e+00
4.678760961186667942e+02	3.900186455764468457e-02	0.000000000000000000e+00
4.682958055598667784e+02	3.663068873969832495e-02	0.000000000000000000e+00
4.687155150010668194e+02	3.439144023638530945e-02	0.000000000000000000e+00
4.691352244422668036e+02	3.227318870834303827e-02	0.000000000000000000e+00
4.695549338834667878e+02	3.029949398241946548e-02	0.000000000000000000e+00
4.699746433246667721e+02	2.844672280967636135e-02	0.000000000000000000e+00
4.703943527658667563e+02	2.671679234097033839e-02	0.000000000000000000e+00
4.708140622070667973e+02	2.511741461487996055e-02	0.000000000000000000e+00
4.712337716482667815e+02	2.362660307627605788e-02	0.000000000000000000e+00
4.716534810894667658e+02	2.225192186294394636e-02	0.000000000000000000e+00
4.720731905306668068e+02	2.098547015631488377e-02	0.000000000000000000e+00
4.724928999718667910e+02	1.981285184248734663e-02	0.000000000000000000e+00
4.729126094130667752e+02	1.874331708218502854e-02	0.000000000000000000e+00
4.733323188542667594e+02	1.776015553412073691e-02	0.000000000000000000e+00
4.737520282954668005e+02	1.685483992947515303e-02	0.000000000000000000e+00
4.741717377366667847e+02	1.603660023218053676e-02	0.000000000000000000e+00
4.745914471778667689e+02	1.528546273673791339e-02	0.000000000000000000e+00
4.750111566190668100e+02	1.459818532104828308e-02	0.000000000000000000e+00
4.754308660602667942e+02	1.397846380505055747e-02	0.000000000000000000e+00
4.758505755014667784e+02	1.341120710687527216e-02	0.000000000000000000e+00
4.762702849426667626e+02	1.289422100244591932e-02	0.000000000000000000e+00
4.766899943838667468e+02	1.242826997906873281e-02	0.000000000000000000e+00
4.771097038250667879e+02	1.200213400204256167e-02	0.000000000000000000e+00
4.775294132662667721e+02	1.161382677010398129e-02	0.000000000000000000e+00
4.779491227074668132e+02	1.126315367989003460e-02	0.000000000000000000e+00
4.783688321486667974e+02	1.094159157217087369e-02	0.000000000000000000e+00
4.787885415898667816e+02	1.064709444024604379e-02	0.000000000000000000e+00
4.792082510310667658e+02	1.037951054714177090e-02	0.000000000000000000e+00
4.796279604722667500e+02	1.013225082076441019e-02	0.000000000000000000e+00
4.800476699134667911e+02	9.903207814923022101e-03	0.000000000000000000e+00
4.804673793546667753e+02	9.692590048517761916e-03	0.000000000000000000e+00
4.808870887958667595e+02	9.495301431607103618e-03	0.000000000000000000e+00
4.813067982370668005e+02	9.309564160538956468e-03	0.000000000000000000e+00
4.817265076782667848e+02	9.135129937643770431e-03	0.000000000000000000e+00
4.821462171194667690e+02	8.968883319625163553e-03	0.000000000000000000e+00
4.825659265606667532e+02	8.809255138131801346e-03	0.000000000000000000e+00
4.829856360018667942e+02	8.655517767793455275e-03	0.000000000000000000e+00
4.834053454430667784e+02	8.506146585535388424e-03	0.000000000000000000e+00
4.838250548842667627e+02	8.359813336052828586e-03	0.000000000000000000e+00
4.842447643254668037e+02	8.215736681230472599e-03	0.000000000000000000e+00
4.846644737666667879e+02	8.073153656973102235e-03	0.000000000000000000e+00
4.850841832078667721e+02	7.931167523921584320e-03	0.000000000000000000e+00
4.855038926490667563e+02	7.789233216176858106e-03	0.000000000000000000e+00
4.859236020902667974e+02	7.646758148373494074e-03	0.000000000000000000e+00
4.863433115314667816e+02	7.503353822069209512e-03	0.000000000000000000e+00
4.867630209726667658e+02	7.358732226451336622e-03	0.000000000000000000e+00
4.871827304138668069e+02	7.212558971904730297e-03	0.000000000000000000e+00
4.876024398550667911e+02	7.064504839723487889e-03	0.000000000000000000e+00
4.880221492962667753e+02	6.914641719066936219e-03	0.000000000000000000e+00
4.884418587374667595e+02	6.762897208933594737e-03	0.000000000000000000e+00
4.888615681786667437e+02	6.609012402122756147e-03	0.000000000000000000e+00
4.892812776198667848e+02	6.453124137739948973e-03	0.000000000000000000e+00
4.897009870610667690e+02	6.295391914970756286e-03	0.000000000000000000e+00
4.901206965022668101e+02	6.135895342597083232e-03	0.000000000000000000e+00
4.905404059434667943e+02	5.974490599815297093e-03	0.000000000000000000e+00
4.909601153846667785e+02	5.811581644372259235e-03	0.000000000000000000e+00
4.913798248258667627e+02	5.647337695350761883e-03	0.000000000000000000e+00
4.917995342670667469e+02	5.481913137762682055e-03	0.000000000000000000e+00
4.922192437082667880e+02	5.315388095752273181e-03	0.000000000000000000e+00
4.926389531494667722e+02	5.148131628245651049e-03	0.000000000000000000e+00
4.930586625906667564e+02	4.980348814623332225e-03	0.000000000000000000e+00
4.934783720318667974e+02	4.812250004504538790e-03	0.000000000000000000e+00
4.938980814730667817e+02	4.644077011774170975e-03	0.000000000000000000e+00
4.943177909142667659e+02	4.476088281107776408e-03	0.000000000000000000e+00
4.947375003554667501e+02	4.308505761696250144e-03	0.000000000000000000e+00
4.951572097966667911e+02	4.141551799608366759e-03	0.000000000000000000e+00
4.955769192378667753e+02	3.975617580800277530e-03	0.000000000000000000e+00
4.959966286790667596e+02	3.810815912310778087e-03	0.000000000000000000e+00
4.964163381202668006e+02	3.647360982830222254e-03	0.000000000000000000e+00
4.968360475614667848e+02	3.485466249105267662e-03	0.000000000000000000e+00
4.972557570026667690e+02	3.325560530085201402e-03	0.000000000000000000e+00
4.976754664438667533e+02	3.167768082915233332e-03	0.000000000000000000e+00
4.980951758850667943e+02	3.012204224949197387e-03	0.000000000000000000e+00
4.985148853262667785e+02	2.859063865767669157e-03	0.000000000000000000e+00
4.989345947674667627e+02	2.708645424836299796e-03	0.000000000000000000e+00
4.993543042086668038e+02	2.561376796475668162e-03	0.000000000000000000e+00
4.997740136498667880e+02	2.417132746789352367e-03	0.000000000000000000e+00
5.001937230910667722e+02	2.276088041834747368e-03	0.000000000000000000e+00
5.006134325322667564e+02	2.138413388210436920e-03	0.000000000000000000e+00
5.010331419734667406e+02	2.004608364757619679e-03	0.000000000000000000e+00
5.014528514146667817e+02	1.874751057359331933e-03	0.000000000000000000e+00
5.018725608558667659e+02	1.748793177469302063e-03	0.000000000000000000e+00
5.022922702970668070e+02	1.626892665584117126e-03	0.000000000000000000e+00
5.027119797382667912e+02	1.509206222495026875e-03	0.000000000000000000e+00
5.031316891794667754e+02	1.396371444781178235e-03	0.000000000000000000e+00
5.035513986206667596e+02	1.288261299831371717e-03	0.000000000000000000e+00
5.039711080618667438e+02	1.184872606045361907e-03	0.000000000000000000e+00
5.043908175030667849e+02	1.086366701566953905e-03	0.000000000000000000e+00
5.048105269442667691e+02	9.929089670440429619e-04	0.000000000000000000e+00
5.052302363854667533e+02	9.051401524186738438e-04	0.000000000000000000e+00
5.056499458266667943e+02	8.230749913810894453e-04	0.000000000000000000e+00
5.060696552678667786e+02	7.466352419338583056e-04	0.000000000000000000e+00
5.064893647090667628e+02	6.760200934305092557e-04	0.000000000000000000e+00
5.069090741502667470e+02	6.114411992290840793e-04	0.000000000000000000e+00
5.073287835914667880e+02	5.533258967298058809e-04	0.000000000000000000e+00
5.077484930326667723e+02	5.024117882847867547e-04	0.000000000000000000e+00
5.081682024738668133e+02	4.583251018235333157e-04	0.000000000000000000e+00
5.085879119150667975e+02	4.213557760426818238e-04	0.000000000000000000e+00
5.090076213562667817e+02	3.918186832261177119e-04	0.000000000000000000e+00
5.094273307974667659e+02	3.700564216730393226e-04	0.000000000000000000e+00
5.098470402386667502e+02	3.569806120626524740e-04	0.000000000000000000e+00
5.102667496798667344e+02	3.530707839453896485e-04	0.000000000000000000e+00
5.106864591210667754e+02	3.582604366962659020e-04	0.000000000000000000e+00
5.111061685622667596e+02	3.730437743832999828e-04	0.000000000000000000e+00
5.115258780034668007e+02	3.979573200795680460e-04	0.000000000000000000e+00
5.119455874446667849e+02	4.335813936763793590e-04	0.000000000000000000e+00
5.123652968858667691e+02	4.810598349163241094e-04	0.000000000000000000e+00
5.127850063270667533e+02	5.415534084099992438e-04	0.000000000000000000e+00
5.132047157682667375e+02	6.148985572763279554e-04	0.000000000000000000e+00
5.136244252094668354e+02	7.018317875207962788e-04	0.000000000000000000e+00
5.140441346506668197e+02	8.030974283857452919e-04	0.000000000000000000e+00
5.144638440918668039e+02	9.194237044253480724e-04	0.000000000000000000e+00
5.148835535330667881e+02	1.051492125934774336e-03	0.000000000000000000e+00
5.153032629742667723e+02	1.201284884735105436e-03	0.000000000000000000e+00
5.157229724154667565e+02	1.368488479246111281e-03	0.000000000000000000e+00
5.161426818566667407e+02	1.553032588616350953e-03	0.000000000000000000e+00
5.165623912978667249e+02	1.755444140257616603e-03	0.000000000000000000e+00
5.169821007390667091e+02	1.976664302365806810e-03	0.000000000000000000e+00
5.174018101802668070e+02	2.218493007222509250e-03	0.000000000000000000e+00
5.178215196214667912e+02	2.484009680102980139e-03	0.000000000000000000e+00
5.182412290626667755e+02	2.779377996853358082e-03	0.000000000000000000e+00
5.186609385038667597e+02	3.110956101410899000e-03	0.000000000000000000e+00
5.190806479450667439e+02	3.482676274331964351e-03	0.000000000000000000e+00
5.195003573862667281e+02	3.899298904018533903e-03	0.000000000000000000e+00
5.199200668274668260e+02	4.364692222788887042e-03	0.000000000000000000e+00
5.203397762686668102e+02	4.882085793142257150e-03	0.000000000000000000e+00
5.207594857098667944e+02	5.454479703662319309e-03	0.000000000000000000e+00
5.211791951510667786e+02	6.085000606919107116e-03	0.000000000000000000e+00
5.215989045922667628e+02	6.779653113205325390e-03	0.000000000000000000e+00
5.220186140334667471e+02	7.544011149678067456e-03	0.000000000000000000e+00
5.224383234746667313e+02	8.379117665427704420e-03	0.000000000000000000e+00
5.228580329158667155e+02	9.289978318477776220e-03	0.000000000000000000e+00
5.232777423570666997e+02	1.028205479965641628e-02	0.000000000000000000e+00
5.236974517982667976e+02	1.136124430314677802e-02	0.000000000000000000e+00
5.241171612394667818e+02	1.253386138618368950e-02	0.000000000000000000e+00
5.245368706806667660e+02	1.380662209641743236e-02	0.000000000000000000e+00
5.249565801218667502e+02	1.518662913920454903e-02	0.000000000000000000e+00
5.253762895630667344e+02	1.668316596919800984e-02	0.000000000000000000e+00
5.257959990042668323e+02	1.831135374035643484e-02	0.000000000000000000e+00
5.262157084454668166e+02	2.007140530731652342e-02	0.000000000000000000e+00
5.266354178866668008e+02	2.197182349170338431e-02	0.000000000000000000e+00
5.270551273278667850e+02	2.402137523983814693e-02	0.000000000000000000e+00
5.274748367690667692e+02	2.622905077815113062e-02	0.000000000000000000e+00
5.278945462102667534e+02	2.860401453396966762e-02	0.000000000000000000e+00
5.283142556514667376e+02	3.115554697846636273e-02	0.000000000000000000e+00
5.287339650926667218e+02	3.389297665203287041e-02	0.000000000000000000e+00
5.291536745338667060e+02	3.682560175603655228e-02	0.000000000000000000e+00
5.295733839750668039e+02	3.996260084547127028e-02	0.000000000000000000e+00
5.299930934162667882e+02	4.331495331826221151e-02	0.000000000000000000e+00
5.304128028574667724e+02	4.690318014189159834e-02	0.000000000000000000e+00
5.308325122986667566e+02	5.072225067659639347e-02	0.000000000000000000e+00
5.312522217398667408e+02	5.477959330368003393e-02	0.000000000000000000e+00
5.316719311810667250e+02	5.908187468265313491e-02	0.000000000000000000e+00
5.320916406222668229e+02	6.363484717617763631e-02	0.000000000000000000e+00
5.325113500634668071e+02	6.844318964504465808e-02	0.000000000000000000e+00
5.329310595046667913e+02	7.351034344952810107e-02	0.000000000000000000e+00
5.333507689458667755e+02	7.883834575258828747e-02	0.000000000000000000e+00
5.337704783870667598e+02	8.442766241394510096e-02	0.000000000000000000e+00
5.341901878282667440e+02	9.027702287189505459e-02	0.000000000000000000e+00
5.346098972694667282e+02	9.638325942084853548e-02	0.000000000000000000e+00
5.350296067106667124e+02	1.027411532140249939e-01	0.000000000000000000e+00
5.354493161518666966e+02	1.093432891931627599e-01	0.000000000000000000e+00
5.358690255930667945e+02	1.161799220649956665e-01	0.000000000000000000e+00
5.362887350342667787e+02	1.232447736917362396e-01	0.000000000000000000e+00
5.367084444754667629e+02	1.305202046351736922e-01	0.000000000000000000e+00
5.371281539166667471e+02	1.379836294965048893e-01	0.000000000000000000e+00
5.375478633578667313e+02	1.456146706752620146e-01	0.000000000000000000e+00
5.379675727990668292e+02	1.533902682791841998e-01	0.000000000000000000e+00
5.383872822402668135e+02	1.612847467028695192e-01	0.000000000000000000e+00
5.388069916814667977e+02	1.692699824144624499e-01	0.000000000000000000e+00
5.392267011226667819e+02	1.773157153599262681e-01	0.000000000000000000e+00
5.396464105638667661e+02	1.853900495124425063e-01	0.000000000000000000e+00
5.400661200050667503e+02	1.934601765218701142e-01	0.000000000000000000e+00
5.404858294462667345e+02	2.014933207966274620e-01	0.000000000000000000e+00
5.409055388874667187e+02	2.094578403074481010e-01	0.000000000000000000e+00
5.413252483286667029e+02	2.173243345554116412e-01	0.000000000000000000e+00
5.417449577698668008e+02	2.250665397185297456e-01	0.000000000000000000e+00
5.421646672110667851e+02	2.326617761184542610e-01	0.000000000000000000e+00
5.425843766522667693e+02	2.400907905435945289e-01	0.000000000000000000e+00
5.430040860934667535e+02	2.473369990567708676e-01	0.000000000000000000e+00
5.434237955346667377e+02	2.543853226059357708e-01	0.000000000000000000e+00
5.438435049758667219e+02	2.612209293241825603e-01	0.000000000000000000e+00
5.442632144170668198e+02	2.678281956017173338e-01	0.000000000000000000e+00
5.446829238582668040e+02	2.741900838039906252e-01	0.000000000000000000e+00
5.451026332994667882e+02	2.802879752351519205e-01	0.000000000000000000e+00
5.455223427406667724e+02	2.861018669439627793e-01	0.000000000000000000e+00
5.459420521818667567e+02	2.916107795734219632e-01	0.000000000000000000e+00
5.463617616230667409e+02	2.967932271839761604e-01	0.000000000000000000e+00
5.467814710642667251e+02	3.016276413505969423e-01	0.000000000000000000e+00
5.472011805054667093e+02	3.060926920904584181e-01	0.000000000000000000e+00
5.476208899466666935e+02	3.101674894805162008e-01	0.000000000000000000e+00
5.480405993878667914e+02	3.138316762118190661e-01	0.000000000000000000e+00
5.484603088290667756e+02	3.170654343013700749e-01	0.000000000000000000e+00
5.488800182702667598e+02	3.198494330238788041e-01	0.000000000000000000e+00
5.492997277114667440e+02	3.221647440237173643e-01	0.000000000000000000e+00
5.497194371526667283e+02	3.239927465207892432e-01	0.000000000000000000e+00
5.501391465938668262e+02	3.253150422756933002e-01	0.000000000000000000e+00
5.505588560350668104e+02	3.261133973424214516e-01	0.000000000000000000e+00
5.509785654762667946e+02	3.263697258529304479e-01	0.000000000000000000e+00
5.513982749174667788e+02	3.260661300860912548e-01	0.000000000000000000e+00
5.518179843586667630e+02	3.251850106679778363e-01	0.000000000000000000e+00
5.522376937998667472e+02	3.237092606589887511e-01	0.000000000000000000e+00
5.526574032410667314e+02	3.216225571953243989e-01	0.000000000000000000e+00
5.530771126822667156e+02	3.189097639208133272e-01	0.000000000000000000e+00
5.534968221234666998e+02	3.155574562802220262e-01	0.000000000000000000e+00
5.539165315646667977e+02	3.115545794097763221e-01	0.000000000000000000e+00
5.543362410058667820e+02	3.068932443776504759e-01	0.000000000000000000e+00
5.547559504470667662e+02	3.015696624068912590e-01	0.000000000000000000e+00
5.551756598882667504e+02	2.955852080081575739e-01	0.000000000000000000e+00
5.555953693294667346e+02	2.889475903441769411e-01	0.000000000000000000e+00
5.560150787706667188e+02	2.816720975849351660e-01	0.000000000000000000e+00
5.564347882118668167e+02	2.737828618528193036e-01	0.000000000000000000e+00
5.568544976530668009e+02	2.653140735498299430e-01	0.000000000000000000e+00
5.572742070942667851e+02	2.563110550931992360e-01	0.000000000000000000e+00
5.576939165354667693e+02	2.468310878574078160e-01	0.000000000000000000e+00
5.581136259766667536e+02	2.369438756526036638e-01	0.000000000000000000e+00
5.585333354178667378e+02	2.267315270088505197e-01	0.000000000000000000e+00
5.589530448590667220e+02	2.162879503875313469e-01	0.000000000000000000e+00
5.593727543002667062e+02	2.057175837618916425e-01	0.000000000000000000e+00
5.597924637414666904e+02	1.951334234762807929e-01	0.000000000000000000e+00
5.602121731826667883e+02	1.846543748804994334e-01	0.000000000000000000e+00
5.606318826238667725e+02	1.744020137777907431e-01	0.000000000000000000e+00
5.610515920650667567e+02	1.644969151671737684e-01	0.000000000000000000e+00
5.614713015062667409e+02	1.550547642246636049e-01	0.000000000000000000e+00
5.618910109474667252e+02	1.461825040402278397e-01	0.000000000000000000e+00
5.623107203886668231e+02	1.379747874984199318e-01	0.000000000000000000e+00
5.627304298298668073e+02	1.305109830650695857e-01	0.000000000000000000e+00
5.631501392710667915e+02	1.238529374428357366e-01	0.000000000000000000e+00
5.635698487122667757e+02	1.180436284459880081e-01	0.000000000000000000e+00
5.639895581534667599e+02	1.131067591419003121e-01	0.000000000000000000e+00
5.644092675946667441e+02	1.090472610830075934e-01	0.000000000000000000e+00
5.648289770358667283e+02	1.058526013663206589e-01	0.000000000000000000e+00
5.652486864770667125e+02	1.034947336712089966e-01	0.000000000000000000e+00
5.656683959182666968e+02	1.019325018374580283e-01	0.000000000000000000e+00
5.660881053594667947e+02	1.011142963831680314e-01	0.000000000000000000e+00
5.665078148006667789e+02	1.009968226534621316e-01	0.000000000000000000e+00
5.669275242418667631e+02	1.015151606605203954e-01	0.000000000000000000e+00
5.673472336830667473e+02	1.025786292582435699e-01	0.000000000000000000e+00
5.677669431242667315e+02	1.041194600486499006e-01	0.000000000000000000e+00
5.681866525654667157e+02	1.060714735484863530e-01	0.000000000000000000e+00
5.686063620066668136e+02	1.083713656830361249e-01	0.000000000000000000e+00
5.690260714478667978e+02	1.109596489804759584e-01	0.000000000000000000e+00
5.694457808890667820e+02	1.137812859407109078e-01	0.000000000000000000e+00
5.698654903302667663e+02	1.167860593228576688e-01	0.000000000000000000e+00
5.702851997714667505e+02	1.199287262483041683e-01	0.000000000000000000e+00
5.707049092126667347e+02	1.231690015155904594e-01	0.000000000000000000e+00
5.711246186538667189e+02	1.264714116596380167e-01	0.000000000000000000e+00
5.715443280950667031e+02	1.298050561071660558e-01	0.000000000000000000e+00
5.719640375362666873e+02	1.331433060718495709e-01	0.000000000000000000e+00
5.723837469774667852e+02	1.364634661510812919e-01	0.000000000000000000e+00
5.728034564186667694e+02	1.397464182880877315e-01	0.000000000000000000e+00
5.732231658598667536e+02	1.429709918363457344e-01	0.000000000000000000e+00
5.736428753010667378e+02	1.461266616752469050e-01	0.000000000000000000e+00
5.740625847422667221e+02	1.492041817122281011e-01	0.000000000000000000e+00
5.744822941834668200e+02	1.521958002561383250e-01	0.000000000000000000e+00
5.749020036246668042e+02	1.550955994390919579e-01	0.000000000000000000e+00
5.753217130658667884e+02	1.578992365824708755e-01	0.000000000000000000e+00
5.757414225070667726e+02	1.606037092744564965e-01	0.000000000000000000e+00
5.761611319482667568e+02	1.632071422345268419e-01	0.000000000000000000e+00
5.765808413894667410e+02	1.657085935210150240e-01	0.000000000000000000e+00
5.770005508306667252e+02	1.681078772512266117e-01	0.000000000000000000e+00
5.774202602718667094e+02	1.704053997150793698e-01	0.000000000000000000e+00
5.778399697130666937e+02	1.726020055512327844e-01	0.000000000000000000e+00
5.782596791542667916e+02	1.746897347596347294e-01	0.000000000000000000e+00
5.786793885954667758e+02	1.766770690211004746e-01	0.000000000000000000e+00
5.790990980366667600e+02	1.785671387415786182e-01	0.000000000000000000e+00
5.795188074778667442e+02	1.803608346523631056e-01	0.000000000000000000e+00
5.799385169190667284e+02	1.820585849302253922e-01	0.000000000000000000e+00
5.803582263602667126e+02	1.836601771884162071e-01	0.000000000000000000e+00
5.807779358014668105e+02	1.851646060148320061e-01	0.000000000000000000e+00
5.811976452426667947e+02	1.865699927916446288e-01	0.000000000000000000e+00
5.816173546838667789e+02	1.878736523096019295e-01	0.000000000000000000e+00
5.820370641250667632e+02	1.890724077880721332e-01	0.000000000000000000e+00
5.824567735662667474e+02	1.901548104391682925e-01	0.000000000000000000e+00
5.828764830074667316e+02	1.911234387584749839e-01	0.000000000000000000e+00
5.832961924486667158e+02	1.919909021658271486e-01	0.000000000000000000e+00
5.837159018898667000e+02	1.927720415636376972e-01	0.000000000000000000e+00
5.841356113310666842e+02	1.934888422446597589e-01	0.000000000000000000e+00
5.845553207722667821e+02	1.941661617717121147e-01	0.000000000000000000e+00
5.849750302134667663e+02	1.948256602908021995e-01	0.000000000000000000e+00
5.853947396546667505e+02	1.954802370498137931e-01	0.000000000000000000e+00
5.858144490958667348e+02	1.961310376369448938e-01	0.000000000000000000e+00
5.862341585370667190e+02	1.967662245505054919e-01	0.000000000000000000e+00
5.866538679782668169e+02	1.973673730438818830e-01	0.000000000000000000e+00
5.870735774194668011e+02	1.979224259326146929e-01	0.000000000000000000e+00
5.874932868606667853e+02	1.984220959412560104e-01	0.000000000000000000e+00
5.879129963018667695e+02	1.988608155175328185e-01	0.000000000000000000e+00
5.883327057430667537e+02	1.992362271894930204e-01	0.000000000000000000e+00
5.887524151842667379e+02	1.995485049731588745e-01	0.000000000000000000e+00
5.891721246254667221e+02	1.997996607400892299e-01	0.000000000000000000e+00
5.895918340666667063e+02	1.999905327724103010e-01	0.000000000000000000e+00
5.900115435078666906e+02	2.001219689677612712e-01	0.000000000000000000e+00
5.904312529490666748e+02	2.002054745862004159e-01	0.000000000000000000e+00
5.908509623902667727e+02	2.002453549638468222e-01	0.000000000000000000e+00
5.912706718314667569e+02	2.002457164459176819e-01	0.000000000000000000e+00
5.916903812726667411e+02	2.002103994984981983e-01	0.000000000000000000e+00
5.921100907138667253e+02	2.001429386378032749e-01	0.000000000000000000e+00
5.925298001550667095e+02	2.000465436301313571e-01	0.000000000000000000e+00
5.929495095962668074e+02	1.999213770198248474e-01	0.000000000000000000e+00
5.933692190374667916e+02	1.997719239510226952e-01	0.000000000000000000e+00
5.937889284786667758e+02	1.996019860685721292e-01	0.000000000000000000e+00
5.942086379198667601e+02	1.994133975967481154e-01	0.000000000000000000e+00
5.946283473610667443e+02	1.992077795416659081e-01	0.000000000000000000e+00
5.950480568022667285e+02	1.989865645278539319e-01	0.000000000000000000e+00
5.954677662434667127e+02	1.987510198263834071e-01	0.000000000000000000e+00
5.958874756846666969e+02	1.985010501064011501e-01	0.000000000000000000e+00
5.963071851258666811e+02	1.982379538238468741e-01	0.000000000000000000e+00
5.967268945670667790e+02	1.979638725417700307e-01	0.000000000000000000e+00
5.971466040082667632e+02	1.976795518332685742e-01	0.000000000000000000e+00
5.975663134494667474e+02	1.973856716771447972e-01	0.000000000000000000e+00
5.979860228906667317e+02	1.970828548130848790e-01	0.000000000000000000e+00
5.984057323318667159e+02	1.967716740738113534e-01	0.000000000000000000e+00
5.988254417730668138e+02	1.964514503537236612e-01	0.000000000000000000e+00
5.992451512142667980e+02	1.961237129913479260e-01	0.000000000000000000e+00
5.996648606554667822e+02	1.957892936075182333e-01	0.000000000000000000e+00
6.000845700966667664e+02	1.954486034893282709e-01	0.000000000000000000e+00
6.005042795378667506e+02	1.951020314603337247e-01	0.000000000000000000e+00
6.009239889790667348e+02	1.947499458953076967e-01	0.000000000000000000e+00
6.013436984202667190e+02	1.943922869365528050e-01	0.000000000000000000e+00
6.017634078614667033e+02	1.940292126156080155e-01	0.000000000000000000e+00
6.021831173026666875e+02	1.936617878336807930e-01	0.000000000000000000e+00
6.026028267438666717e+02	1.932903044913529544e-01	0.000000000000000000e+00
6.030225361850667696e+02	1.929150420503011609e-01	0.000000000000000000e+00
6.034422456262667538e+02	1.925362681872803405e-01	0.000000000000000000e+00
6.038619550674667380e+02	1.921540508711355733e-01	0.000000000000000000e+00
6.042816645086667222e+02	1.917683686441166990e-01	0.000000000000000000e+00
6.047013739498667064e+02	1.913800496998017964e-01	0.000000000000000000e+00
6.051210833910668043e+02	1.909893118528565858e-01	0.000000000000000000e+00
6.055407928322667885e+02	1.905963641028920741e-01	0.000000000000000000e+00
6.059605022734667727e+02	1.902014069672709196e-01	0.000000000000000000e+00
6.063802117146667570e+02	1.898044697045123130e-01	0.000000000000000000e+00
6.067999211558667412e+02	1.894057314748505694e-01	0.000000000000000000e+00
6.072196305970667254e+02	1.890056503416838452e-01	0.000000000000000000e+00
6.076393400382667096e+02	1.886043885312763957e-01	0.000000000000000000e+00
6.080590494794666938e+02	1.882021014867754360e-01	0.000000000000000000e+00
6.084787589206666780e+02	1.877989381053169482e-01	0.000000000000000000e+00
6.088984683618667759e+02	1.873949322168557974e-01	0.000000000000000000e+00
6.093181778030667601e+02	1.869903770103316376e-01	0.000000000000000000e+00
6.097378872442667443e+02	1.865854454569629006e-01	0.000000000000000000e+00
6.101575966854667286e+02	1.861802557794593471e-01	0.000000000000000000e+00
6.105773061266667128e+02	1.857749209434856330e-01	0.000000000000000000e+00
6.109970155678666970e+02	1.853695592554146510e-01	0.000000000000000000e+00
6.114167250090667949e+02	1.849643402178823004e-01	0.000000000000000000e+00
6.118364344502667791e+02	1.845593608451810141e-01	0.000000000000000000e+00
6.122561438914667633e+02	1.841547086853146109e-01	0.000000000000000000e+00
6.126758533326667475e+02	1.837504671216484697e-01	0.000000000000000000e+00
6.130955627738667317e+02	1.833467186963833317e-01	0.000000000000000000e+00
6.135152722150667159e+02	1.829437530164129966e-01	0.000000000000000000e+00
6.139349816562667002e+02	1.825414861055407179e-01	0.000000000000000000e+00
6.143546910974666844e+02	1.821399805174881426e-01	0.000000000000000000e+00
6.147744005386666686e+02	1.817392955700220247e-01	0.000000000000000000e+00
6.151941099798667665e+02	1.813394874652367872e-01	0.000000000000000000e+00
6.156138194210667507e+02	1.809409112409251785e-01	0.000000000000000000e+00
6.160335288622667349e+02	1.805433969719839604e-01	0.000000000000000000e+00
6.164532383034667191e+02	1.801469537825698408e-01	0.000000000000000000e+00
6.168729477446667033e+02	1.797516216985891868e-01	0.000000000000000000e+00
6.172926571858668012e+02	1.793574383811825934e-01	0.000000000000000000e+00
6.177123666270667854e+02	1.789648319936462673e-01	0.000000000000000000e+00
6.181320760682667697e+02	1.785735157928396710e-01	0.000000000000000000e+00
6.185517855094667539e+02	1.781834795501374413e-01	0.000000000000000000e+00
6.189714949506667381e+02	1.777947480780683320e-01	0.000000000000000000e+00
6.193912043918667223e+02	1.774073721621216293e-01	0.000000000000000000e+00
6.198109138330667065e+02	1.770218208185990461e-01	0.000000000000000000e+00
6.202306232742666907e+02	1.766376633594516909e-01	0.000000000000000000e+00
6.206503327154666749e+02	1.762549141182456480e-01	0.000000000000000000e+00
6.210700421566667728e+02	1.758735861307905435e-01	0.000000000000000000e+00
6.214897515978667570e+02	1.754938659367283882e-01	0.000000000000000000e+00
6.219094610390667413e+02	1.751159704277439055e-01	0.000000000000000000e+00
6.223291704802667255e+02	1.747395430485936818e-01	0.000000000000000000e+00
6.227488799214667097e+02	1.743645888024997204e-01	0.000000000000000000e+00
6.231685893626666939e+02	1.739911118058044270e-01	0.000000000000000000e+00
6.235882988038667918e+02	1.736195189792162641e-01	0.000000000000000000e+00
6.240080082450667760e+02	1.732495943881088296e-01	0.000000000000000000e+00
6.244277176862667602e+02	1.728811609543334515e-01	0.000000000000000000e+00
6.248474271274667444e+02	1.725142167873583154e-01	0.000000000000000000e+00
6.252671365686667286e+02	1.721488607651216196e-01	0.000000000000000000e+00
6.256868460098667128e+02	1.717854895756006639e-01	0.000000000000000000e+00
6.261065554510666971e+02	1.714236004340432551e-01	0.000000000000000000e+00
6.265262648922666813e+02	1.710631868664019284e-01	0.000000000000000000e+00
6.269459743334666655e+02	1.707042420628799573e-01	0.000000000000000000e+00
6.273656837746667634e+02	1.703472087027086135e-01	0.000000000000000000e+00
6.277853932158667476e+02	1.699917878719211517e-01	0.000000000000000000e+00
6.282051026570667318e+02	1.696378088366518599e-01	0.000000000000000000e+00
6.286248120982667160e+02	1.692852615956252638e-01	0.000000000000000000e+00
6.290445215394667002e+02	1.689343759529522704e-01	0.000000000000000000e+00
6.294642309806667981e+02	1.685852690942226950e-01	0.000000000000000000e+00
6.298839404218667823e+02	1.682375550139713072e-01	0.000000000000000000e+00
6.303036498630667666e+02	1.678912214907618272e-01	0.000000000000000000e+00
6.307233593042667508e+02	1.675463346631933248e-01	0.000000000000000000e+00
6.311430687454667350e+02	1.672033274258983016e-01	0.000000000000000000e+00
6.315627781866667192e+02	1.668616528557277379e-01	0.000000000000000000e+00
6.319824876278667034e+02	1.665212973150868858e-01	0.000000000000000000e+00
6.324021970690666876e+02	1.661822472494793590e-01	0.000000000000000000e+00
6.328219065102666718e+02	1.658450467573940601e-01	0.000000000000000000e+00
6.332416159514667697e+02	1.655091455938264011e-01	0.000000000000000000e+00
6.336613253926667539e+02	1.651744950062837558e-01	0.000000000000000000e+00
6.340810348338667382e+02	1.648410807498091879e-01	0.000000000000000000e+00
6.345007442750667224e+02	1.645093662045119254e-01	0.000000000000000000e+00
6.349204537162667066e+02	1.641789446946855802e-01	0.000000000000000000e+00
6.353401631574666908e+02	1.638497011973029660e-01	0.000000000000000000e+00
6.357598725986667887e+02	1.635216212761359811e-01	0.000000000000000000e+00
6.361795820398667729e+02	1.631951271370436218e-01	0.000000000000000000e+00
6.365992914810667571e+02	1.628698749046384175e-01	0.000000000000000000e+00
6.370190009222667413e+02	1.625457263375434391e-01	0.000000000000000000e+00
6.374387103634667255e+02	1.622226671968833023e-01	0.000000000000000000e+00
6.378584198046667098e+02	1.619011132921666651e-01	0.000000000000000000e+00
6.382781292458666940e+02	1.615807125778452591e-01	0.000000000000000000e+00
6.386978386870666782e+02	1.612613412886511055e-01	0.000000000000000000e+00
6.391175481282666624e+02	1.609429856752895294e-01	0.000000000000000000e+00
6.395372575694666466e+02	1.606260846200620040e-01	0.000000000000000000e+00
6.399569670106667445e+02	1.603102179126112414e-01	0.000000000000000000e+00
6.403766764518667287e+02	1.599953079986952131e-01	0.000000000000000000e+00
6.407963858930667129e+02	1.596813485509982755e-01	0.000000000000000000e+00
6.412160953342668108e+02	1.593688054261291065e-01	0.000000000000000000e+00
6.416358047754667950e+02	1.590571616345255734e-01	0.000000000000000000e+00
6.420555142166667792e+02	1.587464047663024735e-01	0.000000000000000000e+00
6.424752236578667635e+02	1.584366201068796165e-01	0.000000000000000000e+00
6.428949330990667477e+02	1.581280672667210174e-01	0.000000000000000000e+00
6.433146425402667319e+02	1.578203465503099645e-01	0.000000000000000000e+00
6.437343519814667161e+02	1.575134464844034354e-01	0.000000000000000000e+00
6.441540614226667003e+02	1.572075586053681973e-01	0.000000000000000000e+00
6.445737708638666845e+02	1.569027069083066273e-01	0.000000000000000000e+00
6.449934803050666687e+02	1.565986242384462268e-01	0.000000000000000000e+00
6.454131897462666529e+02	1.562953000844031493e-01	0.000000000000000000e+00
6.458328991874667508e+02	1.559930423307992753e-01	0.000000000000000000e+00
6.462526086286667351e+02	1.556916194508536078e-01	0.000000000000000000e+00
6.466723180698667193e+02	1.553909069177078217e-01	0.000000000000000000e+00
6.470920275110667035e+02	1.550909278756036347e-01	0.000000000000000000e+00
6.475117369522668014e+02	1.547920147037061545e-01	0.000000000000000000e+00
6.479314463934667856e+02	1.544937664121553977e-01	0.000000000000000000e+00
6.483511558346667698e+02	1.541961742085766196e-01	0.000000000000000000e+00
6.487708652758667540e+02	1.538994121231407608e-01	0.000000000000000000e+00
6.491905747170667382e+02	1.536034881612874659e-01	0.000000000000000000e+00
6.496102841582667224e+02	1.533081781247803144e-01	0.000000000000000000e+00
6.500299935994667067e+02	1.530134740285817585e-01	0.000000000000000000e+00
6.504497030406666909e+02	1.527197001108155372e-01	0.000000000000000000e+00
6.508694124818666751e+02	1.524265413687287407e-01	0.000000000000000000e+00
6.512891219230666593e+02	1.521339491501523533e-01	0.000000000000000000e+00
6.517088313642666435e+02	1.518420458891819869e-01	0.000000000000000000e+00
6.521285408054667414e+02	1.515509125750792441e-01	0.000000000000000000e+00
6.525482502466667256e+02	1.512603077361402426e-01	0.000000000000000000e+00
6.529679596878667098e+02	1.509702244923453729e-01	0.000000000000000000e+00
6.533876691290668077e+02	1.506809488743583447e-01	0.000000000000000000e+00
6.538073785702667919e+02	1.503922084366913769e-01	0.000000000000000000e+00
6.542270880114667762e+02	1.501039519858649862e-01	0.000000000000000000e+00
6.546467974526667604e+02	1.498163071267079594e-01	0.000000000000000000e+00
6.550665068938667446e+02	1.495293054495518414e-01	0.000000000000000000e+00
6.554862163350667288e+02	1.492427485503299289e-01	0.000000000000000000e+00
6.559059257762667130e+02	1.489566310109062264e-01	0.000000000000000000e+00
6.563256352174666972e+02	1.486712337713166077e-01	0.000000000000000000e+00
6.567453446586666814e+02	1.483862381744958103e-01	0.000000000000000000e+00
6.571650540998666656e+02	1.481016370424429462e-01	0.000000000000000000e+00
6.575847635410666499e+02	1.478175883315991368e-01	0.000000000000000000e+00
6.580044729822667477e+02	1.475339954597636449e-01	0.000000000000000000e+00
6.584241824234667320e+02	1.472507454963603302e-01	0.000000000000000000e+00
6.588438918646667162e+02	1.469678951663415389e-01	0.000000000000000000e+00
6.592636013058667004e+02	1.466855134627531865e-01	0.000000000000000000e+00
6.596833107470667983e+02	1.464034108570136661e-01	0.000000000000000000e+00
6.601030201882667825e+02	1.461215789296181344e-01	0.000000000000000000e+00
6.605227296294667667e+02	1.458401608285103679e-01	0.000000000000000000e+00
6.609424390706667509e+02	1.455589464002546851e-01	0.000000000000000000e+00
6.613621485118667351e+02	1.452779185344443558e-01	0.000000000000000000e+00
6.617818579530667193e+02	1.449971265751298366e-01	0.000000000000000000e+00
6.622015673942667036e+02	1.447164634528448623e-01	0.000000000000000000e+00
6.626212768354666878e+02	1.444358770897209432e-01	0.000000000000000000e+00
6.630409862766666720e+02	1.441553523468762088e-01	0.000000000000000000e+00
6.634606957178666562e+02	1.438747999753728357e-01	0.000000000000000000e+00
6.638804051590666404e+02	1.435941814674154549e-01	0.000000000000000000e+00
6.643001146002667383e+02	1.433134553279642731e-01	0.000000000000000000e+00
6.647198240414667225e+02	1.430324424803800509e-01	0.000000000000000000e+00
6.651395334826667067e+02	1.427511810644473134e-01	0.000000000000000000e+00
6.655592429238668046e+02	1.424696514396855962e-01	0.000000000000000000e+00
6.659789523650667888e+02	1.421874542064141544e-01	0.000000000000000000e+00
6.663986618062667731e+02	1.419047836483575131e-01	0.000000000000000000e+00
6.668183712474667573e+02	1.416216251469067655e-01	0.000000000000000000e+00
6.672380806886667415e+02	1.413374344063750843e-01	0.000000000000000000e+00
6.676577901298667257e+02	1.410524344842885303e-01	0.000000000000000000e+00
6.680774995710667099e+02	1.407666854858281302e-01	0.000000000000000000e+00
6.684972090122666941e+02	1.404795484436993369e-01	0.000000000000000000e+00
6.689169184534666783e+02	1.401911831558239618e-01	0.000000000000000000e+00
6.693366278946666625e+02	1.399017922271881820e-01	0.000000000000000000e+00
6.697563373358666468e+02	1.396106803636601446e-01	0.000000000000000000e+00
6.701760467770667447e+02	1.393178905465027595e-01	0.000000000000000000e+00
6.705957562182667289e+02	1.390238189583024031e-01	0.000000000000000000e+00
6.710154656594667131e+02	1.387277560769105689e-01	0.000000000000000000e+00
6.714351751006666973e+02	1.384296151164927935e-01	0.000000000000000000e+00
6.718548845418667952e+02	1.381300068477067378e-01	0.000000000000000000e+00
6.722745939830667794e+02	1.378282485886340170e-01	0.000000000000000000e+00
6.726943034242667636e+02	1.375241661672438886e-01	0.000000000000000000e+00
6.731140128654667478e+02	1.372185551032093220e-01	0.000000000000000000e+00
6.735337223066667320e+02	1.369107964064208982e-01	0.000000000000000000e+00
6.739534317478667163e+02	1.366007201157869999e-01	0.000000000000000000e+00
6.743731411890667005e+02	1.362892159681577675e-01	0.000000000000000000e+00
6.747928506302666847e+02	1.359757621875755662e-01	0.000000000000000000e+00
6.752125600714666689e+02	1.356602989138889770e-01	0.000000000000000000e+00
6.756322695126666531e+02	1.353436732518590313e-01	0.000000000000000000e+00
6.760519789538666373e+02	1.350254951304414308e-01	0.000000000000000000e+00
6.764716883950667352e+02	1.347058813804661026e-01	0.000000000000000000e+00
6.768913978362667194e+02	1.343854949585313319e-01	0.000000000000000000e+00
6.773111072774667036e+02	1.340641158786557430e-01	0.000000000000000000e+00
6.777308167186668015e+02	1.337420213125722346e-01	0.000000000000000000e+00
6.781505261598667857e+02	1.334195965678592055e-01	0.000000000000000000e+00
6.785702356010667700e+02	1.330968303438292699e-01	0.000000000000000000e+00
6.789899450422667542e+02	1.327740554865250167e-01	0.000000000000000000e+00
6.794096544834667384e+02	1.324513691699419349e-01	0.000000000000000000e+00
6.798293639246667226e+02	1.321289973290245001e-01	0.000000000000000000e+00
6.802490733658667068e+02	1.318071728124966258e-01	0.000000000000000000e+00
6.806687828070666910e+02	1.314857748925664926e-01	0.000000000000000000e+00
6.810884922482666752e+02	1.311652744720442354e-01	0.000000000000000000e+00
6.815082016894666594e+02	1.308456545352846279e-01	0.000000000000000000e+00
6.819279111306666437e+02	1.305266927231999441e-01	0.000000000000000000e+00
6.823476205718667416e+02	1.302090873969986573e-01	0.000000000000000000e+00
6.827673300130667258e+02	1.298924729939154588e-01	0.000000000000000000e+00
6.831870394542667100e+02	1.295766437053610109e-01	0.000000000000000000e+00
6.836067488954666942e+02	1.292624865916885135e-01	0.000000000000000000e+00
6.840264583366667921e+02	1.289492571484909256e-01	0.000000000000000000e+00
6.844461677778667763e+02	1.286369036535721377e-01	0.000000000000000000e+00
6.848658772190667605e+02	1.283263031065853821e-01	0.000000000000000000e+00
6.852855866602667447e+02	1.280165093231396267e-01	0.000000000000000000e+00
6.857052961014667289e+02	1.277077279670209564e-01	0.000000000000000000e+00
6.861250055426667132e+02	1.274004549661965080e-01	0.000000000000000000e+00
6.865447149838666974e+02	1.270939277115610277e-01	0.000000000000000000e+00
6.869644244250666816e+02	1.267884991743667422e-01	0.000000000000000000e+00
6.873841338662666658e+02	1.264842770949807516e-01	0.000000000000000000e+00
6.878038433074666500e+02	1.261807240082856441e-01	0.000000000000000000e+00
6.882235527486666342e+02	1.258783110531814242e-01	0.000000000000000000e+00
6.886432621898667321e+02	1.255768006263905112e-01	0.000000000000000000e+00
6.890629716310667163e+02	1.252758788045136018e-01	0.000000000000000000e+00
6.894826810722667005e+02	1.249761032566527874e-01	0.000000000000000000e+00
6.899023905134667984e+02	1.246769556254779115e-01	0.000000000000000000e+00
6.903220999546667827e+02	1.243783584379692664e-01	0.000000000000000000e+00
6.907418093958667669e+02	1.240808123774140570e-01	0.000000000000000000e+00
6.911615188370667511e+02	1.237837007274049939e-01	0.000000000000000000e+00
6.915812282782667353e+02	1.234871997783701381e-01	0.000000000000000000e+00
6.920009377194667195e+02	1.231914598248125547e-01	0.000000000000000000e+00
6.924206471606667037e+02	1.228960955679262584e-01	0.000000000000000000e+00
6.928403566018666879e+02	1.226013824981614653e-01	0.000000000000000000e+00
6.932600660430666721e+02	1.223071948225249034e-01	0.000000000000000000e+00
6.936797754842666563e+02	1.220133337226771697e-01	0.000000000000000000e+00
6.940994849254666406e+02	1.217201525297608444e-01	0.000000000000000000e+00
6.945191943666667385e+02	1.214273086679109742e-01	0.000000000000000000e+00
6.949389038078667227e+02	1.211348139672497742e-01	0.000000000000000000e+00
6.953586132490667069e+02	1.208428982903273774e-01	0.000000000000000000e+00
6.957783226902666911e+02	1.205512322968002314e-01	0.000000000000000000e+00
6.961980321314667890e+02	1.202599831076952286e-01	0.000000000000000000e+00
6.966177415726667732e+02	1.199691412492703280e-01	0.000000000000000000e+00
6.970374510138667574e+02	1.196785252509294656e-01	0.000000000000000000e+00
6.974571604550667416e+02	1.193883899106982921e-01	0.000000000000000000e+00
6.978768698962667258e+02	1.190985218115835492e-01	0.000000000000000000e+00
6.982965793374667101e+02	1.188089070845938788e-01	0.000000000000000000e+00
6.987162887786666943e+02	1.185197490168148210e-01	0.000000000000000000e+00
6.991359982198666785e+02	1.182307839116821663e-01	0.000000000000000000e+00
6.995557076610666627e+02	1.179421608649079550e-01	0.000000000000000000e+00
6.999754171022666469e+02	1.176538682695271038e-01	0.000000000000000000e+00
7.003951265434666311e+02	1.173657601412970153e-01	0.000000000000000000e+00
7.008148359846667290e+02	1.170780896662615700e-01	0.000000000000000000e+00
7.012345454258667132e+02	1.167906346992941546e-01	0.000000000000000000e+00
7.016542548670666974e+02	1.165034348363640504e-01	0.000000000000000000e+00
7.020739643082667953e+02	1.162166294983997816e-01	0.000000000000000000e+00
7.024936737494667796e+02	1.159300021976169826e-01	0.000000000000000000e+00
7.029133831906667638e+02	1.156437478820481340e-01	0.000000000000000000e+00
7.033330926318667480e+02	1.153577756800704401e-01	0.000000000000000000e+00
7.037528020730667322e+02	1.150720018739641859e-01	0.000000000000000000e+00
7.041725115142667164e+02	1.147866961738468333e-01	0.000000000000000000e+00
7.045922209554667006e+02	1.145015734156500375e-01	0.000000000000000000e+00
7.050119303966666848e+02	1.142167885316716092e-01	0.000000000000000000e+00
7.054316398378666690e+02	1.139323563932102129e-01	0.000000000000000000e+00
7.058513492790666533e+02	1.136481098747394725e-01	0.000000000000000000e+00
7.062710587202666375e+02	1.133643656751648077e-01	0.000000000000000000e+00
7.066907681614667354e+02	1.130808424132000306e-01	0.000000000000000000e+00
7.071104776026667196e+02	1.127976428687883642e-01	0.000000000000000000e+00
7.075301870438667038e+02	1.125148712316876021e-01	0.000000000000000000e+00
7.079498964850666880e+02	1.122322994531849694e-01	0.000000000000000000e+00
7.083696059262667859e+02	1.119502465312645773e-01	0.000000000000000000e+00
7.087893153674667701e+02	1.116684709287931176e-01	0.000000000000000000e+00
7.092090248086667543e+02	1.113870231188135440e-01	0.000000000000000000e+00
7.096287342498667385e+02	1.111060796083879754e-01	0.000000000000000000e+00
7.100484436910667227e+02	1.108253539549418631e-01	0.000000000000000000e+00
7.104681531322667070e+02	1.105451871180666984e-01	0.000000000000000000e+00
7.108878625734666912e+02	1.102653471505601196e-01	0.000000000000000000e+00
7.113075720146666754e+02	1.099858587811040761e-01	0.000000000000000000e+00
7.117272814558666596e+02	1.097069463080535823e-01	0.000000000000000000e+00
7.121469908970666438e+02	1.094282717191812776e-01	0.000000000000000000e+00
7.125667003382666280e+02	1.091502222074250961e-01	0.000000000000000000e+00
7.129864097794667259e+02	1.088725355541772521e-01	0.000000000000000000e+00
7.134061192206667101e+02	1.085952486178465709e-01	0.000000000000000000e+00
7.138258286618666943e+02	1.083185963152074327e-01	0.000000000000000000e+00
7.142455381030666786e+02	1.080422026250892897e-01	0.000000000000000000e+00
7.146652475442667765e+02	1.077665321502857404e-01	0.000000000000000000e+00
7.150849569854667607e+02	1.074912383707216923e-01	0.000000000000000000e+00
7.155046664266667449e+02	1.072164236260317871e-01	0.000000000000000000e+00
7.159243758678667291e+02	1.069422797461351826e-01	0.000000000000000000e+00
7.163440853090667133e+02	1.066684148610837213e-01	0.000000000000000000e+00
7.167637947502666975e+02	1.063954108130318460e-01	0.000000000000000000e+00
7.171835041914666817e+02	1.061227650997343952e-01	0.000000000000000000e+00
7.176032136326666659e+02	1.058507175742931100e-01	0.000000000000000000e+00
7.180229230738666502e+02	1.055793437376108951e-01	0.000000000000000000e+00
7.184426325150666344e+02	1.053082878156755553e-01	0.000000000000000000e+00
7.188623419562667323e+02	1.050382395207192648e-01	0.000000000000000000e+00
7.192820513974667165e+02	1.047685075485233069e-01	0.000000000000000000e+00
7.197017608386667007e+02	1.044995427216979661e-01	0.000000000000000000e+00
7.201214702798666849e+02	1.042312091106300104e-01	0.000000000000000000e+00
7.205411797210667828e+02	1.039633449988856401e-01	0.000000000000000000e+00
7.209608891622667670e+02	1.036964651269422222e-01	0.000000000000000000e+00
7.213805986034667512e+02	1.034299186812110138e-01	0.000000000000000000e+00
7.218003080446667354e+02	1.031643691060382950e-01	0.000000000000000000e+00
7.222200174858667197e+02	1.028993503390089742e-01	0.000000000000000000e+00
7.226397269270667039e+02	1.026350155822557952e-01	0.000000000000000000e+00
7.230594363682666881e+02	1.023715809574155672e-01	0.000000000000000000e+00
7.234791458094666723e+02	1.021084999899175838e-01	0.000000000000000000e+00
7.238988552506666565e+02	1.018467063394720012e-01	0.000000000000000000e+00
7.243185646918666407e+02	1.015852778584205029e-01	0.000000000000000000e+00
7.247382741330666249e+02	1.013248229803118544e-01	0.000000000000000000e+00
7.251579835742667228e+02	1.010651098154547456e-01	0.000000000000000000e+00
7.255776930154667070e+02	1.008060279488984107e-01	0.000000000000000000e+00
7.259974024566666913e+02	1.005480872326671438e-01	0.000000000000000000e+00
7.264171118978666755e+02	1.002905221025870014e-01	0.000000000000000000e+00
7.268368213390667734e+02	1.000343077112101631e-01	0.000000000000000000e+00
7.272565307802667576e+02	9.977858854136768818e-02	0.000000000000000000e+00
7.276762402214667418e+02	9.952386911788851931e-02	0.000000000000000000e+00
7.280959496626667260e+02	9.927005283054175788e-02	0.000000000000000000e+00
7.285156591038667102e+02	9.901686947453992860e-02	0.000000000000000000e+00
7.289353685450666944e+02	9.876501287089312076e-02	0.000000000000000000e+00
7.293550779862666786e+02	9.851355382309245901e-02	0.000000000000000000e+00
7.297747874274666628e+02	9.826356653577564271e-02	0.000000000000000000e+00
7.301944968686666471e+02	9.801413861807989347e-02	0.000000000000000000e+00
7.306142063098666313e+02	9.776581156533309391e-02	0.000000000000000000e+00
7.310339157510667292e+02	9.751847071392397148e-02	0.000000000000000000e+00
7.314536251922667134e+02	9.727184546232328644e-02	0.000000000000000000e+00
7.318733346334666976e+02	9.702664724026099918e-02	0.000000000000000000e+00
7.322930440746666818e+02	9.678186176907291327e-02	0.000000000000000000e+00
7.327127535158667797e+02	9.653876491894981815e-02	0.000000000000000000e+00
7.331324629570667639e+02	9.629619024740836142e-02	0.000000000000000000e+00
7.335521723982667481e+02	9.605491996456544390e-02	0.000000000000000000e+00
7.339718818394667323e+02	9.581461020132453488e-02	0.000000000000000000e+00
7.343915912806667166e+02	9.557520798652759109e-02	0.000000000000000000e+00
7.348113007218667008e+02	9.533721663750782671e-02	0.000000000000000000e+00
7.352310101630666850e+02	9.509972389288573469e-02	0.000000000000000000e+00
7.356507196042666692e+02	9.486410379929841041e-02	0.000000000000000000e+00
7.360704290454666534e+02	9.462891522873419226e-02	0.000000000000000000e+00
7.364901384866666376e+02	9.439536507370632767e-02	0.000000000000000000e+00
7.369098479278666218e+02	9.416261029510181180e-02	0.000000000000000000e+00
7.373295573690667197e+02	9.393109290017311042e-02	0.000000000000000000e+00
7.377492668102667039e+02	9.370082263206370998e-02	0.000000000000000000e+00
7.381689762514666882e+02	9.347137868111062009e-02	0.000000000000000000e+00
7.385886856926666724e+02	9.324364277686902902e-02	0.000000000000000000e+00
7.390083951338667703e+02	9.301633616882459821e-02	0.000000000000000000e+00
7.394281045750667545e+02	9.279116008783362679e-02	0.000000000000000000e+00
7.398478140162667387e+02	9.256644492863867757e-02	0.000000000000000000e+00
7.402675234574667229e+02	9.234346266017383342e-02	0.000000000000000000e+00
7.406872328986667071e+02	9.212138624223635552e-02	0.000000000000000000e+00
7.411069423398666913e+02	9.190063724372551923e-02	0.000000000000000000e+00
7.415266517810666755e+02	9.168124581800303485e-02	0.000000000000000000e+00
7.419463612222666598e+02	9.146276916257388423e-02	0.000000000000000000e+00
7.423660706634666440e+02	9.124610789070418393e-02	0.000000000000000000e+00
7.427857801046666282e+02	9.102994223660973439e-02	0.000000000000000000e+00
7.432054895458666124e+02	9.081605514471730034e-02	0.000000000000000000e+00
7.436251989870667103e+02	9.060259812665816259e-02	0.000000000000000000e+00
7.440449084282666945e+02	9.039116863921191347e-02	0.000000000000000000e+00
7.444646178694666787e+02	9.018053303763542972e-02	0.000000000000000000e+00
7.448843273106667766e+02	8.997152773527730685e-02	0.000000000000000000e+00
7.453040367518667608e+02	8.976375444392303837e-02	0.000000000000000000e+00
7.457237461930667450e+02	8.955721002499858474e-02	0.000000000000000000e+00
7.461434556342667292e+02	8.935233866334756081e-02	0.000000000000000000e+00
7.465631650754667135e+02	8.914829126247902913e-02	0.000000000000000000e+00
7.469828745166666977e+02	8.894636013766246685e-02	0.000000000000000000e+00
7.474025839578666819e+02	8.874484529679398104e-02	0.000000000000000000e+00
7.478222933990666661e+02	8.854589136715029785e-02	0.000000000000000000e+00
7.482420028402666503e+02	8.834734845604522158e-02	0.000000000000000000e+00
7.486617122814666345e+02	8.815100284713014989e-02	0.000000000000000000e+00
7.490814217226666187e+02	8.795547327103860058e-02	0.000000000000000000e+00
7.495011311638667166e+02	8.776176300634222494e-02	0.000000000000000000e+00
7.499208406050667008e+02	8.756928018067922093e-02	0.000000000000000000e+00
7.503405500462666851e+02	8.737823814718620463e-02	0.000000000000000000e+00
7.507602594874666693e+02	8.718883403661599474e-02	0.000000000000000000e+00
7.511799689286667672e+02	8.700049238777873839e-02	0.000000000000000000e+00
7.515996783698667514e+02	8.681419747749674620e-02	0.000000000000000000e+00
7.520193878110667356e+02	8.662858760579907058e-02	0.000000000000000000e+00
7.524390972522667198e+02	8.644543087434321260e-02	0.000000000000000000e+00
7.528588066934667040e+02	8.626264759736279597e-02	0.000000000000000000e+00
7.532785161346666882e+02	8.608259227764362975e-02	0.000000000000000000e+00
7.536982255758666724e+02	8.590297156820786428e-02	0.000000000000000000e+00
7.541179350170666567e+02	8.572573736612532080e-02	0.000000000000000000e+00
7.545376444582666409e+02	8.554930440315453022e-02	0.000000000000000000e+00
7.549573538994666251e+02	8.537491939716450318e-02	0.000000000000000000e+00
7.553770633406666093e+02	8.520169778533549787e-02	0.000000000000000000e+00
7.557967727818667072e+02	8.503018915878740591e-02	0.000000000000000000e+00
7.562164822230666914e+02	8.486020090839778429e-02	0.000000000000000000e+00
7.566361916642666756e+02	8.469159492321945426e-02	0.000000000000000000e+00
7.570559011054667735e+02	8.452486043141942129e-02	0.000000000000000000e+00
7.574756105466667577e+02	8.435918240193497619e-02	0.000000000000000000e+00
7.578953199878667419e+02	8.419572043529925665e-02	0.000000000000000000e+00
7.583150294290667262e+02	8.403299470216810119e-02	0.000000000000000000e+00
7.587347388702667104e+02	8.387282238057974793e-02	0.000000000000000000e+00
7.591544483114666946e+02	8.371307228483679252e-02	0.000000000000000000e+00
7.595741577526666788e+02	8.355620506665815961e-02	0.000000000000000000e+00
7.599938671938666630e+02	8.339963751799692182e-02	0.000000000000000000e+00
7.604135766350666472e+02	8.324590459234865181e-02	0.000000000000000000e+00
7.608332860762666314e+02	8.309264783903687335e-02	0.000000000000000000e+00
7.612529955174666156e+02	8.294195431775885918e-02	0.000000000000000000e+00
7.616727049586667135e+02	8.279201985989138868e-02	0.000000000000000000e+00
7.620924143998666977e+02	8.264438482744655701e-02	0.000000000000000000e+00
7.625121238410666820e+02	8.249778248238472111e-02	0.000000000000000000e+00
7.629318332822666662e+02	8.235322389482906125e-02	0.000000000000000000e+00
7.633515427234667641e+02	8.220996178848492819e-02	0.000000000000000000e+00
7.637712521646667483e+02	8.206849644781892550e-02	0.000000000000000000e+00
7.641909616058667325e+02	8.192858100713666658e-02	0.000000000000000000e+00
7.646106710470667167e+02	8.179022453566725526e-02	0.000000000000000000e+00
7.650303804882667009e+02	8.165366048229479035e-02	0.000000000000000000e+00
7.654500899294666851e+02	8.151842729700042867e-02	0.000000000000000000e+00
7.658697993706666693e+02	8.138521764214899645e-02	0.000000000000000000e+00
7.662895088118666536e+02	8.125312092904117545e-02	0.000000000000000000e+00
7.667092182530666378e+02	8.112326696953391092e-02	0.000000000000000000e+00
7.671289276942666220e+02	8.099431865801338948e-02	0.000000000000000000e+00
7.675486371354666062e+02	8.086781997352859852e-02	0.000000000000000000e+00
7.679683465766667041e+02	8.074203071073481064e-02	0.000000000000000000e+00
7.683880560178666883e+02	8.061888516225361456e-02	0.000000000000000000e+00
7.688077654590666725e+02	8.049626428741037121e-02	0.000000000000000000e+00
7.692274749002667704e+02	8.037646801688305698e-02	0.000000000000000000e+00
7.696471843414667546e+02	8.025702353564559410e-02	0.000000000000000000e+00
7.700668937826667388e+02	8.014057096689494730e-02	0.000000000000000000e+00
7.704866032238667231e+02	8.002430952570749323e-02	0.000000000000000000e+00
7.709063126650667073e+02	7.991119336659227579e-02	0.000000000000000000e+00
7.713260221062666915e+02	7.979821245958768072e-02	0.000000000000000000e+00
7.717457315474666757e+02	7.968833147293481745e-02	0.000000000000000000e+00
7.721654409886666599e+02	7.957866484323371237e-02	0.000000000000000000e+00
7.725851504298666441e+02	7.947197842472858431e-02	0.000000000000000000e+00
7.730048598710666283e+02	7.936561511967021865e-02	0.000000000000000000e+00
7.734245693122666125e+02	7.926212422322959084e-02	0.000000000000000000e+00
7.738442787534667104e+02	7.915905162136391282e-02	0.000000000000000000e+00
7.742639881946666947e+02	7.905875571422563142e-02	0.000000000000000000e+00
7.746836976358666789e+02	7.895895953411380397e-02	0.000000000000000000e+00
7.751034070770666631e+02	7.886185657166823459e-02	0.000000000000000000e+00
7.755231165182667610e+02	7.876532088212358229e-02	0.000000000000000000e+00
7.759428259594667452e+02	7.867140728293395280e-02	0.000000000000000000e+00
7.763625354006667294e+02	7.857811451474734643e-02	0.000000000000000000e+00
7.767822448418667136e+02	7.848738513580308385e-02	0.000000000000000000e+00
7.772019542830666978e+02	7.839731609499675513e-02	0.000000000000000000e+00
7.776216637242666820e+02	7.830976420725001275e-02	0.000000000000000000e+00
7.780413731654666663e+02	7.822289808990759430e-02	0.000000000000000000e+00
7.784610826066666505e+02	7.813851535414767513e-02	0.000000000000000000e+00
7.788807920478666347e+02	7.805482976286713670e-02	0.000000000000000000e+00
7.793005014890666189e+02	7.797360620599337599e-02	0.000000000000000000e+00
7.797202109302666031e+02	7.789307716801167902e-02	0.000000000000000000e+00
7.801399203714667010e+02	7.781500115977109389e-02	0.000000000000000000e+00
7.805596298126666852e+02	7.773760314680819294e-02	0.000000000000000000e+00
7.809793392538666694e+02	7.766266137706975825e-02	0.000000000000000000e+00
7.813990486950667673e+02	7.758836732693921712e-02	0.000000000000000000e+00
7.818187581362667515e+02	7.751654478358115108e-02	0.000000000000000000e+00
7.822384675774667357e+02	7.744532612361262891e-02	0.000000000000000000e+00
7.826581770186667200e+02	7.737660607110784239e-02	0.000000000000000000e+00
7.830778864598667042e+02	7.730843274342538707e-02	0.000000000000000000e+00
7.834975959010666884e+02	7.724279670221131933e-02	0.000000000000000000e+00
7.839173053422666726e+02	7.717763719090636743e-02	0.000000000000000000e+00
7.843370147834666568e+02	7.711506491763493731e-02	0.000000000000000000e+00
7.847567242246666410e+02	7.705288627787103273e-02	0.000000000000000000e+00
7.851764336658666252e+02	7.699335574663752901e-02	0.000000000000000000e+00
7.855961431070666094e+02	7.693412363571748569e-02	0.000000000000000000e+00
7.860158525482667073e+02	7.687761102037374283e-02	0.000000000000000000e+00
7.864355619894666916e+02	7.682128973079550838e-02	0.000000000000000000e+00
7.868552714306666758e+02	7.676776938845615572e-02	0.000000000000000000e+00
7.872749808718666600e+02	7.671432188297515331e-02	0.000000000000000000e+00
7.876946903130667579e+02	7.666376633883231762e-02	0.000000000000000000e+00
7.881143997542667421e+02	7.661321079468949580e-02	0.000000000000000000e+00
7.885341091954667263e+02	7.656553422110901064e-02	0.000000000000000000e+00
7.889538186366667105e+02	7.651791415467479318e-02	0.000000000000000000e+00
7.893735280778666947e+02	7.647300227344842882e-02	0.000000000000000000e+00
7.897932375190666789e+02	7.642828650634696241e-02	0.000000000000000000e+00
7.902129469602666632e+02	7.638609665315856945e-02	0.000000000000000000e+00
7.906326564014666474e+02	7.634425213859653836e-02	0.000000000000000000e+00
7.910523658426666316e+02	7.630474047109168934e-02	0.000000000000000000e+00
7.914720752838666158e+02	7.626573228513527924e-02	0.000000000000000000e+00
7.918917847250666000e+02	7.622885382995815695e-02	0.000000000000000000e+00
7.923114941662666979e+02	7.619264516475279803e-02	0.000000000000000000e+00
7.927312036074666821e+02	7.615835386665280315e-02	0.000000000000000000e+00
7.931509130486666663e+02	7.612490602571693465e-02	0.000000000000000000e+00
7.935706224898667642e+02	7.609315479867960474e-02	0.000000000000000000e+00
7.939903319310667484e+02	7.606242719441393130e-02	0.000000000000000000e+00
7.944100413722667327e+02	7.603316797475240252e-02	0.000000000000000000e+00
7.948297508134667169e+02	7.600511812829933989e-02	0.000000000000000000e+00
7.952494602546667011e+02	7.597830192963082874e-02	0.000000000000000000e+00
7.956691696958666853e+02	7.595288547322512351e-02	0.000000000000000000e+00
7.960888791370666695e+02	7.592846244324186200e-02	0.000000000000000000e+00
7.965085885782666537e+02	7.590563312518848471e-02	0.000000000000000000e+00
7.969282980194666379e+02	7.588355260411756842e-02	0.000000000000000000e+00
7.973480074606666221e+02	7.586326229653675424e-02	0.000000000000000000e+00
7.977677169018666063e+02	7.584347287716847186e-02	0.000000000000000000e+00
7.981874263430667042e+02	7.582567158663962303e-02	0.000000000000000000e+00
7.986071357842666885e+02	7.580812117578704379e-02	0.000000000000000000e+00
7.990268452254666727e+02	7.579275705702653854e-02	0.000000000000000000e+00
7.994465546666666569e+02	7.577739293826603328e-02	0.000000000000000000e+00
