wavelength_nm	ideal_target_transmittance	tandem_response_transmittance
3.7973712158e+02	9.7709786892e-01	8.8930726051e-01
3.8015682983e+02	9.7695559263e-01	8.8841694593e-01
3.8057653809e+02	9.7681200504e-01	8.8723814487e-01
3.8099624634e+02	9.7666704655e-01	8.8711243868e-01
3.8141595459e+02	9.7652071714e-01	8.8696217537e-01
3.8183566284e+02	9.7637295723e-01	8.8500428200e-01
3.8225537109e+02	9.7622376680e-01	8.8411951065e-01
3.8267507935e+02	9.7607314587e-01	8.8300997019e-01
3.8309478760e+02	9.7592103481e-01	8.8156151772e-01
3.8351449585e+02	9.7576749325e-01	8.8176131248e-01
3.8393420410e+02	9.7561240196e-01	8.8073778152e-01
3.8435391235e+02	9.7545582056e-01	8.7888616323e-01
3.8477362061e+02	9.7529768944e-01	8.7883174419e-01
3.8519332886e+02	9.7513800859e-01	8.7782061100e-01
3.8561303711e+02	9.7497677803e-01	8.7732720375e-01
3.8603274536e+02	9.7481387854e-01	8.7590080500e-01
3.8645245361e+02	9.7464936972e-01	8.7471145391e-01
3.8687216187e+02	9.7448325157e-01	8.7337100506e-01
3.8729187012e+02	9.7431546450e-01	8.7179523706e-01
3.8771157837e+02	9.7414594889e-01	8.7033814192e-01
3.8813131714e+02	9.7397470474e-01	8.6963987350e-01
3.8855102539e+02	9.7380179167e-01	8.6903750896e-01
3.8897073364e+02	9.7362703085e-01	8.6792534590e-01
3.8939044189e+02	9.7345054150e-01	8.6685985327e-01
3.8981015015e+02	9.7327226400e-01	8.6636716127e-01
3.9022985840e+02	9.7309207916e-01	8.6498612165e-01
3.9064956665e+02	9.7291010618e-01	8.6487895250e-01
3.9106927490e+02	9.7272616625e-01	8.6387187243e-01
3.9148898315e+02	9.7254037857e-01	8.6180913448e-01
3.9190869141e+02	9.7235262394e-01	8.6221361160e-01
3.9232839966e+02	9.7216290236e-01	8.6081123352e-01
3.9274810791e+02	9.7197121382e-01	8.5926210880e-01
3.9316781616e+02	9.7177743912e-01	8.5888397694e-01
3.9358752441e+02	9.7158163786e-01	8.5852736235e-01
3.9400723267e+02	9.7138375044e-01	8.5678595304e-01
3.9442694092e+02	9.7118377686e-01	8.5685288906e-01
3.9484664917e+02	9.7098159790e-01	8.5590618849e-01
3.9526635742e+02	9.7077727318e-01	8.5506898165e-01
3.9568606567e+02	9.7057074308e-01	8.5502624512e-01
3.9610577393e+02	9.7036200762e-01	8.5528272390e-01
3.9652548218e+02	9.7015094757e-01	8.5404902697e-01
3.9694519043e+02	9.6993762255e-01	8.5548734665e-01
3.9736489868e+02	9.6972191334e-01	8.5346961021e-01
3.9778460693e+02	9.6950387955e-01	8.5280811787e-01
3.9820431519e+02	9.6928340197e-01	8.5104691982e-01
3.9862402344e+02	9.6906048059e-01	8.5178822279e-01
3.9904376221e+02	9.6883505583e-01	8.5071218014e-01
3.9946347046e+02	9.6860712767e-01	8.5036176443e-01
3.9988317871e+02	9.6837657690e-01	8.5025823116e-01
4.0030288696e+02	9.6814352274e-01	8.5104739666e-01
4.0072259521e+02	9.6790778637e-01	8.4928405285e-01
4.0114230347e+02	9.6766936779e-01	8.5021364689e-01
4.0156201172e+02	9.6742826700e-01	8.4940379858e-01
4.0198171997e+02	9.6718436480e-01	8.4901636839e-01
4.0240142822e+02	9.6693766117e-01	8.4920710325e-01
4.0282113647e+02	9.6668809652e-01	8.4952324629e-01
4.0324084473e+02	9.6643561125e-01	8.4885030985e-01
4.0366055298e+02	9.6618026495e-01	8.4801769257e-01
4.0408026123e+02	9.6592187881e-01	8.4883803129e-01
4.0449996948e+02	9.6566045284e-01	8.4892743826e-01
4.0491967773e+02	9.6539598703e-01	8.4933274984e-01
4.0533938599e+02	9.6512836218e-01	8.4876120090e-01
4.0575909424e+02	9.6485751867e-01	8.4853786230e-01
4.0617880249e+02	9.6458345652e-01	8.4911203384e-01
4.0659851074e+02	9.6430617571e-01	8.4837585688e-01
4.0701821899e+02	9.6402549744e-01	8.4941029549e-01
4.0743792725e+02	9.6374142170e-01	8.4981489182e-01
4.0785763550e+02	9.6345388889e-01	8.5038614273e-01
4.0827734375e+02	9.6316289902e-01	8.5033684969e-01
4.0869705200e+02	9.6286827326e-01	8.5145455599e-01
4.0911676025e+02	9.6257007122e-01	8.5108923912e-01
4.0953649902e+02	9.6226817369e-01	8.5084575415e-01
4.0995620728e+02	9.6196252108e-01	8.5158002377e-01
4.1037591553e+02	9.6165305376e-01	8.5212916136e-01
4.1079562378e+02	9.6133971214e-01	8.5087090731e-01
4.1121533203e+02	9.6102243662e-01	8.5234177113e-01
4.1163504028e+02	9.6070116758e-01	8.5310631990e-01
4.1205474854e+02	9.6037584543e-01	8.5340809822e-01
4.1247445679e+02	9.6004629135e-01	8.5460084677e-01
4.1289416504e+02	9.5971256495e-01	8.5562390089e-01
4.1331387329e+02	9.5937454700e-01	8.5589814186e-01
4.1373358154e+02	9.5903217793e-01	8.5641825199e-01
4.1415328979e+02	9.5868539810e-01	8.5725545883e-01
4.1457299805e+02	9.5833402872e-01	8.5924053192e-01
4.1499270630e+02	9.5797806978e-01	8.5968494415e-01
4.1541241455e+02	9.5761746168e-01	8.5992199183e-01
4.1583212280e+02	9.5725202560e-01	8.6090940237e-01
4.1625183105e+02	9.5688176155e-01	8.6199247837e-01
4.1667153931e+02	9.5650660992e-01	8.6303126812e-01
4.1709124756e+02	9.5612639189e-01	8.6456865072e-01
4.1751095581e+02	9.5574098825e-01	8.6532557011e-01
4.1793066406e+02	9.5535045862e-01	8.6531591415e-01
4.1835037231e+02	9.5495456457e-01	8.6738419533e-01
4.1877008057e+02	9.5455330610e-01	8.6785656214e-01
4.1918978882e+02	9.5414650440e-01	8.7022900581e-01
4.1960949707e+02	9.5373409986e-01	8.7052941322e-01
4.2002920532e+02	9.5331597328e-01	8.7077558041e-01
4.2044894409e+02	9.5289200544e-01	8.7194246054e-01
4.2086865234e+02	9.5246213675e-01	8.7336945534e-01
4.2128836060e+02	9.5202618837e-01	8.7323737144e-01
4.2170806885e+02	9.5158410072e-01	8.7457567453e-01
4.2212777710e+02	9.5113575459e-01	8.7587893009e-01
4.2254748535e+02	9.5068097115e-01	8.7784224749e-01
4.2296719360e+02	9.5021969080e-01	8.7840139866e-01
4.2338690186e+02	9.4975173473e-01	8.7882614136e-01
4.2380661011e+02	9.4927698374e-01	8.7985575199e-01
4.2422631836e+02	9.4879531860e-01	8.8155376911e-01
4.2464602661e+02	9.4830662012e-01	8.8237261772e-01
4.2506573486e+02	9.4781070948e-01	8.8266611099e-01
4.2548544312e+02	9.4730746746e-01	8.8373714685e-01
4.2590515137e+02	9.4679677486e-01	8.8406562805e-01
4.2632485962e+02	9.4627839327e-01	8.8622546196e-01
4.2674456787e+02	9.4575226307e-01	8.8635677099e-01
4.2716427612e+02	9.4521814585e-01	8.8527041674e-01
4.2758398438e+02	9.4467592239e-01	8.8645607233e-01
4.2800369263e+02	9.4412547350e-01	8.8664317131e-01
4.2842340088e+02	9.4356650114e-01	8.8681536913e-01
4.2884310913e+02	9.4299894571e-01	8.8696122169e-01
4.2926281738e+02	9.4242256880e-01	8.8674604893e-01
4.2968252563e+02	9.4183725119e-01	8.8725036383e-01
4.3010223389e+02	9.4124269485e-01	8.8889342546e-01
4.3052194214e+02	9.4063878059e-01	8.8912385702e-01
4.3094165039e+02	9.4002526999e-01	8.8831341267e-01
4.3136138916e+02	9.3940198421e-01	8.8954967260e-01
4.3178109741e+02	9.3876868486e-01	8.8917732239e-01
4.3220080566e+02	9.3812525272e-01	8.9063405991e-01
4.3262051392e+02	9.3747133017e-01	8.8949674368e-01
4.3304022217e+02	9.3680673838e-01	8.9068675041e-01
4.3345993042e+02	9.3613129854e-01	8.9121735096e-01
4.3387963867e+02	9.3544465303e-01	8.9232003689e-01
4.3429934692e+02	9.3474668264e-01	8.9220899343e-01
4.3471905518e+02	9.3403702974e-01	8.9129620790e-01
4.3513876343e+02	9.3331551552e-01	8.9120209217e-01
4.3555847168e+02	9.3258178234e-01	8.9226877689e-01
4.3597817993e+02	9.3183565140e-01	8.9198189974e-01
4.3639788818e+02	9.3107676506e-01	8.9167743921e-01
4.3681759644e+02	9.3030482531e-01	8.9114660025e-01
4.3723730469e+02	9.2951953411e-01	8.9018601179e-01
4.3765701294e+02	9.2872065306e-01	8.8849902153e-01
4.3807672119e+02	9.2790776491e-01	8.8813537359e-01
4.3849642944e+02	9.2708063126e-01	8.8826680183e-01
4.3891613770e+02	9.2623883486e-01	8.8653838634e-01
4.3933584595e+02	9.2538201809e-01	8.8605660200e-01
4.3975555420e+02	9.2450988293e-01	8.8580513000e-01
4.4017526245e+02	9.2362207174e-01	8.8308370113e-01
4.4059497070e+02	9.2271816730e-01	8.8407933712e-01
4.4101467896e+02	9.2179775238e-01	8.8208258152e-01
4.4143438721e+02	9.2086040974e-01	8.8122397661e-01
4.4185412598e+02	9.1990572214e-01	8.8006484509e-01
4.4227383423e+02	9.1893339157e-01	8.7875539064e-01
4.4269354248e+02	9.1794288158e-01	8.7759286165e-01
4.4311325073e+02	9.1693365574e-01	8.7614572048e-01
4.4353295898e+02	9.1590541601e-01	8.7447702885e-01
4.4395266724e+02	9.1485750675e-01	8.7505781651e-01
4.4437237549e+02	9.1378951073e-01	8.7376260757e-01
4.4479208374e+02	9.1270095110e-01	8.7392932177e-01
4.4521179199e+02	9.1159117222e-01	8.7117004395e-01
4.4563150024e+02	9.1045969725e-01	8.7028604746e-01
4.4605120850e+02	9.0930598974e-01	8.6898434162e-01
4.4647091675e+02	9.0812939405e-01	8.6710476875e-01
4.4689062500e+02	9.0692931414e-01	8.6669749022e-01
4.4731033325e+02	9.0570515394e-01	8.6550164223e-01
4.4773004150e+02	9.0445625782e-01	8.6245775223e-01
4.4814974976e+02	9.0318197012e-01	8.6286252737e-01
4.4856945801e+02	9.0188157558e-01	8.6187243462e-01
4.4898916626e+02	9.0055429935e-01	8.5794931650e-01
4.4940887451e+02	8.9919954538e-01	8.5640949011e-01
4.4982858276e+02	8.9781641960e-01	8.5511505604e-01
4.5024829102e+02	8.9640420675e-01	8.5315638781e-01
4.5066799927e+02	8.9496207237e-01	8.5115092993e-01
4.5108770752e+02	8.9348918200e-01	8.4726977348e-01
4.5150741577e+02	8.9198458195e-01	8.4628152847e-01
4.5192712402e+02	8.9044749737e-01	8.4392297268e-01
4.5234683228e+02	8.8887685537e-01	8.4171056747e-01
4.5276657104e+02	8.8727170229e-01	8.3945304155e-01
4.5318627930e+02	8.8563114405e-01	8.3741509914e-01
4.5360598755e+02	8.8395410776e-01	8.3557540178e-01
4.5402569580e+02	8.8223952055e-01	8.3352178335e-01
4.5444540405e+02	8.8048619032e-01	8.3140248060e-01
4.5486511230e+02	8.7869304419e-01	8.3013039827e-01
4.5528482056e+02	8.7685883045e-01	8.2926255465e-01
4.5570452881e+02	8.7498235703e-01	8.2451415062e-01
4.5612423706e+02	8.7306231260e-01	8.2432788610e-01
4.5654394531e+02	8.7109732628e-01	8.2234328985e-01
4.5696365356e+02	8.6908608675e-01	8.1917685270e-01
4.5738336182e+02	8.6702710390e-01	8.1843346357e-01
4.5780307007e+02	8.6491888762e-01	8.1504780054e-01
4.5822277832e+02	8.6275988817e-01	8.1299430132e-01
4.5864248657e+02	8.6054861546e-01	8.1090545654e-01
4.5906219482e+02	8.5828322172e-01	8.0788516998e-01
4.5948190308e+02	8.5596215725e-01	8.0567830801e-01
4.5990161133e+02	8.5358351469e-01	8.0514562130e-01
4.6032131958e+02	8.5114550591e-01	8.0137658119e-01
4.6074102783e+02	8.4864616394e-01	7.9921913147e-01
4.6116073608e+02	8.4608346224e-01	7.9699158669e-01
4.6158044434e+02	8.4345531464e-01	7.9307591915e-01
4.6200015259e+02	8.4075963497e-01	7.9237502813e-01
4.6241986084e+02	8.3799415827e-01	7.8881037235e-01
4.6283956909e+02	8.3515644073e-01	7.8548061848e-01
4.6325927734e+02	8.3224421740e-01	7.8198271990e-01
4.6367901611e+02	8.2925462723e-01	7.7998214960e-01
4.6409872437e+02	8.2618552446e-01	7.7714592218e-01
4.6451843262e+02	8.2303392887e-01	7.7250707150e-01
4.6493814087e+02	8.1979709864e-01	7.7042478323e-01
4.6535784912e+02	8.1647205353e-01	7.6558387280e-01
4.6577755737e+02	8.1305575371e-01	7.6199334860e-01
4.6619726562e+02	8.0954498053e-01	7.5891280174e-01
4.6661697388e+02	8.0593639612e-01	7.5381118059e-01
4.6703668213e+02	8.0222672224e-01	7.5008273125e-01
4.6745639038e+02	7.9841226339e-01	7.4743074179e-01
4.6787609863e+02	7.9448932409e-01	7.4150925875e-01
4.6829580688e+02	7.9045414925e-01	7.3719519377e-01
4.6871551514e+02	7.8630262613e-01	7.3370790482e-01
4.6913522339e+02	7.8203064203e-01	7.2744137049e-01
4.6955493164e+02	7.7763390541e-01	7.2265571356e-01
4.6997463989e+02	7.7310788631e-01	7.1907818317e-01
4.7039434814e+02	7.6844799519e-01	7.1330595016e-01
4.7081405640e+02	7.6364940405e-01	7.0764750242e-01
4.7123376465e+02	7.5870710611e-01	7.0373535156e-01
4.7165347290e+02	7.5361585617e-01	6.9904679060e-01
4.7207318115e+02	7.4837028980e-01	6.9470095634e-01
4.7249288940e+02	7.4296492338e-01	6.8857997656e-01
4.7291259766e+02	7.3739391565e-01	6.8226855993e-01
4.7333230591e+02	7.3165130615e-01	6.7479795218e-01
4.7375201416e+02	7.2573095560e-01	6.6939407587e-01
4.7417175293e+02	7.1962600946e-01	6.6429442167e-01
4.7459146118e+02	7.1333080530e-01	6.5809202194e-01
4.7501116943e+02	7.0683819056e-01	6.5025818348e-01
4.7543087769e+02	7.0014113188e-01	6.4551806450e-01
4.7585058594e+02	6.9323241711e-01	6.3767272234e-01
4.7627029419e+02	6.8610483408e-01	6.3114029169e-01
4.7669000244e+02	6.7875075340e-01	6.2579143047e-01
4.7710971069e+02	6.7116248608e-01	6.1716330051e-01
4.7752941895e+02	6.6333222389e-01	6.1030751467e-01
4.7794912720e+02	6.5525192022e-01	6.0408222675e-01
4.7836883545e+02	6.4691346884e-01	5.9757226706e-01
4.7878854370e+02	6.3830876350e-01	5.8819937706e-01
4.7920825195e+02	6.2942939997e-01	5.8206975460e-01
4.7962796021e+02	6.2026721239e-01	5.7584846020e-01
4.8004766846e+02	6.1081385612e-01	5.6758922338e-01
4.8046737671e+02	6.0106122494e-01	5.5968463421e-01
4.8088708496e+02	5.9100121260e-01	5.5172872543e-01
4.8130679321e+02	5.8062601089e-01	5.4241901636e-01
4.8172650146e+02	5.6992799044e-01	5.3538715839e-01
4.8214620972e+02	5.5889993906e-01	5.2563112974e-01
4.8256591797e+02	5.4753506184e-01	5.1681435108e-01
4.8298562622e+02	5.3582727909e-01	5.0670349598e-01
4.8340533447e+02	5.2377110720e-01	4.9854114652e-01
4.8382504272e+02	5.1136183739e-01	4.8998925090e-01
4.8424475098e+02	4.9859595299e-01	4.7991257906e-01
4.8466445923e+02	4.8547101021e-01	4.6925368905e-01
4.8508419800e+02	4.7198498249e-01	4.6075236797e-01
4.8550390625e+02	4.5814040303e-01	4.4868242741e-01
4.8592361450e+02	4.4393873215e-01	4.3701556325e-01
4.8634332275e+02	4.2938444018e-01	4.2667561769e-01
4.8676303101e+02	4.1448441148e-01	4.1882711649e-01
4.8718273926e+02	3.9924809337e-01	4.0742227435e-01
4.8760244751e+02	3.8368800282e-01	3.9512640238e-01
4.8802215576e+02	3.6781984568e-01	3.8644155860e-01
4.8844186401e+02	3.5166296363e-01	3.7414935231e-01
4.8886157227e+02	3.3524060249e-01	3.6301705241e-01
4.8928128052e+02	3.1858029962e-01	3.5088875890e-01
4.8970098877e+02	3.0171409249e-01	3.3934798837e-01
4.9012069702e+02	2.8467896581e-01	3.2866674662e-01
4.9054040527e+02	2.6751703024e-01	3.1956988573e-01
4.9096011353e+02	2.5027573109e-01	3.0785274506e-01
4.9137982178e+02	2.3300802708e-01	2.9557093978e-01
4.9179953003e+02	2.1577253938e-01	2.8392452002e-01
4.9221923828e+02	1.9863349199e-01	2.7322456241e-01
4.9263894653e+02	1.8166059256e-01	2.6136812568e-01
4.9305865479e+02	1.6492886841e-01	2.5154441595e-01
4.9347836304e+02	1.4851829410e-01	2.4171839654e-01
4.9389807129e+02	1.3251319528e-01	2.3032775521e-01
4.9431777954e+02	1.1700168997e-01	2.2032156587e-01
4.9473748779e+02	1.0207474977e-01	2.1036797762e-01
4.9515719604e+02	8.7825253606e-02	2.0398347080e-01
4.9557690430e+02	7.4346788228e-02	1.9655685127e-01
4.9599664307e+02	6.1731468886e-02	1.8854326010e-01
4.9641635132e+02	5.0072103739e-02	1.8231114745e-01
4.9683605957e+02	3.9455160499e-02	1.7850020528e-01
4.9725576782e+02	2.9962936416e-02	1.7469193041e-01
4.9767547607e+02	2.1671012044e-02	1.6845323145e-01
4.9809518433e+02	1.4646732248e-02	1.6594529152e-01
4.9851489258e+02	8.9477533475e-03	1.6237829626e-01
4.9893460083e+02	4.6207606792e-03	1.6067960858e-01
4.9935430908e+02	1.7003794201e-03	1.5841351449e-01
4.9977401733e+02	2.0833620511e-04	1.5571884811e-01
5.0019372559e+02	1.5290197916e-04	1.5521435440e-01
5.0061343384e+02	1.5286402777e-03	1.5244895220e-01
5.0103314209e+02	4.3164752424e-03	1.4960645139e-01
5.0145285034e+02	8.4840767086e-03	1.4657278359e-01
5.0187255859e+02	1.3986542821e-02	1.4477044344e-01
5.0229226685e+02	2.0767359063e-02	1.4110720158e-01
5.0271197510e+02	2.8759591281e-02	1.3889698684e-01
5.0313168335e+02	3.7887252867e-02	1.3606111705e-01
5.0355139160e+02	4.8066824675e-02	1.3268639147e-01
5.0397109985e+02	5.9208840132e-02	1.2872651219e-01
5.0439080811e+02	7.1219496429e-02	1.2802217901e-01
5.0481051636e+02	8.4002234042e-02	1.2339393795e-01
5.0523022461e+02	9.7459293902e-02	1.2134786695e-01
5.0564993286e+02	1.1149308085e-01	1.1856777966e-01
5.0606964111e+02	1.2600746751e-01	1.1684234440e-01
5.0648937988e+02	1.4090999961e-01	1.1513635516e-01
5.0690908813e+02	1.5610851347e-01	1.1425082386e-01
5.0732879639e+02	1.7151840031e-01	1.1345269531e-01
5.0774850464e+02	1.8705888093e-01	1.1526323110e-01
5.0816821289e+02	2.0265457034e-01	1.1853989214e-01
5.0858792114e+02	2.1823577583e-01	1.1953703314e-01
5.0900762939e+02	2.3373857141e-01	1.2388627231e-01
5.0942733765e+02	2.4910493195e-01	1.2922704220e-01
5.0984704590e+02	2.6428264380e-01	1.3685259223e-01
5.1026675415e+02	2.7922508121e-01	1.4594887197e-01
5.1068646240e+02	2.9389113188e-01	1.5594199300e-01
5.1110617065e+02	3.0824476480e-01	1.6855368018e-01
5.1152587891e+02	3.2225480676e-01	1.8147481978e-01
5.1194558716e+02	3.3589461446e-01	1.9685348868e-01
5.1236529541e+02	3.4914171696e-01	2.1159571409e-01
5.1278503418e+02	3.6197835207e-01	2.2647194564e-01
5.1320471191e+02	3.7438645959e-01	2.4549464881e-01
5.1362445068e+02	3.8635757565e-01	2.6408812404e-01
5.1404412842e+02	3.9787876606e-01	2.8293362260e-01
5.1446386719e+02	4.0894648433e-01	3.0196183920e-01
5.1488354492e+02	4.1955265403e-01	3.1718310714e-01
5.1530328369e+02	4.2969748378e-01	3.3348467946e-01
5.1572296143e+02	4.3937659264e-01	3.5212787986e-01
5.1614270020e+02	4.4859287143e-01	3.6381962895e-01
5.1656237793e+02	4.5734477043e-01	3.7522733212e-01
5.1698211670e+02	4.6563687921e-01	3.8902166486e-01
5.1740179443e+02	4.7346961498e-01	4.0122237802e-01
5.1782153320e+02	4.8084875941e-01	4.0834057331e-01
5.1824121094e+02	4.8777595162e-01	4.1933751106e-01
5.1866094971e+02	4.9425745010e-01	4.2462599277e-01
5.1908062744e+02	5.0029575825e-01	4.2793780565e-01
5.1950036621e+02	5.0589704514e-01	4.3310955167e-01
5.1992004395e+02	5.1106429100e-01	4.3709689379e-01
5.2033978271e+02	5.1580339670e-01	4.3485522270e-01
5.2075946045e+02	5.2011728287e-01	4.3685233593e-01
5.2117919922e+02	5.2401125431e-01	4.3435770273e-01
5.2159887695e+02	5.2748805285e-01	4.3346053362e-01
5.2201861572e+02	5.3055220842e-01	4.2865803838e-01
5.2243829346e+02	5.3320616484e-01	4.2265006900e-01
5.2285803223e+02	5.3545337915e-01	4.1608920693e-01
5.2327777100e+02	5.3729605675e-01	4.0825092793e-01
5.2369744873e+02	5.3873598576e-01	4.0185478330e-01
5.2411718750e+02	5.3977525234e-01	3.9459130168e-01
5.2453686523e+02	5.4041475058e-01	3.8608515263e-01
5.2495660400e+02	5.4065531492e-01	3.7934422493e-01
5.2537628174e+02	5.4049724340e-01	3.6340939999e-01
5.2579602051e+02	5.3994023800e-01	3.5499480367e-01
5.2621569824e+02	5.3898388147e-01	3.4354099631e-01
5.2663543701e+02	5.3762680292e-01	3.3074203134e-01
5.2705511475e+02	5.3586781025e-01	3.1693360209e-01
5.2747485352e+02	5.3370445967e-01	3.0577516556e-01
5.2789453125e+02	5.3113502264e-01	2.8977769613e-01
5.2831427002e+02	5.2815586329e-01	2.7633696795e-01
5.2873394775e+02	5.2476483583e-01	2.6253563166e-01
5.2915368652e+02	5.2095741034e-01	2.4908816814e-01
5.2957336426e+02	5.1673084497e-01	2.3476742208e-01
5.2999310303e+02	5.1207995415e-01	2.1996746957e-01
5.3041278076e+02	5.0700181723e-01	2.0574845374e-01
5.3083251953e+02	5.0149053335e-01	1.9137652218e-01
5.3125219727e+02	4.9554321170e-01	1.7778861523e-01
5.3167193604e+02	4.8915362358e-01	1.6629263759e-01
5.3209161377e+02	4.8231920600e-01	1.5261557698e-01
5.3251135254e+02	4.7503373027e-01	1.3954691589e-01
5.3293103027e+02	4.6729534864e-01	1.2945377827e-01
5.3335076904e+02	4.5909830928e-01	1.1802341789e-01
5.3377050781e+02	4.5044073462e-01	1.0855513811e-01
5.3419018555e+02	4.4132173061e-01	9.9711202085e-02
5.3460992432e+02	4.3173727393e-01	8.9973568916e-02
5.3502960205e+02	4.2168989778e-01	8.4698297083e-02
5.3544934082e+02	4.1117775440e-01	7.6611950994e-02
5.3586901855e+02	4.0020644665e-01	7.1256227791e-02
5.3628875732e+02	3.8877725601e-01	6.4994588494e-02
5.3670843506e+02	3.7689989805e-01	5.9870027006e-02
5.3712817383e+02	3.6457985640e-01	5.5834956467e-02
5.3754785156e+02	3.5183221102e-01	5.2451055497e-02
5.3796759033e+02	3.3866786957e-01	4.9955151975e-02
5.3838726807e+02	3.2510855794e-01	4.6747215092e-02
5.3880700684e+02	3.1117206812e-01	4.5180618763e-02
5.3922668457e+02	2.9688817263e-01	4.3809410185e-02
5.3964642334e+02	2.8228291869e-01	4.2730368674e-02
5.4006610107e+02	2.6739552617e-01	4.2765036225e-02
5.4048583984e+02	2.5226175785e-01	4.3431945145e-02
5.4090551758e+02	2.3693144321e-01	4.3471418321e-02
5.4132525635e+02	2.2145117819e-01	4.4572267681e-02
5.4174493408e+02	2.0588228106e-01	4.6470250934e-02
5.4216467285e+02	1.9028292596e-01	4.8161312938e-02
5.4258435059e+02	1.7472614348e-01	5.0764087588e-02
5.4300408936e+02	1.5928167105e-01	5.3469944745e-02
5.4342376709e+02	1.4403365552e-01	5.7030089200e-02
5.4384350586e+02	1.2906238437e-01	6.1371412128e-02
5.4426324463e+02	1.1445928365e-01	6.6294074059e-02
5.4468292236e+02	1.0031928122e-01	7.1894414723e-02
5.4510266113e+02	8.6733929813e-02	7.6500236988e-02
5.4552233887e+02	7.3804572225e-02	8.3622470498e-02
5.4594207764e+02	6.1625309289e-02	9.0762361884e-02
5.4636175537e+02	5.0296586007e-02	9.9021621048e-02
5.4678149414e+02	3.9909619838e-02	1.0817052424e-01
5.4720117188e+02	3.0557924882e-02	1.1644335091e-01
5.4762091064e+02	2.2323668003e-02	1.2662273645e-01
5.4804058838e+02	1.5286908485e-02	1.3578569889e-01
5.4846032715e+02	9.5145320520e-03	1.4651620388e-01
5.4888000488e+02	5.0669871271e-03	1.5880820155e-01
5.4929974365e+02	1.9903751090e-03	1.6951963305e-01
5.4971942139e+02	3.2058448414e-04	1.8212382495e-01
5.5013916016e+02	7.8991841292e-05	1.9394312799e-01
5.5055883789e+02	1.2739411322e-03	2.0715509355e-01
5.5097857666e+02	3.9003344718e-03	2.2049029171e-01
5.5139825439e+02	7.9384315759e-03	2.3203958571e-01
5.5181799316e+02	1.3357385993e-02	2.4509076774e-01
5.5223767090e+02	2.0111355931e-02	2.5802221894e-01
5.5265740967e+02	2.8146814555e-02	2.7071857452e-01
5.5307708740e+02	3.7395976484e-02	2.8185117245e-01
5.5349682617e+02	4.7787524760e-02	2.9302373528e-01
5.5391650391e+02	5.9237405658e-02	3.0586424470e-01
5.5433624268e+02	7.1662455797e-02	3.1991985440e-01
5.5475592041e+02	8.4968708456e-02	3.3264723420e-01
5.5517565918e+02	9.9067330360e-02	3.4596008062e-01
5.5559539795e+02	1.1386284232e-01	3.5875761509e-01
5.5601507568e+02	1.2925982475e-01	3.7143433094e-01
5.5643481445e+02	1.4517129958e-01	3.8427752256e-01
5.5685449219e+02	1.6150385141e-01	3.9772051573e-01
5.5727423096e+02	1.7817704380e-01	4.1211864352e-01
5.5769390869e+02	1.9510513544e-01	4.2217996716e-01
5.5811364746e+02	2.1221695840e-01	4.3558973074e-01
5.5853332520e+02	2.2943669558e-01	4.4801869988e-01
5.5895306396e+02	2.4670396745e-01	4.6238234639e-01
5.5937274170e+02	2.6395401359e-01	4.7275659442e-01
5.5979248047e+02	2.8113770485e-01	4.8353806138e-01
5.6021215820e+02	2.9820144176e-01	4.9509426951e-01
5.6063189697e+02	3.1510701776e-01	5.0473636389e-01
5.6105157471e+02	3.3181151748e-01	5.1599711180e-01
5.6147131348e+02	3.4828671813e-01	5.2821230888e-01
5.6189099121e+02	3.6449939013e-01	5.3421407938e-01
5.6231072998e+02	3.8043016195e-01	5.4384624958e-01
5.6273040771e+02	3.9605423808e-01	5.5515128374e-01
5.6315014648e+02	4.1135978699e-01	5.6347423792e-01
5.6356982422e+02	4.2632919550e-01	5.6759184599e-01
5.6398956299e+02	4.4095671177e-01	5.7363355160e-01
5.6440924072e+02	4.5523074269e-01	5.8217406273e-01
5.6482897949e+02	4.6915048361e-01	5.8666253090e-01
5.6524865723e+02	4.8270905018e-01	5.9422057867e-01
5.6566839600e+02	4.9590945244e-01	5.9831237793e-01
5.6608813477e+02	5.0875037909e-01	6.0434579849e-01
5.6650781250e+02	5.2123224735e-01	6.0742831230e-01
5.6692755127e+02	5.3336203098e-01	6.1269909143e-01
5.6734722900e+02	5.4514062405e-01	6.1640197039e-01
5.6776696777e+02	5.5657678843e-01	6.1980259418e-01
5.6818664551e+02	5.6767320633e-01	6.2570255995e-01
5.6860638428e+02	5.7843971252e-01	6.2978732586e-01
5.6902606201e+02	5.8888036013e-01	6.3307404518e-01
5.6944580078e+02	5.9900563955e-01	6.3918620348e-01
5.6986547852e+02	6.0882049799e-01	6.3966274261e-01
5.7028521729e+02	6.1833578348e-01	6.4288765192e-01
5.7070489502e+02	6.2755686045e-01	6.4843720198e-01
5.7112463379e+02	6.3649469614e-01	6.5180826187e-01
5.7154431152e+02	6.4515495300e-01	6.5311217308e-01
5.7196405029e+02	6.5354841948e-01	6.5911394358e-01
5.7238372803e+02	6.6168087721e-01	6.6307485104e-01
5.7280346680e+02	6.6956281662e-01	6.6759681702e-01
5.7322314453e+02	6.7719995975e-01	6.6981893778e-01
5.7364288330e+02	6.8460237980e-01	6.7217898369e-01
5.7406256104e+02	6.9177567959e-01	6.7459982634e-01
5.7448229980e+02	6.9872957468e-01	6.7755717039e-01
5.7490197754e+02	7.0546931028e-01	6.8065935373e-01
5.7532171631e+02	7.1200412512e-01	6.8476641178e-01
5.7574139404e+02	7.1833914518e-01	6.8693560362e-01
5.7616113281e+02	7.2448301315e-01	6.9053685665e-01
5.7658087158e+02	7.3044139147e-01	6.9270217419e-01
5.7700054932e+02	7.3621982336e-01	6.9656491280e-01
5.7742028809e+02	7.4182623625e-01	6.9773405790e-01
5.7783996582e+02	7.4726504087e-01	6.9872748852e-01
5.7825970459e+02	7.5254356861e-01	7.0196503401e-01
5.7867938232e+02	7.5766593218e-01	7.0432239771e-01
5.7909912109e+02	7.6263898611e-01	7.0443332195e-01
5.7951879883e+02	7.6746654510e-01	7.0827203989e-01
5.7993853760e+02	7.7215510607e-01	7.1280241013e-01
5.8035821533e+02	7.7670806646e-01	7.1219289303e-01
5.8077795410e+02	7.8113150597e-01	7.1639937162e-01
5.8119763184e+02	7.8542858362e-01	7.1870797873e-01
5.8161737061e+02	7.8960502148e-01	7.2128421068e-01
5.8203704834e+02	7.9366362095e-01	7.2476440668e-01
5.8245678711e+02	7.9760974646e-01	7.2629708052e-01
5.8287646484e+02	8.0144608021e-01	7.2864902020e-01
5.8329620361e+02	8.0517745018e-01	7.3156392574e-01
5.8371588135e+02	8.0880635977e-01	7.3496931791e-01
5.8413562012e+02	8.1233733892e-01	7.3586845398e-01
5.8455529785e+02	8.1577271223e-01	7.4088042974e-01
5.8497503662e+02	8.1911659241e-01	7.4369180202e-01
5.8539471436e+02	8.2237124443e-01	7.4395197630e-01
5.8581445312e+02	8.2554042339e-01	7.4584281445e-01
5.8623413086e+02	8.2862609625e-01	7.4865025282e-01
5.8665386963e+02	8.3163201809e-01	7.5060850382e-01
5.8707354736e+02	8.3455979824e-01	7.5040113926e-01
5.8749328613e+02	8.3741289377e-01	7.5419276953e-01
5.8791302490e+02	8.4019339085e-01	7.5529319048e-01
5.8833270264e+02	8.4290313721e-01	7.5805771351e-01
5.8875244141e+02	8.4554523230e-01	7.5807988644e-01
5.8917211914e+02	8.4812110662e-01	7.6096552610e-01
5.8959185791e+02	8.5063356161e-01	7.6067978144e-01
5.9001153564e+02	8.5308396816e-01	7.6058489084e-01
5.9043127441e+02	8.5547488928e-01	7.6284855604e-01
5.9085095215e+02	8.5780757666e-01	7.6417124271e-01
5.9127069092e+02	8.6008447409e-01	7.6721936464e-01
5.9169036865e+02	8.6230665445e-01	7.6728171110e-01
5.9211010742e+02	8.6447650194e-01	7.6787430048e-01
5.9252978516e+02	8.6659491062e-01	7.7036905289e-01
5.9294952393e+02	8.6866408587e-01	7.7234172821e-01
5.9336920166e+02	8.7068498135e-01	7.7301174402e-01
5.9378894043e+02	8.7265956402e-01	7.7563148737e-01
5.9420861816e+02	8.7458866835e-01	7.7556306124e-01
5.9462835693e+02	8.7647420168e-01	7.7777856588e-01
5.9504803467e+02	8.7831687927e-01	7.7849757671e-01
5.9546777344e+02	8.8011860847e-01	7.8223788738e-01
5.9588745117e+02	8.8187992573e-01	7.8403192759e-01
5.9630718994e+02	8.8360255957e-01	7.8559267521e-01
5.9672686768e+02	8.8528716564e-01	7.8652125597e-01
5.9714660645e+02	8.8693523407e-01	7.8816884756e-01
5.9756628418e+02	8.8854748011e-01	7.8864359856e-01
5.9798602295e+02	8.9012521505e-01	7.9008758068e-01
5.9840576172e+02	8.9166933298e-01	7.9200041294e-01
5.9882543945e+02	8.9318042994e-01	7.9376298189e-01
5.9924517822e+02	8.9465993643e-01	7.9603528976e-01
5.9966485596e+02	8.9610826969e-01	7.9746508598e-01
6.0008459473e+02	8.9752674103e-01	7.9867452383e-01
6.0050427246e+02	8.9891564846e-01	8.0197662115e-01
6.0092401123e+02	9.0027636290e-01	8.0300348997e-01
6.0134368896e+02	9.0160912275e-01	8.0461138487e-01
6.0176342773e+02	9.0291512012e-01	8.0509001017e-01
6.0218310547e+02	9.0419471264e-01	8.0722796917e-01
6.0260284424e+02	9.0544885397e-01	8.0902749300e-01
6.0302252197e+02	9.0667802095e-01	8.1145662069e-01
6.0344226074e+02	9.0788310766e-01	8.1236809492e-01
6.0386193848e+02	9.0906441212e-01	8.1448763609e-01
6.0428167725e+02	9.1022288799e-01	8.1667476892e-01
6.0470135498e+02	9.1135883331e-01	8.1668245792e-01
6.0512109375e+02	9.1247308254e-01	8.1874096394e-01
6.0554077148e+02	9.1356593370e-01	8.1984281540e-01
6.0596051025e+02	9.1463822126e-01	8.2143366337e-01
6.0638018799e+02	9.1569018364e-01	8.2135742903e-01
6.0679992676e+02	9.1672253609e-01	8.2336455584e-01
6.0721960449e+02	9.1773557663e-01	8.2491850853e-01
6.0763934326e+02	9.1873002052e-01	8.2738828659e-01
6.0805902100e+02	9.1970598698e-01	8.2785153389e-01
6.0847875977e+02	9.2066431046e-01	8.2901132107e-01
6.0889849854e+02	9.2160522938e-01	8.2933372259e-01
6.0931817627e+02	9.2252904177e-01	8.3041429520e-01
6.0973791504e+02	9.2343640327e-01	8.3065599203e-01
6.1015759277e+02	9.2432749271e-01	8.3195835352e-01
6.1057733154e+02	9.2520290613e-01	8.3436715603e-01
6.1099700928e+02	9.2606276274e-01	8.3463901281e-01
6.1141674805e+02	9.2690765858e-01	8.3429098129e-01
6.1183642578e+02	9.2773777246e-01	8.3733969927e-01
6.1225616455e+02	9.2855364084e-01	8.3785539865e-01
6.1267584229e+02	9.2935538292e-01	8.3933651447e-01
6.1309558105e+02	9.3014347553e-01	8.3949512243e-01
6.1351525879e+02	9.3091809750e-01	8.3965981007e-01
6.1393499756e+02	9.3167972565e-01	8.4194535017e-01
6.1435467529e+02	9.3242841959e-01	8.4239196777e-01
6.1477441406e+02	9.3316477537e-01	8.4469050169e-01
6.1519409180e+02	9.3388873339e-01	8.4495037794e-01
6.1561383057e+02	9.3460083008e-01	8.4477907419e-01
6.1603350830e+02	9.3530118465e-01	8.4719002247e-01
6.1645324707e+02	9.3599015474e-01	8.4769034386e-01
6.1687292480e+02	9.3666785955e-01	8.4908068180e-01
6.1729266357e+02	9.3733471632e-01	8.5017198324e-01
6.1771234131e+02	9.3799078465e-01	8.5100436211e-01
6.1813208008e+02	9.3863642216e-01	8.5087412596e-01
6.1855175781e+02	9.3927174807e-01	8.5323613882e-01
6.1897149658e+02	9.3989712000e-01	8.5323423147e-01
6.1939117432e+02	9.4051259756e-01	8.5388201475e-01
6.1981091309e+02	9.4111847878e-01	8.5543107986e-01
6.2023065186e+02	9.4171500206e-01	8.5757821798e-01
6.2065032959e+02	9.4230222702e-01	8.5920548439e-01
6.2107006836e+02	9.4288045168e-01	8.5834348202e-01
6.2148974609e+02	9.4344979525e-01	8.6004924774e-01
6.2190948486e+02	9.4401055574e-01	8.6227536201e-01
6.2232916260e+02	9.4456273317e-01	8.6183249950e-01
6.2274890137e+02	9.4510668516e-01	8.6315625906e-01
6.2316857910e+02	9.4564235210e-01	8.6289739609e-01
6.2358831787e+02	9.4617021084e-01	8.6502563953e-01
6.2400799561e+02	9.4669014215e-01	8.6677092314e-01
6.2442773438e+02	9.4720244408e-01	8.6544638872e-01
6.2484741211e+02	9.4770717621e-01	8.6776131392e-01
6.2526715088e+02	9.4820463657e-01	8.6887288094e-01
6.2568682861e+02	9.4869476557e-01	8.6957174540e-01
6.2610656738e+02	9.4917792082e-01	8.7177485228e-01
6.2652624512e+02	9.4965404272e-01	8.7104755640e-01
6.2694598389e+02	9.5012342930e-01	8.7134748697e-01
6.2736566162e+02	9.5058602095e-01	8.7246847153e-01
6.2778540039e+02	9.5104217529e-01	8.7443155050e-01
6.2820507812e+02	9.5149183273e-01	8.7462592125e-01
6.2862481689e+02	9.5193523169e-01	8.7578082085e-01
6.2904449463e+02	9.5237243176e-01	8.7708759308e-01
6.2946423340e+02	9.5280355215e-01	8.7776273489e-01
6.2988391113e+02	9.5322871208e-01	8.7795782089e-01
6.3030364990e+02	9.5364803076e-01	8.8040500879e-01
6.3072338867e+02	9.5406168699e-01	8.8103914261e-01
6.3114306641e+02	9.5446956158e-01	8.8157874346e-01
6.3156280518e+02	9.5487201214e-01	8.8211309910e-01
6.3198248291e+02	9.5526897907e-01	8.8306349516e-01
6.3240222168e+02	9.5566064119e-01	8.8358485699e-01
6.3282189941e+02	9.5604705811e-01	8.8562393188e-01
6.3324163818e+02	9.5642834902e-01	8.8540458679e-01
6.3366131592e+02	9.5680457354e-01	8.8639175892e-01
6.3408105469e+02	9.5717585087e-01	8.8788813353e-01
6.3450073242e+02	9.5754224062e-01	8.9016765356e-01
6.3492047119e+02	9.5790386200e-01	8.9009237289e-01
6.3534014893e+02	9.5826071501e-01	8.9116781950e-01
6.3575988770e+02	9.5861303806e-01	8.9199173450e-01
6.3617956543e+02	9.5896077156e-01	8.9373886585e-01
6.3659930420e+02	9.5930409431e-01	8.9404338598e-01
6.3701898193e+02	9.5964300632e-01	8.9498007298e-01
6.3743872070e+02	9.5997762680e-01	8.9523053169e-01
6.3785839844e+02	9.6030795574e-01	8.9648181200e-01
6.3827813721e+02	9.6063423157e-01	8.9703083038e-01
6.3869781494e+02	9.6095627546e-01	8.9880084991e-01
6.3911755371e+02	9.6127444506e-01	8.9965033531e-01
6.3953723145e+02	9.6158856153e-01	9.0149980783e-01
6.3995697021e+02	9.6189880371e-01	9.0300428867e-01
6.4037664795e+02	9.6220523119e-01	9.0261203051e-01
6.4079638672e+02	9.6250790358e-01	9.0330219269e-01
6.4121612549e+02	9.6280688047e-01	9.0574628115e-01
6.4163580322e+02	9.6310222149e-01	9.0494447947e-01
6.4205554199e+02	9.6339398623e-01	9.0625393391e-01
6.4247521973e+02	9.6368223429e-01	9.0709835291e-01
6.4289495850e+02	9.6396702528e-01	9.0745502710e-01
6.4331463623e+02	9.6424835920e-01	9.0820342302e-01
6.4373437500e+02	9.6452641487e-01	9.0860301256e-01
6.4415405273e+02	9.6480107307e-01	9.1090422869e-01
6.4457379150e+02	9.6507257223e-01	9.1103816032e-01
6.4499346924e+02	9.6534085274e-01	9.1168284416e-01
6.4541320801e+02	9.6560597420e-01	9.1211909056e-01
6.4583288574e+02	9.6586799622e-01	9.1305947304e-01
6.4625262451e+02	9.6612703800e-01	9.1300332546e-01
6.4667230225e+02	9.6638303995e-01	9.1472637653e-01
6.4709204102e+02	9.6663612127e-01	9.1473287344e-01
6.4751171875e+02	9.6688622236e-01	9.1542971134e-01
6.4793145752e+02	9.6713352203e-01	9.1553115845e-01
6.4835113525e+02	9.6737802029e-01	9.1708892584e-01
6.4877087402e+02	9.6761971712e-01	9.1844749451e-01
6.4919055176e+02	9.6785867214e-01	9.1801780462e-01
6.4961029053e+02	9.6809494495e-01	9.1830259562e-01
6.5002996826e+02	9.6832859516e-01	9.1980451345e-01
6.5044970703e+02	9.6855962276e-01	9.2089897394e-01
6.5086938477e+02	9.6878808737e-01	9.2134219408e-01
6.5128912354e+02	9.6901398897e-01	9.2280751467e-01
6.5170880127e+02	9.6923744678e-01	9.2328810692e-01
6.5212854004e+02	9.6945846081e-01	9.2321604490e-01
6.5254827881e+02	9.6967703104e-01	9.2451560497e-01
6.5296795654e+02	9.6989315748e-01	9.2507284880e-01
6.5338769531e+02	9.7010701895e-01	9.2603272200e-01
6.5380737305e+02	9.7031849623e-01	9.2597526312e-01
6.5422711182e+02	9.7052776814e-01	9.2672693729e-01
6.5464678955e+02	9.7073471546e-01	9.2754012346e-01
6.5506652832e+02	9.7093951702e-01	9.2808133364e-01
6.5548620605e+02	9.7114211321e-01	9.2886161804e-01
6.5590594482e+02	9.7134256363e-01	9.2840355635e-01
6.5632562256e+02	9.7154086828e-01	9.3020659685e-01
6.5674536133e+02	9.7173708677e-01	9.3045711517e-01
6.5716503906e+02	9.7193127871e-01	9.3098473549e-01
6.5758477783e+02	9.7212338448e-01	9.3175262213e-01
6.5800445557e+02	9.7231352329e-01	9.3218779564e-01
6.5842419434e+02	9.7250169516e-01	9.3280053139e-01
6.5884387207e+02	9.7268790007e-01	9.3310630322e-01
6.5926361084e+02	9.7287219763e-01	9.3394434452e-01
6.5968328857e+02	9.7305458784e-01	9.3547946215e-01
6.6010302734e+02	9.7323513031e-01	9.3537575006e-01
6.6052270508e+02	9.7341382504e-01	9.3559861183e-01
6.6094244385e+02	9.7359067202e-01	9.3643385172e-01
6.6136212158e+02	9.7376573086e-01	9.3665719032e-01
6.6178186035e+02	9.7393906116e-01	9.3706452847e-01
6.6220153809e+02	9.7411066294e-01	9.3794083595e-01
6.6262127686e+02	9.7428053617e-01	9.3740671873e-01
6.6304101562e+02	9.7444868088e-01	9.3908220530e-01
6.6346069336e+02	9.7461515665e-01	9.3920069933e-01
6.6388043213e+02	9.7478002310e-01	9.3970602751e-01
6.6430010986e+02	9.7494316101e-01	9.4041520357e-01
6.6471984863e+02	9.7510480881e-01	9.4102340937e-01
6.6513952637e+02	9.7526478767e-01	9.4116008282e-01
6.6555926514e+02	9.7542327642e-01	9.4217467308e-01
6.6597894287e+02	9.7558015585e-01	9.4222611189e-01
6.6639868164e+02	9.7573554516e-01	9.4328999519e-01
6.6681835938e+02	9.7588938475e-01	9.4338524342e-01
6.6723809814e+02	9.7604179382e-01	9.4329684973e-01
6.6765777588e+02	9.7619271278e-01	9.4469910860e-01
6.6807751465e+02	9.7634220123e-01	9.4532257318e-01
6.6849719238e+02	9.7649025917e-01	9.4568949938e-01
6.6891693115e+02	9.7663688660e-01	9.4592815638e-01
6.6933660889e+02	9.7678214312e-01	9.4644093513e-01
6.6975634766e+02	9.7692602873e-01	9.4688516855e-01
6.7017602539e+02	9.7706854343e-01	9.4776046276e-01
6.7059576416e+02	9.7720968723e-01	9.4802832603e-01
6.7101544189e+02	9.7734957933e-01	9.4849526882e-01
6.7143518066e+02	9.7748816013e-01	9.4908547401e-01
6.7185485840e+02	9.7762537003e-01	9.4936823845e-01
6.7227459717e+02	9.7776138783e-01	9.4980186224e-01
6.7269427490e+02	9.7789609432e-01	9.5020240545e-01
6.7311401367e+02	9.7802960873e-01	9.5108610392e-01
6.7353375244e+02	9.7816193104e-01	9.5118337870e-01
6.7395343018e+02	9.7829294205e-01	9.5144379139e-01
6.7437316895e+02	9.7842282057e-01	9.5185619593e-01
6.7479284668e+02	9.7855150700e-01	9.5283806324e-01
6.7521258545e+02	9.7867906094e-01	9.5294469595e-01
6.7563226318e+02	9.7880542278e-01	9.5341783762e-01
6.7605200195e+02	9.7893065214e-01	9.5366793871e-01
6.7647167969e+02	9.7905474901e-01	9.5388871431e-01
6.7689141846e+02	9.7917771339e-01	9.5492744446e-01
6.7731109619e+02	9.7929960489e-01	9.5481950045e-01
6.7773083496e+02	9.7942042351e-01	9.5574724674e-01
6.7815051270e+02	9.7954016924e-01	9.5577341318e-01
6.7857025146e+02	9.7965884209e-01	9.5562553406e-01
6.7898992920e+02	9.7977650166e-01	9.5712763071e-01
6.7940966797e+02	9.7989308834e-01	9.5688885450e-01
6.7982934570e+02	9.8000866175e-01	9.5729231834e-01
6.8024908447e+02	9.8012322187e-01	9.5755076408e-01
6.8066876221e+02	9.8023682833e-01	9.5840001106e-01
6.8108850098e+02	9.8034942150e-01	9.5812153816e-01
6.8150817871e+02	9.8046100140e-01	9.5849823952e-01
6.8192791748e+02	9.8057168722e-01	9.5911461115e-01
6.8234759521e+02	9.8068135977e-01	9.5961916447e-01
6.8276733398e+02	9.8079013824e-01	9.5988351107e-01
6.8318701172e+02	9.8089796305e-01	9.6062910557e-01
6.8360675049e+02	9.8100489378e-01	9.6022576094e-01
6.8402642822e+02	9.8111087084e-01	9.6094578505e-01
6.8444616699e+02	9.8121601343e-01	9.6131026745e-01
6.8486590576e+02	9.8132020235e-01	9.6147102118e-01
6.8528558350e+02	9.8142355680e-01	9.6134996414e-01
6.8570532227e+02	9.8152601719e-01	9.6225476265e-01
6.8612500000e+02	9.8162764311e-01	9.6246409416e-01
6.8654473877e+02	9.8172837496e-01	9.6257996559e-01
6.8696441650e+02	9.8182833195e-01	9.6321982145e-01
6.8738415527e+02	9.8192739487e-01	9.6364521980e-01
6.8780383301e+02	9.8202568293e-01	9.6368932724e-01
6.8822357178e+02	9.8212313652e-01	9.6399682760e-01
6.8864324951e+02	9.8221981525e-01	9.6428608894e-01
6.8906298828e+02	9.8231571913e-01	9.6503043175e-01
6.8948266602e+02	9.8241078854e-01	9.6531772614e-01
6.8990240479e+02	9.8250508308e-01	9.6570724249e-01
6.9032208252e+02	9.8259860277e-01	9.6588677168e-01
6.9074182129e+02	9.8269140720e-01	9.6608459949e-01
6.9116149902e+02	9.8278343678e-01	9.6686202288e-01
6.9158123779e+02	9.8287475109e-01	9.6715921164e-01
6.9200091553e+02	9.8296529055e-01	9.6713268757e-01
6.9242065430e+02	9.8305511475e-01	9.6739745140e-01
6.9284033203e+02	9.8314422369e-01	9.6748614311e-01
6.9326007080e+02	9.8323261738e-01	9.6826326847e-01
6.9367974854e+02	9.8332035542e-01	9.6844357252e-01
6.9409948730e+02	9.8340731859e-01	9.6846818924e-01
6.9451916504e+02	9.8349362612e-01	9.6899497509e-01
6.9493890381e+02	9.8357927799e-01	9.6935081482e-01
6.9535864258e+02	9.8366427422e-01	9.6915686131e-01
6.9577832031e+02	9.8374855518e-01	9.6971178055e-01
6.9619805908e+02	9.8383218050e-01	9.6982789040e-01
6.9661773682e+02	9.8391515017e-01	9.7011280060e-01
6.9703747559e+02	9.8399746418e-01	9.7051346302e-01
6.9745715332e+02	9.8407918215e-01	9.7055804729e-01
6.9787689209e+02	9.8416024446e-01	9.7081381083e-01
6.9829656982e+02	9.8424071074e-01	9.7086393833e-01
6.9871630859e+02	9.8432052135e-01	9.7147154808e-01
6.9913598633e+02	9.8439967632e-01	9.7166520357e-01
6.9955572510e+02	9.8447829485e-01	9.7201037407e-01
6.9997540283e+02	9.8455631733e-01	9.7233539820e-01
7.0039514160e+02	9.8463368416e-01	9.7252547741e-01
7.0081481934e+02	9.8471051455e-01	9.7252750397e-01
7.0123455811e+02	9.8478674889e-01	9.7276186943e-01
7.0165423584e+02	9.8486238718e-01	9.7315740585e-01
7.0207397461e+02	9.8493748903e-01	9.7311562300e-01
7.0249365234e+02	9.8501205444e-01	9.7333920002e-01
7.0291339111e+02	9.8508602381e-01	9.7363924980e-01
7.0333306885e+02	9.8515939713e-01	9.7384381294e-01
7.0375280762e+02	9.8523229361e-01	9.7388058901e-01
7.0417248535e+02	9.8530459404e-01	9.7430676222e-01
7.0459222412e+02	9.8537635803e-01	9.7416263819e-01
7.0501190186e+02	9.8544764519e-01	9.7436809540e-01
7.0543164062e+02	9.8551833630e-01	9.7474831343e-01
7.0585137939e+02	9.8558855057e-01	9.7438025475e-01
7.0627105713e+02	9.8565828800e-01	9.7482782602e-01
7.0669079590e+02	9.8572742939e-01	9.7506916523e-01
7.0711047363e+02	9.8579609394e-01	9.7524321079e-01
7.0753021240e+02	9.8586428165e-01	9.7566187382e-01
7.0794989014e+02	9.8593199253e-01	9.7535973787e-01
7.0836962891e+02	9.8599916697e-01	9.7567516565e-01
7.0878930664e+02	9.8606586456e-01	9.7577363253e-01
7.0920904541e+02	9.8613208532e-01	9.7595471144e-01
7.0962872314e+02	9.8619782925e-01	9.7599911690e-01
7.1004846191e+02	9.8626309633e-01	9.7622424364e-01
7.1046813965e+02	9.8632788658e-01	9.7639173269e-01
7.1088787842e+02	9.8639225960e-01	9.7620779276e-01
7.1130755615e+02	9.8645615578e-01	9.7676599026e-01
7.1172729492e+02	9.8651957512e-01	9.7713392973e-01
7.1214697266e+02	9.8658251762e-01	9.7687441111e-01
7.1256671143e+02	9.8664510250e-01	9.7756880522e-01
7.1298638916e+02	9.8670715094e-01	9.7781175375e-01
7.1340612793e+02	9.8676884174e-01	9.7769838572e-01
7.1382580566e+02	9.8683005571e-01	9.7821086645e-01
7.1424554443e+02	9.8689085245e-01	9.7806167603e-01
7.1466522217e+02	9.8695123196e-01	9.7785735130e-01
7.1508496094e+02	9.8701119423e-01	9.7815132141e-01
7.1550463867e+02	9.8707067966e-01	9.7815573215e-01
7.1592437744e+02	9.8712980747e-01	9.7852075100e-01
7.1634405518e+02	9.8718851805e-01	9.7816294432e-01
7.1676379395e+02	9.8724681139e-01	9.7834867239e-01
7.1718353271e+02	9.8730474710e-01	9.7829848528e-01
7.1760321045e+02	9.8736226559e-01	9.7827452421e-01
7.1802294922e+02	9.8741936684e-01	9.7844064236e-01
7.1844262695e+02	9.8747605085e-01	9.7871679068e-01
7.1886236572e+02	9.8753237724e-01	9.7855877876e-01
7.1928204346e+02	9.8758834600e-01	9.7876244783e-01
7.1970178223e+02	9.8764389753e-01	9.7869223356e-01
7.2012145996e+02	9.8769909143e-01	9.7869783640e-01
7.2054119873e+02	9.8775392771e-01	9.7889232635e-01
7.2096087646e+02	9.8780840635e-01	9.7884607315e-01
7.2138061523e+02	9.8786246777e-01	9.7880721092e-01
7.2180029297e+02	9.8791617155e-01	9.7885304689e-01
7.2222003174e+02	9.8796957731e-01	9.7909867764e-01
7.2263970947e+02	9.8802256584e-01	9.7898840904e-01
7.2305944824e+02	9.8807519674e-01	9.7922247648e-01
7.2347912598e+02	9.8812752962e-01	9.7897422314e-01
7.2389886475e+02	9.8817944527e-01	9.7909855843e-01
7.2431854248e+02	9.8823106289e-01	9.7930324078e-01
7.2473828125e+02	9.8828232288e-01	9.7926133871e-01
7.2515795898e+02	9.8833328485e-01	9.7918015718e-01
7.2557769775e+02	9.8838388920e-01	9.7932451963e-01
7.2599737549e+02	9.8843413591e-01	9.7924017906e-01
7.2641711426e+02	9.8848408461e-01	9.7919499874e-01
7.2683679199e+02	9.8853367567e-01	9.7918051481e-01
7.2725653076e+02	9.8858296871e-01	9.7935789824e-01
7.2767626953e+02	9.8863190413e-01	9.7934168577e-01
7.2809594727e+02	9.8868060112e-01	9.7924840450e-01
7.2851568604e+02	9.8872894049e-01	9.7920358181e-01
7.2893536377e+02	9.8877692223e-01	9.7922462225e-01
7.2935510254e+02	9.8882466555e-01	9.7935801744e-01
7.2977478027e+02	9.8887205124e-01	9.7917693853e-01
7.3019451904e+02	9.8891913891e-01	9.7907227278e-01
7.3061419678e+02	9.8896592855e-01	9.7907489538e-01
7.3103393555e+02	9.8901247978e-01	9.7925478220e-01
7.3145361328e+02	9.8905867338e-01	9.7933310270e-01
7.3187335205e+02	9.8910456896e-01	9.7931444645e-01
7.3229302979e+02	9.8915016651e-01	9.7912710905e-01
7.3271276855e+02	9.8919552565e-01	9.7866839170e-01
7.3313244629e+02	9.8924058676e-01	9.7869956493e-01
7.3355218506e+02	9.8928534985e-01	9.7884422541e-01
7.3397186279e+02	9.8932981491e-01	9.7850602865e-01
7.3439160156e+02	9.8937398195e-01	9.7850126028e-01
7.3481127930e+02	9.8941791058e-01	9.7843801975e-01
7.3523101807e+02	9.8946160078e-01	9.7833853960e-01
7.3565069580e+02	9.8950493336e-01	9.7864121199e-01
7.3607043457e+02	9.8954808712e-01	9.7861862183e-01
7.3649011230e+02	9.8959088326e-01	9.7838938236e-01
7.3690985107e+02	9.8963350058e-01	9.7828125954e-01
7.3732952881e+02	9.8967576027e-01	9.7809052467e-01
7.3774926758e+02	9.8971784115e-01	9.7790354490e-01
7.3816900635e+02	9.8975962400e-01	9.7810190916e-01
7.3858868408e+02	9.8980116844e-01	9.7802746296e-01
7.3900842285e+02	9.8984241486e-01	9.7793257236e-01
7.3942810059e+02	9.8988348246e-01	9.7799175978e-01
7.3984783936e+02	9.8992425203e-01	9.7781711817e-01
7.4026751709e+02	9.8996478319e-01	9.7774428129e-01
7.4068725586e+02	9.9000507593e-01	9.7777152061e-01
7.4110693359e+02	9.9004507065e-01	9.7766166925e-01
7.4152667236e+02	9.9008488655e-01	9.7735756636e-01
7.4194635010e+02	9.9012446404e-01	9.7735047340e-01
7.4236608887e+02	9.9016374350e-01	9.7734868526e-01
7.4278576660e+02	9.9020284414e-01	9.7710710764e-01
7.4320550537e+02	9.9024170637e-01	9.7723352909e-01
7.4362518311e+02	9.9028027058e-01	9.7708433867e-01
7.4404492188e+02	9.9031865597e-01	9.7686702013e-01
7.4446459961e+02	9.9035686255e-01	9.7688794136e-01
7.4488433838e+02	9.9039477110e-01	9.7667044401e-01
7.4530401611e+02	9.9043244123e-01	9.7694152594e-01
7.4572375488e+02	9.9046993256e-01	9.7649979591e-01
7.4614343262e+02	9.9050718546e-01	9.7643047571e-01
7.4656317139e+02	9.9054425955e-01	9.7624528408e-01
7.4698284912e+02	9.9058103561e-01	9.7624683380e-01
7.4740258789e+02	9.9061763287e-01	9.7611600161e-01
7.4782226562e+02	9.9065405130e-01	9.7595793009e-01
7.4824200439e+02	9.9069023132e-01	9.7606533766e-01
7.4866168213e+02	9.9072617292e-01	9.7577124834e-01
7.4908142090e+02	9.9076193571e-01	9.7582322359e-01
7.4950115967e+02	9.9079746008e-01	9.7557032108e-01
7.4992083740e+02	9.9083280563e-01	9.7548961639e-01
7.5034057617e+02	9.9086791277e-01	9.7528874874e-01
7.5076025391e+02	9.9090284109e-01	9.7513526678e-01
7.5117999268e+02	9.9093759060e-01	9.7485637665e-01
7.5159967041e+02	9.9097210169e-01	9.7502511740e-01
7.5201940918e+02	9.9100643396e-01	9.7474694252e-01
7.5243908691e+02	9.9104058743e-01	9.7439944744e-01
7.5285882568e+02	9.9107450247e-01	9.7448313236e-01
7.5327850342e+02	9.9110823870e-01	9.7420990467e-01
7.5369824219e+02	9.9114179611e-01	9.7392141819e-01
7.5411791992e+02	9.9117517471e-01	9.7392219305e-01
7.5453765869e+02	9.9120831490e-01	9.7382611036e-01
7.5495733643e+02	9.9124127626e-01	9.7346436977e-01
7.5537707520e+02	9.9127411842e-01	9.7351348400e-01
7.5579675293e+02	9.9130672216e-01	9.7332870960e-01
7.5621649170e+02	9.9133914709e-01	9.7302579880e-01
7.5663616943e+02	9.9137139320e-01	9.7304654121e-01
7.5705590820e+02	9.9140340090e-01	9.7271841764e-01
7.5747558594e+02	9.9143528938e-01	9.7268390656e-01
7.5789532471e+02	9.9146699905e-01	9.7221833467e-01
7.5831500244e+02	9.9149852991e-01	9.7209566832e-01
7.5873474121e+02	9.9152988195e-01	9.7210252285e-01
7.5915441895e+02	9.9156105518e-01	9.7172665596e-01
7.5957415771e+02	9.9159204960e-01	9.7204494476e-01
7.5999389648e+02	9.9162286520e-01	9.7143721581e-01
7.6041357422e+02	9.9165356159e-01	9.7122430801e-01
7.6083331299e+02	9.9168401957e-01	9.7126644850e-01
7.6125299072e+02	9.9171435833e-01	9.7107106447e-01
7.6167272949e+02	9.9174451828e-01	9.7070044279e-01
7.6209240723e+02	9.9177449942e-01	9.7045451403e-01
7.6251214600e+02	9.9180430174e-01	9.7073036432e-01
7.6293182373e+02	9.9183398485e-01	9.6996629238e-01
7.6335156250e+02	9.9186348915e-01	9.6997338533e-01
7.6377124023e+02	9.9189281464e-01	9.6961915493e-01
7.6419097900e+02	9.9192202091e-01	9.6929639578e-01
7.6461065674e+02	9.9195098877e-01	9.6917599440e-01
7.6503039551e+02	9.9197989702e-01	9.6906626225e-01
7.6545007324e+02	9.9200856686e-01	9.6902275085e-01
7.6586981201e+02	9.9203711748e-01	9.6850621700e-01
7.6628948975e+02	9.9206554890e-01	9.6833616495e-01
7.6670922852e+02	9.9209380150e-01	9.6808570623e-01
7.6712890625e+02	9.9212187529e-01	9.6793645620e-01
7.6754864502e+02	9.9214982986e-01	9.6783530712e-01
7.6796832275e+02	9.9217760563e-01	9.6732246876e-01
7.6838806152e+02	9.9220526218e-01	9.6681791544e-01
7.6880773926e+02	9.9223273993e-01	9.6705663204e-01
7.6922747803e+02	9.9226009846e-01	9.6671271324e-01
7.6964715576e+02	9.9228727818e-01	9.6635276079e-01
7.7006689453e+02	9.9231439829e-01	9.6615988016e-01
7.7048663330e+02	9.9234127998e-01	9.6571201086e-01
7.7090631104e+02	9.9236804247e-01	9.6592324972e-01
7.7132604980e+02	9.9239468575e-01	9.6538549662e-01
7.7174572754e+02	9.9242120981e-01	9.6519696712e-01
7.7216546631e+02	9.9244755507e-01	9.6512770653e-01
7.7258514404e+02	9.9247378111e-01	9.6481144428e-01
7.7300488281e+02	9.9249982834e-01	9.6454727650e-01
7.7342456055e+02	9.9252575636e-01	9.6449458599e-01
7.7384429932e+02	9.9255156517e-01	9.6397215128e-01
7.7426397705e+02	9.9257725477e-01	9.6366375685e-01
7.7468371582e+02	9.9260282516e-01	9.6324157715e-01
7.7510339355e+02	9.9262821674e-01	9.6272289753e-01
7.7552313232e+02	9.9265348911e-01	9.6277284622e-01
7.7594281006e+02	9.9267864227e-01	9.6248543262e-01
7.7636254883e+02	9.9270367622e-01	9.6236008406e-01
7.7678222656e+02	9.9272853136e-01	9.6226835251e-01
7.7720196533e+02	9.9275326729e-01	9.6193343401e-01
7.7762164307e+02	9.9277794361e-01	9.6177142859e-01
7.7804138184e+02	9.9280244112e-01	9.6122902632e-01
7.7846105957e+02	9.9282681942e-01	9.6118062735e-01
7.7888079834e+02	9.9285107851e-01	9.6036052704e-01
7.7930047607e+02	9.9287521839e-01	9.6051359177e-01
7.7972021484e+02	9.9289917946e-01	9.6022707224e-01
7.8013989258e+02	9.9292308092e-01	9.5969474316e-01
7.8055963135e+02	9.9294686317e-01	9.5951998234e-01
7.8097930908e+02	9.9297052622e-01	9.5893639326e-01
7.8139904785e+02	9.9299401045e-01	9.5900517702e-01
7.8181878662e+02	9.9301743507e-01	9.5871764421e-01
7.8223846436e+02	9.9304074049e-01	9.5845556259e-01
7.8265820312e+02	9.9306386709e-01	9.5785701275e-01
7.8307788086e+02	9.9308693409e-01	9.5789736509e-01
7.8349761963e+02	9.9310988188e-01	9.5771133900e-01
7.8391729736e+02	9.9313271046e-01	9.5726388693e-01
7.8433703613e+02	9.9315541983e-01	9.5683348179e-01
7.8475671387e+02	9.9317800999e-01	9.5649319887e-01
7.8517645264e+02	9.9320048094e-01	9.5604419708e-01
7.8559613037e+02	9.9322289228e-01	9.5601880550e-01
7.8601586914e+02	9.9324512482e-01	9.5541548729e-01
7.8643554688e+02	9.9326729774e-01	9.5490527153e-01
7.8685528564e+02	9.9328935146e-01	9.5443820953e-01
7.8727496338e+02	9.9331128597e-01	9.5426481962e-01
7.8769470215e+02	9.9333310127e-01	9.5378273726e-01
7.8811437988e+02	9.9335479736e-01	9.5363223553e-01
7.8853411865e+02	9.9337643385e-01	9.5262932777e-01
7.8895379639e+02	9.9339795113e-01	9.5289617777e-01
7.8937353516e+02	9.9341934919e-01	9.5245033503e-01
7.8979321289e+02	9.9344062805e-01	9.5210051537e-01
7.9021295166e+02	9.9346184731e-01	9.5141714811e-01
7.9063262939e+02	9.9348288774e-01	9.5109611750e-01
7.9105236816e+02	9.9350392818e-01	9.5106595755e-01
7.9147204590e+02	9.9352478981e-01	9.5081496239e-01
7.9189178467e+02	9.9354559183e-01	9.5013725758e-01
7.9231152344e+02	9.9356627464e-01	9.4998502731e-01
7.9273120117e+02	9.9358683825e-01	9.4938659668e-01
7.9315093994e+02	9.9360734224e-01	9.4893509150e-01
7.9357061768e+02	9.9362772703e-01	9.4838309288e-01
7.9399035645e+02	9.9364799261e-01	9.4866585732e-01
7.9441003418e+02	9.9366819859e-01	9.4814044237e-01
7.9482977295e+02	9.9368828535e-01	9.4793623686e-01
7.9524945068e+02	9.9370825291e-01	9.4683504105e-01
7.9566918945e+02	9.9372816086e-01	9.4704830647e-01
7.9608886719e+02	9.9374794960e-01	9.4658958912e-01
7.9650860596e+02	9.9376767874e-01	9.4626778364e-01
7.9692828369e+02	9.9378728867e-01	9.4582539797e-01
7.9734802246e+02	9.9380683899e-01	9.4523465633e-01
7.9776770020e+02	9.9382627010e-01	9.4496303797e-01
7.9818743896e+02	9.9384558201e-01	9.4457817078e-01
7.9860711670e+02	9.9386483431e-01	9.4423425198e-01
7.9902685547e+02	9.9388402700e-01	9.4343298674e-01
7.9944653320e+02	9.9390310049e-01	9.4333326817e-01
