wavelength_nm	ideal_target_transmittance	tandem_response_transmittance
3.7973711347e+02	9.7231352329e-01	9.5809394121e-01
3.8015682291e+02	9.7209322453e-01	9.5933878422e-01
3.8057653235e+02	9.7187012434e-01	9.5992040634e-01
3.8099624179e+02	9.7164428234e-01	9.6015155315e-01
3.8141595123e+02	9.7141557932e-01	9.6007794142e-01
3.8183566067e+02	9.7118395567e-01	9.5963478088e-01
3.8225537011e+02	9.7094941139e-01	9.5890331268e-01
3.8267507956e+02	9.7071188688e-01	9.5791375637e-01
3.8309478900e+02	9.7047132254e-01	9.5657795668e-01
3.8351449844e+02	9.7022759914e-01	9.5483607054e-01
3.8393420788e+02	9.6998077631e-01	9.5287042856e-01
3.8435391732e+02	9.6973073483e-01	9.5057463646e-01
3.8477362676e+02	9.6947747469e-01	9.4813591242e-01
3.8519333620e+02	9.6922081709e-01	9.4556349516e-01
3.8561304564e+02	9.6896082163e-01	9.4253152609e-01
3.8603275508e+02	9.6869736910e-01	9.3930971622e-01
3.8645246453e+02	9.6843045950e-01	9.3648159504e-01
3.8687217397e+02	9.6815991402e-01	9.3292874098e-01
3.8729188341e+02	9.6788579226e-01	9.2957609892e-01
3.8771159285e+02	9.6760797501e-01	9.2584067583e-01
3.8813130229e+02	9.6732640266e-01	9.2193144560e-01
3.8855101173e+02	9.6704095602e-01	9.1817402840e-01
3.8897072117e+02	9.6675163507e-01	9.1409236193e-01
3.8939043061e+02	9.6645832062e-01	9.1016721725e-01
3.8981014006e+02	9.6616095304e-01	9.0584945679e-01
3.9022984950e+02	9.6585953236e-01	9.0189331770e-01
3.9064955894e+02	9.6555382013e-01	8.9774364233e-01
3.9106926838e+02	9.6524387598e-01	8.9347344637e-01
3.9148897782e+02	9.6492958069e-01	8.8970315456e-01
3.9190868726e+02	9.6461081505e-01	8.8561421633e-01
3.9232839670e+02	9.6428757906e-01	8.8147592545e-01
3.9274810614e+02	9.6395969391e-01	8.7753170729e-01
3.9316781559e+02	9.6362709999e-01	8.7345194817e-01
3.9358752503e+02	9.6328967810e-01	8.6941373348e-01
3.9400723447e+02	9.6294742823e-01	8.6531567574e-01
3.9442694391e+02	9.6260017157e-01	8.6186087132e-01
3.9484665335e+02	9.6224784851e-01	8.5817462206e-01
3.9526636279e+02	9.6189033985e-01	8.5374706984e-01
3.9568607223e+02	9.6152752638e-01	8.5042524338e-01
3.9610578167e+02	9.6115934849e-01	8.4705376625e-01
3.9652549111e+02	9.6078568697e-01	8.4340971708e-01
3.9694520056e+02	9.6040642262e-01	8.3986264467e-01
3.9736491000e+02	9.6002143621e-01	8.3632290363e-01
3.9778461944e+02	9.5963060856e-01	8.3272266388e-01
3.9820432888e+02	9.5923382044e-01	8.2957059145e-01
3.9862403832e+02	9.5883095264e-01	8.2602143288e-01
3.9904374776e+02	9.5842188597e-01	8.2240360975e-01
3.9946345720e+02	9.5800650120e-01	8.1988531351e-01
3.9988316664e+02	9.5758467913e-01	8.1645220518e-01
4.0030287609e+02	9.5715624094e-01	8.1321853399e-01
4.0072258553e+02	9.5672106743e-01	8.1019979715e-01
4.0114229497e+02	9.5627897978e-01	8.0766761303e-01
4.0156200441e+02	9.5582991838e-01	8.0467730761e-01
4.0198171385e+02	9.5537370443e-01	8.0171495676e-01
4.0240142329e+02	9.5491009951e-01	7.9886466265e-01
4.0282113273e+02	9.5443910360e-01	7.9552894831e-01
4.0324084217e+02	9.5396035910e-01	7.9309725761e-01
4.0366055162e+02	9.5347386599e-01	7.9120624065e-01
4.0408026106e+02	9.5297938585e-01	7.8879201412e-01
4.0449997050e+02	9.5247673988e-01	7.8748148680e-01
4.0491967994e+02	9.5196580887e-01	7.8529679775e-01
4.0533938938e+02	9.5144629478e-01	7.8163504601e-01
4.0575909882e+02	9.5091807842e-01	7.7761971951e-01
4.0617880826e+02	9.5038098097e-01	7.7563714981e-01
4.0659851770e+02	9.4983476400e-01	7.7404934168e-01
4.0701822714e+02	9.4927918911e-01	7.7092969418e-01
4.0743793659e+02	9.4871413708e-01	7.6882219315e-01
4.0785764603e+02	9.4813930988e-01	7.6623433828e-01
4.0827735547e+02	9.4755452871e-01	7.6365011930e-01
4.0869706491e+02	9.4695955515e-01	7.6114726067e-01
4.0911677435e+02	9.4635415077e-01	7.5946623087e-01
4.0953648379e+02	9.4573801756e-01	7.5744295120e-01
4.0995619323e+02	9.4511097670e-01	7.5573289394e-01
4.1037590267e+02	9.4447278976e-01	7.5377434492e-01
4.1079561212e+02	9.4382309914e-01	7.5241380930e-01
4.1121532156e+02	9.4316166639e-01	7.5076693296e-01
4.1163503100e+02	9.4248819351e-01	7.4950897694e-01
4.1205474044e+02	9.4180244207e-01	7.4770468473e-01
4.1247444988e+02	9.4110405445e-01	7.4657028913e-01
4.1289415932e+02	9.4039279222e-01	7.4488347769e-01
4.1331386876e+02	9.3966829777e-01	7.4473071098e-01
4.1373357820e+02	9.3893021345e-01	7.4358677864e-01
4.1415328765e+02	9.3817824125e-01	7.4274277687e-01
4.1457299709e+02	9.3741202354e-01	7.4154162407e-01
4.1499270653e+02	9.3663120270e-01	7.4099999666e-01
4.1541241597e+02	9.3583536148e-01	7.3799729347e-01
4.1583212541e+02	9.3502420187e-01	7.4086838961e-01
4.1625183485e+02	9.3419730663e-01	7.3980611563e-01
4.1667154429e+02	9.3335425854e-01	7.3969995975e-01
4.1709125373e+02	9.3249464035e-01	7.3794263601e-01
4.1751096317e+02	9.3161797523e-01	7.3702448606e-01
4.1793067262e+02	9.3072390556e-01	7.3886692524e-01
4.1835038206e+02	9.2981189489e-01	7.3498344421e-01
4.1877009150e+02	9.2888146639e-01	7.3586267233e-01
4.1918980094e+02	9.2793220282e-01	7.3735994101e-01
4.1960951038e+02	9.2696356773e-01	7.3654133081e-01
4.2002921982e+02	9.2597502470e-01	7.3592436314e-01
4.2044892926e+02	9.2496603727e-01	7.3504573107e-01
4.2086863870e+02	9.2393606901e-01	7.3674046993e-01
4.2128834815e+02	9.2288446426e-01	7.3527711630e-01
4.2170805759e+02	9.2181074619e-01	7.3456650972e-01
4.2212776703e+02	9.2071419954e-01	7.3416286707e-01
4.2254747647e+02	9.1959422827e-01	7.3359429836e-01
4.2296718591e+02	9.1845017672e-01	7.3297268152e-01
4.2338689535e+02	9.1728132963e-01	7.3202091455e-01
4.2380660479e+02	9.1608703136e-01	7.3192173243e-01
4.2422631423e+02	9.1486650705e-01	7.3148471117e-01
4.2464602368e+02	9.1361910105e-01	7.3108541965e-01
4.2506573312e+02	9.1234385967e-01	7.3081368208e-01
4.2548544256e+02	9.1104012728e-01	7.2961080074e-01
4.2590515200e+02	9.0970700979e-01	7.2949373722e-01
4.2632486144e+02	9.0834367275e-01	7.2869753838e-01
4.2674457088e+02	9.0694916248e-01	7.2803080082e-01
4.2716428032e+02	9.0552258492e-01	7.2747176886e-01
4.2758398976e+02	9.0406292677e-01	7.2690904140e-01
4.2800369920e+02	9.0256929398e-01	7.2698247433e-01
4.2842340865e+02	9.0104055405e-01	7.2633194923e-01
4.2884311809e+02	8.9947563410e-01	7.2691738605e-01
4.2926282753e+02	8.9787352085e-01	7.3006772995e-01
4.2968253697e+02	8.9623296261e-01	7.2724503279e-01
4.3010224641e+02	8.9455276728e-01	7.2253769636e-01
4.3052195585e+02	8.9283180237e-01	7.2956514359e-01
4.3094166529e+02	8.9106863737e-01	7.2906988859e-01
4.3136137473e+02	8.8926202059e-01	7.2503858805e-01
4.3178108418e+02	8.8741058111e-01	7.2491693497e-01
4.3220079362e+02	8.8551282883e-01	7.2520512342e-01
4.3262050306e+02	8.8356727362e-01	7.2465252876e-01
4.3304021250e+02	8.8157236576e-01	7.2463160753e-01
4.3345992194e+02	8.7952649593e-01	7.2547590733e-01
4.3387963138e+02	8.7742805481e-01	7.2626924515e-01
4.3429934082e+02	8.7527519464e-01	7.2710883617e-01
4.3471905026e+02	8.7306618690e-01	7.2754991055e-01
4.3513875971e+02	8.7079912424e-01	7.2809648514e-01
4.3555846915e+02	8.6847209930e-01	7.2853171825e-01
4.3597817859e+02	8.6608302593e-01	7.2861182690e-01
4.3639788803e+02	8.6362975836e-01	7.2764456272e-01
4.3681759747e+02	8.6111021042e-01	7.2726619244e-01
4.3723730691e+02	8.5852205753e-01	7.2793942690e-01
4.3765701635e+02	8.5586291552e-01	7.2695368528e-01
4.3807672579e+02	8.5313034058e-01	7.2675681114e-01
4.3849643523e+02	8.5032176971e-01	7.2605621815e-01
4.3891614468e+02	8.4743452072e-01	7.2502291203e-01
4.3933585412e+02	8.4446579218e-01	7.2426277399e-01
4.3975556356e+02	8.4141278267e-01	7.2332316637e-01
4.4017527300e+02	8.3827239275e-01	7.2162735462e-01
4.4059498244e+02	8.3504158258e-01	7.2097325325e-01
4.4101469188e+02	8.3171701431e-01	7.1948206425e-01
4.4143440132e+02	8.2829535007e-01	7.1860367060e-01
4.4185411076e+02	8.2477313280e-01	7.1691685915e-01
4.4227382021e+02	8.2114660740e-01	7.1456813812e-01
4.4269352965e+02	8.1741195917e-01	7.1285825968e-01
4.4311323909e+02	8.1356531382e-01	7.1230548620e-01
4.4353294853e+02	8.0960249901e-01	7.1065443754e-01
4.4395265797e+02	8.0551922321e-01	7.1064424515e-01
4.4437236741e+02	8.0131107569e-01	7.0721846819e-01
4.4479207685e+02	7.9697340727e-01	6.9862371683e-01
4.4521178629e+02	7.9250133038e-01	7.0416003466e-01
4.4563149574e+02	7.8788989782e-01	7.0781600475e-01
4.4605120518e+02	7.8313398361e-01	6.9359129667e-01
4.4647091462e+02	7.7822804451e-01	6.8976926804e-01
4.4689062406e+02	7.7316665649e-01	6.8461745977e-01
4.4731033350e+02	7.6794385910e-01	6.8815386295e-01
4.4773004294e+02	7.6255363226e-01	6.8269419670e-01
4.4814975238e+02	7.5698983669e-01	6.7573654652e-01
4.4856946182e+02	7.5124597549e-01	6.6981983185e-01
4.4898917126e+02	7.4531531334e-01	6.6462635994e-01
4.4940888071e+02	7.3919099569e-01	6.6058516502e-01
4.4982859015e+02	7.3286581039e-01	6.5897804499e-01
4.5024829959e+02	7.2633242607e-01	6.5183448792e-01
4.5066800903e+02	7.1958321333e-01	6.4726597071e-01
4.5108771847e+02	7.1261048317e-01	6.4022010565e-01
4.5150742791e+02	7.0540606976e-01	6.3352513313e-01
4.5192713735e+02	6.9796174765e-01	6.2621188164e-01
4.5234684679e+02	6.9026923180e-01	6.1916607618e-01
4.5276655624e+02	6.8231976032e-01	6.1358958483e-01
4.5318626568e+02	6.7410469055e-01	6.0447615385e-01
4.5360597512e+02	6.6561508179e-01	5.9470838308e-01
4.5402568456e+02	6.5684193373e-01	5.8762627840e-01
4.5444539400e+02	6.4777612686e-01	5.7758653164e-01
4.5486510344e+02	6.3840860128e-01	5.6779849529e-01
4.5528481288e+02	6.2873023748e-01	5.5764400959e-01
4.5570452232e+02	6.1873203516e-01	5.4778575897e-01
4.5612423177e+02	6.0840505362e-01	5.3634643555e-01
4.5654394121e+02	5.9774065018e-01	5.2478533983e-01
4.5696365065e+02	5.8673042059e-01	5.1295667887e-01
4.5738336009e+02	5.7536637783e-01	5.0113385916e-01
4.5780306953e+02	5.6364101171e-01	4.8924371600e-01
4.5822277897e+02	5.5154746771e-01	4.7604447603e-01
4.5864248841e+02	5.3907972574e-01	4.6318241954e-01
4.5906219785e+02	5.2623254061e-01	4.5183801651e-01
4.5948190729e+02	5.1300197840e-01	4.3790957332e-01
4.5990161674e+02	4.9938523769e-01	4.1997274756e-01
4.6032132618e+02	4.8538118601e-01	4.0590098500e-01
4.6074103562e+02	4.7099038959e-01	3.9230781794e-01
4.6116074506e+02	4.5621544123e-01	3.7675607204e-01
4.6158045450e+02	4.4106131792e-01	3.5925814509e-01
4.6200016394e+02	4.2553547025e-01	3.4577056766e-01
4.6241987338e+02	4.0964844823e-01	3.3231940866e-01
4.6283958282e+02	3.9341396093e-01	3.1295907497e-01
4.6325929227e+02	3.7684941292e-01	3.0164724588e-01
4.6367900171e+02	3.5997608304e-01	2.8434914351e-01
4.6409871115e+02	3.4281972051e-01	2.6579660177e-01
4.6451842059e+02	3.2541072369e-01	2.5188797712e-01
4.6493813003e+02	3.0778452754e-01	2.3747099936e-01
4.6535783947e+02	2.8998190165e-01	2.2175662220e-01
4.6577754891e+02	2.7204933763e-01	2.0672920346e-01
4.6619725835e+02	2.5403916836e-01	1.9199982285e-01
4.6661696780e+02	2.3600977659e-01	1.7844070494e-01
4.6703667724e+02	2.1802562475e-01	1.6485013068e-01
4.6745638668e+02	2.0015732944e-01	1.5153972805e-01
4.6787609612e+02	1.8248143792e-01	1.3940605521e-01
4.6829580556e+02	1.6508017480e-01	1.2733040750e-01
4.6871551500e+02	1.4804099500e-01	1.1612139642e-01
4.6913522444e+02	1.3145600259e-01	1.0620035231e-01
4.6955493388e+02	1.1542114615e-01	9.6173770726e-02
4.6997464332e+02	1.0003528744e-01	8.6732760072e-02
4.7039435277e+02	8.5399053991e-02	7.8892372549e-02
4.7081406221e+02	7.1613535285e-02	7.0842370391e-02
4.7123377165e+02	5.8778826147e-02	6.4705960453e-02
4.7165348109e+02	4.6992480755e-02	5.8792848140e-02
4.7207319053e+02	3.6347832531e-02	5.4201807827e-02
4.7249289997e+02	2.6932319626e-02	4.9669109285e-02
4.7291260941e+02	1.8825786188e-02	4.6061780304e-02
4.7333231885e+02	1.2098881416e-02	4.4245991856e-02
4.7375202830e+02	6.8115652539e-03	4.3765343726e-02
4.7417173774e+02	3.0117954593e-03	4.2332209647e-02
4.7459144718e+02	7.3445407907e-04	3.9849027991e-02
4.7501115662e+02	5.4806685057e-07	4.1657846421e-02
4.7543086606e+02	8.1671966473e-04	4.3564077467e-02
4.7585057550e+02	3.1750902999e-03	4.7544613481e-02
4.7627028494e+02	7.0534418337e-03	4.4744610786e-02
4.7668999438e+02	1.2415729463e-02	5.0970681012e-02
4.7710970383e+02	1.9212903455e-02	5.5483441800e-02
4.7752941327e+02	2.7384005487e-02	6.0134127736e-02
4.7794912271e+02	3.6857493222e-02	6.6753834486e-02
4.7836883215e+02	4.7552742064e-02	7.3528140783e-02
4.7878854159e+02	5.9381671250e-02	8.1908337772e-02
4.7920825103e+02	7.2250418365e-02	9.2383921146e-02
4.7962796047e+02	8.6061060429e-02	1.0109099746e-01
4.8004766991e+02	1.0071323067e-01	1.1566151679e-01
4.8046737935e+02	1.1610569060e-01	1.2449451536e-01
4.8088708880e+02	1.3213780522e-01	1.4275954664e-01
4.8130679824e+02	1.4871078730e-01	1.6235417128e-01
4.8172650768e+02	1.6572883725e-01	1.8029567599e-01
4.8214621712e+02	1.8310010433e-01	1.9967800379e-01
4.8256592656e+02	2.0073743165e-01	2.1828420460e-01
4.8298563600e+02	2.1855895221e-01	2.3896978796e-01
4.8340534544e+02	2.3648852110e-01	2.5865566730e-01
4.8382505488e+02	2.5445598364e-01	2.7899894118e-01
4.8424476433e+02	2.7239724994e-01	2.9918062687e-01
4.8466447377e+02	2.9025441408e-01	3.1899091601e-01
4.8508418321e+02	3.0797562003e-01	3.3852076530e-01
4.8550389265e+02	3.2551485300e-01	3.5600185394e-01
4.8592360209e+02	3.4283173084e-01	3.7419673800e-01
4.8634331153e+02	3.5989126563e-01	3.9097535610e-01
4.8676302097e+02	3.7666344643e-01	4.0672832727e-01
4.8718273041e+02	3.9312297106e-01	4.2349708080e-01
4.8760243986e+02	4.0924885869e-01	4.3367138505e-01
4.8802214930e+02	4.2502406240e-01	4.5576420426e-01
4.8844185874e+02	4.4043523073e-01	4.6345552802e-01
4.8886156818e+02	4.5547208190e-01	4.8301362991e-01
4.8928127762e+02	4.7012743354e-01	4.9411672354e-01
4.8970098706e+02	4.8439657688e-01	5.0287538767e-01
4.9012069650e+02	4.9827712774e-01	5.1394194365e-01
4.9054040594e+02	5.1176875830e-01	5.2255582809e-01
4.9096011538e+02	5.2487272024e-01	5.3233450651e-01
4.9137982483e+02	5.3759205341e-01	5.4235500097e-01
4.9179953427e+02	5.4993087053e-01	5.5176985264e-01
4.9221924371e+02	5.6189441681e-01	5.6104439497e-01
4.9263895315e+02	5.7348895073e-01	5.7080399990e-01
4.9305866259e+02	5.8472138643e-01	5.7841658592e-01
4.9347837203e+02	5.9559941292e-01	5.8587223291e-01
4.9389808147e+02	6.0613095760e-01	5.9612792730e-01
4.9431779091e+02	6.1632454395e-01	6.0514533520e-01
4.9473750036e+02	6.2618899345e-01	6.1153125763e-01
4.9515720980e+02	6.3573312759e-01	6.2028908730e-01
4.9557691924e+02	6.4496606588e-01	6.2731224298e-01
4.9599662868e+02	6.5389698744e-01	6.3642328978e-01
4.9641633812e+02	6.6253501177e-01	6.4154118299e-01
4.9683604756e+02	6.7088919878e-01	6.4926183224e-01
4.9725575700e+02	6.7896860838e-01	6.5579247475e-01
4.9767546644e+02	6.8678218126e-01	6.6165721416e-01
4.9809517589e+02	6.9433867931e-01	6.6369116306e-01
4.9851488533e+02	7.0164662600e-01	6.6907036304e-01
4.9893459477e+02	7.0871454477e-01	6.7638492584e-01
4.9935430421e+02	7.1555066109e-01	6.8175357580e-01
4.9977401365e+02	7.2216296196e-01	6.8861937523e-01
5.0019372309e+02	7.2855925560e-01	6.9279444218e-01
5.0061343253e+02	7.3474717140e-01	6.9828820229e-01
5.0103314197e+02	7.4073404074e-01	7.0294922590e-01
5.0145285141e+02	7.4652695656e-01	7.0675104856e-01
5.0187256086e+02	7.5213289261e-01	7.1230524778e-01
5.0229227030e+02	7.5755852461e-01	7.1607095003e-01
5.0271197974e+02	7.6281023026e-01	7.2122550011e-01
5.0313168918e+02	7.6789432764e-01	7.2161781788e-01
5.0355139862e+02	7.7281671762e-01	7.2449326515e-01
5.0397110806e+02	7.7758330107e-01	7.3415541649e-01
5.0439081750e+02	7.8219962120e-01	7.3733818531e-01
5.0481052694e+02	7.8667104244e-01	7.4052530527e-01
5.0523023639e+02	7.9100275040e-01	7.4729740620e-01
5.0564994583e+02	7.9519975185e-01	7.4656134844e-01
5.0606965527e+02	7.9926675558e-01	7.4756741524e-01
5.0648936471e+02	8.0320852995e-01	7.5914949179e-01
5.0690907415e+02	8.0702936649e-01	7.6431596279e-01
5.0732878359e+02	8.1073355675e-01	7.6481366158e-01
5.0774849303e+02	8.1432527304e-01	7.6597064734e-01
5.0816820247e+02	8.1780838966e-01	7.6940286160e-01
5.0858791192e+02	8.2118672132e-01	7.7174365520e-01
5.0900762136e+02	8.2446390390e-01	7.7458357811e-01
5.0942733080e+02	8.2764345407e-01	7.7472180128e-01
5.0984704024e+02	8.3072865009e-01	7.8403681517e-01
5.1026674968e+02	8.3372282982e-01	7.8575205803e-01
5.1068645912e+02	8.3662903309e-01	7.8756487370e-01
5.1110616856e+02	8.3945024014e-01	7.8899866343e-01
5.1152587800e+02	8.4218931198e-01	7.9244732857e-01
5.1194558744e+02	8.4484899044e-01	7.9503917694e-01
5.1236529689e+02	8.4743201733e-01	7.9774326086e-01
5.1278500633e+02	8.4994077682e-01	8.0004817247e-01
5.1320471577e+02	8.5237783194e-01	8.0296921730e-01
5.1362442521e+02	8.5474550724e-01	8.0556225777e-01
5.1404413465e+02	8.5704600811e-01	8.0749905109e-01
5.1446384409e+02	8.5928153992e-01	8.1037890911e-01
5.1488355353e+02	8.6145418882e-01	8.1281620264e-01
5.1530326297e+02	8.6356598139e-01	8.1493383646e-01
5.1572297242e+02	8.6561876535e-01	8.1760609150e-01
5.1614268186e+02	8.6761450768e-01	8.2140928507e-01
5.1656239130e+02	8.6955487728e-01	8.2348859310e-01
5.1698210074e+02	8.7144166231e-01	8.2563638687e-01
5.1740181018e+02	8.7327641249e-01	8.2832562923e-01
5.1782151962e+02	8.7506085634e-01	8.3025562763e-01
5.1824122906e+02	8.7679642439e-01	8.3231925964e-01
5.1866093850e+02	8.7848460674e-01	8.3521348238e-01
5.1908064795e+02	8.8012683392e-01	8.3891153336e-01
5.1950035739e+02	8.8172447681e-01	8.4069097042e-01
5.1992006683e+02	8.8327878714e-01	8.4261828661e-01
5.2033977627e+02	8.8479101658e-01	8.4151452780e-01
5.2075948571e+02	8.8626247644e-01	8.4363520145e-01
5.2117919515e+02	8.8769423962e-01	8.4716254473e-01
5.2159890459e+02	8.8908749819e-01	8.4541660547e-01
5.2201861403e+02	8.9044332504e-01	8.5179662704e-01
5.2243832347e+02	8.9176267385e-01	8.5076004267e-01
5.2285803292e+02	8.9304667711e-01	8.5241591930e-01
5.2327774236e+02	8.9429622889e-01	8.5555505753e-01
5.2369745180e+02	8.9551234245e-01	8.5606831312e-01
5.2411716124e+02	8.9669579268e-01	8.5898685455e-01
5.2453687068e+02	8.9784753323e-01	8.6022633314e-01
5.2495658012e+02	8.9896833897e-01	8.6167424917e-01
5.2537628956e+02	9.0005910397e-01	8.6317592859e-01
5.2579599900e+02	9.0112054348e-01	8.6464083195e-01
5.2621570845e+02	9.0215337276e-01	8.6689847708e-01
5.2663541789e+02	9.0315842628e-01	8.6716330051e-01
5.2705512733e+02	9.0413630009e-01	8.6905461550e-01
5.2747483677e+02	9.0508770943e-01	8.7039303780e-01
5.2789454621e+02	9.0601325035e-01	8.7151163816e-01
5.2831425565e+02	9.0691363811e-01	8.7293720245e-01
5.2873396509e+02	9.0778934956e-01	8.7428236008e-01
5.2915367453e+02	9.0864109993e-01	8.7470090389e-01
5.2957338398e+02	9.0946936607e-01	8.7550836802e-01
5.2999309342e+02	9.1027468443e-01	8.7666440010e-01
5.3041280286e+02	9.1105759144e-01	8.7727993727e-01
5.3083251230e+02	9.1181862354e-01	8.7801647186e-01
5.3125222174e+02	9.1255825758e-01	8.7911307812e-01
5.3167193118e+02	9.1327691078e-01	8.7969058752e-01
5.3209164062e+02	9.1397500038e-01	8.8150388002e-01
5.3251135006e+02	9.1465312243e-01	8.8183146715e-01
5.3293105950e+02	9.1531151533e-01	8.8320177794e-01
5.3335076895e+02	9.1595065594e-01	8.8501691818e-01
5.3377047839e+02	9.1657096148e-01	8.8451385498e-01
5.3419018783e+02	9.1717278957e-01	8.8421392441e-01
5.3460989727e+02	9.1775643826e-01	8.8886231184e-01
5.3502960671e+02	9.1832232475e-01	8.8731843233e-01
5.3544931615e+02	9.1887074709e-01	8.8857203722e-01
5.3586902559e+02	9.1940206289e-01	8.9195781946e-01
5.3628873503e+02	9.1991657019e-01	8.8797646761e-01
5.3670844448e+02	9.2041456699e-01	8.8920974731e-01
5.3712815392e+02	9.2089629173e-01	8.9201575518e-01
5.3754786336e+02	9.2136210203e-01	8.9224147797e-01
5.3796757280e+02	9.2181217670e-01	8.9293289185e-01
5.3838728224e+02	9.2224687338e-01	8.9430177212e-01
5.3880699168e+02	9.2266631126e-01	8.9479601383e-01
5.3922670112e+02	9.2307084799e-01	8.9439332485e-01
5.3964641056e+02	9.2346060276e-01	8.9488297701e-01
5.4006612001e+02	9.2383587360e-01	8.9490884542e-01
5.4048582945e+02	9.2419683933e-01	8.9514541626e-01
5.4090553889e+02	9.2454367876e-01	8.9436268806e-01
5.4132524833e+02	9.2487657070e-01	8.9411103725e-01
5.4174495777e+02	9.2519575357e-01	8.9416563511e-01
5.4216466721e+02	9.2550134659e-01	8.9372009039e-01
5.4258437665e+02	9.2579352856e-01	8.9341884851e-01
5.4300408609e+02	9.2607247829e-01	8.9339345694e-01
5.4342379553e+02	9.2633837461e-01	8.9275944233e-01
5.4384350498e+02	9.2659127712e-01	8.9272826910e-01
5.4426321442e+02	9.2683130503e-01	8.9238214493e-01
5.4468292386e+02	9.2705869675e-01	8.9177602530e-01
5.4510263330e+02	9.2727351189e-01	8.9167618752e-01
5.4552234274e+02	9.2747586966e-01	8.9136213064e-01
5.4594205218e+02	9.2766582966e-01	8.9138686657e-01
5.4636176162e+02	9.2784357071e-01	8.9158761501e-01
5.4678147106e+02	9.2800909281e-01	8.9143788815e-01
5.4720118051e+02	9.2816257477e-01	8.9103841782e-01
5.4762088995e+02	9.2830407619e-01	8.9148300886e-01
5.4804059939e+02	9.2843359709e-01	8.9005762339e-01
5.4846030883e+02	9.2855131626e-01	8.8969910145e-01
5.4888001827e+02	9.2865723372e-01	8.9502906799e-01
5.4929972771e+02	9.2875134945e-01	8.9300322533e-01
5.4971943715e+02	9.2883384228e-01	8.8973647356e-01
5.5013914659e+02	9.2890465260e-01	8.8903659582e-01
5.5055885604e+02	9.2896384001e-01	8.9115768671e-01
5.5097856548e+02	9.2901140451e-01	8.9235430956e-01
5.5139827492e+02	9.2904746532e-01	8.9100509882e-01
5.5181798436e+02	9.2907196283e-01	8.8790184259e-01
5.5223769380e+02	9.2908489704e-01	8.9158940315e-01
5.5265740324e+02	9.2908632755e-01	8.9023095369e-01
5.5307711268e+02	9.2907625437e-01	8.9219522476e-01
5.5349682212e+02	9.2905467749e-01	8.8789206743e-01
5.5391653156e+02	9.2902147770e-01	8.8685548306e-01
5.5433624101e+02	9.2897677422e-01	8.8854682446e-01
5.5475595045e+02	9.2892050743e-01	8.8871252537e-01
5.5517565989e+02	9.2885261774e-01	8.8833010197e-01
5.5559536933e+02	9.2877304554e-01	8.8684964180e-01
5.5601507877e+02	9.2868185043e-01	8.8951826096e-01
5.5643478821e+02	9.2857891321e-01	8.8838618994e-01
5.5685449765e+02	9.2846411467e-01	8.8804751635e-01
5.5727420709e+02	9.2833757401e-01	8.8779675961e-01
5.5769391654e+02	9.2819905281e-01	8.8786798716e-01
5.5811362598e+02	9.2804861069e-01	8.8801980019e-01
5.5853333542e+02	9.2788606882e-01	8.8741576672e-01
5.5895304486e+02	9.2771136761e-01	8.8762968779e-01
5.5937275430e+02	9.2752450705e-01	8.8749206066e-01
5.5979246374e+02	9.2732524872e-01	8.8670849800e-01
5.6021217318e+02	9.2711359262e-01	8.8671094179e-01
5.6063188262e+02	9.2688935995e-01	8.8708394766e-01
5.6105159207e+02	9.2665243149e-01	8.8617062569e-01
5.6147130151e+02	9.2640274763e-01	8.8620823622e-01
5.6189101095e+02	9.2614018917e-01	8.8556289673e-01
5.6231072039e+02	9.2586451769e-01	8.8518750668e-01
5.6273042983e+02	9.2557561398e-01	8.8510578871e-01
5.6315013927e+02	9.2527341843e-01	8.8522744179e-01
5.6356984871e+02	9.2495763302e-01	8.8469398022e-01
5.6398955815e+02	9.2462813854e-01	8.8435977697e-01
5.6440926759e+02	9.2428481579e-01	8.8451278210e-01
5.6482897704e+02	9.2392742634e-01	8.8354700804e-01
5.6524868648e+02	9.2355573177e-01	8.8366240263e-01
5.6566839592e+02	9.2316961288e-01	8.8279235363e-01
5.6608810536e+02	9.2276883125e-01	8.8174927235e-01
5.6650781480e+02	9.2235308886e-01	8.8261169195e-01
5.6692752424e+02	9.2192226648e-01	8.8573515415e-01
5.6734723368e+02	9.2147606611e-01	8.8068515062e-01
5.6776694312e+02	9.2101418972e-01	8.8234025240e-01
5.6818665257e+02	9.2053645849e-01	8.7923234701e-01
5.6860636201e+02	9.2004257441e-01	8.7856912613e-01
5.6902607145e+02	9.1953223944e-01	8.8471692801e-01
5.6944578089e+02	9.1900515556e-01	8.8109153509e-01
5.6986549033e+02	9.1846102476e-01	8.7926977873e-01
5.7028519977e+02	9.1789954901e-01	8.7854343653e-01
5.7070490921e+02	9.1732031107e-01	8.7779694796e-01
5.7112461865e+02	9.1672307253e-01	8.7643224001e-01
5.7154432810e+02	9.1610747576e-01	8.7854611874e-01
5.7196403754e+02	9.1547304392e-01	8.7726306915e-01
5.7238374698e+02	9.1481947899e-01	8.7716388702e-01
5.7280345642e+02	9.1414636374e-01	8.7608218193e-01
5.7322316586e+02	9.1345328093e-01	8.7689059973e-01
5.7364287530e+02	9.1273981333e-01	8.7520819902e-01
5.7406258474e+02	9.1200548410e-01	8.7480914593e-01
5.7448229418e+02	9.1124987602e-01	8.7460184097e-01
5.7490200362e+02	9.1047245264e-01	8.7437146902e-01
5.7532171307e+02	9.0967279673e-01	8.7308901548e-01
5.7574142251e+02	9.0885031223e-01	8.7504422665e-01
5.7616113195e+02	9.0800446272e-01	8.7491899729e-01
5.7658084139e+02	9.0713477135e-01	8.7345623970e-01
5.7700055083e+02	9.0624064207e-01	8.7399762869e-01
5.7742026027e+02	9.0532141924e-01	8.7322264910e-01
5.7783996971e+02	9.0437656641e-01	8.7271487713e-01
5.7825967915e+02	9.0340536833e-01	8.7196087837e-01
5.7867938860e+02	9.0240716934e-01	8.7121766806e-01
5.7909909804e+02	9.0138131380e-01	8.7150412798e-01
5.7951880748e+02	9.0032708645e-01	8.7071913481e-01
5.7993851692e+02	8.9924377203e-01	8.7077778578e-01
5.8035822636e+02	8.9813053608e-01	8.6994165182e-01
5.8077793580e+02	8.9698660374e-01	8.6946481466e-01
5.8119764524e+02	8.9581114054e-01	8.6813282967e-01
5.8161735468e+02	8.9460331202e-01	8.6761116982e-01
5.8203706413e+02	8.9336222410e-01	8.6616551876e-01
5.8245677357e+02	8.9208692312e-01	8.6523115635e-01
5.8287648301e+02	8.9077645540e-01	8.6499452591e-01
5.8329619245e+02	8.8942986727e-01	8.6342185736e-01
5.8371590189e+02	8.8804608583e-01	8.6089116335e-01
5.8413561133e+02	8.8662403822e-01	8.5890948772e-01
5.8455532077e+02	8.8516259193e-01	8.5843807459e-01
5.8497503021e+02	8.8366061449e-01	8.5799741745e-01
5.8539473965e+02	8.8211697340e-01	8.5645419359e-01
5.8581444910e+02	8.8053029776e-01	8.5806876421e-01
5.8623415854e+02	8.7889933586e-01	8.5015499592e-01
5.8665386798e+02	8.7722277641e-01	8.4893512726e-01
5.8707357742e+02	8.7549918890e-01	8.4712022543e-01
5.8749328686e+02	8.7372708321e-01	8.4418082237e-01
5.8791299630e+02	8.7190502882e-01	8.4098005295e-01
5.8833270574e+02	8.7003141642e-01	8.3650112152e-01
5.8875241518e+02	8.6810457706e-01	8.3551114798e-01
5.8917212463e+02	8.6612290144e-01	8.3286345005e-01
5.8959183407e+02	8.6408454180e-01	8.2968580723e-01
5.9001154351e+02	8.6198765039e-01	8.2600748539e-01
5.9043125295e+02	8.5983043909e-01	8.2303321362e-01
5.9085096239e+02	8.5761076212e-01	8.1711864471e-01
5.9127067183e+02	8.5532671213e-01	8.1567627192e-01
5.9169038127e+02	8.5297602415e-01	8.1222242117e-01
5.9211009071e+02	8.5055655241e-01	8.0702310801e-01
5.9252980016e+02	8.4806591272e-01	8.0247575045e-01
5.9294950960e+02	8.4550172091e-01	7.9885667562e-01
5.9336921904e+02	8.4286141396e-01	7.9230707884e-01
5.9378892848e+02	8.4014242887e-01	7.8760993481e-01
5.9420863792e+02	8.3734202385e-01	7.8176182508e-01
5.9462834736e+02	8.3445733786e-01	7.7535259724e-01
5.9504805680e+02	8.3148545027e-01	7.6932138205e-01
5.9546776624e+02	8.2842326164e-01	7.6238936186e-01
5.9588747568e+02	8.2526761293e-01	7.5514811277e-01
5.9630718513e+02	8.2201516628e-01	7.4911201000e-01
5.9672689457e+02	8.1866246462e-01	7.4148339033e-01
5.9714660401e+02	8.1520587206e-01	7.3326593637e-01
5.9756631345e+02	8.1164169312e-01	7.2512668371e-01
5.9798602289e+02	8.0796593428e-01	7.1662563086e-01
5.9840573233e+02	8.0417466164e-01	7.0729500055e-01
5.9882544177e+02	8.0026352406e-01	6.9743555784e-01
5.9924515121e+02	7.9622823000e-01	6.8930059671e-01
5.9966486066e+02	7.9206418991e-01	6.7932522297e-01
6.0008457010e+02	7.8776663542e-01	6.7059177160e-01
6.0050427954e+02	7.8333055973e-01	6.6227406263e-01
6.0092398898e+02	7.7875101566e-01	6.5241205692e-01
6.0134369842e+02	7.7402245998e-01	6.4250463247e-01
6.0176340786e+02	7.6913952827e-01	6.3290613890e-01
6.0218311730e+02	7.6409643888e-01	6.2855947018e-01
6.0260282674e+02	7.5888717175e-01	6.1226981878e-01
6.0302253619e+02	7.5350564718e-01	6.0145491362e-01
6.0344224563e+02	7.4794542789e-01	5.9289085865e-01
6.0386195507e+02	7.4219983816e-01	5.8171892166e-01
6.0428166451e+02	7.3626208305e-01	5.7541745901e-01
6.0470137395e+02	7.3012512922e-01	5.6796836853e-01
6.0512108339e+02	7.2378164530e-01	5.5957192183e-01
6.0554079283e+02	7.1722400188e-01	5.4955130816e-01
6.0596050227e+02	7.1044462919e-01	5.4439020157e-01
6.0638021171e+02	7.0343542099e-01	5.3933835030e-01
6.0679992116e+02	6.9618821144e-01	5.2488565445e-01
6.0721963060e+02	6.8869465590e-01	5.1607722044e-01
6.0763934004e+02	6.8094617128e-01	5.0726652145e-01
6.0805904948e+02	6.7293399572e-01	5.0459486246e-01
6.0847875892e+02	6.6464930773e-01	4.9749514461e-01
6.0889846836e+02	6.5608310699e-01	4.8714435101e-01
6.0931817780e+02	6.4722627401e-01	4.7810032964e-01
6.0973788724e+02	6.3806962967e-01	4.7092670202e-01
6.1015759669e+02	6.2860411406e-01	4.6361708641e-01
6.1057730613e+02	6.1882060766e-01	4.5467251539e-01
6.1099701557e+02	6.0871011019e-01	4.4577294588e-01
6.1141672501e+02	5.9826380014e-01	4.3661421537e-01
6.1183643445e+02	5.8747321367e-01	4.2872205377e-01
6.1225614389e+02	5.7633006573e-01	4.1972136497e-01
6.1267585333e+02	5.6482672691e-01	4.1113859415e-01
6.1309556277e+02	5.5295598507e-01	4.0237253904e-01
6.1351527222e+02	5.4071152210e-01	3.9462646842e-01
6.1393498166e+02	5.2808773518e-01	3.8478073478e-01
6.1435469110e+02	5.1508021355e-01	3.7563794851e-01
6.1477440054e+02	5.0168567896e-01	3.6658155918e-01
6.1519410998e+02	4.8790237308e-01	3.5902470350e-01
6.1561381942e+02	4.7373023629e-01	3.4821888804e-01
6.1603352886e+02	4.5917105675e-01	3.3887773752e-01
6.1645323830e+02	4.4422897696e-01	3.3036136627e-01
6.1687294774e+02	4.2891055346e-01	3.2080638409e-01
6.1729265719e+02	4.1322520375e-01	3.1134989858e-01
6.1771236663e+02	3.9718550444e-01	3.0240193009e-01
6.1813207607e+02	3.8080754876e-01	2.8849321604e-01
6.1855178551e+02	3.6411133409e-01	2.7471810579e-01
6.1897149495e+02	3.4712100029e-01	2.5643125176e-01
6.1939120439e+02	3.2986536622e-01	2.6524066925e-01
6.1981091383e+02	3.1237813830e-01	2.3698258400e-01
6.2023062327e+02	2.9469832778e-01	2.1925537288e-01
6.2065033272e+02	2.7687051892e-01	2.2181841731e-01
6.2107004216e+02	2.5894507766e-01	2.1246069670e-01
6.2148975160e+02	2.4097840488e-01	2.0182299614e-01
6.2190946104e+02	2.2303302586e-01	1.9272069633e-01
6.2232917048e+02	2.0517759025e-01	1.8400761485e-01
6.2274887992e+02	1.8748676777e-01	1.7406383157e-01
6.2316858936e+02	1.7004102468e-01	1.6605515778e-01
6.2358829880e+02	1.5292625129e-01	1.5849336982e-01
6.2400800825e+02	1.3623319566e-01	1.5000206232e-01
6.2442771769e+02	1.2005673349e-01	1.4234879613e-01
6.2484742713e+02	1.0449501127e-01	1.3680875301e-01
6.2526713657e+02	8.9648321271e-02	1.2970276177e-01
6.2568684601e+02	7.5617879629e-02	1.2359916419e-01
6.2610655545e+02	6.2504410744e-02	1.1911562085e-01
6.2652626489e+02	5.0406601280e-02	1.1441801488e-01
6.2694597433e+02	3.9419487119e-02	1.1008013040e-01
6.2736568377e+02	2.9632752761e-02	1.0752783716e-01
6.2778539322e+02	2.1129041910e-02	1.0322605073e-01
6.2820510266e+02	1.3982314616e-02	9.9862277508e-02
6.2862481210e+02	8.2563050091e-03	9.5667012036e-02
6.2904452154e+02	4.0031531826e-03	9.0587377548e-02
6.2946423098e+02	1.2622419745e-03	8.9903406799e-02
6.2988394042e+02	5.9306061303e-05	8.6122795939e-02
6.3030364986e+02	4.0583839291e-04	8.2330033183e-02
6.3072335930e+02	2.2988244891e-03	7.9789556563e-02
6.3114306875e+02	5.7208151557e-03	7.6919674873e-02
6.3156277819e+02	1.0640332475e-02	7.3985636234e-02
6.3198248763e+02	1.7012596130e-02	7.1496620774e-02
6.3240219707e+02	2.4780530483e-02	6.9017454982e-02
6.3282190651e+02	3.3876027912e-02	6.6621594131e-02
6.3324161595e+02	4.4221390039e-02	6.4645014703e-02
6.3366132539e+02	5.5730927736e-02	6.3290171325e-02
6.3408103483e+02	6.8312615156e-02	6.1238303781e-02
6.3450074428e+02	8.1869795918e-02	5.9582062066e-02
6.3492045372e+02	9.6302866936e-02	5.8112420142e-02
6.3534016316e+02	1.1151082814e-01	5.4784454405e-02
6.3575987260e+02	1.2739282846e-01	5.4642602801e-02
6.3617958204e+02	1.4384944737e-01	5.3277499974e-02
6.3659929148e+02	1.6078390181e-01	5.2335754037e-02
6.3701900092e+02	1.7810305953e-01	5.2376884967e-02
6.3743871036e+02	1.9571824372e-01	5.2542548627e-02
6.3785841980e+02	2.1354584396e-01	5.3002364933e-02
6.3827812925e+02	2.3150788248e-01	5.2205324173e-02
6.3869783869e+02	2.4953226745e-01	5.1892176270e-02
6.3911754813e+02	2.6755294204e-01	5.0864454359e-02
6.3953725757e+02	2.8551003337e-01	5.0332058221e-02
6.3995696701e+02	3.0334970355e-01	5.5940516293e-02
6.4037667645e+02	3.2102406025e-01	5.4538525641e-02
6.4079638589e+02	3.3849087358e-01	5.8557707816e-02
6.4121609533e+02	3.5571342707e-01	5.8528419584e-02
6.4163580478e+02	3.7266007066e-01	5.9830252081e-02
6.4205551422e+02	3.8930398226e-01	5.8872647583e-02
6.4247522366e+02	4.0562275052e-01	6.2926411629e-02
6.4289493310e+02	4.2159801722e-01	6.6424168646e-02
6.4331464254e+02	4.3721523881e-01	6.9603711367e-02
6.4373435198e+02	4.5246309042e-01	7.5500823557e-02
6.4415406142e+02	4.6733337641e-01	7.8962132335e-02
6.4457377086e+02	4.8182052374e-01	8.5175476968e-02
6.4499348031e+02	4.9592134356e-01	9.1864891350e-02
6.4541318975e+02	5.0963485241e-01	9.7232177854e-02
6.4583289919e+02	5.2296173573e-01	1.0283748060e-01
6.4625260863e+02	5.3590440750e-01	1.1067975312e-01
6.4667231807e+02	5.4846656322e-01	1.1919778585e-01
6.4709202751e+02	5.6065309048e-01	1.2729096413e-01
6.4751173695e+02	5.7246983051e-01	1.3693490624e-01
6.4793144639e+02	5.8392351866e-01	1.4641854167e-01
6.4835115583e+02	5.9502142668e-01	1.5721276402e-01
6.4877086528e+02	6.0577154160e-01	1.6853897274e-01
6.4919057472e+02	6.1618202925e-01	1.7922511697e-01
6.4961028416e+02	6.2626159191e-01	1.9220170379e-01
6.5002999360e+02	6.3601905107e-01	2.0455254614e-01
6.5044970304e+02	6.4546340704e-01	2.1733039618e-01
6.5086941248e+02	6.5460377932e-01	2.3158138990e-01
6.5128912192e+02	6.6344922781e-01	2.4537605047e-01
6.5170883136e+02	6.7200887203e-01	2.6041778922e-01
6.5212854081e+02	6.8029171228e-01	2.7584791183e-01
6.5254825025e+02	6.8830674887e-01	2.8961694241e-01
6.5296795969e+02	6.9606268406e-01	3.0553048849e-01
6.5338766913e+02	7.0356822014e-01	3.2202503085e-01
6.5380737857e+02	7.1083182096e-01	3.3705577254e-01
6.5422708801e+02	7.1786171198e-01	3.5319295526e-01
6.5464679745e+02	7.2466605902e-01	3.7050244212e-01
6.5506650689e+02	7.3125261068e-01	3.8500851393e-01
6.5548621634e+02	7.3762917519e-01	4.0325981379e-01
6.5590592578e+02	7.4380302429e-01	4.1923144460e-01
6.5632563522e+02	7.4978142977e-01	4.3366277218e-01
6.5674534466e+02	7.5557136536e-01	4.4935530424e-01
6.5716505410e+02	7.6117956638e-01	4.6319711208e-01
6.5758476354e+02	7.6661252975e-01	4.7753918171e-01
6.5800447298e+02	7.7187657356e-01	4.9092876911e-01
6.5842418242e+02	7.7697783709e-01	5.0335294008e-01
6.5884389186e+02	7.8192204237e-01	5.1640897989e-01
6.5926360131e+02	7.8671497107e-01	5.2949982882e-01
6.5968331075e+02	7.9136198759e-01	5.3990507126e-01
6.6010302019e+02	7.9586839676e-01	5.5295699835e-01
6.6052272963e+02	8.0023926497e-01	5.6199663877e-01
6.6094243907e+02	8.0447936058e-01	5.7272297144e-01
6.6136214851e+02	8.0859339237e-01	5.8355182409e-01
6.6178185795e+02	8.1258589029e-01	5.9312933683e-01
6.6220156739e+02	8.1646120548e-01	6.0188364983e-01
6.6262127684e+02	8.2022345066e-01	6.1127024889e-01
6.6304098628e+02	8.2387661934e-01	6.1793977022e-01
6.6346069572e+02	8.2742458582e-01	6.2628632784e-01
6.6388040516e+02	8.3087104559e-01	6.3539952040e-01
6.6430011460e+02	8.3421951532e-01	6.4119195938e-01
6.6471982404e+02	8.3747345209e-01	6.4713525772e-01
6.6513953348e+02	8.4063619375e-01	6.5501499176e-01
6.6555924292e+02	8.4371078014e-01	6.6015696526e-01
6.6597895237e+02	8.4670025110e-01	6.6608792543e-01
6.6639866181e+02	8.4960758686e-01	6.7200446129e-01
6.6681837125e+02	8.5243558884e-01	6.7741775513e-01
6.6723808069e+02	8.5518693924e-01	6.8209713697e-01
6.6765779013e+02	8.5786420107e-01	6.8793803453e-01
6.6807749957e+02	8.6046987772e-01	6.9269484282e-01
6.6849720901e+02	8.6300635338e-01	6.9748634100e-01
6.6891691845e+02	8.6547595263e-01	7.0153808594e-01
6.6933662789e+02	8.6788082123e-01	7.0595401525e-01
6.6975633734e+02	8.7022322416e-01	7.1050095558e-01
6.7017604678e+02	8.7250506878e-01	7.1576762199e-01
6.7059575622e+02	8.7472844124e-01	7.1940970421e-01
6.7101546566e+02	8.7689512968e-01	7.2338986397e-01
6.7143517510e+02	8.7900704145e-01	7.2766923904e-01
6.7185488454e+02	8.8106584549e-01	7.3280429840e-01
6.7227459398e+02	8.8307332993e-01	7.3569685221e-01
6.7269430342e+02	8.8503110409e-01	7.3976129293e-01
6.7311401287e+02	8.8694065809e-01	7.4345874786e-01
6.7353372231e+02	8.8880354166e-01	7.4656647444e-01
6.7395343175e+02	8.9062124491e-01	7.5012665987e-01
6.7437314119e+02	8.9239507914e-01	7.5361180305e-01
6.7479285063e+02	8.9412653446e-01	7.5630438328e-01
6.7521256007e+02	8.9581674337e-01	7.5938248634e-01
6.7563226951e+02	8.9746713638e-01	7.6284235716e-01
6.7605197895e+02	8.9907872677e-01	7.6453626156e-01
6.7647168840e+02	9.0065282583e-01	7.6860171556e-01
6.7689139784e+02	9.0219050646e-01	7.7043873072e-01
6.7731110728e+02	9.0369284153e-01	7.7386242151e-01
6.7773081672e+02	9.0516090393e-01	7.7613317966e-01
6.7815052616e+02	9.0659564734e-01	7.7845025063e-01
6.7857023560e+02	9.0799808502e-01	7.8082329035e-01
6.7898994504e+02	9.0936911106e-01	7.8272646666e-01
6.7940965448e+02	9.1070973873e-01	7.8524768353e-01
6.7982936392e+02	9.1202074289e-01	7.8762286901e-01
6.8024907337e+02	9.1330295801e-01	7.8928726912e-01
6.8066878281e+02	9.1455727816e-01	7.9055178165e-01
6.8108849225e+02	9.1578447819e-01	7.9282271862e-01
6.8150820169e+02	9.1698521376e-01	7.9435163736e-01
6.8192791113e+02	9.1816037893e-01	7.9661595821e-01
6.8234762057e+02	9.1931056976e-01	7.9810017347e-01
6.8276733001e+02	9.2043644190e-01	7.9987937212e-01
6.8318703945e+02	9.2153882980e-01	8.0221170187e-01
6.8360674890e+02	9.2261821032e-01	8.0262410641e-01
6.8402645834e+02	9.2367523909e-01	8.0439496040e-01
6.8444616778e+02	9.2471057177e-01	8.0653291941e-01
6.8486587722e+02	9.2572480440e-01	8.0739194155e-01
6.8528558666e+02	9.2671841383e-01	8.0887711048e-01
6.8570529610e+02	9.2769193649e-01	8.1007790565e-01
6.8612500554e+02	9.2864602804e-01	8.1184792519e-01
6.8654471498e+02	9.2958110571e-01	8.1380254030e-01
6.8696442443e+02	9.3049764633e-01	8.1455117464e-01
6.8738413387e+02	9.3139618635e-01	8.1580078602e-01
6.8780384331e+02	9.3227714300e-01	8.1727838516e-01
6.8822355275e+02	9.3314099312e-01	8.1829613447e-01
6.8864326219e+02	9.3398815393e-01	8.1929135323e-01
6.8906297163e+02	9.3481904268e-01	8.2094174623e-01
6.8948268107e+02	9.3563407660e-01	8.2169514894e-01
6.8990239051e+02	9.3643373251e-01	8.2295560837e-01
6.9032209995e+02	9.3721824884e-01	8.2479304075e-01
6.9074180940e+02	9.3798810244e-01	8.2519274950e-01
6.9116151884e+02	9.3874359131e-01	8.2672280073e-01
6.9158122828e+02	9.3948507309e-01	8.2781600952e-01
6.9200093772e+02	9.4021296501e-01	8.2849705219e-01
6.9242064716e+02	9.4092750549e-01	8.2893788815e-01
6.9284035660e+02	9.4162911177e-01	8.2993507385e-01
6.9326006604e+02	9.4231796265e-01	8.3075165749e-01
6.9367977548e+02	9.4299447536e-01	8.3182168007e-01
6.9409948493e+02	9.4365888834e-01	8.3313143253e-01
6.9451919437e+02	9.4431143999e-01	8.3292794228e-01
6.9493890381e+02	9.4495254755e-01	8.3360779285e-01
6.9535861325e+02	9.4558233023e-01	8.3425050974e-01
6.9577832269e+02	9.4620114565e-01	8.3457475901e-01
6.9619803213e+02	9.4680923223e-01	8.3592200279e-01
6.9661774157e+02	9.4740682840e-01	8.3663332462e-01
6.9703745101e+02	9.4799411297e-01	8.3660119772e-01
6.9745716046e+02	9.4857138395e-01	8.3765155077e-01
6.9787686990e+02	9.4913887978e-01	8.3772635460e-01
6.9829657934e+02	9.4969677925e-01	8.3836948872e-01
6.9871628878e+02	9.5024532080e-01	8.3866739273e-01
6.9913599822e+02	9.5078468323e-01	8.4023314714e-01
6.9955570766e+02	9.5131510496e-01	8.4056925774e-01
6.9997541710e+02	9.5183676481e-01	8.4121495485e-01
7.0039512654e+02	9.5234984159e-01	8.4182256460e-01
7.0081483598e+02	9.5285457373e-01	8.4197956324e-01
7.0123454543e+02	9.5335102081e-01	8.4302121401e-01
7.0165425487e+02	9.5383954048e-01	8.4369260073e-01
7.0207396431e+02	9.5432013273e-01	8.4403055906e-01
7.0249367375e+02	9.5479309559e-01	8.4397715330e-01
7.0291338319e+02	9.5525848866e-01	8.4492158890e-01
7.0333309263e+02	9.5571655035e-01	8.4508144855e-01
7.0375280207e+02	9.5616739988e-01	8.4582930803e-01
7.0417251151e+02	9.5661121607e-01	8.4561508894e-01
7.0459222096e+02	9.5704805851e-01	8.4583455324e-01
7.0501193040e+02	9.5747822523e-01	8.4679168463e-01
7.0543163984e+02	9.5790165663e-01	8.4682637453e-01
7.0585134928e+02	9.5831865072e-01	8.4772539139e-01
7.0627105872e+02	9.5872926712e-01	8.4786605835e-01
7.0669076816e+02	9.5913368464e-01	8.4821456671e-01
7.0711047760e+02	9.5953196287e-01	8.4871172905e-01
7.0753018704e+02	9.5992428064e-01	8.4930056334e-01
7.0794989649e+02	9.6031075716e-01	8.4934806824e-01
7.0836960593e+02	9.6069145203e-01	8.5001969337e-01
7.0878931537e+02	9.6106648445e-01	8.4991031885e-01
7.0920902481e+02	9.6143603325e-01	8.5024964809e-01
7.0962873425e+02	9.6180015802e-01	8.5076117516e-01
7.1004844369e+02	9.6215897799e-01	8.5091167688e-01
7.1046815313e+02	9.6251261234e-01	8.5135859251e-01
7.1088786257e+02	9.6286112070e-01	8.5144293308e-01
7.1130757201e+02	9.6320462227e-01	8.5128998756e-01
7.1172728146e+02	9.6354323626e-01	8.5173803568e-01
7.1214699090e+02	9.6387702227e-01	8.5213857889e-01
7.1256670034e+02	9.6420603991e-01	8.5231959820e-01
7.1298640978e+02	9.6453046799e-01	8.5288703442e-01
7.1340611922e+02	9.6485036612e-01	8.5260182619e-01
7.1382582866e+02	9.6516573429e-01	8.5318309069e-01
7.1424553810e+02	9.6547675133e-01	8.5281938314e-01
7.1466524754e+02	9.6578353643e-01	8.5315585136e-01
7.1508495699e+02	9.6608603001e-01	8.5355055332e-01
7.1550466643e+02	9.6638441086e-01	8.5344463587e-01
7.1592437587e+02	9.6667867899e-01	8.5388594866e-01
7.1634408531e+02	9.6696901321e-01	8.5408675671e-01
7.1676379475e+02	9.6725541353e-01	8.5456311703e-01
7.1718350419e+02	9.6753793955e-01	8.5476315022e-01
7.1760321363e+02	9.6781671047e-01	8.5462158918e-01
7.1802292307e+02	9.6809178591e-01	8.5516947508e-01
7.1844263252e+02	9.6836316586e-01	8.5503733158e-01
7.1886234196e+02	9.6863102913e-01	8.5545170307e-01
7.1928205140e+02	9.6889531612e-01	8.5535740852e-01
7.1970176084e+02	9.6915614605e-01	8.5545438528e-01
7.2012147028e+02	9.6941363811e-01	8.5598111153e-01
7.2054117972e+02	9.6966773272e-01	8.5603159666e-01
7.2096088916e+02	9.6991860867e-01	8.5612457991e-01
7.2138059860e+02	9.7016620636e-01	8.5638290644e-01
7.2180030804e+02	9.7041070461e-01	8.5692632198e-01
7.2222001749e+02	9.7065204382e-01	8.5671186447e-01
7.2263972693e+02	9.7089034319e-01	8.5655963421e-01
7.2305943637e+02	9.7112560272e-01	8.5645169020e-01
7.2347914581e+02	9.7135794163e-01	8.5743838549e-01
7.2389885525e+02	9.7158735991e-01	8.5670018196e-01
7.2431856469e+02	9.7181397676e-01	8.5722136497e-01
7.2473827413e+02	9.7203773260e-01	8.5712510347e-01
7.2515798357e+02	9.7225868702e-01	8.5722607374e-01
7.2557769302e+02	9.7247701883e-01	8.5733842850e-01
7.2599740246e+02	9.7269260883e-01	8.5737216473e-01
7.2641711190e+02	9.7290557623e-01	8.5767793655e-01
7.2683682134e+02	9.7311598063e-01	8.5741746426e-01
7.2725653078e+02	9.7332382202e-01	8.5705548525e-01
7.2767624022e+02	9.7352921963e-01	8.5695892572e-01
7.2809594966e+02	9.7373211384e-01	8.5734426975e-01
7.2851565910e+02	9.7393256426e-01	8.5676163435e-01
7.2893536855e+02	9.7413063049e-01	8.5744071007e-01
7.2935507799e+02	9.7432643175e-01	8.5722643137e-01
7.2977478743e+02	9.7451984882e-01	8.5717242956e-01
7.3019449687e+02	9.7471100092e-01	8.5703861713e-01
7.3061420631e+02	9.7489994764e-01	8.5740858316e-01
7.3103391575e+02	9.7508668900e-01	8.5688459873e-01
7.3145362519e+02	9.7527128458e-01	8.5708659887e-01
7.3187333463e+02	9.7545373440e-01	8.5694724321e-01
7.3229304407e+02	9.7563409805e-01	8.5694175959e-01
7.3271275352e+02	9.7581237555e-01	8.5749685764e-01
7.3313246296e+02	9.7598862648e-01	8.5749363899e-01
7.3355217240e+02	9.7616285086e-01	8.5676896572e-01
7.3397188184e+02	9.7633510828e-01	8.5750710964e-01
7.3439159128e+02	9.7650545835e-01	8.5659468174e-01
7.3481130072e+02	9.7667390108e-01	8.5655462742e-01
7.3523101016e+02	9.7684043646e-01	8.5690778494e-01
7.3565071960e+02	9.7700512409e-01	8.5653346777e-01
7.3607042905e+02	9.7716796398e-01	8.5714918375e-01
7.3649013849e+02	9.7732901573e-01	8.5693281889e-01
7.3690984793e+02	9.7748833895e-01	8.5718977451e-01
7.3732955737e+02	9.7764587402e-01	8.5691261292e-01
7.3774926681e+02	9.7780168056e-01	8.5618633032e-01
7.3816897625e+02	9.7795581818e-01	8.5632789135e-01
7.3858868569e+02	9.7810822725e-01	8.5651099682e-01
7.3900839513e+02	9.7825908661e-01	8.5679244995e-01
7.3942810458e+02	9.7840827703e-01	8.5624009371e-01
7.3984781402e+02	9.7855585814e-01	8.5630631447e-01
7.4026752346e+02	9.7870188951e-01	8.5643589497e-01
7.4068723290e+02	9.7884631157e-01	8.5601472855e-01
7.4110694234e+02	9.7898924351e-01	8.5631978512e-01
7.4152665178e+02	9.7913068533e-01	8.5603290796e-01
7.4194636122e+02	9.7927063704e-01	8.5599088669e-01
7.4236607066e+02	9.7940909863e-01	8.5598659515e-01
7.4278578010e+02	9.7954612970e-01	8.5564488173e-01
7.4320548955e+02	9.7968173027e-01	8.5524165630e-01
7.4362519899e+02	9.7981595993e-01	8.5524725914e-01
7.4404490843e+02	9.7994875908e-01	8.5511910915e-01
7.4446461787e+02	9.8008018732e-01	8.5482275486e-01
7.4488432731e+02	9.8021030426e-01	8.5493457317e-01
7.4530403675e+02	9.8033905029e-01	8.5420644283e-01
7.4572374619e+02	9.8046654463e-01	8.5435706377e-01
7.4614345563e+02	9.8059272766e-01	8.5411840677e-01
7.4656316508e+02	9.8071759939e-01	8.5341155529e-01
7.4698287452e+02	9.8084127903e-01	8.5374718904e-01
7.4740258396e+02	9.8096364737e-01	8.5345047712e-01
7.4782229340e+02	9.8108488321e-01	8.5307240486e-01
7.4824200284e+02	9.8120486736e-01	8.5277032852e-01
7.4866171228e+02	9.8132359982e-01	8.5293757915e-01
7.4908142172e+02	9.8144125938e-01	8.5279077291e-01
7.4950113116e+02	9.8155772686e-01	8.5212349892e-01
7.4992084061e+02	9.8167300224e-01	8.5241228342e-01
7.5034055005e+02	9.8178720474e-01	8.5166662931e-01
7.5076025949e+02	9.8190027475e-01	8.5156702995e-01
7.5117996893e+02	9.8201227188e-01	8.5132014751e-01
7.5159967837e+02	9.8212313652e-01	8.5119527578e-01
7.5201938781e+02	9.8223298788e-01	8.5086745024e-01
7.5243909725e+02	9.8234176636e-01	8.5068583488e-01
7.5285880669e+02	9.8244947195e-01	8.5044115782e-01
7.5327851613e+02	9.8255616426e-01	8.5040622950e-01
7.5369822558e+02	9.8266184330e-01	8.4978520870e-01
7.5411793502e+02	9.8276656866e-01	8.5004991293e-01
7.5453764446e+02	9.8287022114e-01	8.4949725866e-01
7.5495735390e+02	9.8297297955e-01	8.4908711910e-01
7.5537706334e+02	9.8307472467e-01	8.4884756804e-01
7.5579677278e+02	9.8317551613e-01	8.4839093685e-01
7.5621648222e+02	9.8327541351e-01	8.4823721647e-01
7.5663619166e+02	9.8337435722e-01	8.4847676754e-01
7.5705590111e+02	9.8347234726e-01	8.4765160084e-01
7.5747561055e+02	9.8356950283e-01	8.4748393297e-01
7.5789531999e+02	9.8366570473e-01	8.4727865458e-01
7.5831502943e+02	9.8376107216e-01	8.4693926573e-01
7.5873473887e+02	9.8385554552e-01	8.4704416990e-01
7.5915444831e+02	9.8394912481e-01	8.4690147638e-01
7.5957415775e+02	9.8404192924e-01	8.4626817703e-01
7.5999386719e+02	9.8413383961e-01	8.4588330984e-01
7.6041357664e+02	9.8422491550e-01	8.4519416094e-01
7.6083328608e+02	9.8431521654e-01	8.4512948990e-01
7.6125299552e+02	9.8440468311e-01	8.4460163116e-01
7.6167270496e+02	9.8449337482e-01	8.4456110001e-01
7.6209241440e+02	9.8458123207e-01	8.4403473139e-01
7.6251212384e+02	9.8466837406e-01	8.4385037422e-01
7.6293183328e+02	9.8475468159e-01	8.4338253736e-01
7.6335154272e+02	9.8484027386e-01	8.4312498569e-01
7.6377125216e+02	9.8492509127e-01	8.4280472994e-01
7.6419096161e+02	9.8500913382e-01	8.4273594618e-01
7.6461067105e+02	9.8509252071e-01	8.4255111217e-01
7.6503038049e+02	9.8517513275e-01	8.4168273211e-01
7.6545008993e+02	9.8525702953e-01	8.4150588512e-01
7.6586979937e+02	9.8533821106e-01	8.4137827158e-01
7.6628950881e+02	9.8541873693e-01	8.4094506502e-01
7.6670921825e+02	9.8549854755e-01	8.4037518501e-01
7.6712892769e+02	9.8557764292e-01	8.4082311392e-01
7.6754863714e+02	9.8565608263e-01	8.3956837654e-01
7.6796834658e+02	9.8573386669e-01	8.3976984024e-01
7.6838805602e+02	9.8581099510e-01	8.3921551704e-01
7.6880776546e+02	9.8588746786e-01	8.3865851164e-01
7.6922747490e+02	9.8596328497e-01	8.3844232559e-01
7.6964718434e+02	9.8603844643e-01	8.3827126026e-01
7.7006689378e+02	9.8611301184e-01	8.3799993992e-01
7.7048660322e+02	9.8618692160e-01	8.3726996183e-01
7.7090631267e+02	9.8626023531e-01	8.3693408966e-01
7.7132602211e+02	9.8633295298e-01	8.3672487736e-01
7.7174573155e+02	9.8640507460e-01	8.3645564318e-01
7.7216544099e+02	9.8647654057e-01	8.3634406328e-01
7.7258515043e+02	9.8654747009e-01	8.3601576090e-01
7.7300485987e+02	9.8661780357e-01	8.3591705561e-01
7.7342456931e+02	9.8668760061e-01	8.3503216505e-01
7.7384427875e+02	9.8675674200e-01	8.3509427309e-01
7.7426398819e+02	9.8682540655e-01	8.3481711149e-01
7.7468369764e+02	9.8689347506e-01	8.3470153809e-01
7.7510340708e+02	9.8696100712e-01	8.3420944214e-01
7.7552311652e+02	9.8702794313e-01	8.3386397362e-01
7.7594282596e+02	9.8709440231e-01	8.3337789774e-01
7.7636253540e+02	9.8716032505e-01	8.3336633444e-01
7.7678224484e+02	9.8722571135e-01	8.3263397217e-01
7.7720195428e+02	9.8729056120e-01	8.3205622435e-01
7.7762166372e+02	9.8735487461e-01	8.3280664682e-01
7.7804137317e+02	9.8741871119e-01	8.3228576183e-01
7.7846108261e+02	9.8748207092e-01	8.3205360174e-01
7.7888079205e+02	9.8754489422e-01	8.3115547895e-01
7.7930050149e+02	9.8760724068e-01	8.3087641001e-01
7.7972021093e+02	9.8766905069e-01	8.3083575964e-01
7.8013992037e+02	9.8773044348e-01	8.3017379045e-01
7.8055962981e+02	9.8779129982e-01	8.2995480299e-01
7.8097933925e+02	9.8785173893e-01	8.2997715473e-01
7.8139904870e+02	9.8791170120e-01	8.2893395424e-01
7.8181875814e+02	9.8797118664e-01	8.2901412249e-01
7.8223846758e+02	9.8803019524e-01	8.2790941000e-01
7.8265817702e+02	9.8808878660e-01	8.2826119661e-01
7.8307788646e+02	9.8814690113e-01	8.2767373323e-01
7.8349759590e+02	9.8820459843e-01	8.2744574547e-01
7.8391730534e+02	9.8826181889e-01	8.2688450813e-01
7.8433701478e+02	9.8831862211e-01	8.2663375139e-01
7.8475672422e+02	9.8837500811e-01	8.2623988390e-01
7.8517643367e+02	9.8843097687e-01	8.2681739330e-01
7.8559614311e+02	9.8848646879e-01	8.2555919886e-01
7.8601585255e+02	9.8854160309e-01	8.2546699047e-01
7.8643556199e+02	9.8859632015e-01	8.2516098022e-01
7.8685527143e+02	9.8865056038e-01	8.2498109341e-01
7.8727498087e+02	9.8870444298e-01	8.2489794493e-01
7.8769469031e+02	9.8875796795e-01	8.2384848595e-01
7.8811439975e+02	9.8881107569e-01	8.2423055172e-01
7.8853410920e+02	9.8886376619e-01	8.2351660728e-01
7.8895381864e+02	9.8891603947e-01	8.2314747572e-01
7.8937352808e+02	9.8896795511e-01	8.2278931141e-01
7.8979323752e+02	9.8901951313e-01	8.2263803482e-01
7.9021294696e+02	9.8907071352e-01	8.2236289978e-01
7.9063265640e+02	9.8912149668e-01	8.2175278664e-01
7.9105236584e+02	9.8917192221e-01	8.2132112980e-01
7.9147207528e+02	9.8922199011e-01	8.2150727510e-01
7.9189178473e+02	9.8927170038e-01	8.2079017162e-01
7.9231149417e+02	9.8932099342e-01	8.2053720951e-01
7.9273120361e+02	9.8936998844e-01	8.2017886639e-01
7.9315091305e+02	9.8941862583e-01	8.1966859102e-01
7.9357062249e+02	9.8946690559e-01	8.1993615627e-01
7.9399033193e+02	9.8951488733e-01	8.1945985556e-01
7.9441004137e+02	9.8956245184e-01	8.1894701719e-01
7.9482975081e+02	9.8960971832e-01	8.1874203682e-01
7.9524946025e+02	9.8965662718e-01	8.1830519438e-01
7.9566916970e+02	9.8970323801e-01	8.1802266836e-01
7.9608887914e+02	9.8974949121e-01	8.1777638197e-01
7.9650858858e+02	9.8979544640e-01	8.1727617979e-01
7.9692829802e+02	9.8984110355e-01	8.1655877829e-01
7.9734800746e+02	9.8988640308e-01	8.1628769636e-01
7.9776771690e+02	9.8993134499e-01	8.1591904163e-01
7.9818742634e+02	9.8997604847e-01	8.1612598896e-01
7.9860713578e+02	9.9002039433e-01	8.1610739231e-01
7.9902684523e+02	9.9006444216e-01	8.1505185366e-01
7.9944655467e+02	9.9010819197e-01	8.1469982862e-01
